#!ascii label  , from subject sub-v1s7x0051326_ses-1 vox2ras=TkReg
1137
99785  -48.397  18.766  50.629 0.0000000000
106795  -46.684  29.382  42.280 0.0000000000
98413  -37.276  17.233  50.393 0.0000000000
99862  -39.678  17.827  42.809 0.0000000000
137881  -52.144  27.246  42.612 0.0000000000
102955  -43.876  23.346  46.612 0.0000000000
102384  -46.512  22.827  44.373 0.0000000000
99884  -41.650  19.031  39.127 0.0000000000
98362  -46.393  16.842  55.201 0.0000000000
101036  -47.504  20.940  55.051 0.0000000000
109563  -48.537  34.898  37.658 0.0000000000
106210  -49.212  28.808  36.210 0.0000000000
102446  -53.809  22.179  34.092 0.0000000000
99111  -43.220  18.131  50.680 0.0000000000
137088  -38.781  23.059  47.521 0.0000000000
97706  -37.908  15.711  45.823 0.0000000000
129375  -43.614  14.680  45.896 0.0000000000
123395  -42.282  14.465  40.508 0.0000000000
97806  -41.199  16.389  35.205 0.0000000000
99147  -48.569  17.111  47.719 0.0000000000
103629  -53.097  24.615  41.761 0.0000000000
104208  -49.840  25.393  45.961 0.0000000000
104884  -48.064  25.912  43.512 0.0000000000
103605  -45.227  23.954  43.589 0.0000000000
99710  -48.975  18.637  56.742 0.0000000000
99698  -48.168  19.413  58.394 0.0000000000
111052  -48.333  37.496  38.900 0.0000000000
131584  -51.078  25.455  35.381 0.0000000000
99754  -42.126  19.367  52.470 0.0000000000
98416  -40.165  17.150  50.514 0.0000000000
107336  -44.058  30.388  42.230 0.0000000000
137961  -43.083  27.465  45.500 0.0000000000
100499  -42.252  19.777  44.619 0.0000000000
100493  -40.456  19.326  45.505 0.0000000000
98485  -38.786  16.481  43.900 0.0000000000
96976  -41.200  14.196  46.063 0.0000000000
96995  -40.533  14.650  44.035 0.0000000000
122734  -43.351  14.582  43.562 0.0000000000
97756  -40.029  15.519  41.513 0.0000000000
127834  -40.533  17.294  37.497 0.0000000000
106183  -49.893  28.461  41.998 0.0000000000
105556  -45.591  27.464  46.199 0.0000000000
104860  -47.975  26.545  47.271 0.0000000000
102369  -45.942  22.384  45.419 0.0000000000
100508  -43.133  20.094  42.970 0.0000000000
99871  -41.146  18.743  41.190 0.0000000000
101162  -43.923  20.512  40.495 0.0000000000
101805  -43.184  21.389  39.758 0.0000000000
99066  -48.373  18.340  54.536 0.0000000000
101051  -49.223  21.429  54.807 0.0000000000
141813  -47.621  21.299  52.786 0.0000000000
127529  -46.004  34.534  42.222 0.0000000000
131165  -48.419  33.582  40.521 0.0000000000
108417  -50.402  32.599  39.313 0.0000000000
107365  -52.216  30.818  37.360 0.0000000000
106200  -52.727  28.183  37.374 0.0000000000
104306  -54.202  25.108  37.312 0.0000000000
102430  -54.277  21.983  36.852 0.0000000000
101206  -53.671  19.813  33.398 0.0000000000
99718  -45.413  19.071  55.885 0.0000000000
100433  -44.694  20.375  52.168 0.0000000000
99114  -45.938  17.833  50.565 0.0000000000
100477  -36.206  19.058  47.123 0.0000000000
102354  -41.089  23.082  47.096 0.0000000000
100486  -38.388  19.472  46.220 0.0000000000
97669  -37.649  15.452  48.354 0.0000000000
144208  -40.938  15.061  48.779 0.0000000000
97675  -43.461  15.525  48.486 0.0000000000
98452  -45.805  16.312  47.709 0.0000000000
97710  -45.813  15.581  45.480 0.0000000000
97023  -45.571  14.916  42.770 0.0000000000
97049  -44.894  14.424  40.193 0.0000000000
98521  -39.964  16.486  39.304 0.0000000000
97059  -41.817  14.826  38.609 0.0000000000
97084  -44.341  15.188  36.265 0.0000000000
100451  -48.982  19.695  51.133 0.0000000000
99786  -49.303  19.214  50.289 0.0000000000
99128  -48.157  17.680  49.251 0.0000000000
104260  -51.952  24.647  41.252 0.0000000000
104231  -50.375  25.560  42.795 0.0000000000
104912  -49.374  26.057  42.079 0.0000000000
104894  -47.541  26.325  42.527 0.0000000000
98414  -38.282  17.394  50.444 0.0000000000
106794  -45.826  29.915  42.043 0.0000000000
99854  -41.185  19.016  43.475 0.0000000000
99843  -40.097  18.640  44.434 0.0000000000
139598  -39.357  17.532  43.232 0.0000000000
97729  -39.169  15.811  43.566 0.0000000000
98486  -39.125  16.504  43.082 0.0000000000
97743  -40.187  15.202  42.349 0.0000000000
98495  -39.204  16.577  42.199 0.0000000000
106178  -50.739  28.178  42.739 0.0000000000
106157  -49.093  28.114  44.983 0.0000000000
105566  -50.724  27.534  45.139 0.0000000000
102967  -47.105  23.237  44.936 0.0000000000
102963  -47.116  23.382  45.625 0.0000000000
102373  -46.053  22.233  44.449 0.0000000000
101134  -44.493  20.862  44.160 0.0000000000
101144  -44.698  21.134  43.196 0.0000000000
100515  -43.355  20.004  41.820 0.0000000000
101790  -44.820  21.534  41.728 0.0000000000
102406  -44.162  22.146  41.178 0.0000000000
101025  -48.896  20.521  56.416 0.0000000000
100394  -49.173  20.330  56.344 0.0000000000
101037  -48.672  21.188  55.507 0.0000000000
101723  -48.442  22.003  53.494 0.0000000000
101064  -47.670  21.677  53.668 0.0000000000
110595  -48.495  36.333  38.328 0.0000000000
110085  -50.309  36.055  40.496 0.0000000000
128998  -51.102  35.258  38.816 0.0000000000
108965  -50.086  33.383  39.982 0.0000000000
135782  -50.818  34.501  37.666 0.0000000000
107381  -48.628  30.267  36.939 0.0000000000
141650  -51.712  31.948  36.588 0.0000000000
106824  -51.887  30.336  36.060 0.0000000000
106816  -52.578  30.060  36.834 0.0000000000
106225  -51.918  28.780  35.676 0.0000000000
103686  -52.717  23.850  35.065 0.0000000000
137604  -53.500  25.664  35.677 0.0000000000
127803  -54.548  23.394  35.127 0.0000000000
103015  -54.621  22.993  37.731 0.0000000000
101828  -55.051  21.180  35.333 0.0000000000
101836  -53.783  20.480  34.795 0.0000000000
101843  -54.381  20.427  33.267 0.0000000000
98346  -43.112  16.968  57.072 0.0000000000
98338  -44.306  16.991  58.210 0.0000000000
99038  -43.616  17.471  56.547 0.0000000000
99695  -45.212  18.189  57.244 0.0000000000
99716  -43.794  18.445  55.184 0.0000000000
99764  -42.317  19.274  51.201 0.0000000000
100431  -43.213  19.870  52.074 0.0000000000
99766  -43.833  19.513  51.475 0.0000000000
99767  -44.764  19.482  51.567 0.0000000000
99112  -44.080  17.961  50.794 0.0000000000
102351  -37.935  22.839  47.471 0.0000000000
101746  -36.115  21.243  47.471 0.0000000000
145792  -37.675  21.388  47.070 0.0000000000
123080  -44.197  25.060  46.886 0.0000000000
104191  -43.720  25.661  46.833 0.0000000000
102360  -42.444  23.039  46.744 0.0000000000
145739  -38.461  17.677  45.432 0.0000000000
100487  -39.243  19.619  46.192 0.0000000000
99156  -37.923  17.875  45.753 0.0000000000
134484  -37.427  18.037  46.258 0.0000000000
97696  -37.543  15.580  46.581 0.0000000000
97671  -39.547  15.024  48.505 0.0000000000
96963  -39.209  14.449  47.193 0.0000000000
122736  -42.077  14.308  45.740 0.0000000000
96966  -42.453  14.525  47.297 0.0000000000
96967  -43.315  14.757  47.190 0.0000000000
97677  -45.031  16.029  47.964 0.0000000000
97698  -44.777  15.424  46.718 0.0000000000
97690  -46.094  16.153  46.937 0.0000000000
96989  -44.323  14.878  45.516 0.0000000000
97033  -42.764  14.586  42.375 0.0000000000
97010  -44.229  14.611  43.278 0.0000000000
97034  -43.558  14.633  41.768 0.0000000000
97036  -45.439  14.696  41.078 0.0000000000
97048  -43.949  14.239  40.095 0.0000000000
99877  -41.463  18.805  40.135 0.0000000000
99204  -40.054  17.657  40.059 0.0000000000
99211  -40.477  17.758  38.951 0.0000000000
98536  -40.692  17.093  36.577 0.0000000000
97787  -40.853  16.159  37.443 0.0000000000
97798  -41.488  15.821  37.014 0.0000000000
124803  -43.771  14.674  37.563 0.0000000000
97807  -42.630  15.828  35.637 0.0000000000
97094  -44.125  15.427  35.149 0.0000000000
101066  -50.749  21.871  53.199 0.0000000000
98469  -48.053  16.338  45.774 0.0000000000
104235  -53.087  25.438  42.335 0.0000000000
104878  -51.320  26.119  45.529 0.0000000000
104218  -51.805  25.691  44.201 0.0000000000
104216  -49.099  25.462  44.605 0.0000000000
103607  -46.885  24.570  44.451 0.0000000000
135974  -46.012  23.256  43.877 0.0000000000
136317  -46.368  25.231  43.828 0.0000000000
99051  -48.048  17.996  55.968 0.0000000000
99041  -48.490  17.773  56.867 0.0000000000
100381  -47.361  19.980  56.762 0.0000000000
108987  -44.935  34.016  37.589 0.0000000000
105616  -49.925  27.467  35.643 0.0000000000
103064  -51.392  22.879  32.561 0.0000000000
102465  -52.439  22.096  31.767 0.0000000000
99730  -42.695  18.609  54.074 0.0000000000
99777  -41.114  18.560  51.164 0.0000000000
99109  -41.523  18.090  50.718 0.0000000000
138503  -40.228  24.547  46.894 0.0000000000
101765  -42.971  20.786  45.447 0.0000000000
101757  -41.930  21.531  46.347 0.0000000000
100494  -41.204  19.517  45.277 0.0000000000
99842  -39.414  18.238  44.814 0.0000000000
135635  -38.660  15.779  44.953 0.0000000000
96984  -39.007  14.790  45.781 0.0000000000
97708  -39.050  15.211  44.923 0.0000000000
96986  -40.600  14.432  45.170 0.0000000000
122735  -42.183  14.388  44.747 0.0000000000
96997  -43.248  14.552  44.468 0.0000000000
97008  -41.457  14.537  43.585 0.0000000000
97019  -41.388  14.592  42.681 0.0000000000
97031  -40.797  14.883  41.549 0.0000000000
99883  -40.971  18.563  38.614 0.0000000000
99121  -35.551  17.489  49.785 0.0000000000
106803  -48.366  29.023  41.544 0.0000000000
106165  -46.284  28.531  44.069 0.0000000000
106156  -47.696  28.222  44.824 0.0000000000
105542  -46.259  27.032  46.803 0.0000000000
135591  -45.163  24.084  46.778 0.0000000000
104195  -49.602  26.184  46.925 0.0000000000
103592  -46.738  24.485  46.989 0.0000000000
102362  -44.582  22.698  46.284 0.0000000000
101129  -43.518  20.448  45.077 0.0000000000
100507  -42.632  19.941  43.872 0.0000000000
100513  -41.811  19.231  42.959 0.0000000000
132211  -40.864  18.711  41.979 0.0000000000
100522  -41.795  19.046  41.932 0.0000000000
100524  -43.489  20.056  40.846 0.0000000000
100534  -43.467  20.279  39.992 0.0000000000
102407  -44.701  21.805  41.380 0.0000000000
101806  -43.852  21.262  40.088 0.0000000000
99733  -48.658  18.837  55.818 0.0000000000
99735  -49.212  19.757  54.802 0.0000000000
100425  -49.976  20.787  54.097 0.0000000000
101724  -49.726  22.484  53.217 0.0000000000
101085  -48.932  21.460  52.129 0.0000000000
100450  -47.958  19.367  51.352 0.0000000000
108952  -42.494  33.438  41.765 0.0000000000
138203  -47.450  34.310  41.396 0.0000000000
108405  -44.433  32.734  40.610 0.0000000000
107888  -44.630  31.859  40.606 0.0000000000
107895  -47.162  31.541  39.821 0.0000000000
107359  -48.204  30.464  39.447 0.0000000000
135175  -48.373  33.179  37.505 0.0000000000
108436  -50.549  33.023  37.021 0.0000000000
107905  -50.914  31.337  38.377 0.0000000000
135806  -48.573  29.718  39.481 0.0000000000
106193  -49.737  28.716  39.670 0.0000000000
106190  -51.331  27.802  39.917 0.0000000000
105590  -52.466  26.868  40.030 0.0000000000
146679  -52.912  27.210  35.633 0.0000000000
129543  -53.351  26.669  37.498 0.0000000000
124439  -53.635  25.631  39.362 0.0000000000
103645  -54.093  24.010  40.202 0.0000000000
127633  -53.512  23.519  39.873 0.0000000000
102428  -51.901  22.405  36.376 0.0000000000
135227  -51.762  21.087  34.493 0.0000000000
101857  -53.772  20.595  31.662 0.0000000000
99709  -46.679  19.336  57.233 0.0000000000
130863  -45.875  20.130  54.981 0.0000000000
99746  -43.092  19.343  53.479 0.0000000000
100406  -44.694  19.966  53.943 0.0000000000
101048  -46.027  20.949  53.630 0.0000000000
101082  -45.983  20.493  52.484 0.0000000000
99769  -46.873  19.264  51.520 0.0000000000
99115  -46.897  17.851  50.348 0.0000000000
99134  -35.784  17.262  48.245 0.0000000000
124747  -43.694  26.983  46.081 0.0000000000
103588  -41.734  24.954  46.884 0.0000000000
102353  -40.220  22.822  47.377 0.0000000000
135346  -41.194  21.704  46.600 0.0000000000
101755  -39.697  21.187  46.809 0.0000000000
101754  -38.833  20.983  46.760 0.0000000000
99825  -37.176  18.581  46.525 0.0000000000
146424  -36.521  17.207  47.240 0.0000000000
97657  -37.469  15.943  49.181 0.0000000000
97659  -39.182  15.630  49.299 0.0000000000
98426  -40.695  16.347  49.950 0.0000000000
98428  -42.573  16.521  49.782 0.0000000000
136461  -40.580  14.438  47.602 0.0000000000
97674  -42.612  15.271  48.688 0.0000000000
98429  -43.465  16.585  49.680 0.0000000000
98430  -44.314  16.665  49.516 0.0000000000
98432  -45.975  16.871  49.134 0.0000000000
99127  -47.312  17.436  49.515 0.0000000000
98443  -47.121  16.885  48.155 0.0000000000
98459  -46.948  16.367  46.748 0.0000000000
97711  -46.799  15.824  45.438 0.0000000000
96998  -44.268  14.787  44.638 0.0000000000
141959  -45.569  15.164  43.950 0.0000000000
130226  -46.952  15.413  43.905 0.0000000000
123114  -46.852  15.290  42.419 0.0000000000
97037  -46.505  15.086  40.710 0.0000000000
99196  -39.741  17.648  41.125 0.0000000000
97755  -39.661  16.003  40.832 0.0000000000
97768  -40.938  15.064  39.942 0.0000000000
98529  -40.236  17.094  38.553 0.0000000000
97776  -40.595  15.709  38.585 0.0000000000
97046  -41.635  14.730  39.711 0.0000000000
139726  -43.666  14.440  39.260 0.0000000000
97060  -45.126  14.594  38.145 0.0000000000
99795  -48.708  18.355  49.758 0.0000000000
104272  -51.545  24.800  40.427 0.0000000000
104259  -51.185  25.275  41.156 0.0000000000
104258  -50.110  25.755  40.589 0.0000000000
99106  -38.882  17.643  50.880 0.0000000000
106801  -46.543  29.889  41.382 0.0000000000
106784  -44.891  29.201  43.475 0.0000000000
106785  -45.714  28.943  43.410 0.0000000000
99853  -40.322  18.564  43.419 0.0000000000
99187  -39.226  17.184  42.789 0.0000000000
123334  -39.390  17.342  41.996 0.0000000000
106179  -51.547  27.742  42.445 0.0000000000
106159  -50.464  28.007  44.302 0.0000000000
105572  -51.175  27.705  44.261 0.0000000000
101770  -45.140  21.384  43.758 0.0000000000
101781  -45.639  21.956  43.554 0.0000000000
101780  -45.122  21.637  42.697 0.0000000000
102398  -45.524  22.046  42.942 0.0000000000
98375  -46.587  16.969  54.318 0.0000000000
101024  -48.051  20.633  56.223 0.0000000000
101050  -48.086  21.586  54.482 0.0000000000
101049  -46.947  21.390  54.025 0.0000000000
109562  -47.453  34.914  37.613 0.0000000000
110092  -49.544  36.238  38.478 0.0000000000
147652  -50.107  35.597  38.179 0.0000000000
139533  -50.942  35.040  38.095 0.0000000000
109564  -49.878  34.955  37.676 0.0000000000
106209  -48.284  28.851  36.334 0.0000000000
106208  -47.390  28.958  36.408 0.0000000000
106822  -48.933  29.542  36.525 0.0000000000
107382  -49.767  30.383  36.626 0.0000000000
106823  -49.958  29.489  36.335 0.0000000000
106833  -52.385  29.618  35.864 0.0000000000
106211  -50.100  28.793  36.059 0.0000000000
103044  -53.333  23.200  34.653 0.0000000000
142409  -54.162  23.765  34.871 0.0000000000
103045  -54.393  22.838  34.672 0.0000000000
103034  -55.076  22.797  35.576 0.0000000000
102447  -54.766  21.759  34.385 0.0000000000
101199  -54.948  20.765  34.624 0.0000000000
102458  -54.371  21.288  33.570 0.0000000000
98360  -42.118  16.925  55.966 0.0000000000
99037  -42.858  17.202  56.266 0.0000000000
99706  -44.137  18.018  55.991 0.0000000000
99779  -42.653  18.956  50.894 0.0000000000
99765  -43.056  19.400  51.316 0.0000000000
99780  -43.476  18.876  51.065 0.0000000000
99781  -44.385  18.723  51.209 0.0000000000
103576  -38.984  23.745  47.373 0.0000000000
101748  -37.586  22.006  47.358 0.0000000000
128134  -44.258  24.266  46.821 0.0000000000
102953  -43.291  24.073  46.858 0.0000000000
102361  -43.200  22.776  46.489 0.0000000000
98468  -38.320  16.283  45.378 0.0000000000
130087  -38.042  17.099  45.608 0.0000000000
98467  -37.592  16.354  45.924 0.0000000000
140190  -38.580  14.636  47.305 0.0000000000
97697  -38.183  15.033  46.174 0.0000000000
96977  -42.846  14.502  46.387 0.0000000000
96978  -43.622  14.779  46.557 0.0000000000
96968  -44.060  15.113  47.000 0.0000000000
96979  -44.242  14.997  46.281 0.0000000000
140844  -42.570  14.498  41.520 0.0000000000
130299  -44.130  14.448  40.914 0.0000000000
128667  -43.241  14.437  40.820 0.0000000000
100542  -42.274  19.431  39.706 0.0000000000
99876  -40.861  18.342  39.543 0.0000000000
97797  -41.220  16.584  36.154 0.0000000000
136571  -41.736  16.067  35.822 0.0000000000
97799  -42.102  15.623  36.594 0.0000000000
97815  -42.848  15.662  34.900 0.0000000000
97814  -41.781  15.858  34.881 0.0000000000
101725  -50.794  22.324  52.569 0.0000000000
98455  -48.465  16.850  46.998 0.0000000000
104249  -53.105  24.891  42.081 0.0000000000
104220  -52.545  25.793  43.336 0.0000000000
104233  -52.349  25.557  43.225 0.0000000000
104896  -49.531  25.765  43.151 0.0000000000
104886  -49.677  25.539  44.085 0.0000000000
104885  -48.910  25.771  43.539 0.0000000000
104215  -48.106  25.438  44.385 0.0000000000
140554  -47.563  25.773  43.795 0.0000000000
125546  -47.128  25.522  44.070 0.0000000000
104882  -46.261  25.976  43.258 0.0000000000
98348  -47.889  17.042  57.192 0.0000000000
100370  -48.731  19.672  57.863 0.0000000000
100369  -47.833  19.751  57.694 0.0000000000
109560  -45.269  35.014  37.530 0.0000000000
122169  -50.910  23.381  33.383 0.0000000000
103071  -50.661  23.245  31.896 0.0000000000
103070  -49.535  24.193  31.286 0.0000000000
99107  -39.723  17.840  50.941 0.0000000000
99762  -40.760  18.732  51.605 0.0000000000
99108  -40.638  17.924  50.905 0.0000000000
98417  -41.132  17.165  50.465 0.0000000000
107335  -43.203  30.597  42.289 0.0000000000
104854  -41.535  26.098  46.248 0.0000000000
101128  -42.542  20.191  45.187 0.0000000000
100495  -41.855  19.724  45.104 0.0000000000
99168  -38.835  17.400  44.482 0.0000000000
98474  -38.634  16.467  44.759 0.0000000000
97718  -38.840  15.797  44.331 0.0000000000
97006  -39.836  15.176  43.465 0.0000000000
96994  -39.738  14.827  44.633 0.0000000000
96987  -41.479  14.329  45.246 0.0000000000
96996  -41.335  14.445  44.483 0.0000000000
145540  -41.834  14.470  44.144 0.0000000000
144761  -39.765  15.628  42.033 0.0000000000
97018  -40.833  14.742  42.317 0.0000000000
142764  -41.315  14.598  42.020 0.0000000000
106182  -49.089  28.671  42.269 0.0000000000
106175  -48.126  28.580  43.477 0.0000000000
106176  -49.070  28.518  43.241 0.0000000000
105564  -49.012  27.760  45.744 0.0000000000
105558  -47.430  27.759  46.265 0.0000000000
105543  -47.212  27.216  46.890 0.0000000000
104858  -45.991  26.265  47.101 0.0000000000
127562  -46.768  25.470  47.281 0.0000000000
104202  -50.783  25.738  45.887 0.0000000000
104872  -50.766  26.298  46.161 0.0000000000
104200  -49.490  25.610  46.633 0.0000000000
102370  -46.374  23.036  45.866 0.0000000000
103593  -47.613  24.027  46.388 0.0000000000
102958  -46.663  23.707  46.429 0.0000000000
102957  -45.761  23.556  46.524 0.0000000000
101760  -45.095  22.129  45.743 0.0000000000
101759  -44.246  21.965  45.935 0.0000000000
101767  -44.733  21.334  45.371 0.0000000000
101143  -43.973  20.637  43.328 0.0000000000
101142  -43.280  20.333  43.860 0.0000000000
137777  -42.403  19.629  43.221 0.0000000000
100514  -42.591  19.536  42.377 0.0000000000
131453  -44.154  20.538  41.305 0.0000000000
100533  -42.963  19.678  40.282 0.0000000000
102974  -45.336  22.946  43.338 0.0000000000
102397  -45.081  21.934  42.258 0.0000000000
102991  -44.889  22.575  42.706 0.0000000000
102413  -43.696  21.814  40.442 0.0000000000
100395  -49.218  20.833  55.389 0.0000000000
100409  -49.272  20.130  55.629 0.0000000000
100410  -49.417  20.515  54.780 0.0000000000
101052  -49.624  21.439  54.505 0.0000000000
143214  -49.981  22.068  54.159 0.0000000000
101700  -49.630  22.092  54.300 0.0000000000
144632  -49.117  22.307  53.245 0.0000000000
101084  -47.942  20.931  52.341 0.0000000000
100443  -48.437  20.412  51.693 0.0000000000
143814  -44.603  34.408  42.657 0.0000000000
109518  -43.116  34.133  42.991 0.0000000000
109524  -43.814  34.329  42.351 0.0000000000
108949  -41.665  33.377  42.316 0.0000000000
109530  -43.721  34.158  41.681 0.0000000000
111038  -48.413  37.476  39.443 0.0000000000
121869  -49.325  36.990  40.419 0.0000000000
109542  -49.946  34.725  41.559 0.0000000000
109541  -48.848  34.291  41.504 0.0000000000
109540  -46.453  33.985  40.767 0.0000000000
145434  -45.253  33.797  40.727 0.0000000000
108958  -46.559  33.470  40.459 0.0000000000
108406  -45.396  32.483  40.447 0.0000000000
108407  -46.326  32.788  40.286 0.0000000000
127828  -50.888  33.388  39.405 0.0000000000
108416  -47.904  32.300  39.751 0.0000000000
107896  -48.053  31.411  39.520 0.0000000000
107358  -47.383  30.682  39.707 0.0000000000
136364  -49.021  31.264  39.320 0.0000000000
135156  -49.666  33.524  37.346 0.0000000000
108435  -49.185  32.650  37.330 0.0000000000
107926  -52.470  31.817  36.739 0.0000000000
107907  -52.339  32.404  37.248 0.0000000000
134580  -51.919  31.593  37.604 0.0000000000
107363  -50.120  30.406  38.704 0.0000000000
107364  -51.102  30.554  38.075 0.0000000000
127626  -48.977  29.182  39.586 0.0000000000
106812  -50.472  29.664  38.510 0.0000000000
106202  -52.474  29.158  37.194 0.0000000000
106195  -51.520  28.251  38.789 0.0000000000
105592  -52.222  28.174  38.077 0.0000000000
105589  -51.981  27.488  39.311 0.0000000000
105593  -52.560  27.286  38.635 0.0000000000
105005  -50.432  25.970  35.396 0.0000000000
105618  -52.222  27.434  35.604 0.0000000000
105007  -52.719  26.636  35.548 0.0000000000
104320  -53.994  25.488  36.431 0.0000000000
141991  -53.609  26.209  36.320 0.0000000000
104305  -53.698  26.029  37.005 0.0000000000
104966  -53.225  26.450  38.482 0.0000000000
104290  -53.801  25.635  38.173 0.0000000000
139531  -53.994  24.731  40.205 0.0000000000
104291  -54.307  24.503  38.379 0.0000000000
102422  -54.332  22.425  37.444 0.0000000000
102417  -54.281  22.857  38.030 0.0000000000
102416  -53.897  22.831  38.261 0.0000000000
103007  -53.244  23.275  38.918 0.0000000000
103014  -52.800  23.035  37.978 0.0000000000
102429  -53.060  22.193  36.623 0.0000000000
122676  -53.956  20.003  34.119 0.0000000000
101826  -52.413  21.201  35.081 0.0000000000
101197  -52.808  20.494  34.173 0.0000000000
139933  -51.753  20.761  33.954 0.0000000000
101205  -52.412  20.219  33.351 0.0000000000
102475  -53.241  21.343  31.153 0.0000000000
99031  -45.601  18.018  58.133 0.0000000000
99707  -44.887  18.425  56.375 0.0000000000
99708  -45.715  18.846  56.780 0.0000000000
100380  -46.255  19.505  56.307 0.0000000000
100392  -45.858  19.675  55.551 0.0000000000
99745  -42.318  19.146  53.272 0.0000000000
99731  -43.449  18.889  54.336 0.0000000000
100432  -44.054  20.203  52.202 0.0000000000
100423  -44.322  20.271  53.011 0.0000000000
100424  -45.169  20.556  53.312 0.0000000000
101062  -45.691  20.847  52.976 0.0000000000
101073  -45.350  20.568  52.542 0.0000000000
99782  -45.364  18.582  51.206 0.0000000000
99768  -45.790  19.340  51.615 0.0000000000
99783  -46.373  18.486  51.109 0.0000000000
101108  -36.292  20.412  47.251 0.0000000000
99145  -35.330  17.899  47.891 0.0000000000
106141  -45.838  27.876  45.496 0.0000000000
106140  -44.920  27.801  45.510 0.0000000000
105555  -44.736  27.276  46.144 0.0000000000
140488  -42.747  24.454  46.967 0.0000000000
103589  -42.530  24.979  46.967 0.0000000000
102951  -41.542  23.787  47.096 0.0000000000
103578  -41.218  24.355  47.006 0.0000000000
101126  -40.806  20.019  45.831 0.0000000000
101120  -41.218  20.846  46.211 0.0000000000
101118  -39.475  20.369  46.465 0.0000000000
101117  -38.627  20.198  46.468 0.0000000000
101116  -37.896  19.993  46.476 0.0000000000
100485  -37.564  19.359  46.447 0.0000000000
98451  -37.079  15.993  47.474 0.0000000000
98457  -36.817  16.833  46.977 0.0000000000
98438  -36.901  16.159  48.588 0.0000000000
97658  -38.213  15.620  49.198 0.0000000000
97660  -40.236  15.520  49.170 0.0000000000
97661  -41.227  15.646  49.322 0.0000000000
98427  -41.647  16.447  49.857 0.0000000000
96975  -40.286  14.262  46.177 0.0000000000
96964  -39.994  14.349  46.996 0.0000000000
125748  -40.796  14.346  46.803 0.0000000000
96955  -42.997  14.834  47.987 0.0000000000
96954  -42.102  14.652  48.127 0.0000000000
97663  -43.044  15.971  49.153 0.0000000000
98439  -43.890  16.135  48.956 0.0000000000
98441  -45.504  16.485  48.521 0.0000000000
99126  -46.422  17.327  49.743 0.0000000000
98442  -46.305  16.691  48.310 0.0000000000
97699  -45.559  15.726  46.401 0.0000000000
97700  -46.380  16.029  46.159 0.0000000000
97701  -47.245  16.197  46.015 0.0000000000
125386  -43.903  14.710  43.989 0.0000000000
139485  -44.884  14.675  42.814 0.0000000000
97011  -45.117  14.847  43.495 0.0000000000
129498  -46.124  15.319  43.951 0.0000000000
97730  -45.837  15.193  43.368 0.0000000000
97731  -46.512  15.308  43.237 0.0000000000
97744  -46.162  15.178  42.785 0.0000000000
97050  -45.992  14.753  39.900 0.0000000000
99870  -40.344  18.307  41.568 0.0000000000
99210  -39.791  17.100  39.597 0.0000000000
98512  -39.632  16.583  40.239 0.0000000000
141965  -39.893  15.964  39.925 0.0000000000
97767  -40.421  15.385  40.589 0.0000000000
97766  -40.444  15.552  39.547 0.0000000000
99217  -40.663  17.959  37.946 0.0000000000
97788  -41.167  15.398  38.042 0.0000000000
97777  -41.035  15.177  39.070 0.0000000000
125348  -42.648  14.533  39.273 0.0000000000
97070  -42.771  14.635  38.011 0.0000000000
97072  -44.781  14.871  37.270 0.0000000000
100444  -49.508  20.918  51.503 0.0000000000
100452  -49.952  20.279  50.793 0.0000000000
99796  -49.591  18.772  49.467 0.0000000000
103638  -52.583  24.526  41.590 0.0000000000
143897  -52.063  25.225  42.643 0.0000000000
104247  -51.263  25.270  42.297 0.0000000000
104928  -50.263  25.688  41.672 0.0000000000
104895  -48.509  26.173  42.546 0.0000000000
104911  -48.515  26.414  41.482 0.0000000000
98415  -39.169  17.283  50.533 0.0000000000
107337  -44.919  30.229  42.193 0.0000000000
142614  -44.146  29.382  43.419 0.0000000000
106152  -44.181  28.240  44.881 0.0000000000
99844  -40.958  19.013  44.220 0.0000000000
100498  -41.492  19.379  44.723 0.0000000000
99852  -39.399  18.001  43.789 0.0000000000
99177  -39.005  17.201  43.517 0.0000000000
97007  -40.657  14.771  43.051 0.0000000000
97742  -39.488  15.796  42.600 0.0000000000
127941  -39.491  16.015  41.709 0.0000000000
106177  -49.890  28.407  42.967 0.0000000000
106168  -49.093  28.366  44.143 0.0000000000
106169  -49.867  28.282  43.850 0.0000000000
106158  -49.872  28.066  44.658 0.0000000000
105560  -49.585  27.275  46.320 0.0000000000
104207  -48.847  25.136  45.637 0.0000000000
104199  -48.852  25.159  46.480 0.0000000000
103598  -47.622  23.774  45.519 0.0000000000
102374  -46.733  22.716  45.033 0.0000000000
101768  -45.495  21.688  45.055 0.0000000000
127262  -45.019  21.118  44.731 0.0000000000
128548  -43.825  20.475  42.289 0.0000000000
101154  -44.547  21.021  42.170 0.0000000000
139768  -44.656  21.115  41.313 0.0000000000
102396  -44.481  22.305  42.093 0.0000000000
99075  -47.416  17.557  54.159 0.0000000000
100383  -48.999  19.763  57.197 0.0000000000
99719  -49.167  19.507  56.777 0.0000000000
101038  -49.027  21.041  55.586 0.0000000000
101689  -49.045  21.827  54.680 0.0000000000
101714  -49.330  22.355  53.825 0.0000000000
101713  -48.549  22.105  54.037 0.0000000000
101075  -47.376  21.468  53.124 0.0000000000
109526  -46.997  34.722  42.615 0.0000000000
110594  -47.549  36.463  38.234 0.0000000000
110569  -49.228  37.134  39.299 0.0000000000
110586  -49.915  36.696  39.020 0.0000000000
110086  -50.616  35.934  39.519 0.0000000000
108961  -50.257  34.285  40.707 0.0000000000
108408  -47.714  33.040  40.151 0.0000000000
108966  -50.813  34.004  39.854 0.0000000000
108976  -51.332  33.869  38.874 0.0000000000
109551  -51.601  33.902  37.798 0.0000000000
131706  -47.137  29.666  36.755 0.0000000000
136045  -49.910  32.100  36.986 0.0000000000
107925  -50.540  31.416  36.651 0.0000000000
107383  -51.600  31.118  36.421 0.0000000000
107384  -52.480  30.983  36.508 0.0000000000
106814  -52.343  30.024  37.201 0.0000000000
107374  -52.540  30.684  36.589 0.0000000000
106826  -52.731  29.645  36.068 0.0000000000
106212  -52.837  29.185  36.101 0.0000000000
103673  -51.743  24.872  35.389 0.0000000000
104336  -53.150  25.858  35.510 0.0000000000
134967  -53.615  25.060  35.477 0.0000000000
103033  -54.143  24.332  35.222 0.0000000000
103664  -54.689  23.768  36.442 0.0000000000
103658  -54.528  23.944  37.478 0.0000000000
130652  -55.122  23.074  36.036 0.0000000000
102431  -55.093  21.961  36.478 0.0000000000
101821  -54.989  21.511  36.189 0.0000000000
101820  -53.895  21.527  36.076 0.0000000000
137425  -54.648  20.858  35.290 0.0000000000
101198  -54.592  20.401  34.488 0.0000000000
101207  -54.246  20.001  33.710 0.0000000000
98344  -41.628  16.440  56.489 0.0000000000
98345  -42.382  16.690  56.776 0.0000000000
98336  -42.662  16.434  57.535 0.0000000000
98337  -43.467  16.666  57.840 0.0000000000
99039  -44.404  17.786  56.865 0.0000000000
99717  -44.607  18.747  55.487 0.0000000000
100429  -42.133  19.361  51.775 0.0000000000
100430  -42.610  19.609  52.043 0.0000000000
100437  -42.822  19.549  51.625 0.0000000000
100438  -43.529  19.823  51.719 0.0000000000
100439  -44.284  20.068  51.821 0.0000000000
100440  -45.201  20.187  52.010 0.0000000000
99113  -45.002  17.892  50.696 0.0000000000
101747  -36.614  21.956  47.489 0.0000000000
101109  -37.018  21.150  47.114 0.0000000000
134213  -36.401  19.674  47.075 0.0000000000
104857  -45.041  26.150  46.939 0.0000000000
139493  -44.281  26.082  46.807 0.0000000000
103590  -43.393  24.879  46.936 0.0000000000
102952  -42.420  23.823  46.966 0.0000000000
102355  -41.827  23.286  46.964 0.0000000000
99835  -39.298  18.540  45.415 0.0000000000
100488  -40.036  19.774  46.113 0.0000000000
99834  -38.609  18.286  45.583 0.0000000000
99827  -38.927  18.934  45.876 0.0000000000
99826  -37.952  18.693  45.973 0.0000000000
99155  -37.355  17.189  46.218 0.0000000000
98458  -37.196  16.381  46.595 0.0000000000
97685  -37.657  15.256  47.445 0.0000000000
97670  -38.351  15.126  48.390 0.0000000000
126164  -38.151  14.917  47.734 0.0000000000
96951  -38.909  14.782  47.929 0.0000000000
96952  -39.750  14.549  47.763 0.0000000000
145069  -41.337  14.335  46.702 0.0000000000
126584  -41.897  14.330  46.587 0.0000000000
97687  -43.806  15.201  47.748 0.0000000000
97676  -44.263  15.765  48.223 0.0000000000
97688  -44.549  15.549  47.479 0.0000000000
97689  -45.312  15.842  47.201 0.0000000000
97709  -44.961  15.291  45.923 0.0000000000
122460  -42.836  14.583  43.083 0.0000000000
97021  -43.500  14.597  42.738 0.0000000000
97022  -44.302  14.678  42.350 0.0000000000
125193  -45.149  14.742  42.097 0.0000000000
97035  -44.551  14.630  41.566 0.0000000000
124915  -40.532  18.280  40.620 0.0000000000
147943  -40.672  16.734  37.345 0.0000000000
97069  -41.975  15.145  37.513 0.0000000000
97083  -43.063  15.327  36.766 0.0000000000
97093  -43.542  15.530  35.732 0.0000000000
97808  -43.387  15.645  35.160 0.0000000000
97821  -43.114  15.341  34.611 0.0000000000
100426  -50.502  21.066  53.567 0.0000000000
105579  -52.511  26.550  43.134 0.0000000000
105573  -51.923  27.219  44.042 0.0000000000
104888  -52.514  26.100  43.701 0.0000000000
104210  -51.817  25.986  44.761 0.0000000000
104209  -51.284  25.738  45.083 0.0000000000
104232  -51.498  25.423  43.290 0.0000000000
121989  -50.321  25.474  45.082 0.0000000000
103603  -47.878  24.559  45.075 0.0000000000
132979  -47.326  23.780  44.882 0.0000000000
102975  -46.726  23.536  44.432 0.0000000000
102383  -45.790  22.493  43.633 0.0000000000
103606  -46.036  24.367  43.904 0.0000000000
104883  -47.161  26.071  43.307 0.0000000000
104214  -45.630  25.380  43.423 0.0000000000
99040  -47.219  17.187  56.178 0.0000000000
99032  -49.014  17.570  57.747 0.0000000000
99042  -49.278  18.418  57.538 0.0000000000
99711  -49.274  19.161  57.369 0.0000000000
100382  -48.487  20.113  57.148 0.0000000000
110593  -46.675  36.630  38.175 0.0000000000
110101  -46.041  35.902  37.690 0.0000000000
109561  -46.365  34.812  37.572 0.0000000000
127486  -45.650  34.181  37.557 0.0000000000
106223  -49.559  28.173  35.863 0.0000000000
103685  -50.654  24.426  34.741 0.0000000000
103042  -51.060  23.585  34.188 0.0000000000
103054  -51.703  23.047  33.734 0.0000000000
103055  -52.669  22.453  34.013 0.0000000000
102457  -53.433  21.713  33.283 0.0000000000
102456  -52.487  22.283  32.924 0.0000000000
103072  -51.610  22.671  31.410 0.0000000000
99752  -40.740  18.899  51.938 0.0000000000
99763  -41.486  19.027  51.482 0.0000000000
99778  -41.880  18.877  50.878 0.0000000000
99110  -42.362  18.187  50.604 0.0000000000
104189  -40.395  25.344  46.520 0.0000000000
103577  -39.691  23.962  47.301 0.0000000000
130364  -43.413  22.007  46.154 0.0000000000
129802  -42.575  22.205  46.439 0.0000000000
101121  -42.176  20.785  45.797 0.0000000000
101127  -41.630  20.148  45.544 0.0000000000
100497  -40.779  19.000  44.973 0.0000000000
99836  -40.006  18.774  45.174 0.0000000000
99162  -38.902  17.901  45.178 0.0000000000
99161  -38.590  17.163  45.183 0.0000000000
97707  -38.498  15.428  45.463 0.0000000000
147667  -39.389  14.800  45.228 0.0000000000
96985  -39.732  14.523  45.569 0.0000000000
125123  -39.342  15.365  44.182 0.0000000000
96988  -42.933  14.492  45.403 0.0000000000
97009  -42.432  14.508  43.788 0.0000000000
97020  -42.143  14.543  42.950 0.0000000000
125303  -41.974  14.530  42.164 0.0000000000
97032  -41.675  14.532  41.403 0.0000000000
99891  -41.296  19.277  38.515 0.0000000000
99890  -40.753  18.757  38.008 0.0000000000
99896  -40.330  18.322  37.400 0.0000000000
99224  -40.387  17.754  37.072 0.0000000000
99230  -40.198  17.455  36.253 0.0000000000
144226  -40.513  16.733  35.428 0.0000000000
106802  -47.440  29.337  41.659 0.0000000000
132059  -46.457  28.794  43.423 0.0000000000
145547  -47.416  28.711  43.288 0.0000000000
106155  -46.935  28.228  44.804 0.0000000000
106142  -46.744  27.999  45.566 0.0000000000
106167  -48.294  28.345  44.467 0.0000000000
106143  -47.589  28.048  45.540 0.0000000000
105557  -46.514  27.638  46.251 0.0000000000
103591  -44.977  24.784  46.907 0.0000000000
145473  -51.113  26.716  45.716 0.0000000000
105561  -50.484  27.079  46.077 0.0000000000
104861  -48.888  26.656  47.065 0.0000000000
103594  -48.220  24.808  46.762 0.0000000000
104193  -47.497  24.746  47.053 0.0000000000
127401  -47.746  25.571  47.279 0.0000000000
142864  -45.873  24.271  46.917 0.0000000000
102956  -44.867  23.469  46.589 0.0000000000
147795  -43.875  22.537  46.334 0.0000000000
101766  -43.728  21.209  45.535 0.0000000000
101130  -44.330  20.673  45.009 0.0000000000
101132  -43.003  20.231  44.547 0.0000000000
100506  -41.823  19.399  43.902 0.0000000000
99864  -41.000  18.855  42.714 0.0000000000
99863  -40.299  18.375  42.418 0.0000000000
100523  -42.798  19.516  41.322 0.0000000000
100532  -42.127  19.154  40.766 0.0000000000
100543  -42.872  20.106  39.380 0.0000000000
101798  -44.726  21.463  41.089 0.0000000000
101797  -44.373  21.626  40.736 0.0000000000
101163  -44.374  21.035  40.616 0.0000000000
99064  -47.194  17.471  55.126 0.0000000000
99065  -48.037  17.925  55.104 0.0000000000
124504  -49.193  19.693  56.119 0.0000000000
99734  -48.920  19.340  55.253 0.0000000000
99748  -49.584  19.633  53.961 0.0000000000
101065  -50.222  21.764  53.914 0.0000000000
101715  -50.167  22.398  53.551 0.0000000000
143504  -50.249  22.441  52.665 0.0000000000
101730  -49.460  22.251  52.692 0.0000000000
125525  -49.997  22.081  51.986 0.0000000000
142798  -47.486  34.663  42.200 0.0000000000
110564  -50.005  36.349  41.093 0.0000000000
109534  -48.561  34.895  42.374 0.0000000000
109533  -46.410  34.393  41.572 0.0000000000
109538  -44.795  34.040  41.006 0.0000000000
108400  -42.766  32.842  41.375 0.0000000000
107879  -42.322  32.185  41.516 0.0000000000
107880  -43.186  31.986  41.157 0.0000000000
107881  -44.033  31.492  40.947 0.0000000000
107351  -44.853  31.113  40.845 0.0000000000
108415  -47.036  32.402  40.067 0.0000000000
107890  -46.283  31.760  40.217 0.0000000000
107352  -45.626  30.832  40.699 0.0000000000
107346  -45.915  30.362  41.171 0.0000000000
139630  -47.006  30.324  40.033 0.0000000000
107354  -47.102  29.872  40.581 0.0000000000
108989  -47.908  34.069  37.586 0.0000000000
142934  -50.114  34.247  37.462 0.0000000000
108991  -51.012  33.807  37.357 0.0000000000
108977  -51.757  33.592  37.892 0.0000000000
107918  -51.196  32.439  36.725 0.0000000000
108438  -52.083  32.881  37.277 0.0000000000
107898  -50.740  32.056  38.766 0.0000000000
128318  -49.920  31.202  38.935 0.0000000000
106808  -47.682  29.919  39.790 0.0000000000
106805  -47.890  29.447  40.704 0.0000000000
143760  -48.541  29.135  40.799 0.0000000000
106192  -49.043  28.916  40.332 0.0000000000
106188  -49.815  28.489  40.893 0.0000000000
106198  -50.926  28.947  38.421 0.0000000000
106194  -50.688  28.444  39.340 0.0000000000
106189  -50.619  28.205  40.440 0.0000000000
106184  -50.718  28.132  41.670 0.0000000000
105585  -51.959  27.313  40.639 0.0000000000
105582  -52.042  27.354  41.813 0.0000000000
134511  -51.654  28.043  35.598 0.0000000000
130777  -52.355  28.241  35.662 0.0000000000
105607  -53.139  27.572  36.290 0.0000000000
105008  -53.200  26.504  35.684 0.0000000000
104995  -53.358  26.746  36.005 0.0000000000
141233  -53.109  27.553  37.021 0.0000000000
145084  -52.861  26.859  38.595 0.0000000000
104945  -53.030  26.453  39.484 0.0000000000
104929  -53.088  26.247  40.831 0.0000000000
104930  -53.398  25.409  41.471 0.0000000000
104261  -53.684  24.512  41.006 0.0000000000
103630  -53.374  24.530  41.394 0.0000000000
103653  -54.336  23.630  38.524 0.0000000000
103004  -53.878  23.741  40.112 0.0000000000
103639  -53.232  24.159  41.126 0.0000000000
103003  -52.953  23.726  40.394 0.0000000000
103644  -51.979  24.269  39.876 0.0000000000
102437  -52.656  21.728  35.897 0.0000000000
102436  -51.562  22.012  35.632 0.0000000000
101842  -54.012  20.988  32.597 0.0000000000
138413  -54.105  20.239  32.339 0.0000000000
101216  -53.944  19.928  31.873 0.0000000000
99683  -47.557  18.877  58.894 0.0000000000
99696  -46.097  18.653  57.663 0.0000000000
99697  -47.099  19.161  58.117 0.0000000000
100393  -46.716  20.221  55.641 0.0000000000
99715  -43.007  18.197  54.936 0.0000000000
99732  -44.251  19.200  54.604 0.0000000000
100422  -43.531  19.918  52.787 0.0000000000
100405  -43.872  19.625  53.694 0.0000000000
100391  -45.149  19.594  54.951 0.0000000000
100407  -45.505  20.380  54.201 0.0000000000
100408  -46.392  20.678  54.548 0.0000000000
101063  -46.632  21.238  53.338 0.0000000000
101083  -46.955  20.729  52.570 0.0000000000
100441  -46.331  19.998  52.101 0.0000000000
100442  -47.401  20.094  51.936 0.0000000000
99784  -47.403  18.532  50.886 0.0000000000
99794  -47.850  17.976  50.104 0.0000000000
99133  -35.259  17.639  48.797 0.0000000000
142365  -35.744  17.178  49.102 0.0000000000
98422  -36.275  17.037  49.771 0.0000000000
106775  -45.369  28.627  44.104 0.0000000000
104870  -42.826  26.706  46.031 0.0000000000
104856  -43.648  26.342  46.528 0.0000000000
104855  -42.945  26.023  46.642 0.0000000000
141119  -42.287  26.208  46.289 0.0000000000
103587  -40.977  24.925  46.768 0.0000000000
102950  -40.536  23.689  47.246 0.0000000000
102949  -39.604  23.311  47.467 0.0000000000
102359  -41.676  22.464  46.756 0.0000000000
102358  -40.758  22.287  46.984 0.0000000000
101119  -40.301  20.574  46.397 0.0000000000
101756  -40.511  21.427  46.719 0.0000000000
101750  -39.954  22.008  47.219 0.0000000000
101749  -39.110  21.768  47.180 0.0000000000
135885  -38.268  21.558  47.099 0.0000000000
101753  -37.886  20.782  46.742 0.0000000000
101115  -37.101  20.107  46.753 0.0000000000
100484  -36.809  19.215  46.763 0.0000000000
99154  -36.786  17.676  46.768 0.0000000000
99146  -36.109  17.615  47.461 0.0000000000
98437  -36.244  16.734  48.855 0.0000000000
98423  -36.925  16.555  49.508 0.0000000000
127139  -37.740  16.565  49.826 0.0000000000
98424  -38.671  16.519  49.957 0.0000000000
98425  -39.679  16.342  50.033 0.0000000000
98418  -42.059  17.227  50.374 0.0000000000
99122  -42.955  17.261  50.298 0.0000000000
96974  -39.485  14.412  46.418 0.0000000000
96953  -41.203  14.611  48.217 0.0000000000
96965  -41.481  14.421  47.350 0.0000000000
97673  -41.704  15.083  48.774 0.0000000000
97662  -42.136  15.793  49.265 0.0000000000
99123  -43.822  17.260  50.206 0.0000000000
99124  -44.674  17.259  50.089 0.0000000000
99125  -45.541  17.270  49.938 0.0000000000
98440  -44.701  16.304  48.739 0.0000000000
98431  -45.142  16.763  49.331 0.0000000000
99136  -47.611  17.230  48.729 0.0000000000
98454  -47.598  16.762  47.378 0.0000000000
98453  -46.628  16.538  47.514 0.0000000000
98460  -47.853  16.515  46.529 0.0000000000
97712  -47.508  16.061  45.406 0.0000000000
140187  -43.680  14.646  45.187 0.0000000000
96990  -45.025  15.143  45.083 0.0000000000
129376  -44.523  14.816  43.958 0.0000000000
96999  -45.047  15.031  44.290 0.0000000000
97719  -45.654  15.312  44.589 0.0000000000
97720  -46.440  15.515  44.706 0.0000000000
97721  -47.419  15.720  44.671 0.0000000000
134486  -47.709  15.615  43.802 0.0000000000
97732  -47.446  15.537  43.013 0.0000000000
97024  -46.176  14.886  41.929 0.0000000000
99869  -39.815  17.906  41.978 0.0000000000
98503  -39.367  16.730  41.202 0.0000000000
99203  -39.568  17.134  40.442 0.0000000000
97045  -41.269  14.745  40.637 0.0000000000
98530  -40.420  16.386  38.279 0.0000000000
147400  -40.190  15.970  39.144 0.0000000000
97047  -43.140  14.380  40.028 0.0000000000
129727  -44.540  14.515  39.196 0.0000000000
145823  -43.424  14.514  38.481 0.0000000000
97071  -44.222  14.480  38.319 0.0000000000
96973  -38.704  14.587  46.663 0.0000000000
97672  -40.369  14.775  48.344 0.0000000000
97686  -38.041  14.806  46.993 0.0000000000
97816  -43.503  15.539  34.925 0.0000000000
98359  -41.296  16.680  55.660 0.0000000000
98450  -36.431  16.767  47.805 0.0000000000
99135  -46.811  17.009  48.939 0.0000000000
99684  -48.656  18.813  58.907 0.0000000000
99761  -40.299  18.393  51.353 0.0000000000
99824  -36.455  18.431  46.957 0.0000000000
100421  -42.786  19.626  52.652 0.0000000000
100492  -39.698  19.151  45.746 0.0000000000
101061  -44.864  20.506  52.587 0.0000000000
101074  -46.221  20.991  52.898 0.0000000000
101076  -48.403  21.737  52.868 0.0000000000
101133  -43.828  20.476  44.532 0.0000000000
101193  -54.916  20.705  34.912 0.0000000000
101208  -54.703  20.477  34.068 0.0000000000
101758  -42.791  21.447  45.918 0.0000000000
101771  -45.506  21.689  44.299 0.0000000000
101822  -55.264  21.682  35.968 0.0000000000
101827  -53.481  21.114  35.446 0.0000000000
101844  -54.977  20.926  34.092 0.0000000000
102352  -39.371  22.560  47.426 0.0000000000
102363  -45.457  22.854  46.146 0.0000000000
102421  -53.516  22.505  37.445 0.0000000000
102423  -54.593  22.438  37.133 0.0000000000
102438  -55.300  21.868  35.504 0.0000000000
102448  -55.101  21.380  34.816 0.0000000000
102466  -53.318  21.541  32.132 0.0000000000
102954  -43.033  23.463  46.700 0.0000000000
102992  -45.390  22.294  42.940 0.0000000000
103000  -53.739  24.086  40.789 0.0000000000
103002  -52.523  23.637  39.445 0.0000000000
103005  -54.064  23.629  39.370 0.0000000000
103008  -53.914  23.356  39.057 0.0000000000
103009  -54.169  23.268  38.537 0.0000000000
103023  -54.936  22.696  36.719 0.0000000000
103024  -55.336  22.254  36.063 0.0000000000
103043  -51.783  23.982  34.915 0.0000000000
103046  -55.022  22.341  34.988 0.0000000000
103579  -42.059  24.398  47.056 0.0000000000
103599  -48.312  24.358  46.097 0.0000000000
103623  -52.702  24.934  42.355 0.0000000000
103646  -54.278  24.001  39.280 0.0000000000
103674  -53.681  24.286  35.116 0.0000000000
103675  -54.013  25.001  35.591 0.0000000000
103694  -50.242  23.854  33.712 0.0000000000
104190  -41.252  25.494  46.558 0.0000000000
104192  -44.644  25.546  46.945 0.0000000000
104194  -48.759  25.752  47.036 0.0000000000
104201  -50.227  25.899  46.534 0.0000000000
104217  -50.689  25.476  44.061 0.0000000000
104219  -52.243  25.895  43.980 0.0000000000
104234  -52.760  25.401  42.724 0.0000000000
104248  -52.014  24.882  41.944 0.0000000000
104250  -53.313  24.810  41.722 0.0000000000
104273  -54.152  24.682  39.346 0.0000000000
104321  -54.314  24.864  35.954 0.0000000000
104335  -52.283  25.767  35.556 0.0000000000
104337  -53.685  25.799  35.886 0.0000000000
104859  -46.973  26.417  47.277 0.0000000000
104862  -49.492  26.771  46.856 0.0000000000
104871  -50.118  26.545  46.645 0.0000000000
104887  -52.190  26.371  44.271 0.0000000000
104897  -52.768  25.812  43.062 0.0000000000
104913  -53.070  26.140  41.914 0.0000000000
104946  -53.556  25.524  40.444 0.0000000000
104982  -53.385  26.846  36.653 0.0000000000
105006  -51.456  26.501  35.540 0.0000000000
105540  -44.413  26.669  46.496 0.0000000000
105541  -45.330  26.826  46.662 0.0000000000
105544  -48.141  27.314  46.849 0.0000000000
105545  -48.924  27.247  46.654 0.0000000000
105559  -48.334  27.745  46.130 0.0000000000
105565  -49.826  27.688  45.513 0.0000000000
105567  -51.600  26.807  44.916 0.0000000000
105574  -52.322  26.708  43.771 0.0000000000
105577  -51.373  27.796  43.419 0.0000000000
105578  -52.014  27.297  43.275 0.0000000000
105583  -52.531  26.717  42.267 0.0000000000
105586  -52.484  26.780  41.274 0.0000000000
105598  -52.884  28.392  36.516 0.0000000000
105599  -52.924  27.195  37.893 0.0000000000
105606  -52.909  28.286  35.983 0.0000000000
105617  -51.038  27.416  35.547 0.0000000000
105619  -52.799  27.925  35.775 0.0000000000
105620  -53.026  27.387  35.801 0.0000000000
106144  -48.343  28.065  45.311 0.0000000000
106153  -45.107  28.314  44.844 0.0000000000
106154  -46.032  28.206  44.820 0.0000000000
106166  -47.273  28.580  43.945 0.0000000000
106170  -50.623  28.148  43.612 0.0000000000
106185  -51.399  27.716  41.211 0.0000000000
106187  -49.099  28.786  41.327 0.0000000000
106197  -50.148  28.925  38.887 0.0000000000
106199  -51.730  29.009  37.730 0.0000000000
106203  -52.685  29.239  36.605 0.0000000000
106221  -47.691  28.286  35.982 0.0000000000
106224  -50.756  28.301  35.704 0.0000000000
106226  -52.739  28.885  35.865 0.0000000000
106786  -46.882  28.909  43.060 0.0000000000
106793  -44.505  29.755  42.853 0.0000000000
106796  -47.435  28.914  42.681 0.0000000000
106797  -48.230  28.783  42.462 0.0000000000
106809  -48.386  29.380  39.965 0.0000000000
106810  -49.474  29.444  39.016 0.0000000000
106813  -51.383  29.779  37.826 0.0000000000
106817  -52.669  29.939  36.292 0.0000000000
106821  -47.989  29.552  36.697 0.0000000000
106825  -52.551  30.235  36.239 0.0000000000
106832  -51.156  29.381  35.917 0.0000000000
107343  -43.575  31.094  41.603 0.0000000000
107344  -44.420  30.815  41.487 0.0000000000
107345  -45.243  30.553  41.377 0.0000000000
107353  -46.394  30.482  40.532 0.0000000000
107357  -46.662  30.923  40.003 0.0000000000
107360  -49.164  30.376  39.161 0.0000000000
107372  -49.274  31.129  37.054 0.0000000000
107373  -52.681  30.962  36.924 0.0000000000
107380  -47.708  30.226  37.092 0.0000000000
107873  -42.747  31.405  41.712 0.0000000000
107878  -41.924  32.853  41.739 0.0000000000
107887  -43.854  32.262  40.751 0.0000000000
107889  -45.449  31.447  40.502 0.0000000000
107897  -49.065  32.250  39.554 0.0000000000
107906  -51.706  32.374  38.001 0.0000000000
107919  -52.653  31.473  36.889 0.0000000000
108401  -43.368  32.728  41.014 0.0000000000
108409  -48.755  33.080  39.979 0.0000000000
108418  -51.439  33.065  38.591 0.0000000000
108428  -51.992  32.960  37.703 0.0000000000
108434  -47.655  32.534  37.549 0.0000000000
108437  -51.684  33.144  37.044 0.0000000000
108441  -52.211  32.507  36.875 0.0000000000
108442  -52.555  32.174  36.993 0.0000000000
108944  -42.140  33.853  43.092 0.0000000000
108950  -42.447  33.804  42.340 0.0000000000
108953  -43.423  33.501  41.310 0.0000000000
108954  -44.084  33.978  41.267 0.0000000000
108956  -44.198  33.461  40.847 0.0000000000
108957  -44.938  33.363  40.616 0.0000000000
108959  -47.400  33.704  40.618 0.0000000000
108960  -49.521  33.896  40.796 0.0000000000
108962  -50.607  34.663  40.228 0.0000000000
108990  -49.040  34.139  37.534 0.0000000000
108992  -51.655  33.553  37.523 0.0000000000
109523  -43.068  34.038  41.931 0.0000000000
109525  -45.300  34.496  42.442 0.0000000000
109531  -44.477  34.392  41.804 0.0000000000
109532  -45.390  34.414  41.603 0.0000000000
109535  -49.678  35.389  42.359 0.0000000000
109536  -50.146  35.475  41.924 0.0000000000
109539  -45.625  34.112  40.900 0.0000000000
109543  -50.287  34.994  41.187 0.0000000000
109545  -51.153  34.575  39.276 0.0000000000
109550  -51.403  34.368  38.263 0.0000000000
109565  -51.355  34.185  37.767 0.0000000000
110082  -50.259  35.702  41.411 0.0000000000
110083  -50.471  35.364  40.459 0.0000000000
110093  -50.547  35.968  38.721 0.0000000000
110102  -47.000  35.750  37.811 0.0000000000
110103  -47.997  35.677  37.901 0.0000000000
110104  -49.060  35.595  38.066 0.0000000000
110570  -50.074  36.641  39.797 0.0000000000
110571  -50.346  36.406  39.186 0.0000000000
110583  -47.250  37.260  38.513 0.0000000000
110584  -48.062  37.139  38.551 0.0000000000
110585  -48.969  36.969  38.726 0.0000000000
111051  -47.649  37.850  39.002 0.0000000000
111065  -47.675  37.635  38.797 0.0000000000
122397  -52.233  23.333  34.500 0.0000000000
122791  -45.329  29.583  42.823 0.0000000000
123018  -52.802  24.851  35.419 0.0000000000
123097  -53.974  19.773  32.652 0.0000000000
123140  -52.422  24.263  40.853 0.0000000000
123149  -46.132  29.257  42.824 0.0000000000
123997  -50.261  26.686  35.493 0.0000000000
124498  -54.555  23.924  35.627 0.0000000000
126676  -45.709  25.301  47.132 0.0000000000
128319  -42.962  25.463  46.863 0.0000000000
129123  -42.198  25.596  46.651 0.0000000000
130025  -49.285  25.308  46.239 0.0000000000
133096  -38.843  15.195  48.659 0.0000000000
133381  -54.397  24.682  36.657 0.0000000000
134543  -46.996  34.148  37.558 0.0000000000
134897  -46.064  31.049  40.362 0.0000000000
136125  -54.724  22.044  36.808 0.0000000000
137131  -52.697  31.716  37.016 0.0000000000
137301  -50.760  25.310  40.179 0.0000000000
138183  -38.517  22.320  47.384 0.0000000000
138302  -50.876  35.161  39.631 0.0000000000
138314  -47.004  30.246  37.079 0.0000000000
138320  -50.801  30.227  36.333 0.0000000000
138617  -45.771  33.496  40.532 0.0000000000
140030  -46.988  33.112  40.269 0.0000000000
140138  -49.819  31.840  39.232 0.0000000000
140459  -43.805  32.972  40.782 0.0000000000
141970  -53.596  23.823  40.524 0.0000000000
143422  -48.948  27.523  46.208 0.0000000000
144022  -52.925  26.087  42.656 0.0000000000
144049  -47.860  17.067  48.100 0.0000000000
144522  -51.619  23.449  34.356 0.0000000000
145832  -54.744  23.240  37.119 0.0000000000
146024  -50.204  23.643  31.379 0.0000000000
146663  -44.203  27.135  46.110 0.0000000000
146880  -50.612  30.761  36.510 0.0000000000
147937  -44.753  14.517  40.973 0.0000000000
