#!ascii label  , from subject sub-v1s7x0051326_ses-1 vox2ras=TkReg
1518
54924  -43.930  -31.991  70.815 0.0000000000
41310  -35.841  -44.986  72.662 0.0000000000
59902  -46.464  -27.086  55.914 0.0000000000
145857  -43.588  -34.158  59.002 0.0000000000
56807  -48.691  -30.103  64.858 0.0000000000
51137  -38.932  -36.471  72.115 0.0000000000
46296  -31.001  -39.770  64.121 0.0000000000
52180  -36.042  -34.147  60.706 0.0000000000
43101  -28.257  -43.460  77.132 0.0000000000
63846  -58.033  -22.374  55.700 0.0000000000
44257  -24.371  -42.759  66.292 0.0000000000
53061  -44.067  -33.255  64.988 0.0000000000
135246  -47.402  -34.644  62.624 0.0000000000
53030  -48.075  -33.476  68.153 0.0000000000
53885  -39.530  -32.182  71.726 0.0000000000
51206  -38.917  -35.482  66.384 0.0000000000
53969  -39.857  -32.078  65.456 0.0000000000
143704  -40.025  -32.431  60.173 0.0000000000
65852  -57.440  -20.473  50.350 0.0000000000
42206  -31.448  -44.163  74.770 0.0000000000
132847  -26.496  -42.911  71.783 0.0000000000
43200  -30.459  -43.757  69.314 0.0000000000
59794  -45.811  -27.041  62.116 0.0000000000
45297  -38.527  -41.032  71.518 0.0000000000
45310  -33.692  -42.230  68.144 0.0000000000
48145  -36.148  -38.265  67.596 0.0000000000
50183  -33.841  -36.700  62.095 0.0000000000
40338  -24.743  -45.996  78.740 0.0000000000
61820  -49.369  -24.291  66.696 0.0000000000
134069  -51.602  -26.505  61.729 0.0000000000
62874  -55.440  -23.586  60.126 0.0000000000
60946  -51.353  -25.659  55.584 0.0000000000
64876  -50.534  -21.708  51.604 0.0000000000
42215  -23.489  -44.661  73.532 0.0000000000
44291  -27.865  -42.639  64.260 0.0000000000
53025  -44.508  -33.275  68.074 0.0000000000
52115  -46.390  -34.183  67.445 0.0000000000
53911  -46.192  -32.998  69.742 0.0000000000
54909  -41.649  -31.077  71.781 0.0000000000
54938  -40.227  -31.775  69.058 0.0000000000
54956  -42.285  -31.685  67.991 0.0000000000
53970  -42.412  -32.230  65.312 0.0000000000
57879  -45.392  -28.262  52.264 0.0000000000
141557  -47.441  -27.638  53.311 0.0000000000
132092  -34.019  -45.044  73.384 0.0000000000
137992  -31.068  -43.721  72.160 0.0000000000
42236  -32.837  -44.806  70.078 0.0000000000
131273  -45.441  -35.739  59.177 0.0000000000
54005  -49.368  -31.878  63.619 0.0000000000
54024  -47.757  -32.415  61.451 0.0000000000
55920  -46.992  -30.412  63.126 0.0000000000
125125  -44.289  -29.226  61.628 0.0000000000
57804  -45.553  -28.220  64.820 0.0000000000
136689  -39.624  -39.019  71.726 0.0000000000
47160  -37.545  -39.295  69.804 0.0000000000
49129  -38.922  -37.686  69.467 0.0000000000
52154  -37.445  -34.409  63.531 0.0000000000
50174  -36.333  -36.189  64.493 0.0000000000
51237  -34.743  -35.653  61.368 0.0000000000
53126  -41.901  -32.851  59.405 0.0000000000
60819  -50.319  -25.595  64.505 0.0000000000
59874  -54.805  -26.610  58.519 0.0000000000
61969  -53.981  -23.992  56.146 0.0000000000
63874  -51.239  -23.108  53.542 0.0000000000
63876  -53.782  -22.066  53.861 0.0000000000
65866  -54.160  -20.928  48.533 0.0000000000
42178  -26.739  -44.261  78.217 0.0000000000
42184  -24.320  -44.929  75.956 0.0000000000
43115  -25.558  -43.778  75.653 0.0000000000
44227  -25.368  -42.024  69.278 0.0000000000
43197  -23.767  -42.674  69.718 0.0000000000
131625  -23.379  -43.974  67.087 0.0000000000
46265  -32.333  -40.946  65.952 0.0000000000
132722  -30.582  -42.869  65.799 0.0000000000
45358  -29.384  -41.375  63.619 0.0000000000
53104  -43.700  -33.387  61.679 0.0000000000
122027  -45.734  -35.116  60.914 0.0000000000
52156  -46.227  -34.179  63.908 0.0000000000
126010  -48.026  -34.584  65.338 0.0000000000
54981  -49.881  -31.567  66.709 0.0000000000
52990  -38.492  -33.760  72.875 0.0000000000
127473  -39.425  -35.930  69.185 0.0000000000
53012  -38.829  -33.290  69.386 0.0000000000
137474  -39.049  -33.120  66.570 0.0000000000
53082  -38.421  -33.192  63.391 0.0000000000
54027  -37.880  -32.448  60.110 0.0000000000
54011  -39.922  -32.436  62.676 0.0000000000
54013  -41.849  -32.651  62.490 0.0000000000
64854  -58.193  -21.051  53.652 0.0000000000
66835  -59.766  -19.298  52.834 0.0000000000
122709  -30.061  -44.086  76.330 0.0000000000
123529  -27.328  -43.345  74.834 0.0000000000
137042  -29.613  -43.352  72.934 0.0000000000
43185  -28.327  -42.710  70.565 0.0000000000
132828  -27.077  -42.075  68.131 0.0000000000
52198  -46.196  -35.081  59.826 0.0000000000
58833  -43.689  -28.073  59.130 0.0000000000
59847  -46.119  -26.554  59.218 0.0000000000
44212  -37.171  -43.344  71.614 0.0000000000
43203  -34.362  -44.064  69.692 0.0000000000
129133  -35.664  -41.777  69.708 0.0000000000
46240  -34.266  -40.357  67.717 0.0000000000
47186  -33.227  -39.197  65.761 0.0000000000
50144  -37.770  -36.577  67.049 0.0000000000
49175  -34.914  -37.554  65.485 0.0000000000
48184  -31.957  -38.019  62.720 0.0000000000
55834  -45.363  -30.021  72.380 0.0000000000
43154  -38.103  -43.533  73.707 0.0000000000
47107  -39.677  -39.410  73.510 0.0000000000
50093  -39.244  -37.218  74.673 0.0000000000
57711  -45.951  -29.146  69.693 0.0000000000
57740  -48.076  -29.356  68.567 0.0000000000
57727  -50.322  -28.093  68.555 0.0000000000
61795  -50.077  -24.563  69.362 0.0000000000
131469  -47.882  -26.937  66.915 0.0000000000
141957  -47.568  -25.589  64.801 0.0000000000
59811  -48.359  -26.139  61.787 0.0000000000
142592  -49.151  -26.273  59.016 0.0000000000
60859  -53.778  -26.522  60.844 0.0000000000
59853  -51.865  -26.705  58.029 0.0000000000
142876  -49.423  -27.259  55.295 0.0000000000
60972  -49.274  -25.424  53.832 0.0000000000
65838  -53.863  -20.500  50.961 0.0000000000
39353  -23.102  -47.335  77.180 0.0000000000
41312  -21.832  -46.490  71.211 0.0000000000
143930  -24.824  -43.245  72.210 0.0000000000
43169  -22.559  -43.963  70.621 0.0000000000
42249  -31.828  -44.122  68.163 0.0000000000
141643  -28.912  -42.918  66.263 0.0000000000
44275  -26.617  -42.301  65.121 0.0000000000
42296  -25.705  -44.866  62.038 0.0000000000
130943  -43.927  -32.752  69.291 0.0000000000
53013  -45.151  -33.526  69.319 0.0000000000
53897  -45.180  -32.622  70.266 0.0000000000
123028  -43.133  -31.469  70.944 0.0000000000
54940  -42.363  -31.396  69.580 0.0000000000
53908  -43.286  -32.114  69.527 0.0000000000
53936  -43.034  -32.262  67.713 0.0000000000
58866  -45.611  -27.063  55.696 0.0000000000
58880  -46.163  -27.490  54.335 0.0000000000
141095  -46.838  -27.897  53.122 0.0000000000
58881  -46.935  -27.725  53.935 0.0000000000
41300  -34.708  -45.062  73.112 0.0000000000
126498  -33.221  -44.981  71.806 0.0000000000
42230  -34.600  -45.108  71.575 0.0000000000
144952  -43.712  -34.884  58.082 0.0000000000
52209  -44.380  -35.254  58.364 0.0000000000
55908  -49.522  -30.902  64.310 0.0000000000
55933  -48.576  -30.721  62.620 0.0000000000
55906  -48.349  -30.319  64.087 0.0000000000
131968  -45.986  -29.906  63.962 0.0000000000
56788  -46.735  -29.087  65.414 0.0000000000
49116  -39.596  -37.832  72.086 0.0000000000
48106  -39.133  -38.270  70.232 0.0000000000
126292  -39.391  -37.138  70.402 0.0000000000
52162  -36.618  -34.656  62.188 0.0000000000
51233  -36.295  -35.364  62.552 0.0000000000
52167  -35.785  -34.869  61.219 0.0000000000
52192  -34.303  -34.799  59.956 0.0000000000
53127  -42.828  -33.329  59.648 0.0000000000
53138  -41.891  -33.373  57.934 0.0000000000
53139  -42.725  -33.943  58.241 0.0000000000
61955  -56.822  -24.628  57.523 0.0000000000
62949  -55.446  -23.169  56.178 0.0000000000
62966  -53.975  -22.802  55.138 0.0000000000
63863  -55.968  -22.051  54.910 0.0000000000
43085  -27.444  -43.760  77.736 0.0000000000
145196  -26.041  -43.995  77.105 0.0000000000
138113  -27.162  -43.510  76.109 0.0000000000
44246  -25.164  -42.080  67.521 0.0000000000
141349  -24.066  -42.242  68.462 0.0000000000
43230  -23.816  -43.334  66.607 0.0000000000
130275  -24.347  -44.919  66.207 0.0000000000
42268  -24.444  -44.612  65.389 0.0000000000
46279  -31.354  -40.288  64.702 0.0000000000
45346  -31.074  -41.053  64.866 0.0000000000
46294  -29.774  -40.645  63.447 0.0000000000
53084  -43.816  -33.277  63.425 0.0000000000
53094  -45.016  -33.883  62.460 0.0000000000
53074  -44.719  -33.569  64.575 0.0000000000
52109  -47.072  -34.250  68.287 0.0000000000
52135  -47.752  -34.527  66.164 0.0000000000
52117  -48.668  -34.157  67.093 0.0000000000
53049  -49.391  -33.466  66.255 0.0000000000
53939  -49.417  -32.662  67.016 0.0000000000
52991  -38.823  -33.015  72.602 0.0000000000
52087  -38.572  -33.450  71.077 0.0000000000
53894  -39.103  -32.587  70.831 0.0000000000
126468  -40.204  -31.919  67.187 0.0000000000
53934  -39.327  -32.648  68.106 0.0000000000
123070  -39.380  -32.508  66.131 0.0000000000
53060  -38.738  -33.390  65.147 0.0000000000
54000  -38.884  -32.587  63.894 0.0000000000
54010  -39.027  -32.680  62.865 0.0000000000
53988  -40.432  -32.085  63.851 0.0000000000
53971  -43.380  -32.785  65.340 0.0000000000
54002  -42.250  -32.506  63.834 0.0000000000
54004  -43.416  -33.054  63.717 0.0000000000
53092  -43.112  -33.153  62.260 0.0000000000
42194  -30.819  -44.006  75.335 0.0000000000
43135  -29.635  -43.621  74.386 0.0000000000
43136  -30.524  -43.814  74.420 0.0000000000
143748  -30.722  -43.694  70.616 0.0000000000
43175  -29.979  -43.304  71.085 0.0000000000
43187  -29.548  -43.193  70.443 0.0000000000
44240  -28.079  -42.366  69.182 0.0000000000
43208  -28.760  -42.754  68.504 0.0000000000
52165  -46.913  -35.320  62.077 0.0000000000
52182  -46.284  -35.301  60.848 0.0000000000
52173  -47.019  -35.167  61.528 0.0000000000
55037  -46.833  -31.175  60.746 0.0000000000
54032  -46.774  -31.929  60.446 0.0000000000
55040  -46.519  -31.266  60.066 0.0000000000
58803  -44.597  -28.162  62.709 0.0000000000
57825  -43.814  -28.682  60.612 0.0000000000
145729  -44.726  -27.457  60.673 0.0000000000
58825  -45.196  -27.065  59.243 0.0000000000
59834  -45.765  -26.792  60.004 0.0000000000
45283  -38.354  -42.005  71.785 0.0000000000
44222  -36.605  -42.824  70.830 0.0000000000
45296  -37.633  -41.431  71.023 0.0000000000
47168  -36.494  -39.160  68.855 0.0000000000
46228  -36.042  -39.937  69.082 0.0000000000
47173  -35.231  -39.138  67.686 0.0000000000
47179  -33.572  -39.596  66.436 0.0000000000
47181  -34.940  -38.838  67.049 0.0000000000
137475  -39.309  -35.742  68.448 0.0000000000
50137  -38.987  -36.567  68.377 0.0000000000
50154  -38.613  -35.955  66.653 0.0000000000
50179  -34.702  -36.738  63.258 0.0000000000
49182  -35.806  -36.660  65.010 0.0000000000
145408  -34.082  -37.164  63.470 0.0000000000
48174  -32.953  -37.873  63.843 0.0000000000
54029  -39.361  -32.478  60.280 0.0000000000
130244  -39.474  -37.867  74.258 0.0000000000
138008  -38.712  -33.667  74.654 0.0000000000
56723  -46.260  -29.859  71.227 0.0000000000
59737  -45.907  -27.350  68.658 0.0000000000
59730  -48.106  -26.803  69.478 0.0000000000
57741  -49.401  -29.011  68.526 0.0000000000
59731  -49.237  -26.776  69.649 0.0000000000
61803  -49.775  -24.317  68.396 0.0000000000
59739  -50.231  -26.063  68.578 0.0000000000
60788  -48.602  -25.100  67.425 0.0000000000
59755  -47.506  -25.957  66.123 0.0000000000
60798  -48.257  -25.123  66.356 0.0000000000
140033  -51.042  -26.114  63.113 0.0000000000
59784  -49.326  -25.998  63.312 0.0000000000
59812  -49.368  -26.062  61.712 0.0000000000
123499  -48.100  -26.210  60.270 0.0000000000
59825  -50.388  -26.393  59.941 0.0000000000
61891  -54.464  -25.345  60.228 0.0000000000
59892  -53.251  -26.146  57.266 0.0000000000
58837  -53.241  -26.896  58.389 0.0000000000
59890  -51.646  -26.801  56.936 0.0000000000
58847  -50.638  -27.148  56.741 0.0000000000
60945  -50.747  -26.270  55.496 0.0000000000
59914  -49.470  -26.953  54.563 0.0000000000
60960  -50.568  -25.602  54.864 0.0000000000
126480  -51.392  -22.554  52.993 0.0000000000
143508  -49.445  -23.201  52.793 0.0000000000
63892  -49.028  -22.282  51.623 0.0000000000
127821  -58.118  -20.677  52.231 0.0000000000
135934  -55.333  -20.764  52.537 0.0000000000
65839  -55.830  -20.455  51.019 0.0000000000
127166  -24.043  -44.708  75.080 0.0000000000
41288  -23.447  -46.301  75.379 0.0000000000
41307  -23.015  -45.625  73.413 0.0000000000
40383  -22.227  -47.148  71.969 0.0000000000
41313  -22.189  -45.771  71.718 0.0000000000
43149  -27.290  -43.228  73.296 0.0000000000
43148  -26.303  -43.173  73.319 0.0000000000
43172  -25.636  -43.086  72.047 0.0000000000
43183  -23.222  -43.276  70.181 0.0000000000
40397  -23.125  -46.256  67.754 0.0000000000
43213  -34.002  -43.457  69.031 0.0000000000
43212  -33.175  -43.910  68.665 0.0000000000
43222  -32.845  -43.460  68.097 0.0000000000
44277  -29.145  -43.063  65.062 0.0000000000
43234  -30.418  -43.408  66.685 0.0000000000
43232  -28.966  -43.010  65.516 0.0000000000
44276  -27.635  -42.549  65.560 0.0000000000
44290  -26.888  -42.464  64.249 0.0000000000
131171  -25.167  -45.801  63.179 0.0000000000
53035  -44.290  -33.300  67.018 0.0000000000
131354  -45.382  -33.771  66.174 0.0000000000
53036  -45.123  -33.589  67.617 0.0000000000
53027  -46.143  -34.032  68.819 0.0000000000
53015  -47.043  -33.656  69.075 0.0000000000
54893  -40.908  -31.347  72.316 0.0000000000
53895  -39.793  -32.097  70.229 0.0000000000
138476  -40.668  -31.484  70.548 0.0000000000
54939  -41.236  -31.435  69.087 0.0000000000
54979  -41.134  -31.663  66.871 0.0000000000
54994  -41.468  -31.829  65.381 0.0000000000
54970  -42.220  -31.769  67.143 0.0000000000
53951  -43.595  -32.809  66.384 0.0000000000
58895  -47.495  -27.279  52.759 0.0000000000
42217  -33.174  -44.666  73.738 0.0000000000
43166  -31.426  -43.871  73.100 0.0000000000
130836  -32.422  -44.338  73.042 0.0000000000
141126  -32.390  -44.539  71.572 0.0000000000
43201  -31.137  -44.108  69.746 0.0000000000
53086  -48.190  -33.999  63.070 0.0000000000
53096  -47.802  -33.522  62.222 0.0000000000
54015  -48.420  -32.118  62.085 0.0000000000
55942  -48.282  -30.754  61.955 0.0000000000
134646  -46.646  -30.590  61.481 0.0000000000
56839  -45.120  -29.853  60.981 0.0000000000
56825  -45.144  -29.773  62.734 0.0000000000
56818  -45.014  -29.391  63.556 0.0000000000
133060  -45.391  -27.555  63.841 0.0000000000
46207  -39.399  -39.945  71.847 0.0000000000
46205  -37.900  -40.479  70.827 0.0000000000
47153  -39.079  -39.178  70.692 0.0000000000
48121  -37.787  -38.653  69.415 0.0000000000
48136  -37.172  -38.451  68.716 0.0000000000
51216  -38.356  -35.160  65.355 0.0000000000
50166  -37.438  -36.056  65.620 0.0000000000
133497  -36.938  -35.538  64.408 0.0000000000
50181  -35.950  -35.925  63.093 0.0000000000
50190  -34.305  -36.190  61.757 0.0000000000
50201  -33.106  -36.277  60.967 0.0000000000
51245  -33.228  -35.792  60.432 0.0000000000
54043  -41.299  -32.622  60.017 0.0000000000
54068  -40.945  -32.705  58.076 0.0000000000
62779  -51.115  -23.663  67.135 0.0000000000
61830  -49.666  -24.506  65.842 0.0000000000
61831  -51.179  -24.649  65.871 0.0000000000
60836  -51.669  -26.032  64.306 0.0000000000
59801  -52.612  -26.464  62.726 0.0000000000
146442  -56.530  -23.905  59.139 0.0000000000
61909  -55.739  -25.791  59.214 0.0000000000
60905  -56.334  -25.403  58.408 0.0000000000
61954  -54.362  -24.689  56.794 0.0000000000
61952  -52.758  -24.706  56.103 0.0000000000
144162  -51.527  -24.154  54.672 0.0000000000
62947  -52.882  -23.553  55.201 0.0000000000
142707  -52.099  -22.646  53.551 0.0000000000
63887  -52.630  -22.099  53.106 0.0000000000
65861  -57.598  -20.472  49.300 0.0000000000
147853  -55.808  -20.722  49.226 0.0000000000
65868  -55.737  -21.174  48.143 0.0000000000
42170  -26.042  -44.869  78.635 0.0000000000
41271  -24.747  -45.384  77.382 0.0000000000
42185  -25.391  -44.573  77.095 0.0000000000
42193  -25.048  -44.293  76.240 0.0000000000
43131  -24.436  -43.971  74.550 0.0000000000
44218  -25.768  -42.367  70.393 0.0000000000
44209  -24.846  -42.536  70.999 0.0000000000
44226  -24.282  -42.102  69.168 0.0000000000
44225  -23.520  -42.522  68.863 0.0000000000
43215  -22.828  -44.225  67.623 0.0000000000
41325  -23.541  -45.516  67.512 0.0000000000
41332  -24.046  -44.936  67.019 0.0000000000
45322  -32.502  -41.649  66.451 0.0000000000
44250  -32.345  -43.032  67.087 0.0000000000
44280  -31.803  -41.976  65.872 0.0000000000
44294  -29.783  -42.507  64.921 0.0000000000
44311  -28.295  -42.275  63.775 0.0000000000
53116  -43.746  -33.863  60.156 0.0000000000
52181  -44.929  -34.840  60.312 0.0000000000
53105  -44.548  -33.865  61.723 0.0000000000
52164  -46.063  -34.617  62.371 0.0000000000
122660  -46.757  -34.700  62.869 0.0000000000
52133  -46.200  -34.214  65.376 0.0000000000
52147  -46.782  -34.379  64.745 0.0000000000
52158  -47.557  -34.566  63.411 0.0000000000
53076  -48.963  -33.524  64.524 0.0000000000
53992  -49.581  -31.915  64.506 0.0000000000
55899  -49.711  -30.839  65.348 0.0000000000
51152  -38.653  -35.497  71.685 0.0000000000
51153  -38.989  -36.333  71.033 0.0000000000
52073  -38.774  -35.362  70.704 0.0000000000
51186  -39.187  -35.163  68.790 0.0000000000
52114  -39.087  -34.450  67.605 0.0000000000
53919  -39.154  -32.651  68.978 0.0000000000
53034  -39.082  -33.353  67.517 0.0000000000
52121  -38.887  -34.741  66.179 0.0000000000
52145  -38.310  -33.966  64.597 0.0000000000
52155  -38.022  -33.765  63.838 0.0000000000
53090  -37.649  -33.554  62.160 0.0000000000
53112  -37.191  -33.070  60.424 0.0000000000
53101  -38.095  -33.081  61.658 0.0000000000
54019  -38.830  -32.678  61.873 0.0000000000
54020  -39.660  -32.563  61.558 0.0000000000
122094  -41.331  -32.201  63.844 0.0000000000
54001  -41.357  -32.467  63.124 0.0000000000
54021  -40.592  -32.653  61.413 0.0000000000
53102  -42.261  -32.776  61.151 0.0000000000
53115  -42.948  -33.106  60.599 0.0000000000
63865  -57.977  -21.988  55.001 0.0000000000
64840  -59.181  -21.025  54.481 0.0000000000
65817  -59.048  -20.702  53.117 0.0000000000
65843  -59.173  -20.322  51.641 0.0000000000
66860  -59.113  -20.147  50.019 0.0000000000
66865  -59.293  -19.839  49.332 0.0000000000
145646  -29.467  -43.802  76.444 0.0000000000
43116  -27.704  -43.417  75.540 0.0000000000
123802  -29.142  -43.558  75.049 0.0000000000
43134  -28.825  -43.472  74.248 0.0000000000
43163  -27.764  -43.089  72.573 0.0000000000
43165  -30.523  -43.556  72.815 0.0000000000
123516  -29.288  -43.134  71.928 0.0000000000
43173  -27.954  -42.786  71.152 0.0000000000
44229  -27.420  -42.239  69.794 0.0000000000
44238  -26.300  -42.005  68.732 0.0000000000
44259  -25.967  -42.086  66.807 0.0000000000
123593  -45.327  -35.538  59.592 0.0000000000
51261  -45.666  -35.615  59.473 0.0000000000
52184  -46.778  -34.292  60.653 0.0000000000
58846  -45.132  -27.037  57.507 0.0000000000
59884  -45.896  -26.824  57.085 0.0000000000
43179  -36.884  -44.230  71.998 0.0000000000
42239  -35.158  -44.777  71.230 0.0000000000
43192  -36.367  -43.794  71.120 0.0000000000
44232  -35.310  -42.688  69.729 0.0000000000
45311  -34.454  -41.772  68.606 0.0000000000
46215  -36.498  -40.457  69.692 0.0000000000
45312  -35.054  -41.099  68.819 0.0000000000
45317  -33.957  -41.256  67.995 0.0000000000
46252  -33.329  -40.441  66.703 0.0000000000
46266  -32.817  -40.077  66.095 0.0000000000
47195  -32.315  -39.234  64.673 0.0000000000
49141  -39.241  -36.901  69.190 0.0000000000
49140  -38.574  -37.315  68.696 0.0000000000
49152  -36.552  -37.681  67.266 0.0000000000
50165  -36.583  -36.390  65.361 0.0000000000
49167  -36.263  -37.411  66.542 0.0000000000
48152  -35.340  -38.157  66.666 0.0000000000
48159  -34.354  -38.110  65.732 0.0000000000
48164  -32.613  -38.540  64.313 0.0000000000
54038  -37.082  -32.582  58.910 0.0000000000
54896  -44.430  -30.956  72.237 0.0000000000
145819  -44.959  -31.176  71.864 0.0000000000
130822  -26.753  -44.574  79.099 0.0000000000
43087  -29.538  -43.250  77.532 0.0000000000
123394  -29.856  -43.603  76.960 0.0000000000
43119  -30.899  -44.103  76.184 0.0000000000
42208  -34.603  -44.665  75.078 0.0000000000
42218  -34.951  -44.965  74.137 0.0000000000
41302  -36.193  -44.913  73.515 0.0000000000
41303  -36.610  -44.904  73.043 0.0000000000
43180  -37.740  -43.766  72.610 0.0000000000
44214  -38.973  -42.531  72.684 0.0000000000
45285  -39.433  -41.130  72.688 0.0000000000
46179  -39.432  -40.809  73.282 0.0000000000
46198  -39.586  -40.228  72.435 0.0000000000
48077  -39.893  -39.026  72.819 0.0000000000
49109  -39.824  -37.964  72.892 0.0000000000
51122  -39.070  -36.568  73.267 0.0000000000
51121  -38.662  -35.646  73.848 0.0000000000
52983  -38.422  -33.886  73.874 0.0000000000
52984  -38.762  -33.270  73.310 0.0000000000
125259  -42.564  -31.008  72.129 0.0000000000
54912  -45.750  -31.143  71.007 0.0000000000
55860  -46.384  -31.559  69.979 0.0000000000
55861  -46.774  -31.309  69.536 0.0000000000
58720  -45.050  -27.580  69.371 0.0000000000
56749  -47.207  -29.798  68.781 0.0000000000
55870  -48.453  -31.090  68.246 0.0000000000
55871  -49.725  -30.383  67.748 0.0000000000
55872  -50.040  -30.184  67.480 0.0000000000
57773  -49.464  -29.175  66.975 0.0000000000
59740  -50.561  -26.717  68.874 0.0000000000
58746  -49.779  -27.513  67.720 0.0000000000
57771  -47.744  -28.510  66.379 0.0000000000
58762  -46.518  -27.310  66.118 0.0000000000
59763  -45.876  -26.804  65.038 0.0000000000
59782  -46.470  -26.494  63.443 0.0000000000
60818  -48.280  -25.400  64.651 0.0000000000
59774  -47.329  -26.093  63.475 0.0000000000
143583  -46.901  -26.439  61.971 0.0000000000
59824  -47.223  -26.266  60.486 0.0000000000
59849  -47.520  -26.403  58.731 0.0000000000
59887  -48.047  -26.707  57.250 0.0000000000
122433  -53.281  -26.096  63.085 0.0000000000
142693  -52.858  -27.007  61.157 0.0000000000
59840  -54.470  -27.005  59.274 0.0000000000
59838  -53.188  -26.969  59.915 0.0000000000
123497  -51.490  -26.666  59.755 0.0000000000
59852  -51.024  -26.698  58.114 0.0000000000
59888  -49.698  -27.140  56.631 0.0000000000
58856  -48.346  -27.220  55.753 0.0000000000
58883  -48.535  -27.608  54.381 0.0000000000
59918  -48.581  -26.829  53.600 0.0000000000
60975  -47.686  -25.598  52.388 0.0000000000
61995  -50.275  -24.152  53.844 0.0000000000
62000  -48.362  -24.146  52.582 0.0000000000
126169  -47.297  -24.370  51.615 0.0000000000
143330  -55.616  -21.263  53.514 0.0000000000
64867  -53.735  -21.194  52.521 0.0000000000
64878  -52.622  -21.022  51.525 0.0000000000
65849  -54.320  -20.631  50.016 0.0000000000
64896  -52.190  -20.857  50.022 0.0000000000
64886  -51.288  -21.108  50.519 0.0000000000
133916  -23.397  -46.707  75.958 0.0000000000
138069  -26.331  -43.469  74.972 0.0000000000
124041  -25.023  -43.435  73.842 0.0000000000
43146  -23.706  -43.986  72.954 0.0000000000
43171  -24.265  -43.192  71.499 0.0000000000
129035  -23.633  -43.686  71.736 0.0000000000
145833  -22.978  -44.468  72.175 0.0000000000
41317  -21.885  -45.421  71.029 0.0000000000
42245  -34.036  -44.654  69.948 0.0000000000
42243  -32.621  -44.595  69.392 0.0000000000
42241  -31.164  -44.169  68.689 0.0000000000
43235  -31.048  -43.581  66.870 0.0000000000
43219  -30.718  -43.719  67.212 0.0000000000
137391  -29.443  -43.114  67.741 0.0000000000
44249  -28.594  -42.638  67.649 0.0000000000
125295  -26.804  -42.272  66.120 0.0000000000
44273  -24.950  -42.572  65.593 0.0000000000
44330  -27.972  -42.018  62.918 0.0000000000
44328  -26.772  -42.690  62.508 0.0000000000
43271  -26.176  -43.067  62.884 0.0000000000
43270  -25.580  -43.505  63.361 0.0000000000
42277  -24.978  -43.902  63.991 0.0000000000
43257  -24.588  -43.888  64.904 0.0000000000
53896  -43.936  -32.528  70.051 0.0000000000
53909  -44.684  -33.105  69.779 0.0000000000
147016  -44.499  -32.516  70.311 0.0000000000
54941  -43.242  -31.819  70.275 0.0000000000
147535  -45.724  -27.215  54.888 0.0000000000
58867  -46.783  -27.377  54.963 0.0000000000
41309  -35.009  -45.083  72.445 0.0000000000
41314  -35.259  -45.003  71.940 0.0000000000
140864  -43.557  -34.439  58.513 0.0000000000
52195  -44.316  -34.658  59.257 0.0000000000
55907  -49.096  -30.522  64.287 0.0000000000
56806  -47.546  -29.763  64.940 0.0000000000
132964  -48.264  -29.703  65.470 0.0000000000
50118  -39.363  -37.109  71.531 0.0000000000
126970  -39.497  -37.534  71.127 0.0000000000
52168  -36.404  -34.470  61.418 0.0000000000
53140  -43.052  -33.846  58.925 0.0000000000
52208  -43.206  -34.582  57.878 0.0000000000
63824  -58.120  -22.806  56.468 0.0000000000
62937  -57.581  -23.466  56.797 0.0000000000
63845  -57.227  -22.714  56.162 0.0000000000
63844  -56.156  -22.603  55.776 0.0000000000
63864  -57.068  -22.197  55.350 0.0000000000
43100  -27.348  -43.582  76.877 0.0000000000
136001  -24.433  -42.332  66.934 0.0000000000
43231  -24.209  -43.464  66.072 0.0000000000
127710  -24.354  -43.896  65.641 0.0000000000
46278  -30.702  -40.629  64.378 0.0000000000
46295  -30.370  -40.213  63.708 0.0000000000
53073  -43.970  -33.336  64.124 0.0000000000
53029  -47.401  -33.998  68.415 0.0000000000
146470  -48.100  -34.318  67.303 0.0000000000
123019  -48.086  -34.058  67.710 0.0000000000
53038  -48.756  -33.507  67.421 0.0000000000
53938  -48.756  -32.546  67.697 0.0000000000
53877  -39.332  -32.406  72.508 0.0000000000
52999  -38.889  -32.805  71.766 0.0000000000
53949  -40.133  -31.906  66.363 0.0000000000
53948  -39.504  -32.494  67.122 0.0000000000
53968  -39.212  -32.630  65.299 0.0000000000
53987  -39.625  -32.212  64.483 0.0000000000
53991  -43.481  -32.971  64.424 0.0000000000
43188  -30.254  -43.539  70.163 0.0000000000
43199  -29.673  -43.318  69.626 0.0000000000
43198  -28.868  -42.866  69.359 0.0000000000
43209  -29.642  -43.301  68.646 0.0000000000
52166  -47.017  -35.364  62.076 0.0000000000
52172  -46.729  -35.312  61.590 0.0000000000
143515  -47.314  -34.694  62.011 0.0000000000
55946  -46.392  -30.785  60.447 0.0000000000
58804  -45.043  -27.549  62.509 0.0000000000
58808  -44.604  -27.953  61.965 0.0000000000
58809  -45.178  -27.340  61.663 0.0000000000
58817  -45.327  -27.097  60.827 0.0000000000
59808  -45.817  -26.885  61.394 0.0000000000
48135  -36.320  -38.643  68.239 0.0000000000
47167  -35.705  -39.376  68.367 0.0000000000
48134  -35.764  -38.764  67.859 0.0000000000
48144  -35.570  -38.535  67.292 0.0000000000
51195  -39.058  -35.740  67.141 0.0000000000
49193  -34.002  -36.968  62.790 0.0000000000
49186  -33.462  -37.386  63.272 0.0000000000
49192  -33.263  -37.144  62.512 0.0000000000
54041  -39.722  -32.350  59.516 0.0000000000
58722  -48.770  -27.522  69.298 0.0000000000
62778  -49.984  -23.842  67.327 0.0000000000
62766  -50.034  -23.633  68.129 0.0000000000
61811  -49.287  -24.310  67.584 0.0000000000
61819  -48.739  -24.562  66.843 0.0000000000
61829  -48.854  -24.528  66.194 0.0000000000
59799  -51.054  -26.216  62.349 0.0000000000
129211  -50.046  -26.005  62.583 0.0000000000
59813  -50.501  -26.187  61.658 0.0000000000
129709  -49.862  -26.222  60.827 0.0000000000
59826  -51.183  -26.531  60.774 0.0000000000
62859  -55.274  -22.762  61.285 0.0000000000
62873  -54.830  -24.113  60.842 0.0000000000
60931  -51.919  -26.131  56.408 0.0000000000
59891  -52.521  -26.460  57.122 0.0000000000
59904  -51.211  -26.602  56.131 0.0000000000
64864  -51.085  -21.994  52.284 0.0000000000
63893  -50.010  -22.156  52.056 0.0000000000
64875  -49.753  -21.731  51.274 0.0000000000
65841  -57.707  -20.501  51.394 0.0000000000
65840  -56.761  -20.453  51.223 0.0000000000
40337  -24.142  -46.589  78.409 0.0000000000
42205  -23.764  -44.623  74.281 0.0000000000
141221  -23.379  -45.325  73.988 0.0000000000
41306  -22.542  -46.066  72.619 0.0000000000
42223  -23.026  -44.765  72.766 0.0000000000
43162  -26.909  -43.074  72.559 0.0000000000
128211  -26.166  -43.065  72.530 0.0000000000
40396  -22.449  -46.513  68.249 0.0000000000
44242  -34.062  -42.653  68.634 0.0000000000
44241  -33.451  -43.117  68.368 0.0000000000
44251  -32.958  -42.845  67.651 0.0000000000
43247  -29.523  -42.990  65.734 0.0000000000
124910  -28.489  -42.937  64.908 0.0000000000
127249  -27.735  -42.726  64.840 0.0000000000
53910  -45.597  -33.247  69.708 0.0000000000
137954  -45.694  -33.726  69.189 0.0000000000
53014  -46.316  -33.638  69.286 0.0000000000
53028  -46.764  -34.077  68.749 0.0000000000
54908  -40.807  -31.393  71.399 0.0000000000
128955  -41.600  -31.246  70.917 0.0000000000
125346  -42.229  -31.568  68.757 0.0000000000
54955  -41.416  -31.425  68.230 0.0000000000
54969  -41.565  -31.555  67.567 0.0000000000
53922  -43.832  -32.788  68.374 0.0000000000
53937  -43.711  -32.801  67.383 0.0000000000
58887  -44.651  -27.904  52.900 0.0000000000
42225  -33.262  -44.861  72.740 0.0000000000
42228  -33.028  -44.867  70.918 0.0000000000
42227  -32.201  -44.512  70.752 0.0000000000
43189  -31.407  -44.083  70.649 0.0000000000
42235  -32.018  -44.580  69.885 0.0000000000
51275  -45.135  -35.900  58.418 0.0000000000
53087  -48.866  -33.065  63.532 0.0000000000
53097  -48.512  -32.967  62.713 0.0000000000
54016  -48.992  -32.052  62.825 0.0000000000
55932  -47.984  -30.497  62.233 0.0000000000
55941  -47.758  -30.741  61.503 0.0000000000
55931  -46.900  -30.537  62.185 0.0000000000
55930  -45.859  -30.214  62.124 0.0000000000
55919  -45.873  -30.136  63.015 0.0000000000
56804  -45.597  -29.043  64.458 0.0000000000
57812  -45.141  -28.361  64.017 0.0000000000
58789  -45.568  -27.520  64.571 0.0000000000
47154  -39.424  -39.389  71.435 0.0000000000
48107  -39.548  -38.715  71.032 0.0000000000
48122  -38.548  -38.314  69.622 0.0000000000
48137  -38.101  -38.013  69.037 0.0000000000
52144  -37.462  -34.919  64.300 0.0000000000
51223  -37.741  -35.468  65.033 0.0000000000
51229  -36.909  -35.141  63.715 0.0000000000
51238  -35.444  -35.476  61.619 0.0000000000
51232  -35.731  -35.790  62.238 0.0000000000
50185  -35.268  -36.271  62.703 0.0000000000
50191  -35.049  -36.026  61.994 0.0000000000
50202  -33.878  -35.785  61.038 0.0000000000
54058  -41.109  -32.548  59.090 0.0000000000
143974  -41.624  -32.922  58.647 0.0000000000
62780  -52.171  -23.461  66.692 0.0000000000
61822  -51.750  -24.136  66.391 0.0000000000
60822  -52.602  -25.508  64.387 0.0000000000
61841  -52.215  -25.138  65.128 0.0000000000
140885  -52.121  -26.099  64.172 0.0000000000
59785  -51.887  -26.219  63.543 0.0000000000
59786  -52.725  -26.167  63.580 0.0000000000
63797  -57.888  -22.574  58.383 0.0000000000
144639  -57.361  -22.208  58.975 0.0000000000
62893  -57.496  -23.080  58.733 0.0000000000
62909  -57.415  -24.068  58.398 0.0000000000
132328  -56.805  -24.423  58.699 0.0000000000
61924  -57.152  -24.980  58.196 0.0000000000
62935  -54.943  -23.989  56.462 0.0000000000
61939  -55.516  -24.740  57.291 0.0000000000
61953  -53.440  -24.700  56.445 0.0000000000
61968  -53.202  -24.092  55.792 0.0000000000
61967  -52.396  -24.284  55.461 0.0000000000
133664  -53.636  -23.462  55.493 0.0000000000
63862  -54.259  -22.296  54.519 0.0000000000
63861  -53.475  -22.579  54.463 0.0000000000
63875  -52.981  -22.351  53.778 0.0000000000
63888  -53.337  -21.784  53.171 0.0000000000
65870  -57.863  -20.279  48.855 0.0000000000
65860  -56.756  -20.641  48.902 0.0000000000
126905  -25.269  -45.227  78.096 0.0000000000
42177  -26.023  -44.446  77.758 0.0000000000
43098  -25.802  -43.926  76.459 0.0000000000
43114  -24.700  -44.100  75.421 0.0000000000
142982  -23.453  -43.300  67.179 0.0000000000
44235  -23.530  -42.824  67.882 0.0000000000
43216  -22.998  -43.611  67.657 0.0000000000
42254  -23.190  -44.735  67.437 0.0000000000
144737  -23.717  -44.424  66.995 0.0000000000
41333  -24.476  -45.502  66.645 0.0000000000
45345  -30.426  -41.665  64.712 0.0000000000
45344  -29.621  -41.881  64.311 0.0000000000
44293  -29.174  -42.621  64.546 0.0000000000
44312  -28.983  -42.196  63.941 0.0000000000
53117  -44.252  -33.883  60.953 0.0000000000
53085  -45.398  -33.819  63.702 0.0000000000
53095  -45.413  -33.884  63.030 0.0000000000
128747  -45.998  -34.094  63.143 0.0000000000
53063  -45.503  -33.881  65.304 0.0000000000
52122  -46.099  -34.158  66.292 0.0000000000
136502  -47.437  -34.495  65.282 0.0000000000
124163  -47.716  -34.551  64.483 0.0000000000
52148  -48.495  -34.310  64.961 0.0000000000
52159  -48.328  -34.138  63.985 0.0000000000
53952  -49.596  -32.667  66.461 0.0000000000
53972  -49.625  -32.799  65.774 0.0000000000
132963  -49.735  -31.966  65.310 0.0000000000
55008  -49.737  -31.304  64.866 0.0000000000
54995  -49.775  -31.347  65.780 0.0000000000
52060  -38.473  -34.569  72.299 0.0000000000
52072  -38.521  -34.450  71.345 0.0000000000
128652  -38.769  -34.067  69.754 0.0000000000
52088  -38.645  -34.289  70.456 0.0000000000
52100  -38.923  -34.267  69.053 0.0000000000
138199  -39.234  -35.099  68.154 0.0000000000
52107  -39.069  -34.375  68.322 0.0000000000
53907  -39.653  -32.171  69.406 0.0000000000
53045  -38.947  -34.027  66.781 0.0000000000
53044  -38.816  -33.755  65.980 0.0000000000
52132  -38.575  -34.458  65.404 0.0000000000
53072  -38.494  -33.166  64.254 0.0000000000
53081  -37.896  -33.746  62.995 0.0000000000
53100  -37.448  -33.400  61.310 0.0000000000
53091  -38.323  -33.154  62.503 0.0000000000
143404  -39.649  -32.321  63.495 0.0000000000
124074  -39.487  -32.536  62.205 0.0000000000
134837  -40.095  -32.510  62.034 0.0000000000
53989  -41.863  -32.097  64.570 0.0000000000
142181  -42.136  -32.615  63.142 0.0000000000
147358  -41.780  -32.440  63.470 0.0000000000
54012  -40.865  -32.526  62.362 0.0000000000
54022  -41.571  -32.681  61.702 0.0000000000
54031  -41.390  -32.753  60.877 0.0000000000
54023  -42.407  -32.836  61.968 0.0000000000
53103  -42.998  -33.059  61.471 0.0000000000
145251  -43.534  -33.388  60.956 0.0000000000
65807  -59.235  -20.525  53.949 0.0000000000
66834  -59.504  -19.993  53.340 0.0000000000
65831  -59.307  -20.367  52.470 0.0000000000
66846  -59.584  -19.943  52.624 0.0000000000
146879  -60.125  -19.788  50.890 0.0000000000
66862  -60.576  -19.341  50.540 0.0000000000
124304  -59.927  -19.814  50.053 0.0000000000
66867  -60.407  -19.162  49.719 0.0000000000
43117  -28.558  -43.542  75.673 0.0000000000
43118  -29.455  -43.988  75.872 0.0000000000
43151  -29.342  -43.499  73.742 0.0000000000
43150  -28.713  -43.344  73.459 0.0000000000
129714  -28.046  -43.237  73.197 0.0000000000
43164  -28.614  -43.163  72.662 0.0000000000
43174  -28.929  -42.918  71.040 0.0000000000
123216  -28.327  -43.001  71.858 0.0000000000
44220  -27.649  -42.491  70.511 0.0000000000
129795  -27.914  -42.307  68.369 0.0000000000
44239  -27.205  -42.126  68.991 0.0000000000
44247  -26.194  -42.022  67.808 0.0000000000
51248  -45.811  -35.551  60.184 0.0000000000
52183  -46.395  -35.263  60.914 0.0000000000
52197  -45.993  -35.591  60.171 0.0000000000
53106  -47.344  -33.958  61.472 0.0000000000
54033  -47.058  -32.821  60.823 0.0000000000
54044  -46.601  -32.065  59.568 0.0000000000
56833  -45.017  -29.766  61.979 0.0000000000
58815  -43.743  -28.384  59.929 0.0000000000
126339  -43.733  -27.865  58.433 0.0000000000
58835  -45.104  -27.052  58.324 0.0000000000
143731  -45.761  -26.685  58.624 0.0000000000
59865  -45.832  -26.691  57.919 0.0000000000
44233  -36.029  -42.245  70.253 0.0000000000
44231  -34.594  -42.604  69.140 0.0000000000
45305  -35.103  -41.789  69.241 0.0000000000
46216  -37.287  -40.059  70.095 0.0000000000
47166  -34.910  -39.857  68.086 0.0000000000
46227  -35.329  -40.298  68.674 0.0000000000
46226  -34.643  -40.745  68.337 0.0000000000
46239  -33.656  -40.853  67.316 0.0000000000
47185  -32.565  -39.564  65.382 0.0000000000
51166  -39.351  -36.183  69.810 0.0000000000
50132  -39.382  -36.579  69.682 0.0000000000
49154  -38.219  -36.970  67.896 0.0000000000
49153  -37.329  -37.348  67.556 0.0000000000
49168  -36.943  -37.091  66.950 0.0000000000
50175  -36.946  -35.863  65.038 0.0000000000
49181  -35.090  -37.092  64.683 0.0000000000
128482  -35.449  -37.136  65.412 0.0000000000
49166  -35.524  -37.534  66.099 0.0000000000
48160  -34.915  -37.912  66.132 0.0000000000
49180  -34.230  -37.689  64.849 0.0000000000
48165  -33.349  -38.122  64.589 0.0000000000
48173  -32.185  -38.416  63.544 0.0000000000
47207  -32.108  -39.011  64.089 0.0000000000
48172  -31.355  -38.588  63.147 0.0000000000
53125  -36.548  -33.040  59.596 0.0000000000
140594  -37.286  -32.654  59.652 0.0000000000
41252  -26.058  -45.153  79.554 0.0000000000
43088  -30.246  -43.201  77.642 0.0000000000
42207  -33.378  -44.648  74.908 0.0000000000
42220  -37.535  -44.203  73.657 0.0000000000
139338  -37.295  -44.545  72.984 0.0000000000
43167  -38.056  -43.784  73.294 0.0000000000
45271  -39.401  -42.078  72.935 0.0000000000
47088  -39.243  -39.170  74.327 0.0000000000
46162  -39.321  -39.988  73.752 0.0000000000
46180  -39.716  -39.990  73.215 0.0000000000
46191  -39.622  -40.557  72.935 0.0000000000
47108  -39.834  -39.419  73.050 0.0000000000
47126  -39.781  -39.662  72.721 0.0000000000
48065  -39.851  -39.028  73.143 0.0000000000
49100  -39.678  -38.052  73.434 0.0000000000
130365  -39.484  -37.341  73.639 0.0000000000
52039  -38.347  -34.793  74.386 0.0000000000
52047  -38.356  -34.640  73.317 0.0000000000
137375  -38.484  -34.219  74.788 0.0000000000
138591  -38.970  -33.185  74.045 0.0000000000
53864  -39.718  -32.583  74.283 0.0000000000
53871  -39.206  -32.708  73.314 0.0000000000
54895  -43.416  -30.831  72.506 0.0000000000
55843  -45.183  -30.746  72.083 0.0000000000
54911  -45.273  -31.294  71.401 0.0000000000
55844  -45.599  -30.617  71.717 0.0000000000
56729  -46.137  -29.427  70.609 0.0000000000
142355  -46.176  -31.015  70.570 0.0000000000
56730  -46.296  -30.130  70.374 0.0000000000
128507  -46.516  -30.753  69.856 0.0000000000
58735  -46.759  -27.899  68.612 0.0000000000
58734  -45.998  -28.137  68.736 0.0000000000
57739  -46.827  -28.887  68.683 0.0000000000
56750  -47.825  -30.372  68.614 0.0000000000
54959  -49.212  -31.453  67.634 0.0000000000
56751  -48.952  -29.986  68.256 0.0000000000
57742  -50.224  -28.851  68.341 0.0000000000
143205  -50.268  -29.507  68.035 0.0000000000
56753  -50.222  -29.557  67.873 0.0000000000
56771  -49.887  -30.011  66.696 0.0000000000
57774  -49.780  -29.363  67.332 0.0000000000
62750  -49.987  -23.697  69.538 0.0000000000
137219  -50.391  -26.271  69.232 0.0000000000
130132  -50.572  -26.151  69.018 0.0000000000
59745  -48.720  -26.580  67.469 0.0000000000
143860  -49.717  -26.566  68.023 0.0000000000
58745  -48.708  -27.398  67.240 0.0000000000
57754  -49.182  -28.249  67.147 0.0000000000
58764  -48.211  -27.885  66.847 0.0000000000
58763  -47.177  -27.538  66.524 0.0000000000
60806  -47.127  -25.840  65.343 0.0000000000
59764  -46.805  -26.314  65.849 0.0000000000
60805  -46.466  -26.284  65.219 0.0000000000
59773  -46.319  -26.431  64.442 0.0000000000
145293  -46.773  -26.218  63.954 0.0000000000
142809  -49.603  -24.927  65.040 0.0000000000
128381  -49.193  -25.281  64.470 0.0000000000
59798  -48.866  -26.097  62.549 0.0000000000
59783  -48.335  -26.002  63.301 0.0000000000
59797  -47.903  -26.171  62.589 0.0000000000
59796  -47.078  -26.308  62.624 0.0000000000
59810  -47.528  -26.275  61.882 0.0000000000
136035  -47.027  -26.306  61.299 0.0000000000
129711  -47.816  -26.102  61.096 0.0000000000
122531  -48.335  -26.323  59.477 0.0000000000
147007  -47.908  -26.383  59.164 0.0000000000
59850  -48.361  -26.404  58.776 0.0000000000
125166  -47.360  -26.496  57.863 0.0000000000
59868  -48.235  -26.555  58.030 0.0000000000
60847  -54.025  -25.980  61.662 0.0000000000
60846  -53.669  -26.004  62.406 0.0000000000
60858  -53.495  -26.557  61.642 0.0000000000
145886  -52.895  -26.633  62.108 0.0000000000
59815  -53.118  -26.830  61.532 0.0000000000
60888  -55.720  -26.215  58.972 0.0000000000
146246  -55.336  -26.552  59.222 0.0000000000
59856  -54.778  -27.122  58.998 0.0000000000
59854  -52.550  -26.780  58.169 0.0000000000
141088  -53.181  -27.004  58.765 0.0000000000
58836  -52.626  -26.910  58.785 0.0000000000
59837  -52.539  -26.912  59.625 0.0000000000
122170  -51.783  -26.807  58.853 0.0000000000
122714  -50.784  -26.668  59.055 0.0000000000
58858  -50.013  -27.164  56.003 0.0000000000
58857  -49.228  -27.193  55.825 0.0000000000
144386  -48.692  -26.994  56.546 0.0000000000
58869  -48.863  -27.502  55.050 0.0000000000
58884  -49.167  -27.391  54.697 0.0000000000
59919  -49.092  -26.505  54.011 0.0000000000
60971  -48.670  -25.884  53.421 0.0000000000
59923  -48.083  -26.442  52.938 0.0000000000
60976  -48.228  -25.336  52.822 0.0000000000
61996  -51.039  -23.770  54.064 0.0000000000
61982  -50.722  -24.573  54.465 0.0000000000
62984  -48.614  -23.186  52.235 0.0000000000
62001  -49.042  -23.853  53.001 0.0000000000
64838  -57.991  -21.475  54.343 0.0000000000
64837  -56.916  -21.616  54.464 0.0000000000
64852  -56.380  -21.216  53.645 0.0000000000
65827  -55.136  -20.547  51.803 0.0000000000
64868  -54.608  -20.949  52.547 0.0000000000
64880  -54.236  -20.630  51.753 0.0000000000
64879  -53.349  -20.834  51.758 0.0000000000
133274  -55.478  -20.891  48.765 0.0000000000
134266  -55.172  -20.588  49.586 0.0000000000
65858  -54.689  -20.739  49.072 0.0000000000
135318  -53.041  -20.717  49.934 0.0000000000
41280  -24.267  -45.658  76.742 0.0000000000
41279  -23.776  -45.892  76.034 0.0000000000
40365  -23.131  -46.812  74.714 0.0000000000
138312  -22.403  -47.521  73.468 0.0000000000
40382  -21.751  -47.393  71.496 0.0000000000
40385  -21.550  -47.024  70.417 0.0000000000
147509  -26.987  -43.404  75.469 0.0000000000
43161  -25.427  -43.116  72.962 0.0000000000
145654  -25.661  -43.244  73.573 0.0000000000
122682  -24.516  -43.458  73.011 0.0000000000
43184  -24.014  -42.873  70.613 0.0000000000
130067  -23.368  -43.411  71.082 0.0000000000
43170  -22.937  -44.139  71.608 0.0000000000
136175  -22.275  -44.756  71.266 0.0000000000
42234  -21.920  -44.787  70.469 0.0000000000
135655  -24.025  -46.149  67.614 0.0000000000
43190  -34.737  -44.435  70.385 0.0000000000
43211  -32.528  -43.847  68.230 0.0000000000
42251  -33.068  -44.422  69.130 0.0000000000
42250  -32.509  -44.328  68.752 0.0000000000
42242  -31.901  -44.530  69.016 0.0000000000
136884  -31.495  -42.795  66.264 0.0000000000
43236  -31.652  -43.361  66.838 0.0000000000
44262  -30.939  -43.185  66.308 0.0000000000
43233  -29.629  -43.080  66.338 0.0000000000
43218  -29.987  -43.480  67.052 0.0000000000
125443  -30.260  -43.604  67.769 0.0000000000
43217  -29.187  -42.975  66.936 0.0000000000
140544  -27.666  -42.412  66.297 0.0000000000
124180  -25.735  -42.199  65.813 0.0000000000
44274  -25.612  -42.462  65.103 0.0000000000
44329  -27.302  -42.201  62.113 0.0000000000
136315  -27.349  -42.338  62.944 0.0000000000
43281  -25.685  -44.039  62.498 0.0000000000
44309  -26.132  -42.766  63.682 0.0000000000
42286  -24.900  -44.863  63.539 0.0000000000
42276  -24.646  -44.690  64.411 0.0000000000
53923  -44.559  -33.352  69.029 0.0000000000
54910  -42.439  -31.180  71.330 0.0000000000
54923  -42.335  -31.199  70.482 0.0000000000
142687  -42.741  -31.813  69.125 0.0000000000
53921  -43.099  -32.150  68.681 0.0000000000
134281  -44.484  -27.137  55.925 0.0000000000
58865  -44.830  -27.217  55.096 0.0000000000
141783  -45.313  -27.419  54.320 0.0000000000
58879  -44.948  -27.625  53.613 0.0000000000
58888  -45.741  -27.876  52.932 0.0000000000
121919  -46.037  -27.676  53.670 0.0000000000
145619  -47.454  -27.684  53.678 0.0000000000
41308  -34.084  -45.168  72.271 0.0000000000
42229  -33.842  -45.145  71.198 0.0000000000
52196  -44.930  -35.625  58.962 0.0000000000
55019  -49.358  -31.141  63.520 0.0000000000
54017  -49.167  -31.350  63.037 0.0000000000
55922  -49.012  -30.718  63.449 0.0000000000
55921  -48.173  -30.440  63.118 0.0000000000
56819  -47.210  -30.144  64.039 0.0000000000
56805  -46.428  -29.462  64.737 0.0000000000
57793  -45.986  -28.620  65.279 0.0000000000
48090  -39.618  -38.399  71.681 0.0000000000
49124  -39.477  -37.883  70.750 0.0000000000
49130  -39.319  -37.356  69.966 0.0000000000
51234  -36.805  -34.826  62.984 0.0000000000
51239  -36.065  -35.171  61.831 0.0000000000
51247  -35.141  -35.096  61.040 0.0000000000
51246  -34.468  -35.246  60.673 0.0000000000
52178  -34.923  -34.692  60.413 0.0000000000
52193  -34.841  -34.247  59.703 0.0000000000
135150  -42.346  -33.324  58.785 0.0000000000
62924  -57.825  -23.607  57.588 0.0000000000
144543  -57.369  -24.646  57.854 0.0000000000
132336  -56.948  -23.926  57.000 0.0000000000
62936  -56.043  -23.995  56.786 0.0000000000
62948  -54.448  -23.301  55.793 0.0000000000
63843  -54.982  -22.530  55.310 0.0000000000
64835  -55.026  -21.907  54.454 0.0000000000
43084  -26.685  -43.906  77.410 0.0000000000
43099  -26.554  -43.703  76.649 0.0000000000
122562  -26.396  -43.602  75.886 0.0000000000
44237  -25.555  -41.981  68.392 0.0000000000
44236  -24.774  -42.012  68.474 0.0000000000
44245  -24.297  -42.313  67.730 0.0000000000
44244  -23.820  -42.647  66.989 0.0000000000
42260  -24.078  -44.179  66.373 0.0000000000
41340  -24.555  -45.441  65.636 0.0000000000
46264  -31.680  -40.875  65.345 0.0000000000
45359  -30.101  -41.091  63.957 0.0000000000
53093  -43.978  -33.377  62.595 0.0000000000
139201  -44.602  -33.554  63.524 0.0000000000
146348  -44.991  -33.648  64.069 0.0000000000
53075  -45.444  -33.840  64.402 0.0000000000
52116  -47.090  -34.317  67.742 0.0000000000
52123  -46.986  -34.291  66.792 0.0000000000
133827  -47.721  -34.395  67.156 0.0000000000
128718  -48.366  -34.416  66.740 0.0000000000
52136  -48.528  -34.402  65.890 0.0000000000
53064  -49.180  -33.786  65.562 0.0000000000
52137  -49.017  -34.141  66.469 0.0000000000
53039  -49.239  -33.571  66.820 0.0000000000
52998  -38.578  -33.606  71.980 0.0000000000
53005  -38.725  -33.332  70.220 0.0000000000
53935  -39.902  -32.058  67.863 0.0000000000
53920  -39.683  -32.154  68.639 0.0000000000
141654  -38.953  -33.006  65.849 0.0000000000
53986  -38.939  -32.738  64.649 0.0000000000
53990  -42.776  -32.595  64.554 0.0000000000
146352  -42.997  -32.791  63.962 0.0000000000
54003  -42.806  -32.825  63.383 0.0000000000
54014  -42.615  -32.862  62.697 0.0000000000
53083  -43.284  -33.097  63.015 0.0000000000
145161  -30.179  -44.157  75.841 0.0000000000
123600  -29.982  -43.754  75.137 0.0000000000
135569  -29.970  -43.644  73.715 0.0000000000
43176  -30.834  -43.653  71.335 0.0000000000
43186  -28.928  -42.914  70.187 0.0000000000
44230  -28.232  -42.491  69.944 0.0000000000
52171  -46.394  -35.214  61.551 0.0000000000
55038  -47.425  -31.514  61.015 0.0000000000
57817  -44.400  -28.657  62.286 0.0000000000
56832  -43.871  -29.093  60.905 0.0000000000
57822  -44.180  -28.513  61.314 0.0000000000
58816  -44.183  -27.930  60.543 0.0000000000
58824  -44.258  -27.656  59.653 0.0000000000
131245  -44.888  -27.272  60.155 0.0000000000
44213  -38.020  -42.863  72.190 0.0000000000
44223  -37.395  -42.362  71.290 0.0000000000
45295  -36.815  -41.851  70.579 0.0000000000
45306  -36.256  -41.333  69.991 0.0000000000
47169  -37.108  -39.016  69.263 0.0000000000
47159  -36.797  -39.644  69.454 0.0000000000
46253  -33.944  -39.991  67.063 0.0000000000
47172  -34.595  -39.560  67.390 0.0000000000
47180  -34.267  -39.204  66.759 0.0000000000
47187  -33.903  -38.779  66.132 0.0000000000
50138  -39.363  -36.244  68.842 0.0000000000
50146  -39.252  -36.020  67.970 0.0000000000
50145  -38.796  -36.274  67.476 0.0000000000
50180  -35.481  -36.463  63.480 0.0000000000
50173  -35.672  -36.627  64.175 0.0000000000
145746  -35.103  -36.798  63.927 0.0000000000
49187  -34.501  -37.162  64.042 0.0000000000
49179  -33.744  -37.538  64.034 0.0000000000
49185  -32.692  -37.674  63.029 0.0000000000
54028  -38.601  -32.588  60.537 0.0000000000
43155  -38.573  -43.218  73.327 0.0000000000
44191  -38.729  -42.814  73.484 0.0000000000
48064  -39.597  -38.653  73.763 0.0000000000
49093  -39.282  -38.408  74.917 0.0000000000
56718  -45.519  -29.305  72.699 0.0000000000
127993  -45.862  -29.797  71.911 0.0000000000
57699  -46.019  -28.941  72.315 0.0000000000
128074  -46.176  -29.183  71.406 0.0000000000
57710  -45.524  -28.490  70.181 0.0000000000
59738  -46.871  -26.981  68.768 0.0000000000
58736  -47.957  -28.359  68.679 0.0000000000
140583  -48.681  -28.730  68.627 0.0000000000
57725  -49.228  -28.139  68.924 0.0000000000
58723  -49.759  -27.470  69.258 0.0000000000
58724  -50.395  -27.459  69.011 0.0000000000
62758  -50.347  -23.300  68.863 0.0000000000
61804  -50.188  -24.033  68.942 0.0000000000
60782  -50.274  -25.120  68.973 0.0000000000
60789  -49.365  -25.032  68.194 0.0000000000
127375  -48.941  -25.721  67.802 0.0000000000
59756  -48.057  -26.023  67.013 0.0000000000
124608  -47.897  -25.420  65.396 0.0000000000
60835  -50.937  -26.026  64.015 0.0000000000
60834  -49.835  -25.871  63.945 0.0000000000
140782  -50.235  -26.008  63.429 0.0000000000
129710  -48.742  -26.097  60.941 0.0000000000
123498  -49.170  -26.313  59.981 0.0000000000
140292  -49.890  -26.355  59.287 0.0000000000
136535  -54.437  -23.978  61.849 0.0000000000
61880  -54.323  -25.088  61.283 0.0000000000
141519  -54.145  -25.920  60.816 0.0000000000
60917  -54.099  -26.278  57.787 0.0000000000
124748  -54.013  -26.903  58.523 0.0000000000
59873  -53.235  -26.651  57.816 0.0000000000
59872  -52.432  -26.665  57.675 0.0000000000
59871  -51.745  -26.743  57.424 0.0000000000
59870  -51.163  -26.964  57.262 0.0000000000
59889  -51.203  -27.053  56.962 0.0000000000
145407  -50.548  -27.068  56.350 0.0000000000
58870  -49.766  -27.040  55.234 0.0000000000
59915  -50.157  -26.530  55.029 0.0000000000
60959  -49.748  -26.023  54.445 0.0000000000
62976  -50.555  -23.482  53.541 0.0000000000
62986  -50.345  -22.779  52.938 0.0000000000
63885  -49.459  -22.679  52.369 0.0000000000
63891  -48.283  -22.736  51.470 0.0000000000
64871  -57.690  -20.783  52.994 0.0000000000
64870  -56.804  -20.793  53.070 0.0000000000
65829  -57.093  -20.568  52.236 0.0000000000
65828  -56.050  -20.451  52.082 0.0000000000
128385  -54.892  -20.509  50.732 0.0000000000
64902  -53.532  -21.090  47.945 0.0000000000
40346  -23.615  -46.989  77.746 0.0000000000
41289  -23.782  -45.437  75.436 0.0000000000
41294  -23.478  -45.601  74.726 0.0000000000
41299  -23.084  -46.245  74.056 0.0000000000
41298  -22.739  -46.779  73.373 0.0000000000
40378  -22.312  -47.383  72.778 0.0000000000
43132  -26.845  -43.338  74.088 0.0000000000
43196  -23.037  -43.084  69.321 0.0000000000
43195  -22.597  -43.701  69.706 0.0000000000
41322  -22.130  -45.912  68.565 0.0000000000
39412  -22.840  -47.188  67.877 0.0000000000
131422  -23.570  -47.295  67.766 0.0000000000
43202  -33.664  -44.231  69.336 0.0000000000
44278  -29.922  -42.838  65.545 0.0000000000
43248  -30.190  -43.110  66.087 0.0000000000
44261  -28.322  -42.738  65.928 0.0000000000
144058  -28.294  -42.864  65.266 0.0000000000
41369  -25.755  -45.561  62.301 0.0000000000
121876  -25.304  -44.925  62.723 0.0000000000
53046  -44.145  -33.239  65.975 0.0000000000
53062  -44.758  -33.542  65.598 0.0000000000
53047  -44.863  -33.578  66.590 0.0000000000
53048  -45.649  -33.909  67.069 0.0000000000
53026  -45.323  -33.684  68.680 0.0000000000
53037  -45.913  -33.954  68.064 0.0000000000
52108  -46.616  -34.198  68.312 0.0000000000
134794  -47.526  -33.446  68.713 0.0000000000
53886  -40.201  -31.683  71.796 0.0000000000
138590  -39.945  -31.854  71.073 0.0000000000
54921  -40.487  -31.620  69.712 0.0000000000
54922  -41.448  -31.039  70.007 0.0000000000
54954  -40.459  -31.686  68.430 0.0000000000
54968  -40.722  -31.620  67.683 0.0000000000
54993  -40.637  -31.780  65.581 0.0000000000
140976  -41.088  -31.655  66.048 0.0000000000
54980  -42.059  -31.858  66.176 0.0000000000
53950  -42.958  -32.259  66.762 0.0000000000
128122  -42.875  -32.409  65.972 0.0000000000
57880  -46.303  -28.174  52.304 0.0000000000
42216  -32.176  -44.313  74.054 0.0000000000
43153  -31.217  -43.990  73.973 0.0000000000
42224  -31.866  -44.218  72.259 0.0000000000
145606  -32.631  -44.585  72.286 0.0000000000
43177  -31.598  -44.109  71.457 0.0000000000
126355  -48.713  -31.194  62.378 0.0000000000
55034  -48.158  -31.075  61.466 0.0000000000
55033  -47.630  -30.963  61.181 0.0000000000
55940  -46.963  -30.912  61.127 0.0000000000
55939  -46.117  -30.522  60.931 0.0000000000
144283  -45.738  -30.211  61.477 0.0000000000
56824  -44.571  -29.293  62.663 0.0000000000
57811  -44.584  -28.701  63.175 0.0000000000
58797  -44.869  -27.907  63.318 0.0000000000
59781  -45.703  -27.141  63.101 0.0000000000
46206  -38.921  -40.046  71.228 0.0000000000
47152  -38.162  -39.616  70.506 0.0000000000
47161  -38.355  -38.851  70.103 0.0000000000
48146  -36.835  -37.995  67.960 0.0000000000
133752  -38.704  -35.148  65.818 0.0000000000
50167  -38.323  -35.663  65.856 0.0000000000
51228  -36.426  -35.773  63.777 0.0000000000
124475  -36.506  -35.453  63.199 0.0000000000
122583  -35.982  -36.268  63.783 0.0000000000
50184  -34.560  -36.535  62.381 0.0000000000
49201  -33.004  -36.789  61.703 0.0000000000
132506  -33.636  -36.351  61.531 0.0000000000
51260  -33.788  -35.360  60.196 0.0000000000
54042  -40.518  -32.430  59.680 0.0000000000
54057  -40.284  -32.353  58.802 0.0000000000
54067  -40.426  -32.714  57.080 0.0000000000
142626  -41.318  -33.152  57.165 0.0000000000
137704  -50.658  -23.452  67.773 0.0000000000
61821  -50.426  -24.154  66.589 0.0000000000
60808  -50.575  -25.036  65.168 0.0000000000
61832  -52.076  -24.722  65.792 0.0000000000
60809  -51.647  -25.318  65.244 0.0000000000
60820  -51.323  -25.797  64.721 0.0000000000
59800  -51.855  -26.368  62.568 0.0000000000
62875  -56.197  -23.119  59.698 0.0000000000
61892  -55.036  -24.830  59.713 0.0000000000
62891  -56.103  -24.485  59.307 0.0000000000
60889  -56.312  -25.272  58.671 0.0000000000
60919  -55.814  -25.709  58.330 0.0000000000
134201  -56.518  -25.381  57.962 0.0000000000
146626  -55.556  -25.448  57.845 0.0000000000
60934  -54.683  -25.393  57.472 0.0000000000
60933  -53.735  -25.433  57.079 0.0000000000
60932  -52.816  -25.574  56.601 0.0000000000
60947  -52.155  -25.210  55.894 0.0000000000
61966  -51.704  -24.703  55.302 0.0000000000
62964  -52.202  -23.732  54.836 0.0000000000
62977  -51.805  -23.383  54.190 0.0000000000
141171  -53.320  -23.059  54.968 0.0000000000
62965  -52.667  -23.002  54.456 0.0000000000
63886  -52.022  -22.120  52.675 0.0000000000
64865  -51.976  -21.534  51.910 0.0000000000
65853  -58.322  -20.374  50.048 0.0000000000
65851  -56.502  -20.492  50.245 0.0000000000
141552  -56.935  -20.555  49.569 0.0000000000
65859  -56.125  -20.856  48.688 0.0000000000
65867  -55.068  -21.227  48.228 0.0000000000
41270  -24.654  -45.906  78.022 0.0000000000
41281  -24.746  -44.914  76.698 0.0000000000
130383  -26.370  -42.485  71.057 0.0000000000
44210  -25.663  -42.648  71.333 0.0000000000
44217  -24.720  -42.494  70.032 0.0000000000
43207  -22.940  -43.207  68.482 0.0000000000
41326  -24.251  -45.741  67.335 0.0000000000
45316  -33.354  -41.788  67.506 0.0000000000
45315  -32.707  -42.184  67.058 0.0000000000
44263  -32.100  -42.568  66.564 0.0000000000
44279  -31.128  -42.623  65.721 0.0000000000
45332  -31.149  -41.858  65.254 0.0000000000
45331  -30.532  -42.451  65.311 0.0000000000
44292  -28.552  -42.687  64.444 0.0000000000
146835  -28.106  -42.553  64.081 0.0000000000
124620  -44.999  -34.432  61.090 0.0000000000
52170  -45.481  -34.535  61.668 0.0000000000
122812  -47.086  -34.935  62.630 0.0000000000
52146  -45.991  -34.133  64.761 0.0000000000
52134  -46.844  -34.356  65.776 0.0000000000
52157  -47.109  -34.614  63.645 0.0000000000
53077  -49.301  -32.631  64.201 0.0000000000
131662  -49.446  -32.779  64.969 0.0000000000
126117  -49.547  -31.358  64.143 0.0000000000
55898  -49.383  -30.487  65.020 0.0000000000
141516  -39.202  -36.083  70.232 0.0000000000
125093  -39.089  -35.267  69.697 0.0000000000
51196  -39.202  -35.453  67.698 0.0000000000
51207  -39.090  -35.071  66.904 0.0000000000
53906  -39.113  -32.662  69.836 0.0000000000
140367  -38.990  -33.390  68.467 0.0000000000
147369  -39.055  -33.838  67.967 0.0000000000
51224  -38.130  -34.776  64.773 0.0000000000
143876  -37.849  -34.335  64.203 0.0000000000
52163  -37.218  -34.164  62.623 0.0000000000
52169  -37.029  -34.003  61.764 0.0000000000
53099  -36.797  -33.790  60.978 0.0000000000
53111  -36.494  -33.506  60.351 0.0000000000
53113  -37.964  -32.960  60.875 0.0000000000
134891  -38.521  -32.833  61.177 0.0000000000
125905  -39.148  -32.658  61.038 0.0000000000
128843  -39.900  -32.574  60.848 0.0000000000
55007  -40.728  -31.890  64.719 0.0000000000
147189  -40.915  -32.274  63.480 0.0000000000
139209  -40.532  -32.356  63.152 0.0000000000
54030  -40.628  -32.629  60.551 0.0000000000
53114  -42.142  -32.795  60.290 0.0000000000
63847  -58.580  -22.087  55.359 0.0000000000
63866  -58.691  -21.793  54.869 0.0000000000
131163  -58.670  -21.239  54.230 0.0000000000
64855  -59.031  -20.919  53.922 0.0000000000
142946  -58.745  -20.912  53.609 0.0000000000
65816  -58.509  -20.788  52.990 0.0000000000
65842  -58.528  -20.497  51.539 0.0000000000
66847  -60.123  -19.255  52.182 0.0000000000
66856  -59.744  -19.892  51.733 0.0000000000
66861  -59.543  -20.113  50.842 0.0000000000
65854  -58.848  -20.324  50.813 0.0000000000
65862  -58.496  -20.227  49.306 0.0000000000
65871  -58.598  -20.023  48.898 0.0000000000
66877  -59.169  -19.466  48.850 0.0000000000
66876  -58.451  -19.472  48.647 0.0000000000
43102  -29.118  -43.414  77.008 0.0000000000
122561  -27.977  -43.452  76.274 0.0000000000
122560  -28.818  -43.566  76.343 0.0000000000
123528  -28.240  -43.445  74.885 0.0000000000
43133  -27.888  -43.409  73.990 0.0000000000
122072  -27.425  -42.933  71.836 0.0000000000
43152  -30.626  -43.739  73.553 0.0000000000
127560  -30.224  -43.378  72.032 0.0000000000
44211  -27.125  -42.656  71.135 0.0000000000
44219  -26.808  -42.345  70.434 0.0000000000
44228  -26.480  -42.172  69.613 0.0000000000
44258  -25.004  -42.191  66.421 0.0000000000
46310  -29.886  -39.926  63.093 0.0000000000
147224  -45.703  -35.690  59.737 0.0000000000
58834  -44.336  -27.503  58.788 0.0000000000
58845  -44.257  -27.432  57.887 0.0000000000
58854  -44.283  -27.250  56.609 0.0000000000
58855  -45.132  -27.050  56.623 0.0000000000
59901  -45.957  -26.949  56.390 0.0000000000
59885  -46.728  -26.801  56.615 0.0000000000
42232  -36.399  -44.725  72.381 0.0000000000
42231  -35.721  -44.855  71.929 0.0000000000
43178  -36.024  -44.515  71.513 0.0000000000
43191  -35.559  -44.158  70.734 0.0000000000
43204  -35.093  -43.685  70.057 0.0000000000
44221  -35.844  -43.252  70.417 0.0000000000
122849  -34.679  -43.326  69.522 0.0000000000
46204  -37.034  -40.922  70.347 0.0000000000
46214  -35.701  -40.936  69.301 0.0000000000
45323  -33.070  -41.293  66.916 0.0000000000
46251  -32.816  -40.861  66.432 0.0000000000
137648  -32.260  -40.258  65.576 0.0000000000
46280  -31.951  -39.935  65.045 0.0000000000
47194  -31.766  -39.576  64.357 0.0000000000
50126  -39.328  -36.742  70.467 0.0000000000
49139  -37.704  -37.701  68.297 0.0000000000
125589  -37.859  -36.164  66.280 0.0000000000
49177  -37.025  -36.701  66.191 0.0000000000
49176  -36.062  -36.934  65.777 0.0000000000
48153  -35.937  -37.980  66.986 0.0000000000
48151  -34.610  -38.480  66.437 0.0000000000
48158  -33.674  -38.430  65.351 0.0000000000
47196  -32.912  -38.792  65.048 0.0000000000
47206  -31.557  -39.115  63.774 0.0000000000
47205  -30.679  -39.302  63.354 0.0000000000
54056  -39.369  -32.272  58.676 0.0000000000
129460  -44.521  -31.477  71.486 0.0000000000
42163  -27.416  -44.197  79.594 0.0000000000
42171  -27.437  -44.009  78.637 0.0000000000
43086  -28.156  -43.512  78.148 0.0000000000
125219  -28.938  -43.261  77.764 0.0000000000
43103  -30.813  -43.686  77.034 0.0000000000
42195  -31.841  -44.260  75.815 0.0000000000
42196  -33.099  -44.474  75.905 0.0000000000
140851  -32.330  -44.523  75.085 0.0000000000
141574  -34.021  -44.878  74.282 0.0000000000
41301  -35.470  -45.015  73.380 0.0000000000
43181  -38.634  -43.263  72.968 0.0000000000
45284  -39.077  -41.624  72.354 0.0000000000
46197  -39.178  -40.655  72.039 0.0000000000
47143  -39.683  -39.534  72.101 0.0000000000
48091  -39.788  -39.031  72.320 0.0000000000
49101  -39.899  -38.543  73.017 0.0000000000
49117  -39.798  -38.503  72.551 0.0000000000
50109  -39.488  -37.293  72.616 0.0000000000
50100  -39.139  -36.575  74.374 0.0000000000
51136  -38.585  -35.597  72.734 0.0000000000
53872  -39.868  -32.163  73.306 0.0000000000
54864  -40.609  -32.018  74.165 0.0000000000
53878  -40.043  -31.880  72.464 0.0000000000
122927  -43.513  -31.295  71.658 0.0000000000
54925  -44.808  -31.969  70.804 0.0000000000
54926  -45.477  -31.806  70.623 0.0000000000
53898  -45.806  -32.470  70.102 0.0000000000
55845  -46.051  -30.491  71.246 0.0000000000
54927  -45.950  -31.687  70.362 0.0000000000
54942  -46.288  -32.310  69.867 0.0000000000
53912  -46.706  -33.020  69.489 0.0000000000
54943  -46.847  -32.119  69.397 0.0000000000
54957  -47.626  -32.085  68.666 0.0000000000
58711  -44.906  -27.395  70.492 0.0000000000
57723  -45.573  -28.310  69.208 0.0000000000
58733  -45.458  -27.656  68.882 0.0000000000
57724  -46.488  -29.753  69.321 0.0000000000
56738  -46.993  -30.566  69.143 0.0000000000
55869  -47.342  -31.299  68.917 0.0000000000
54958  -48.388  -32.016  68.154 0.0000000000
54971  -49.578  -31.802  67.165 0.0000000000
54972  -50.146  -31.010  67.252 0.0000000000
56752  -50.054  -29.613  68.156 0.0000000000
145710  -50.095  -29.852  67.874 0.0000000000
54982  -50.240  -30.815  67.069 0.0000000000
146763  -49.943  -30.376  66.505 0.0000000000
56791  -49.680  -30.317  65.950 0.0000000000
127651  -49.380  -29.649  66.241 0.0000000000
60775  -49.709  -25.938  69.733 0.0000000000
59732  -50.150  -26.816  69.337 0.0000000000
58737  -50.439  -27.370  68.794 0.0000000000
59746  -50.296  -27.067  68.431 0.0000000000
58747  -50.327  -28.081  68.211 0.0000000000
57755  -49.965  -28.600  67.586 0.0000000000
57772  -48.829  -28.778  66.552 0.0000000000
56770  -48.468  -29.352  66.042 0.0000000000
56789  -47.522  -29.187  65.815 0.0000000000
134166  -46.657  -28.242  66.001 0.0000000000
58779  -45.917  -27.571  65.467 0.0000000000
137411  -47.050  -26.728  66.384 0.0000000000
59754  -46.320  -26.776  65.759 0.0000000000
59772  -45.821  -26.973  64.142 0.0000000000
60807  -48.719  -24.860  65.403 0.0000000000
60833  -48.778  -25.710  63.896 0.0000000000
60832  -47.849  -25.758  64.081 0.0000000000
59795  -46.416  -26.646  62.466 0.0000000000
59809  -46.393  -26.602  61.656 0.0000000000
59823  -46.305  -26.537  60.783 0.0000000000
59835  -46.630  -26.448  59.872 0.0000000000
59836  -47.495  -26.328  59.602 0.0000000000
125167  -46.843  -26.378  59.175 0.0000000000
59866  -46.596  -26.577  57.520 0.0000000000
59867  -47.281  -26.596  57.153 0.0000000000
140439  -52.991  -26.409  63.004 0.0000000000
59814  -52.526  -26.687  61.852 0.0000000000
140313  -52.227  -26.869  61.102 0.0000000000
61908  -54.934  -26.078  59.587 0.0000000000
60872  -54.247  -26.357  60.086 0.0000000000
59829  -53.883  -26.837  60.005 0.0000000000
59855  -53.893  -27.094  59.000 0.0000000000
59839  -53.722  -26.976  59.628 0.0000000000
59828  -53.300  -26.930  60.564 0.0000000000
59827  -52.764  -26.985  60.512 0.0000000000
139451  -52.085  -26.826  60.371 0.0000000000
59851  -50.045  -26.574  58.494 0.0000000000
59869  -50.152  -26.959  57.459 0.0000000000
122951  -49.142  -26.665  58.184 0.0000000000
59886  -47.733  -26.888  56.522 0.0000000000
59903  -47.335  -27.181  55.794 0.0000000000
58868  -48.038  -27.634  54.964 0.0000000000
58882  -47.761  -27.715  54.227 0.0000000000
58889  -48.081  -27.602  53.886 0.0000000000
59913  -48.804  -27.425  54.060 0.0000000000
58890  -48.097  -27.290  53.500 0.0000000000
59922  -47.335  -26.359  52.181 0.0000000000
60961  -51.148  -24.923  54.979 0.0000000000
61981  -49.951  -24.994  54.231 0.0000000000
61994  -49.514  -24.470  53.556 0.0000000000
62985  -49.841  -23.619  53.320 0.0000000000
61993  -48.743  -24.791  53.176 0.0000000000
147139  -48.278  -24.713  52.726 0.0000000000
61999  -47.762  -24.704  52.290 0.0000000000
64836  -55.785  -21.541  54.141 0.0000000000
64851  -55.003  -21.498  53.760 0.0000000000
64869  -55.933  -20.840  52.973 0.0000000000
135063  -55.102  -21.164  53.109 0.0000000000
64850  -54.268  -21.518  53.279 0.0000000000
64866  -52.789  -21.524  52.400 0.0000000000
65850  -55.754  -20.515  50.014 0.0000000000
65857  -53.813  -20.714  49.497 0.0000000000
65848  -53.450  -20.645  50.359 0.0000000000
65837  -53.149  -20.628  51.083 0.0000000000
65847  -52.695  -20.730  50.691 0.0000000000
64887  -51.977  -20.991  51.078 0.0000000000
64885  -50.467  -21.378  50.868 0.0000000000
40347  -24.224  -46.248  77.523 0.0000000000
40353  -23.640  -46.633  76.809 0.0000000000
39359  -23.066  -47.270  76.233 0.0000000000
124196  -21.575  -47.579  71.722 0.0000000000
40377  -22.041  -47.699  72.264 0.0000000000
129426  -25.896  -43.352  74.116 0.0000000000
124490  -25.251  -43.585  74.800 0.0000000000
43147  -24.106  -43.925  73.725 0.0000000000
145529  -25.051  -42.980  71.626 0.0000000000
43160  -24.081  -43.611  72.267 0.0000000000
43159  -23.413  -44.099  72.243 0.0000000000
42222  -22.585  -44.917  72.062 0.0000000000
41316  -21.676  -45.765  70.415 0.0000000000
42238  -34.332  -44.931  70.720 0.0000000000
42237  -33.625  -44.902  70.340 0.0000000000
42244  -33.326  -44.643  69.669 0.0000000000
43210  -30.460  -43.771  68.508 0.0000000000
43221  -32.224  -43.601  67.551 0.0000000000
43220  -31.422  -43.783  67.362 0.0000000000
42248  -31.028  -43.969  67.840 0.0000000000
44248  -27.791  -42.277  67.627 0.0000000000
125572  -28.267  -42.563  66.810 0.0000000000
44260  -27.114  -42.163  67.103 0.0000000000
45373  -28.350  -41.354  62.667 0.0000000000
45357  -28.653  -41.628  63.327 0.0000000000
44310  -27.742  -42.374  63.622 0.0000000000
43282  -26.294  -43.424  62.019 0.0000000000
141744  -26.948  -42.503  63.435 0.0000000000
44289  -25.913  -42.577  64.435 0.0000000000
141313  -25.270  -44.264  63.219 0.0000000000
128682  -25.494  -43.117  64.018 0.0000000000
43246  -25.049  -43.045  64.742 0.0000000000
43245  -24.576  -43.251  65.531 0.0000000000
41349  -24.762  -45.539  64.077 0.0000000000
52110  -47.557  -34.258  67.798 0.0000000000
53128  -43.491  -33.928  59.383 0.0000000000
53924  -47.314  -32.964  69.100 0.0000000000
53925  -47.938  -32.833  68.490 0.0000000000
55018  -49.047  -30.971  62.957 0.0000000000
55885  -49.930  -30.776  66.359 0.0000000000
55886  -50.136  -30.448  66.921 0.0000000000
56772  -50.000  -30.034  67.327 0.0000000000
56790  -49.075  -29.933  65.553 0.0000000000
57726  -50.029  -28.109  68.773 0.0000000000
57743  -50.380  -28.842  68.153 0.0000000000
57756  -50.365  -28.924  67.894 0.0000000000
58721  -47.743  -27.506  68.942 0.0000000000
58826  -53.272  -27.055  59.261 0.0000000000
58871  -50.493  -26.860  55.861 0.0000000000
59728  -45.205  -26.942  68.929 0.0000000000
59733  -50.582  -26.818  69.050 0.0000000000
59802  -53.123  -26.505  62.362 0.0000000000
59816  -53.451  -26.816  60.931 0.0000000000
59841  -55.164  -26.901  59.124 0.0000000000
59848  -46.554  -26.476  58.443 0.0000000000
59857  -55.381  -26.727  58.984 0.0000000000
59875  -55.442  -26.261  58.591 0.0000000000
60817  -46.998  -25.936  64.488 0.0000000000
60821  -51.967  -25.914  64.826 0.0000000000
60887  -54.740  -26.807  59.445 0.0000000000
60904  -55.768  -26.057  58.783 0.0000000000
60918  -55.026  -25.925  58.057 0.0000000000
61925  -57.521  -24.419  57.983 0.0000000000
61940  -57.188  -25.108  58.045 0.0000000000
61983  -51.943  -24.169  55.077 0.0000000000
62892  -56.898  -23.493  58.966 0.0000000000
62910  -57.765  -23.521  58.175 0.0000000000
62923  -57.477  -24.017  57.450 0.0000000000
62950  -56.536  -23.268  56.460 0.0000000000
63877  -54.436  -21.828  53.983 0.0000000000
64839  -59.034  -21.415  54.715 0.0000000000
64853  -57.333  -21.153  53.703 0.0000000000
64877  -51.244  -21.426  51.408 0.0000000000
65818  -59.277  -20.500  53.247 0.0000000000
65830  -58.861  -20.583  52.344 0.0000000000
66866  -59.904  -19.468  49.414 0.0000000000
66878  -59.679  -19.368  49.051 0.0000000000
121963  -50.959  -27.021  56.578 0.0000000000
124663  -57.117  -20.452  48.755 0.0000000000
125841  -44.590  -27.687  61.184 0.0000000000
128230  -49.006  -26.894  57.355 0.0000000000
129225  -35.769  -37.771  66.587 0.0000000000
130451  -58.187  -20.407  50.823 0.0000000000
132789  -56.332  -20.649  49.369 0.0000000000
135141  -49.782  -32.032  66.026 0.0000000000
138246  -44.511  -27.246  57.166 0.0000000000
142038  -46.077  -28.869  69.047 0.0000000000
145204  -30.176  -43.563  73.264 0.0000000000
147753  -56.457  -20.632  52.606 0.0000000000
148024  -30.057  -43.562  69.054 0.0000000000
