#!ascii label  , from subject sub-v1s7x0051326_ses-1 vox2ras=TkReg
912
54990  -34.519  -32.019  65.152 0.0000000000
48094  -21.056  -38.689  70.137 0.0000000000
50172  -27.951  -36.054  64.386 0.0000000000
72668  -44.368  -13.241  48.940 0.0000000000
76404  -49.692  -9.913  43.645 0.0000000000
127928  -14.521  -37.311  76.286 0.0000000000
70779  -41.582  -15.590  53.288 0.0000000000
57802  -37.344  -29.279  64.212 0.0000000000
53980  -29.458  -31.862  64.815 0.0000000000
48069  -17.669  -38.131  72.456 0.0000000000
46126  -17.971  -41.412  75.962 0.0000000000
56813  -31.319  -29.862  63.196 0.0000000000
56821  -34.155  -29.134  61.485 0.0000000000
128708  -24.063  -37.810  66.766 0.0000000000
57785  -27.083  -27.965  65.307 0.0000000000
60969  -39.312  -25.238  53.599 0.0000000000
65822  -41.931  -20.893  52.268 0.0000000000
68836  -45.178  -17.775  50.144 0.0000000000
45154  -10.379  -41.624  80.087 0.0000000000
46053  -7.210  -40.409  83.044 0.0000000000
59819  -33.320  -26.478  60.709 0.0000000000
62881  -33.355  -23.860  58.678 0.0000000000
61947  -35.842  -24.910  56.013 0.0000000000
45208  -13.868  -41.519  77.304 0.0000000000
46182  -21.101  -40.568  72.452 0.0000000000
47132  -23.655  -39.785  71.322 0.0000000000
53983  -31.940  -32.468  64.419 0.0000000000
51158  -19.604  -35.795  70.652 0.0000000000
48071  -19.052  -38.836  71.763 0.0000000000
46166  -19.666  -40.668  73.344 0.0000000000
56763  -31.699  -29.387  65.903 0.0000000000
143951  -29.259  -28.302  63.752 0.0000000000
63880  -38.608  -22.608  52.811 0.0000000000
62983  -41.213  -23.179  52.956 0.0000000000
65821  -39.119  -20.147  52.037 0.0000000000
69817  -42.227  -16.277  50.281 0.0000000000
140099  -43.801  -15.846  48.639 0.0000000000
69848  -47.288  -16.453  48.477 0.0000000000
71774  -45.282  -13.834  47.518 0.0000000000
73674  -46.673  -12.367  46.961 0.0000000000
59778  -34.570  -26.682  63.292 0.0000000000
58806  -34.603  -27.793  61.351 0.0000000000
60840  -32.782  -25.931  62.280 0.0000000000
63757  -31.302  -22.841  59.168 0.0000000000
63801  -32.661  -21.821  58.036 0.0000000000
62918  -34.538  -23.695  57.639 0.0000000000
64784  -33.815  -21.440  55.871 0.0000000000
63853  -35.696  -23.128  54.596 0.0000000000
49162  -26.372  -37.621  66.129 0.0000000000
46111  -12.592  -40.036  77.414 0.0000000000
47053  -13.601  -39.431  76.560 0.0000000000
45089  -7.600  -42.149  85.129 0.0000000000
45066  -6.780  -41.851  87.567 0.0000000000
68806  -40.192  -17.818  53.807 0.0000000000
58796  -37.842  -27.577  63.890 0.0000000000
145999  -28.758  -33.886  64.532 0.0000000000
49090  -15.410  -37.341  74.232 0.0000000000
46135  -15.612  -40.082  75.181 0.0000000000
47077  -17.078  -39.777  73.904 0.0000000000
76410  -50.847  -9.567  42.546 0.0000000000
54009  -32.514  -32.124  62.540 0.0000000000
55026  -34.329  -31.474  62.107 0.0000000000
55926  -32.864  -30.608  61.317 0.0000000000
50129  -20.946  -36.287  68.988 0.0000000000
48124  -22.468  -38.184  68.528 0.0000000000
50140  -22.683  -36.601  67.165 0.0000000000
50159  -24.981  -36.121  65.714 0.0000000000
52129  -26.263  -34.727  64.958 0.0000000000
55875  -27.141  -30.093  67.332 0.0000000000
53977  -26.548  -32.051  64.527 0.0000000000
55002  -27.717  -31.153  64.066 0.0000000000
55012  -30.105  -31.317  62.974 0.0000000000
134990  -40.396  -25.669  56.093 0.0000000000
67840  -40.598  -18.046  51.874 0.0000000000
67842  -43.502  -18.606  51.471 0.0000000000
73689  -48.632  -12.042  45.805 0.0000000000
45136  -8.635  -41.447  81.545 0.0000000000
44108  -9.105  -43.130  83.229 0.0000000000
55929  -36.045  -30.117  61.556 0.0000000000
57821  -36.344  -28.545  60.874 0.0000000000
132214  -36.145  -25.799  61.050 0.0000000000
62846  -31.403  -23.701  61.609 0.0000000000
60879  -32.748  -25.212  59.533 0.0000000000
62847  -36.224  -23.948  61.053 0.0000000000
62884  -36.192  -23.375  59.753 0.0000000000
61919  -37.363  -24.336  58.427 0.0000000000
60912  -38.556  -25.747  57.311 0.0000000000
60955  -37.561  -26.093  54.648 0.0000000000
62959  -37.155  -23.753  53.944 0.0000000000
131365  -25.081  -39.275  70.106 0.0000000000
47029  -11.366  -39.653  79.303 0.0000000000
45174  -12.100  -41.836  78.838 0.0000000000
46113  -15.856  -41.363  76.259 0.0000000000
44054  -5.198  -41.962  87.809 0.0000000000
147309  -20.785  -39.477  71.229 0.0000000000
140705  -22.381  -40.053  71.714 0.0000000000
47146  -22.389  -39.410  70.648 0.0000000000
53966  -33.458  -32.337  65.210 0.0000000000
125785  -19.790  -37.115  70.230 0.0000000000
49119  -19.338  -37.311  70.619 0.0000000000
48081  -20.175  -38.876  70.956 0.0000000000
47129  -20.176  -39.623  71.563 0.0000000000
64843  -38.658  -21.840  53.115 0.0000000000
63890  -39.090  -21.676  51.928 0.0000000000
65810  -38.828  -20.178  53.106 0.0000000000
71749  -43.864  -13.722  49.861 0.0000000000
138628  -42.995  -14.736  49.188 0.0000000000
71767  -43.618  -14.507  48.733 0.0000000000
70840  -44.712  -15.160  47.901 0.0000000000
138565  -44.629  -13.322  48.294 0.0000000000
72683  -45.447  -12.849  47.468 0.0000000000
60841  -33.830  -26.241  62.715 0.0000000000
65741  -33.162  -20.120  58.613 0.0000000000
64783  -33.423  -21.201  56.614 0.0000000000
65777  -34.078  -20.590  56.200 0.0000000000
65778  -35.026  -20.446  56.013 0.0000000000
50162  -27.440  -36.660  64.965 0.0000000000
49163  -27.330  -37.780  66.146 0.0000000000
49164  -28.244  -37.750  66.297 0.0000000000
48037  -13.390  -38.512  76.846 0.0000000000
48038  -13.937  -38.661  76.214 0.0000000000
74637  -49.440  -11.243  43.580 0.0000000000
45076  -7.016  -41.696  86.587 0.0000000000
56802  -37.554  -29.389  65.163 0.0000000000
57810  -37.541  -28.259  63.463 0.0000000000
53961  -29.032  -31.995  64.816 0.0000000000
53043  -30.260  -33.048  66.602 0.0000000000
50105  -17.490  -36.382  72.460 0.0000000000
50097  -17.052  -36.410  73.026 0.0000000000
51092  -16.602  -35.721  74.084 0.0000000000
48054  -16.447  -38.137  73.321 0.0000000000
48048  -16.627  -39.010  73.464 0.0000000000
47092  -17.423  -39.401  73.217 0.0000000000
128104  -21.102  -41.576  74.108 0.0000000000
46151  -19.559  -40.965  74.169 0.0000000000
55024  -32.146  -31.412  62.199 0.0000000000
55030  -32.716  -31.118  61.304 0.0000000000
55916  -32.626  -30.299  62.350 0.0000000000
51178  -21.588  -35.921  68.320 0.0000000000
143822  -21.783  -36.734  67.901 0.0000000000
51179  -22.318  -35.473  67.966 0.0000000000
51202  -24.480  -35.572  66.336 0.0000000000
52112  -25.724  -34.459  67.009 0.0000000000
51212  -25.731  -35.817  65.390 0.0000000000
127854  -26.339  -34.097  66.939 0.0000000000
57729  -27.543  -27.527  67.687 0.0000000000
56762  -26.690  -29.114  66.147 0.0000000000
133275  -26.281  -31.757  65.167 0.0000000000
55895  -26.394  -30.310  65.089 0.0000000000
55001  -26.857  -31.271  64.231 0.0000000000
57797  -27.153  -28.892  64.385 0.0000000000
56812  -30.418  -29.624  63.160 0.0000000000
55913  -29.908  -30.161  62.887 0.0000000000
55914  -30.798  -30.357  62.680 0.0000000000
55023  -31.327  -31.469  62.696 0.0000000000
60943  -39.988  -25.761  55.126 0.0000000000
61963  -41.431  -25.019  55.345 0.0000000000
61979  -40.681  -24.821  54.039 0.0000000000
64860  -41.435  -21.605  52.260 0.0000000000
63871  -42.090  -22.700  53.256 0.0000000000
69785  -40.356  -16.734  53.226 0.0000000000
68813  -39.858  -17.537  52.749 0.0000000000
69809  -40.850  -16.853  52.178 0.0000000000
68852  -43.555  -17.015  49.639 0.0000000000
68821  -42.827  -17.922  51.098 0.0000000000
68823  -44.789  -17.978  51.058 0.0000000000
134938  -45.214  -18.605  51.623 0.0000000000
73676  -48.523  -12.527  46.414 0.0000000000
74615  -47.152  -10.918  46.277 0.0000000000
74620  -47.894  -11.026  45.423 0.0000000000
46084  -10.208  -40.650  80.083 0.0000000000
47016  -9.332  -39.847  81.395 0.0000000000
45153  -9.698  -41.338  80.513 0.0000000000
44109  -9.922  -43.446  83.383 0.0000000000
44082  -9.880  -43.628  85.156 0.0000000000
55937  -34.138  -30.308  60.819 0.0000000000
55928  -35.618  -30.749  61.932 0.0000000000
56830  -34.994  -29.757  60.539 0.0000000000
59806  -34.126  -27.057  60.869 0.0000000000
56837  -35.833  -28.509  60.492 0.0000000000
59807  -36.039  -27.345  60.479 0.0000000000
58807  -36.459  -27.612  61.103 0.0000000000
59821  -35.254  -26.225  59.950 0.0000000000
63750  -31.560  -22.645  61.738 0.0000000000
62900  -31.994  -23.216  58.430 0.0000000000
61898  -31.520  -24.152  59.627 0.0000000000
61899  -32.640  -24.441  58.947 0.0000000000
60864  -34.624  -24.421  59.690 0.0000000000
61901  -35.036  -23.902  59.763 0.0000000000
147516  -36.140  -23.736  60.628 0.0000000000
62883  -35.475  -23.588  59.513 0.0000000000
61932  -35.188  -24.167  56.720 0.0000000000
61918  -36.434  -24.048  58.228 0.0000000000
61934  -37.113  -24.781  57.518 0.0000000000
60897  -37.991  -25.143  57.837 0.0000000000
60911  -37.694  -25.514  57.002 0.0000000000
59882  -37.959  -26.206  55.756 0.0000000000
60925  -36.638  -25.610  55.603 0.0000000000
64812  -36.828  -22.238  55.669 0.0000000000
63854  -36.471  -23.405  54.361 0.0000000000
63855  -37.498  -23.231  54.643 0.0000000000
48139  -23.739  -38.169  67.632 0.0000000000
48111  -23.910  -38.891  69.168 0.0000000000
127175  -25.049  -38.797  68.424 0.0000000000
45207  -13.104  -40.902  77.182 0.0000000000
46102  -12.104  -40.468  78.012 0.0000000000
45194  -13.230  -41.663  77.884 0.0000000000
144108  -16.340  -40.735  75.203 0.0000000000
46123  -15.601  -40.760  75.579 0.0000000000
139310  -17.480  -41.523  76.555 0.0000000000
46153  -21.934  -41.484  73.602 0.0000000000
46169  -22.726  -40.928  73.055 0.0000000000
46185  -24.145  -40.521  72.760 0.0000000000
47096  -24.738  -40.056  72.367 0.0000000000
129385  -31.224  -32.264  65.200 0.0000000000
53944  -30.969  -32.603  66.786 0.0000000000
51144  -19.222  -35.351  71.350 0.0000000000
50114  -18.419  -36.614  71.369 0.0000000000
48070  -18.296  -38.359  72.062 0.0000000000
47093  -18.226  -39.800  73.003 0.0000000000
47112  -19.534  -39.668  72.113 0.0000000000
46167  -20.509  -40.734  73.032 0.0000000000
134664  -31.691  -29.489  64.907 0.0000000000
56799  -32.815  -29.766  64.022 0.0000000000
128865  -28.834  -27.020  66.847 0.0000000000
58785  -28.210  -27.441  64.638 0.0000000000
56783  -30.893  -29.232  65.170 0.0000000000
61998  -39.040  -24.019  52.733 0.0000000000
61991  -40.394  -24.305  53.302 0.0000000000
62981  -39.505  -23.272  52.435 0.0000000000
144099  -39.772  -21.693  51.720 0.0000000000
65834  -40.304  -20.460  51.600 0.0000000000
136691  -41.530  -15.911  51.875 0.0000000000
70824  -42.305  -15.490  50.135 0.0000000000
69831  -43.191  -16.102  49.141 0.0000000000
127715  -44.088  -16.571  48.904 0.0000000000
69833  -46.007  -16.870  48.902 0.0000000000
69846  -45.545  -16.214  48.384 0.0000000000
70854  -46.343  -15.174  47.634 0.0000000000
70855  -47.267  -15.057  47.649 0.0000000000
72684  -46.614  -13.380  47.181 0.0000000000
73665  -45.833  -12.058  47.286 0.0000000000
44142  -11.444  -42.515  80.067 0.0000000000
44131  -10.616  -42.692  80.852 0.0000000000
129152  -11.880  -43.393  81.658 0.0000000000
135961  -34.693  -27.642  62.520 0.0000000000
57820  -34.881  -28.573  60.788 0.0000000000
59791  -34.332  -26.998  62.088 0.0000000000
59790  -33.442  -26.569  61.527 0.0000000000
64708  -31.869  -21.502  60.546 0.0000000000
65704  -32.238  -20.704  60.171 0.0000000000
64742  -32.110  -21.620  58.712 0.0000000000
63787  -32.731  -22.505  58.035 0.0000000000
62902  -33.916  -23.560  58.329 0.0000000000
62916  -33.286  -22.596  57.257 0.0000000000
143874  -33.775  -22.860  56.423 0.0000000000
143393  -34.877  -23.856  55.705 0.0000000000
62957  -35.376  -23.655  54.784 0.0000000000
64810  -34.996  -21.541  54.962 0.0000000000
49161  -25.338  -37.501  65.996 0.0000000000
48127  -25.613  -38.651  68.053 0.0000000000
49147  -26.817  -38.186  66.851 0.0000000000
47045  -13.118  -39.287  77.160 0.0000000000
142466  -13.714  -40.864  76.887 0.0000000000
45096  -7.365  -41.872  84.162 0.0000000000
46043  -6.551  -40.377  84.441 0.0000000000
45088  -6.878  -41.327  84.833 0.0000000000
45075  -6.249  -41.183  86.848 0.0000000000
46021  -5.433  -40.796  86.758 0.0000000000
58795  -37.771  -26.963  63.505 0.0000000000
52143  -28.299  -34.468  63.990 0.0000000000
50164  -28.953  -36.168  65.658 0.0000000000
145292  -15.884  -35.997  75.153 0.0000000000
49089  -14.925  -37.413  74.791 0.0000000000
48042  -14.674  -38.128  75.131 0.0000000000
47075  -15.550  -39.161  74.278 0.0000000000
47066  -16.751  -40.261  74.564 0.0000000000
46136  -17.302  -40.944  75.129 0.0000000000
47079  -18.795  -40.446  73.662 0.0000000000
121898  -18.871  -40.878  74.421 0.0000000000
46127  -18.795  -41.530  75.656 0.0000000000
76405  -50.271  -9.852  43.081 0.0000000000
53999  -33.053  -32.375  63.333 0.0000000000
123151  -34.573  -31.642  63.109 0.0000000000
136241  -33.431  -31.596  61.773 0.0000000000
55936  -33.149  -30.777  61.055 0.0000000000
56828  -33.586  -30.129  60.945 0.0000000000
56815  -33.139  -29.804  63.170 0.0000000000
56816  -34.231  -29.056  62.947 0.0000000000
57809  -34.575  -28.398  62.759 0.0000000000
58793  -35.022  -27.702  63.595 0.0000000000
49126  -20.949  -37.418  69.235 0.0000000000
48109  -21.490  -38.454  69.584 0.0000000000
49127  -21.740  -37.891  68.827 0.0000000000
137357  -22.245  -37.007  67.494 0.0000000000
49144  -23.310  -37.485  67.034 0.0000000000
51190  -23.295  -35.474  67.174 0.0000000000
50141  -23.268  -36.371  66.688 0.0000000000
132063  -24.412  -37.368  66.031 0.0000000000
50160  -25.618  -36.481  65.444 0.0000000000
50161  -26.439  -36.488  65.110 0.0000000000
51220  -26.817  -35.208  64.344 0.0000000000
53927  -27.026  -32.794  67.211 0.0000000000
53942  -26.412  -32.445  65.993 0.0000000000
53057  -26.435  -33.803  64.906 0.0000000000
52151  -27.155  -34.086  64.110 0.0000000000
53995  -27.661  -32.693  64.034 0.0000000000
53979  -28.132  -31.757  64.164 0.0000000000
145163  -28.880  -31.629  64.468 0.0000000000
57808  -28.654  -28.943  63.344 0.0000000000
55011  -29.484  -30.583  63.212 0.0000000000
55004  -29.612  -31.244  63.891 0.0000000000
53982  -31.137  -32.431  63.917 0.0000000000
53998  -32.088  -32.378  63.437 0.0000000000
50122  -20.030  -36.370  70.056 0.0000000000
62973  -41.653  -23.473  53.615 0.0000000000
67812  -39.206  -18.886  52.998 0.0000000000
67839  -39.988  -18.628  51.889 0.0000000000
66852  -41.446  -19.404  51.735 0.0000000000
68832  -41.709  -17.063  51.282 0.0000000000
137563  -42.186  -18.370  51.437 0.0000000000
66838  -43.228  -19.887  52.236 0.0000000000
66839  -44.010  -19.687  52.233 0.0000000000
143889  -49.235  -11.967  44.741 0.0000000000
74628  -48.437  -10.957  44.504 0.0000000000
76387  -48.298  -9.688  44.793 0.0000000000
46065  -8.580  -40.453  81.638 0.0000000000
46064  -7.942  -41.139  81.943 0.0000000000
44120  -9.435  -42.664  81.876 0.0000000000
44119  -8.676  -42.634  82.434 0.0000000000
45106  -7.885  -42.298  83.563 0.0000000000
129616  -8.139  -42.595  84.507 0.0000000000
55027  -35.156  -31.252  62.525 0.0000000000
55917  -35.741  -30.709  63.013 0.0000000000
56822  -36.516  -29.672  62.470 0.0000000000
56836  -35.623  -29.133  60.541 0.0000000000
123357  -36.433  -29.227  61.438 0.0000000000
56823  -37.057  -28.849  62.645 0.0000000000
57816  -37.338  -27.934  62.607 0.0000000000
58802  -37.417  -27.114  62.821 0.0000000000
60842  -36.739  -25.479  61.935 0.0000000000
61857  -32.149  -25.367  61.806 0.0000000000
60851  -32.192  -25.505  60.712 0.0000000000
62863  -31.284  -23.088  60.784 0.0000000000
61883  -31.816  -24.805  60.289 0.0000000000
60863  -32.818  -25.990  60.157 0.0000000000
131902  -34.680  -25.470  59.774 0.0000000000
60853  -35.838  -24.644  60.803 0.0000000000
62904  -35.867  -23.415  59.017 0.0000000000
62905  -36.694  -23.536  59.139 0.0000000000
123333  -39.095  -26.007  56.701 0.0000000000
59900  -39.019  -26.116  55.232 0.0000000000
60956  -38.207  -25.958  54.236 0.0000000000
61977  -36.451  -25.032  54.475 0.0000000000
61978  -37.182  -24.686  53.896 0.0000000000
61988  -38.018  -24.764  53.445 0.0000000000
62971  -38.331  -23.463  53.163 0.0000000000
64826  -39.076  -22.429  53.950 0.0000000000
48095  -22.538  -38.944  69.957 0.0000000000
47148  -24.259  -39.516  70.587 0.0000000000
48113  -25.780  -38.848  68.943 0.0000000000
45172  -10.741  -41.048  79.550 0.0000000000
46101  -11.616  -40.027  78.553 0.0000000000
45192  -11.689  -40.973  78.517 0.0000000000
44151  -11.778  -42.255  79.509 0.0000000000
44152  -12.637  -42.608  79.395 0.0000000000
47055  -14.947  -39.937  75.523 0.0000000000
127210  -14.810  -40.800  76.079 0.0000000000
138103  -15.289  -41.581  76.804 0.0000000000
135878  -6.845  -42.720  88.034 0.0000000000
45056  -5.656  -41.892  87.832 0.0000000000
144949  -4.853  -40.970  86.805 0.0000000000
55006  -35.405  -31.611  64.801 0.0000000000
47130  -21.030  -39.020  70.773 0.0000000000
129401  -21.721  -39.682  71.195 0.0000000000
47145  -21.701  -39.073  70.359 0.0000000000
53985  -33.744  -32.229  64.260 0.0000000000
129604  -20.522  -38.572  70.355 0.0000000000
48093  -19.985  -37.969  70.380 0.0000000000
64844  -38.901  -20.974  53.320 0.0000000000
132869  -38.721  -20.904  52.773 0.0000000000
65800  -39.342  -20.351  53.571 0.0000000000
72667  -43.781  -13.894  49.113 0.0000000000
72675  -44.192  -13.863  48.554 0.0000000000
65761  -33.648  -20.360  57.032 0.0000000000
49174  -27.834  -37.293  65.547 0.0000000000
50163  -28.234  -36.603  65.100 0.0000000000
49073  -13.817  -37.710  76.623 0.0000000000
48041  -14.343  -37.938  75.883 0.0000000000
75535  -49.176  -10.547  43.755 0.0000000000
74638  -50.297  -11.406  43.202 0.0000000000
75536  -49.888  -10.599  43.289 0.0000000000
56803  -37.788  -28.705  64.717 0.0000000000
144244  -37.582  -28.662  64.046 0.0000000000
53962  -29.677  -32.344  65.637 0.0000000000
53059  -29.796  -32.964  65.934 0.0000000000
53943  -30.132  -32.645  66.202 0.0000000000
49105  -17.248  -37.344  72.627 0.0000000000
49097  -16.719  -37.312  73.126 0.0000000000
48055  -17.138  -38.403  72.940 0.0000000000
55915  -31.776  -30.483  62.722 0.0000000000
55925  -32.274  -30.903  62.035 0.0000000000
51171  -22.119  -34.897  68.854 0.0000000000
138263  -25.736  -33.650  67.836 0.0000000000
58754  -27.559  -27.534  66.842 0.0000000000
57745  -27.178  -28.051  67.233 0.0000000000
57763  -27.018  -28.191  66.327 0.0000000000
57762  -26.784  -28.598  65.547 0.0000000000
56794  -26.746  -29.486  64.680 0.0000000000
57784  -26.823  -28.635  64.876 0.0000000000
55924  -31.427  -30.923  62.434 0.0000000000
60957  -40.006  -25.407  54.206 0.0000000000
60970  -40.007  -24.938  53.600 0.0000000000
64861  -42.381  -21.434  52.603 0.0000000000
65823  -42.680  -20.510  52.397 0.0000000000
69786  -40.937  -16.216  53.536 0.0000000000
69801  -40.363  -16.798  52.810 0.0000000000
70778  -40.843  -16.108  53.035 0.0000000000
68853  -44.597  -17.257  49.485 0.0000000000
68835  -44.204  -17.650  50.235 0.0000000000
75520  -47.395  -10.169  45.868 0.0000000000
45138  -10.058  -42.265  80.620 0.0000000000
56829  -34.425  -29.693  60.668 0.0000000000
134858  -34.956  -27.019  60.410 0.0000000000
134787  -35.618  -26.984  60.306 0.0000000000
59820  -34.073  -26.228  60.256 0.0000000000
61917  -32.468  -23.742  58.589 0.0000000000
61916  -31.917  -24.038  58.872 0.0000000000
61900  -33.809  -24.354  59.281 0.0000000000
62882  -34.465  -23.811  59.108 0.0000000000
147270  -35.313  -24.386  55.924 0.0000000000
61933  -36.131  -24.563  57.178 0.0000000000
60910  -36.801  -25.251  56.574 0.0000000000
48126  -24.257  -38.731  68.369 0.0000000000
136261  -24.721  -38.428  67.579 0.0000000000
45195  -14.183  -42.189  77.958 0.0000000000
147938  -13.699  -42.437  78.452 0.0000000000
46125  -17.083  -41.243  75.898 0.0000000000
47007  -6.950  -39.775  83.728 0.0000000000
55896  -36.579  -30.602  65.169 0.0000000000
138179  -21.882  -40.807  72.759 0.0000000000
47115  -23.118  -40.095  71.872 0.0000000000
47116  -23.942  -40.133  72.058 0.0000000000
53964  -31.276  -32.336  66.117 0.0000000000
51145  -20.018  -34.955  71.132 0.0000000000
48080  -19.337  -38.286  71.043 0.0000000000
49113  -18.781  -37.379  71.097 0.0000000000
48079  -18.680  -38.107  71.439 0.0000000000
49112  -18.237  -37.393  71.601 0.0000000000
47111  -18.691  -39.326  72.406 0.0000000000
121854  -20.973  -39.977  71.797 0.0000000000
47113  -20.336  -40.166  72.269 0.0000000000
46168  -21.299  -40.929  73.106 0.0000000000
143388  -32.447  -29.695  64.653 0.0000000000
58774  -29.034  -27.245  66.075 0.0000000000
57788  -30.973  -29.066  65.924 0.0000000000
62980  -38.743  -23.329  52.660 0.0000000000
63881  -38.925  -22.495  52.278 0.0000000000
64858  -38.884  -20.888  52.176 0.0000000000
64873  -39.445  -20.892  51.693 0.0000000000
64874  -40.417  -21.291  51.694 0.0000000000
134020  -42.277  -15.052  50.826 0.0000000000
70833  -43.295  -15.269  48.812 0.0000000000
70832  -42.779  -15.340  49.432 0.0000000000
69832  -45.078  -16.699  48.917 0.0000000000
69845  -44.610  -15.930  48.367 0.0000000000
70852  -44.863  -14.497  47.736 0.0000000000
70853  -45.466  -14.937  47.586 0.0000000000
71775  -46.303  -14.320  47.353 0.0000000000
71776  -47.355  -14.076  47.284 0.0000000000
122779  -45.894  -13.456  47.288 0.0000000000
123605  -45.335  -12.084  47.802 0.0000000000
60827  -32.986  -25.694  63.414 0.0000000000
64743  -32.807  -20.953  58.306 0.0000000000
63786  -31.963  -22.419  58.452 0.0000000000
63802  -33.045  -21.910  57.237 0.0000000000
63815  -33.470  -22.099  56.452 0.0000000000
63816  -33.897  -22.339  55.695 0.0000000000
62929  -34.261  -23.140  55.638 0.0000000000
63833  -34.573  -22.475  54.966 0.0000000000
64809  -34.305  -21.729  55.311 0.0000000000
127453  -35.282  -21.018  55.485 0.0000000000
49146  -25.895  -37.982  66.800 0.0000000000
49148  -27.733  -38.193  66.979 0.0000000000
125506  -13.334  -40.143  76.921 0.0000000000
46122  -13.970  -40.409  76.476 0.0000000000
45065  -6.001  -41.561  87.582 0.0000000000
58788  -38.332  -27.560  64.475 0.0000000000
127260  -38.266  -26.933  64.085 0.0000000000
52130  -28.788  -34.768  64.639 0.0000000000
50084  -15.912  -36.298  74.285 0.0000000000
50070  -15.193  -36.627  74.839 0.0000000000
48046  -15.179  -38.290  74.490 0.0000000000
48047  -15.791  -38.496  73.759 0.0000000000
47076  -16.107  -39.584  73.904 0.0000000000
46149  -17.603  -40.468  74.446 0.0000000000
47094  -19.132  -40.020  72.888 0.0000000000
46139  -20.159  -41.515  74.562 0.0000000000
46138  -19.339  -41.445  74.961 0.0000000000
55014  -33.220  -32.070  62.469 0.0000000000
133008  -33.422  -29.767  62.011 0.0000000000
56785  -33.289  -29.842  64.867 0.0000000000
56800  -33.637  -29.610  64.054 0.0000000000
57800  -34.694  -28.579  63.776 0.0000000000
49132  -21.362  -36.974  68.437 0.0000000000
50134  -22.159  -36.266  67.629 0.0000000000
49143  -22.761  -37.132  67.178 0.0000000000
49159  -23.067  -36.953  66.794 0.0000000000
51201  -23.775  -35.769  66.562 0.0000000000
50151  -24.117  -36.523  66.006 0.0000000000
49171  -24.969  -36.929  65.595 0.0000000000
51204  -26.003  -34.875  65.946 0.0000000000
51213  -26.292  -35.635  64.854 0.0000000000
56742  -27.222  -29.255  68.721 0.0000000000
54963  -27.111  -31.218  67.333 0.0000000000
53928  -27.173  -32.210  67.812 0.0000000000
54962  -26.971  -32.083  66.887 0.0000000000
124896  -26.657  -33.494  66.668 0.0000000000
53960  -26.344  -32.421  65.067 0.0000000000
135685  -26.563  -32.922  64.699 0.0000000000
53069  -26.788  -33.553  64.347 0.0000000000
53080  -27.523  -33.582  63.967 0.0000000000
53070  -26.927  -32.808  64.239 0.0000000000
55903  -27.552  -30.471  64.035 0.0000000000
53978  -27.098  -31.992  64.098 0.0000000000
55003  -28.768  -31.152  63.925 0.0000000000
58786  -28.930  -27.687  64.313 0.0000000000
57799  -28.376  -28.051  63.904 0.0000000000
55912  -29.023  -29.830  63.168 0.0000000000
53996  -30.493  -31.812  63.456 0.0000000000
54008  -31.875  -32.000  62.730 0.0000000000
51169  -20.583  -35.840  69.644 0.0000000000
50128  -20.475  -36.628  69.473 0.0000000000
123846  -40.838  -25.638  56.923 0.0000000000
147076  -42.087  -24.476  55.300 0.0000000000
61948  -41.936  -24.748  56.052 0.0000000000
62982  -40.384  -23.602  52.782 0.0000000000
62972  -41.032  -23.761  53.283 0.0000000000
66825  -39.656  -18.689  53.502 0.0000000000
67824  -39.965  -17.955  52.229 0.0000000000
66851  -40.293  -19.509  51.669 0.0000000000
131233  -40.843  -18.763  51.706 0.0000000000
69816  -41.850  -16.529  50.971 0.0000000000
69810  -41.428  -16.579  51.636 0.0000000000
67841  -42.727  -18.774  51.619 0.0000000000
66854  -43.317  -19.229  51.948 0.0000000000
66855  -43.964  -18.986  51.912 0.0000000000
66840  -45.536  -19.368  52.248 0.0000000000
69834  -46.869  -16.982  48.900 0.0000000000
72693  -48.377  -13.000  46.904 0.0000000000
74616  -47.812  -11.749  46.197 0.0000000000
73677  -49.457  -12.678  46.245 0.0000000000
73690  -49.438  -12.288  45.379 0.0000000000
75521  -47.958  -10.242  44.951 0.0000000000
75526  -48.588  -10.403  44.339 0.0000000000
46076  -9.126  -40.877  81.080 0.0000000000
128259  -10.943  -42.992  81.521 0.0000000000
44130  -10.023  -42.729  81.239 0.0000000000
44121  -10.320  -43.052  82.108 0.0000000000
123016  -9.628  -43.134  82.643 0.0000000000
44107  -8.336  -42.717  83.066 0.0000000000
44095  -8.703  -42.902  83.893 0.0000000000
44081  -9.329  -43.394  85.809 0.0000000000
55938  -35.243  -30.304  61.054 0.0000000000
146076  -36.082  -30.296  62.440 0.0000000000
56835  -34.964  -29.236  60.548 0.0000000000
57824  -35.339  -28.605  60.599 0.0000000000
58814  -36.116  -28.126  60.564 0.0000000000
144262  -36.057  -28.711  60.543 0.0000000000
57815  -36.809  -28.272  61.768 0.0000000000
145041  -36.206  -26.849  60.836 0.0000000000
58801  -37.089  -27.366  61.990 0.0000000000
59792  -36.663  -26.616  61.542 0.0000000000
59793  -37.145  -26.376  62.377 0.0000000000
63739  -31.692  -23.237  62.620 0.0000000000
62832  -31.753  -24.381  62.340 0.0000000000
61872  -31.614  -24.726  61.253 0.0000000000
63758  -31.397  -22.378  59.900 0.0000000000
147095  -31.680  -22.270  60.928 0.0000000000
62862  -31.259  -23.355  59.816 0.0000000000
60878  -32.115  -24.773  59.480 0.0000000000
60862  -32.339  -25.359  59.968 0.0000000000
60880  -33.672  -25.274  59.711 0.0000000000
61884  -35.595  -23.998  60.394 0.0000000000
61873  -36.409  -24.571  61.513 0.0000000000
62865  -36.443  -23.492  60.367 0.0000000000
62903  -34.933  -23.649  58.740 0.0000000000
61902  -37.551  -23.899  59.274 0.0000000000
60898  -38.809  -25.547  58.139 0.0000000000
60913  -39.433  -25.910  57.546 0.0000000000
59910  -37.862  -26.368  55.157 0.0000000000
59899  -38.359  -26.271  55.370 0.0000000000
59911  -38.307  -26.269  54.796 0.0000000000
61976  -35.847  -24.423  54.628 0.0000000000
143778  -35.873  -23.796  54.424 0.0000000000
62970  -37.827  -24.060  53.521 0.0000000000
137702  -38.457  -24.057  53.035 0.0000000000
62960  -37.959  -23.379  53.870 0.0000000000
63870  -38.500  -22.929  53.532 0.0000000000
48110  -22.207  -38.498  69.192 0.0000000000
127267  -22.996  -38.696  69.210 0.0000000000
48097  -24.358  -39.180  69.807 0.0000000000
47134  -25.259  -39.583  70.958 0.0000000000
48128  -26.249  -38.740  68.395 0.0000000000
48114  -26.677  -38.810  69.021 0.0000000000
50152  -28.645  -37.066  65.866 0.0000000000
46092  -10.771  -40.102  79.685 0.0000000000
48028  -12.476  -38.775  78.439 0.0000000000
47037  -12.087  -39.554  78.074 0.0000000000
45193  -12.367  -41.370  78.164 0.0000000000
45173  -11.359  -41.454  79.126 0.0000000000
47064  -15.098  -39.204  74.935 0.0000000000
47063  -14.459  -38.955  75.542 0.0000000000
44055  -5.459  -42.295  87.661 0.0000000000
44042  -6.084  -42.192  87.875 0.0000000000
44041  -5.406  -42.019  87.817 0.0000000000
142846  -5.267  -41.903  87.789 0.0000000000
124311  -5.065  -41.551  86.971 0.0000000000
47114  -21.752  -40.314  72.017 0.0000000000
47131  -22.749  -39.737  71.231 0.0000000000
53984  -32.801  -32.455  64.333 0.0000000000
50121  -19.521  -36.566  70.465 0.0000000000
47128  -19.629  -39.131  71.432 0.0000000000
56756  -32.160  -29.221  66.756 0.0000000000
64857  -38.779  -21.688  52.499 0.0000000000
65820  -38.850  -20.169  52.584 0.0000000000
71748  -42.684  -14.698  49.978 0.0000000000
71761  -43.299  -14.201  49.510 0.0000000000
70839  -44.008  -15.224  48.348 0.0000000000
71768  -44.318  -14.532  48.159 0.0000000000
136131  -44.642  -13.832  47.962 0.0000000000
72682  -44.942  -13.044  47.837 0.0000000000
73655  -44.931  -12.630  48.218 0.0000000000
60828  -33.824  -25.908  63.862 0.0000000000
64762  -33.097  -21.091  57.461 0.0000000000
64785  -34.564  -21.025  55.531 0.0000000000
49173  -26.901  -37.242  65.492 0.0000000000
73715  -49.882  -12.023  43.742 0.0000000000
45077  -7.858  -42.266  86.240 0.0000000000
45067  -7.569  -42.240  87.314 0.0000000000
45058  -7.508  -42.392  88.017 0.0000000000
57803  -37.854  -28.128  64.284 0.0000000000
53058  -29.128  -32.809  65.083 0.0000000000
52131  -29.293  -33.870  65.423 0.0000000000
50106  -17.966  -36.437  71.877 0.0000000000
51109  -17.518  -35.772  73.033 0.0000000000
51108  -17.090  -35.663  73.568 0.0000000000
50096  -16.497  -36.336  73.572 0.0000000000
49096  -16.027  -37.264  73.609 0.0000000000
46152  -20.382  -41.161  73.879 0.0000000000
55025  -32.702  -31.561  61.682 0.0000000000
51189  -22.677  -35.883  67.288 0.0000000000
51191  -24.165  -34.932  67.362 0.0000000000
51192  -24.916  -34.728  67.084 0.0000000000
51203  -25.321  -35.278  66.176 0.0000000000
53042  -26.329  -34.155  65.959 0.0000000000
143146  -27.536  -27.626  68.396 0.0000000000
56755  -27.031  -29.020  67.115 0.0000000000
54975  -26.680  -30.530  66.502 0.0000000000
54974  -26.450  -31.394  66.063 0.0000000000
131286  -26.405  -30.663  65.775 0.0000000000
54989  -26.317  -31.077  65.305 0.0000000000
55000  -26.437  -31.197  64.728 0.0000000000
55902  -26.763  -30.420  64.441 0.0000000000
56795  -27.330  -29.642  64.128 0.0000000000
56797  -30.206  -28.806  64.082 0.0000000000
56811  -29.533  -29.265  63.217 0.0000000000
55022  -30.449  -30.960  62.658 0.0000000000
55013  -30.687  -31.559  62.900 0.0000000000
60944  -40.782  -25.415  55.460 0.0000000000
60958  -40.782  -25.251  54.789 0.0000000000
61980  -41.497  -24.553  54.621 0.0000000000
63883  -41.344  -22.469  52.589 0.0000000000
63884  -42.063  -22.105  52.713 0.0000000000
144717  -40.010  -17.237  53.312 0.0000000000
67813  -39.612  -17.856  53.104 0.0000000000
68805  -39.934  -17.198  53.068 0.0000000000
68818  -40.395  -17.382  52.268 0.0000000000
68834  -42.799  -16.978  50.207 0.0000000000
144105  -42.797  -17.350  50.636 0.0000000000
137467  -43.343  -17.487  50.462 0.0000000000
68822  -43.843  -18.008  50.991 0.0000000000
67843  -44.331  -18.548  51.513 0.0000000000
141256  -46.114  -18.797  51.700 0.0000000000
73675  -47.678  -12.409  46.720 0.0000000000
132109  -47.068  -11.675  46.591 0.0000000000
46077  -9.689  -40.223  80.657 0.0000000000
45137  -9.337  -42.005  81.179 0.0000000000
141989  -9.666  -43.489  84.159 0.0000000000
55032  -33.701  -31.060  61.232 0.0000000000
55927  -34.765  -30.957  61.517 0.0000000000
58812  -34.985  -27.859  60.802 0.0000000000
58813  -35.633  -27.785  60.528 0.0000000000
59822  -35.768  -26.595  60.360 0.0000000000
62880  -31.457  -23.474  58.942 0.0000000000
62864  -35.843  -23.650  60.183 0.0000000000
62930  -34.350  -23.539  56.543 0.0000000000
62919  -35.481  -23.943  57.990 0.0000000000
61920  -38.229  -24.773  58.667 0.0000000000
60927  -38.241  -25.966  56.507 0.0000000000
60926  -37.413  -25.887  56.143 0.0000000000
60942  -37.312  -26.134  55.325 0.0000000000
60941  -36.753  -25.732  54.880 0.0000000000
143888  -36.430  -22.591  54.873 0.0000000000
48125  -23.341  -38.493  68.398 0.0000000000
48112  -24.878  -38.967  69.234 0.0000000000
46103  -12.565  -40.925  77.601 0.0000000000
45175  -12.975  -42.121  78.695 0.0000000000
46124  -16.355  -41.206  75.842 0.0000000000
46114  -16.889  -41.462  76.709 0.0000000000
55905  -36.990  -29.914  64.780 0.0000000000
141756  -36.853  -29.795  64.022 0.0000000000
45248  -22.663  -41.837  74.489 0.0000000000
46154  -23.076  -41.400  73.760 0.0000000000
46170  -23.595  -40.890  73.237 0.0000000000
46183  -22.534  -40.530  72.288 0.0000000000
46184  -23.354  -40.576  72.517 0.0000000000
53963  -30.343  -32.353  65.924 0.0000000000
51143  -18.494  -35.810  71.624 0.0000000000
50115  -18.986  -36.336  70.958 0.0000000000
49106  -17.765  -37.352  72.141 0.0000000000
48056  -17.916  -38.962  72.680 0.0000000000
47095  -19.817  -40.287  72.709 0.0000000000
126208  -21.039  -41.227  73.522 0.0000000000
56814  -32.289  -29.971  63.206 0.0000000000
133278  -31.926  -29.693  63.974 0.0000000000
58739  -28.137  -27.082  67.295 0.0000000000
58755  -28.175  -27.092  66.422 0.0000000000
58784  -27.649  -27.468  65.081 0.0000000000
142201  -29.047  -27.582  65.224 0.0000000000
57786  -29.676  -28.023  64.686 0.0000000000
57787  -30.514  -28.419  65.264 0.0000000000
56798  -31.003  -29.485  64.064 0.0000000000
61990  -39.514  -24.560  53.138 0.0000000000
140671  -39.727  -23.980  52.791 0.0000000000
124677  -40.433  -22.873  52.410 0.0000000000
63882  -39.661  -22.372  52.021 0.0000000000
64859  -40.518  -22.085  52.065 0.0000000000
65835  -41.168  -20.788  51.870 0.0000000000
70796  -41.496  -15.691  52.549 0.0000000000
70813  -41.948  -15.308  51.781 0.0000000000
70812  -41.809  -15.833  50.991 0.0000000000
69818  -42.840  -16.465  49.743 0.0000000000
68854  -45.575  -17.369  49.467 0.0000000000
69847  -46.420  -16.363  48.435 0.0000000000
144484  -45.224  -15.585  47.971 0.0000000000
70841  -45.959  -15.686  47.978 0.0000000000
70842  -46.841  -15.767  48.061 0.0000000000
141463  -46.026  -12.820  47.198 0.0000000000
74614  -46.299  -11.228  46.811 0.0000000000
44141  -10.819  -42.366  80.337 0.0000000000
44132  -11.465  -42.907  80.770 0.0000000000
57814  -34.565  -28.367  61.572 0.0000000000
146014  -34.559  -29.027  60.788 0.0000000000
64722  -31.849  -21.504  59.528 0.0000000000
65740  -32.520  -20.685  59.229 0.0000000000
63771  -31.496  -22.258  58.965 0.0000000000
63770  -31.533  -22.855  58.724 0.0000000000
62901  -32.970  -23.191  58.080 0.0000000000
62917  -33.720  -23.247  57.341 0.0000000000
61961  -35.433  -24.365  55.264 0.0000000000
146112  -35.103  -23.797  55.162 0.0000000000
146962  -35.069  -22.966  54.727 0.0000000000
63834  -35.377  -22.350  54.800 0.0000000000
64811  -35.874  -21.677  55.362 0.0000000000
49145  -24.947  -37.938  66.672 0.0000000000
48140  -25.507  -38.333  67.347 0.0000000000
48141  -26.314  -38.504  67.627 0.0000000000
48142  -27.235  -38.605  67.647 0.0000000000
48033  -12.599  -39.065  77.667 0.0000000000
48034  -13.092  -38.616  77.423 0.0000000000
45225  -18.965  -41.849  76.524 0.0000000000
45105  -7.285  -41.507  83.229 0.0000000000
137857  -6.872  -40.958  83.848 0.0000000000
46032  -6.423  -40.640  85.110 0.0000000000
143445  -7.173  -41.711  85.672 0.0000000000
45087  -6.544  -41.157  85.747 0.0000000000
46031  -5.919  -40.416  85.849 0.0000000000
139439  -40.877  -18.273  54.443 0.0000000000
68807  -40.516  -16.930  53.751 0.0000000000
135400  -41.670  -16.026  53.928 0.0000000000
59779  -37.600  -26.190  63.088 0.0000000000
51222  -28.238  -35.299  64.079 0.0000000000
51214  -28.577  -35.747  64.781 0.0000000000
126320  -30.514  -32.812  66.640 0.0000000000
133995  -15.431  -36.190  75.765 0.0000000000
49074  -14.771  -37.122  75.538 0.0000000000
47065  -15.887  -39.895  74.706 0.0000000000
47078  -17.984  -39.906  73.888 0.0000000000
46150  -18.302  -40.589  74.267 0.0000000000
46137  -18.284  -41.052  74.974 0.0000000000
55005  -34.573  -31.789  64.116 0.0000000000
55015  -33.867  -32.036  63.337 0.0000000000
143840  -33.906  -31.778  62.599 0.0000000000
55031  -32.913  -31.197  61.138 0.0000000000
56801  -34.238  -29.157  63.995 0.0000000000
141336  -33.788  -29.414  63.279 0.0000000000
58794  -35.098  -26.867  63.953 0.0000000000
49120  -20.660  -38.122  69.866 0.0000000000
49133  -21.974  -37.477  68.049 0.0000000000
49134  -22.797  -37.733  67.728 0.0000000000
143856  -22.853  -35.216  67.688 0.0000000000
49160  -23.611  -37.131  66.366 0.0000000000
49172  -25.942  -37.082  65.602 0.0000000000
50171  -27.162  -35.992  64.486 0.0000000000
51221  -27.647  -35.414  64.086 0.0000000000
137718  -26.531  -33.235  67.759 0.0000000000
124259  -26.429  -33.237  65.511 0.0000000000
52141  -26.676  -34.336  64.406 0.0000000000
52142  -27.318  -34.725  64.059 0.0000000000
51227  -27.962  -34.777  63.813 0.0000000000
53071  -28.290  -33.462  64.096 0.0000000000
134619  -28.430  -32.433  64.374 0.0000000000
57798  -27.479  -28.047  64.490 0.0000000000
56796  -27.822  -28.879  63.853 0.0000000000
55911  -28.131  -29.698  63.544 0.0000000000
55010  -28.448  -30.449  63.575 0.0000000000
53981  -30.270  -31.866  64.721 0.0000000000
53997  -31.268  -32.063  63.151 0.0000000000
51159  -20.290  -35.446  70.381 0.0000000000
49125  -20.260  -37.293  69.818 0.0000000000
127472  -41.190  -25.248  56.156 0.0000000000
61992  -41.236  -24.167  53.824 0.0000000000
62961  -41.787  -23.828  54.238 0.0000000000
66824  -39.189  -19.522  53.283 0.0000000000
66823  -38.897  -19.604  52.948 0.0000000000
66837  -39.152  -19.461  52.522 0.0000000000
67823  -39.571  -18.488  52.528 0.0000000000
66850  -39.510  -19.377  51.985 0.0000000000
65833  -39.645  -20.073  51.701 0.0000000000
139289  -41.015  -20.075  51.697 0.0000000000
65836  -41.819  -20.192  52.054 0.0000000000
69802  -41.101  -16.298  52.409 0.0000000000
68819  -41.180  -17.423  51.746 0.0000000000
68820  -41.881  -17.704  51.289 0.0000000000
134451  -41.453  -18.298  51.634 0.0000000000
125859  -41.983  -18.902  51.691 0.0000000000
66853  -42.470  -19.560  52.003 0.0000000000
65825  -44.442  -20.301  52.774 0.0000000000
67825  -44.625  -19.113  52.018 0.0000000000
73702  -49.721  -12.252  44.486 0.0000000000
74621  -48.733  -11.681  44.985 0.0000000000
74629  -49.086  -11.621  44.154 0.0000000000
74636  -48.811  -11.037  43.934 0.0000000000
75527  -49.036  -9.781  44.201 0.0000000000
76388  -49.022  -9.100  44.860 0.0000000000
46054  -7.908  -40.030  82.285 0.0000000000
45119  -7.430  -41.021  82.462 0.0000000000
45121  -8.821  -42.183  81.772 0.0000000000
143395  -8.318  -41.902  82.024 0.0000000000
45120  -7.858  -41.958  82.601 0.0000000000
44080  -8.441  -42.828  85.487 0.0000000000
44096  -8.968  -43.304  84.830 0.0000000000
55918  -36.346  -30.085  63.390 0.0000000000
56817  -36.999  -29.460  63.361 0.0000000000
56831  -35.760  -29.664  60.761 0.0000000000
134478  -36.118  -29.099  60.668 0.0000000000
140208  -37.363  -28.945  63.527 0.0000000000
134102  -37.577  -27.593  63.274 0.0000000000
61858  -32.145  -25.180  62.973 0.0000000000
136285  -31.974  -24.033  63.555 0.0000000000
60852  -32.724  -26.065  61.150 0.0000000000
61871  -31.278  -24.043  60.577 0.0000000000
60866  -35.611  -25.765  60.225 0.0000000000
60865  -35.281  -25.150  59.891 0.0000000000
60843  -37.291  -25.088  62.682 0.0000000000
60929  -39.955  -25.890  56.857 0.0000000000
60928  -39.538  -25.961  55.987 0.0000000000
59912  -39.061  -25.867  54.346 0.0000000000
60968  -38.484  -25.430  53.685 0.0000000000
61962  -36.031  -25.168  55.062 0.0000000000
62958  -36.392  -24.209  54.183 0.0000000000
124099  -37.106  -25.474  54.359 0.0000000000
60967  -37.729  -25.509  53.946 0.0000000000
61989  -38.761  -24.698  53.198 0.0000000000
128916  -39.189  -21.754  53.686 0.0000000000
47147  -23.206  -39.447  70.598 0.0000000000
48096  -23.561  -39.107  69.913 0.0000000000
47133  -24.551  -39.809  71.533 0.0000000000
48098  -25.621  -39.038  69.674 0.0000000000
143837  -26.288  -38.964  69.628 0.0000000000
48082  -26.026  -39.289  70.376 0.0000000000
47135  -26.144  -39.571  71.355 0.0000000000
47023  -10.426  -39.681  80.393 0.0000000000
46093  -11.212  -40.528  79.084 0.0000000000
45155  -11.075  -41.898  79.764 0.0000000000
44143  -12.150  -42.859  80.119 0.0000000000
47054  -14.276  -39.726  76.031 0.0000000000
46112  -14.366  -41.235  76.773 0.0000000000
45209  -14.744  -41.899  77.424 0.0000000000
46115  -17.513  -41.729  77.262 0.0000000000
137846  -15.701  -41.981  77.746 0.0000000000
45196  -15.103  -42.345  78.256 0.0000000000
75543  -50.690  -10.469  42.755 0.0000000000
45057  -6.582  -42.191  87.917 0.0000000000
46014  -5.389  -41.464  87.410 0.0000000000
44065  -5.084  -42.092  87.135 0.0000000000
126085  -4.444  -41.566  86.613 0.0000000000
52152  -27.685  -34.289  63.882 0.0000000000
52153  -28.044  -34.184  63.798 0.0000000000
55881  -26.458  -29.956  65.917 0.0000000000
55882  -26.783  -29.773  66.613 0.0000000000
56782  -26.565  -29.294  65.317 0.0000000000
58772  -27.583  -27.499  65.929 0.0000000000
58773  -28.231  -27.195  65.508 0.0000000000
59883  -38.705  -26.127  55.940 0.0000000000
62943  -34.796  -23.322  55.026 0.0000000000
68833  -42.247  -17.086  50.793 0.0000000000
69830  -42.609  -15.914  49.693 0.0000000000
132110  -27.279  -29.470  67.893 0.0000000000
139629  -41.463  -18.847  51.676 0.0000000000
147248  -26.770  -38.935  69.572 0.0000000000
