#!ascii label  , from subject sub-v1s7x0051326_ses-1 vox2ras=TkReg
878
22005  -35.452  -66.140  1.444 0.5000000000
144021  -34.493  -67.070  -0.134 0.8000000119
21054  -35.514  -67.713  -3.984 0.8000000119
21044  -35.177  -67.613  -2.385 0.8000000119
21030  -34.946  -66.874  -0.949 0.8000000119
20999  -36.431  -66.628  2.282 0.5000000000
22020  -34.862  -66.512  0.172 0.5000000000
22029  -35.524  -66.111  -0.376 0.6000000238
22055  -34.638  -66.823  -4.846 0.6999999881
21064  -35.551  -67.130  -4.857 0.6999999881
22042  -35.718  -67.036  -2.039 0.8000000119
148092  -35.761  -66.453  -1.374 0.6999999881
21000  -37.357  -67.164  1.748 0.6000000238
145533  -36.817  -66.231  1.648 0.5000000000
23060  -36.688  -65.677  1.043 0.6000000238
21053  -32.344  -67.334  -3.941 0.6999999881
22021  -35.433  -65.977  0.612 0.6000000238
23070  -36.651  -65.366  0.265 0.6000000238
22054  -33.520  -67.070  -4.434 0.6999999881
21061  -33.147  -68.004  -5.357 0.6999999881
21055  -36.027  -66.848  -4.439 0.6999999881
23083  -36.071  -65.513  0.067 0.6000000238
141236  -36.774  -65.289  -0.633 0.6000000238
22052  -36.616  -66.219  -3.838 0.8000000119
22043  -36.267  -66.368  -2.433 0.8000000119
23100  -36.403  -65.605  -1.249 0.6999999881
21016  -38.083  -67.177  0.850 0.4000000060
22007  -37.442  -66.234  1.057 0.6000000238
22041  -31.873  -66.259  -2.058 0.6999999881
23072  -38.491  -65.122  -0.560 0.6000000238
22050  -32.748  -66.527  -2.867 0.6999999881
22051  -33.957  -66.325  -3.670 0.6999999881
22056  -35.504  -66.650  -4.743 0.6999999881
22057  -36.172  -66.377  -4.355 0.6999999881
138204  -36.642  -66.036  -4.224 0.6000000238
22044  -37.027  -65.551  -2.972 0.6999999881
25252  -37.864  -63.827  -1.819 0.5000000000
23109  -36.061  -65.863  -4.361 0.6000000238
23110  -36.916  -65.516  -4.060 0.6000000238
23111  -37.352  -64.997  -3.853 0.6000000238
24180  -37.491  -64.589  -3.353 0.6000000238
24176  -37.289  -64.056  -3.002 0.6000000238
25244  -37.066  -63.009  -0.988 0.5000000000
21031  -39.031  -67.293  -0.055 0.4000000060
23081  -31.026  -65.204  -0.798 0.6999999881
22022  -38.367  -66.108  0.283 0.6000000238
23103  -33.490  -65.830  -2.418 0.6999999881
23085  -38.201  -64.286  -1.546 0.6000000238
23104  -34.394  -65.708  -3.279 0.6999999881
141244  -38.716  -64.029  -1.359 0.5000000000
25246  -38.531  -63.799  -1.332 0.6000000238
23105  -35.358  -65.407  -3.690 0.6999999881
24178  -36.496  -64.426  -3.261 0.6000000238
25251  -37.526  -63.733  -1.984 0.5000000000
25229  -38.422  -63.402  -0.772 0.5000000000
25250  -36.697  -63.565  -1.851 0.5000000000
25248  -28.670  -63.831  -1.147 0.6000000238
25237  -29.616  -63.655  -0.737 0.6000000238
21033  -40.733  -67.642  -2.007 0.5000000000
21032  -40.180  -66.993  -0.925 0.5000000000
23080  -30.024  -64.931  -0.831 0.6999999881
23095  -30.487  -65.613  -1.249 0.6999999881
22031  -40.143  -65.396  -0.945 0.5000000000
146694  -40.477  -65.335  -0.876 0.4000000060
23096  -31.436  -65.911  -1.230 0.6999999881
23088  -40.157  -64.728  -0.867 0.5000000000
23097  -32.446  -65.908  -1.688 0.6999999881
23098  -33.126  -65.306  -1.158 0.6999999881
24168  -39.742  -64.458  -0.783 0.5000000000
24174  -34.102  -64.740  -1.388 0.6999999881
24175  -35.256  -64.431  -2.132 0.6000000238
25231  -39.213  -63.860  -0.696 0.5000000000
25249  -35.595  -63.812  -1.440 0.6000000238
25230  -38.769  -63.509  -0.138 0.5000000000
25243  -35.980  -63.320  -0.768 0.5000000000
26311  -37.261  -62.897  0.459 0.5000000000
26310  -36.907  -62.754  0.003 0.5000000000
26295  -36.834  -63.059  1.731 0.3000000119
22009  -41.497  -66.411  0.001 0.3000000119
128532  -28.315  -63.055  -1.353 0.6000000238
145743  -28.986  -63.357  -1.026 0.6000000238
22024  -41.131  -66.633  -1.169 0.4000000060
22023  -40.702  -65.640  -0.691 0.4000000060
25239  -31.125  -63.247  -0.565 0.6000000238
24153  -40.159  -64.632  -0.536 0.5000000000
145745  -31.605  -64.777  -0.560 0.6999999881
24163  -32.428  -64.729  -0.506 0.6999999881
24152  -39.841  -64.236  0.030 0.5000000000
25213  -39.255  -63.846  0.323 0.5000000000
24165  -34.488  -64.209  -0.965 0.5000000000
25212  -38.504  -63.619  0.806 0.4000000060
129158  -37.676  -63.390  1.268 0.3000000119
25202  -37.523  -63.446  2.334 0.4000000060
134420  -36.531  -62.745  0.942 0.5000000000
26320  -28.561  -62.351  -1.288 0.6000000238
27290  -29.664  -61.908  -0.926 0.6000000238
26313  -29.420  -62.907  -0.840 0.6000000238
26314  -30.461  -62.570  -0.639 0.6000000238
26315  -31.385  -62.418  -0.479 0.6000000238
23061  -40.200  -64.766  0.964 0.3000000119
24146  -40.139  -64.544  0.249 0.4000000060
24162  -31.754  -64.019  -0.434 0.6000000238
23047  -39.907  -64.924  2.043 0.3000000119
25240  -32.716  -63.800  -0.253 0.6000000238
24164  -33.417  -64.514  -0.604 0.6999999881
24139  -39.331  -64.466  2.009 0.3000000119
24145  -39.697  -64.374  0.995 0.3000000119
128229  -38.256  -63.684  2.982 0.3000000119
24144  -38.987  -64.043  1.422 0.3000000119
135231  -33.635  -62.816  0.524 0.5000000000
25241  -33.773  -63.855  -0.203 0.5000000000
25226  -34.137  -63.342  0.292 0.5000000000
25190  -37.846  -63.010  3.257 0.3000000119
25227  -35.163  -63.258  0.255 0.5000000000
26309  -35.447  -62.812  0.872 0.5000000000
26279  -37.095  -62.763  2.835 0.3000000119
128573  -34.787  -62.178  1.494 0.5000000000
26278  -36.376  -62.448  2.535 0.4000000060
26261  -36.808  -62.026  3.337 0.3000000119
27295  -28.725  -61.794  -1.232 0.5000000000
127719  -29.390  -61.141  -0.870 0.6000000238
132425  -30.415  -61.237  -0.640 0.5000000000
26316  -32.180  -62.295  -0.081 0.6000000238
27293  -32.202  -61.334  -0.130 0.5000000000
25191  -38.409  -63.463  4.013 0.3000000119
25224  -32.563  -63.039  0.026 0.6000000238
27239  -38.875  -61.980  4.944 0.3000000119
26263  -38.081  -62.791  3.939 0.3000000119
26306  -32.956  -62.563  0.334 0.6000000238
145843  -34.148  -62.160  1.225 0.5000000000
28174  -35.107  -60.282  3.086 0.5000000000
26277  -35.781  -62.114  2.283 0.4000000060
28160  -35.993  -60.634  3.492 0.4000000060
130982  -29.709  -60.346  -0.456 0.5000000000
28191  -30.266  -60.703  -0.547 0.5000000000
29139  -31.556  -60.099  -0.499 0.5000000000
146305  -31.211  -61.192  -0.550 0.5000000000
28193  -31.814  -60.718  -0.464 0.5000000000
130751  -38.407  -62.241  5.879 0.3000000119
27221  -38.931  -61.403  5.168 0.3000000119
131370  -32.652  -61.099  0.381 0.6000000238
27285  -32.767  -61.810  0.413 0.6000000238
28184  -33.491  -60.712  1.534 0.5000000000
140064  -34.698  -60.784  2.576 0.5000000000
27247  -36.639  -61.293  3.582 0.4000000060
138614  -37.415  -59.567  3.659 0.4000000060
29138  -30.739  -59.988  -0.436 0.5000000000
30009  -31.680  -59.281  -0.524 0.5000000000
136756  -32.439  -58.888  -0.521 0.5000000000
26216  -38.452  -62.872  6.741 0.4000000060
128609  -38.208  -61.440  6.264 0.4000000060
28186  -32.375  -60.474  -0.102 0.5000000000
29134  -33.059  -59.674  0.802 0.5000000000
28137  -38.658  -60.760  5.522 0.4000000060
28138  -39.290  -60.645  4.842 0.3000000119
126546  -33.062  -58.915  0.437 0.4000000060
27222  -39.103  -60.976  4.791 0.3000000119
28187  -32.957  -60.428  0.718 0.5000000000
28172  -33.590  -60.033  2.116 0.4000000060
29106  -36.460  -59.313  3.622 0.4000000060
30005  -31.459  -58.514  -0.399 0.5000000000
30916  -32.236  -57.928  -0.665 0.5000000000
30010  -32.716  -58.095  -0.679 0.5000000000
146421  -38.048  -61.108  6.847 0.4000000060
30006  -32.869  -58.459  -0.420 0.5000000000
29085  -38.392  -59.951  5.694 0.4000000060
29948  -39.251  -59.349  5.132 0.4000000060
130840  -33.213  -58.139  -0.046 0.4000000060
126942  -39.781  -60.183  4.409 0.4000000060
29981  -33.491  -58.319  2.409 0.4000000060
29115  -33.845  -59.289  2.633 0.4000000060
29970  -35.087  -58.167  3.205 0.4000000060
29104  -35.079  -58.863  3.347 0.4000000060
29972  -37.123  -58.880  3.338 0.4000000060
29973  -38.369  -59.367  3.299 0.4000000060
30915  -31.258  -57.684  -0.027 0.5000000000
128525  -32.146  -57.102  -0.458 0.4000000060
29074  -37.763  -59.695  6.491 0.4000000060
29938  -38.037  -59.019  5.924 0.4000000060
30923  -32.857  -57.390  -0.836 0.5000000000
30917  -33.394  -57.018  -0.649 0.4000000060
29995  -33.220  -58.166  1.348 0.4000000060
29949  -39.729  -58.839  4.573 0.4000000060
146781  -34.031  -57.085  2.198 0.4000000060
128616  -34.124  -57.754  2.706 0.4000000060
29119  -40.119  -59.696  3.078 0.3000000119
147350  -36.896  -58.374  3.024 0.4000000060
146059  -32.742  -55.909  -0.418 0.4000000060
32851  -33.057  -55.844  -0.547 0.5000000000
31888  -33.285  -56.464  -0.676 0.4000000060
125533  -38.416  -58.193  5.752 0.4000000060
31879  -33.735  -56.513  -0.183 0.4000000060
125077  -33.508  -57.325  0.320 0.4000000060
32829  -35.102  -55.309  0.422 0.4000000060
31857  -33.872  -56.550  1.330 0.4000000060
31858  -34.586  -56.549  1.964 0.4000000060
31859  -35.519  -56.772  2.236 0.4000000060
30888  -35.739  -57.600  2.788 0.4000000060
29982  -36.747  -57.793  2.689 0.4000000060
29985  -39.935  -59.178  2.531 0.4000000060
29983  -37.714  -58.362  2.810 0.4000000060
30898  -39.537  -58.288  2.021 0.4000000060
132830  -33.233  -55.202  -0.276 0.4000000060
32841  -33.637  -55.728  -0.240 0.4000000060
32842  -34.537  -55.093  0.197 0.4000000060
31870  -35.391  -55.964  1.448 0.4000000060
125783  -36.389  -56.269  1.709 0.4000000060
31861  -37.041  -57.017  2.127 0.4000000060
31871  -37.370  -56.391  1.382 0.4000000060
30907  -37.925  -57.224  1.659 0.4000000060
140023  -38.964  -57.365  1.501 0.4000000060
33820  -34.435  -54.464  0.363 0.4000000060
138029  -35.126  -54.418  0.341 0.4000000060
32843  -35.621  -54.468  0.223 0.4000000060
142175  -36.792  -53.820  -0.698 0.4000000060
32830  -36.070  -55.314  0.797 0.4000000060
32845  -37.237  -54.774  -0.057 0.4000000060
32831  -36.881  -55.474  0.880 0.4000000060
31881  -37.733  -55.814  0.497 0.4000000060
31882  -38.705  -56.302  0.001 0.4000000060
30909  -40.690  -58.209  1.109 0.3000000119
30908  -39.272  -56.970  0.626 0.4000000060
134184  -39.918  -57.819  1.238 0.4000000060
34776  -34.318  -53.961  0.732 0.4000000060
34777  -35.082  -53.862  0.516 0.4000000060
34767  -36.152  -53.261  0.376 0.4000000060
33821  -35.655  -53.942  0.179 0.4000000060
33823  -36.902  -53.153  -0.939 0.4000000060
32846  -38.200  -55.280  -0.476 0.4000000060
32847  -39.213  -55.915  -0.631 0.4000000060
29987  -41.498  -58.490  1.679 0.4000000060
29997  -41.230  -58.555  1.529 0.3000000119
146840  -39.463  -56.679  -0.157 0.4000000060
30918  -40.157  -57.378  0.342 0.5000000000
30919  -41.193  -58.064  0.601 0.4000000060
31883  -40.010  -56.771  -0.520 0.5000000000
34757  -36.584  -53.035  1.423 0.4000000060
34768  -36.900  -53.041  0.292 0.4000000060
34779  -36.621  -53.139  -0.529 0.4000000060
34769  -37.795  -53.128  0.169 0.4000000060
34780  -37.036  -52.925  -0.965 0.4000000060
31889  -39.980  -56.134  -0.997 0.4000000060
31884  -40.648  -57.363  -0.166 0.5000000000
136781  -37.036  -52.758  2.259 0.4000000060
35766  -37.770  -52.905  1.418 0.4000000060
31890  -40.900  -57.057  -0.827 0.5000000000
35749  -37.074  -52.270  2.983 0.4000000060
35758  -38.389  -52.378  2.217 0.4000000060
35767  -38.595  -52.941  1.402 0.4000000060
31894  -41.466  -56.718  -1.175 0.5000000000
37533  -38.466  -50.563  2.986 0.4000000060
36727  -37.943  -51.826  2.828 0.4000000060
141980  -38.851  -51.284  2.471 0.4000000060
36733  -39.706  -51.477  1.889 0.4000000060
36734  -40.437  -51.191  1.528 0.5000000000
36719  -37.371  -51.326  3.397 0.4000000060
26293  -35.258  -61.929  2.042 0.5000000000
27264  -35.340  -61.248  2.737 0.5000000000
28161  -36.959  -60.638  3.882 0.4000000060
21988  -35.388  -66.507  2.297 0.5000000000
20071  -34.797  -68.292  -3.280 0.8000000119
20086  -34.735  -68.289  -5.195 0.8000000119
21066  -33.515  -68.595  -5.630 0.6999999881
20016  -37.557  -68.175  2.248 0.5000000000
20047  -38.683  -68.782  0.424 0.5000000000
21052  -31.221  -67.467  -3.456 0.6999999881
140434  -39.561  -68.261  -0.918 0.4000000060
21001  -38.086  -68.195  1.189 0.4000000060
22040  -31.031  -66.129  -1.954 0.6999999881
24160  -29.605  -64.273  -0.799 0.6999999881
20072  -40.094  -68.517  -1.938 0.4000000060
21034  -41.295  -67.632  -2.122 0.4000000060
24173  -27.765  -64.254  -1.336 0.6000000238
27294  -27.794  -62.205  -1.271 0.6000000238
27289  -28.166  -61.422  -0.904 0.5000000000
132595  -29.993  -59.643  -0.266 0.5000000000
30004  -30.402  -58.329  0.140 0.4000000060
31878  -32.041  -56.048  0.072 0.4000000060
32839  -31.736  -55.024  0.600 0.4000000060
32840  -32.618  -55.258  -0.016 0.4000000060
33817  -32.272  -54.574  0.591 0.4000000060
127585  -33.805  -53.794  1.285 0.4000000060
34765  -34.659  -53.582  1.099 0.4000000060
34755  -35.173  -53.372  1.805 0.4000000060
35755  -35.696  -53.002  2.645 0.4000000060
130153  -36.163  -52.393  3.211 0.4000000060
37532  -37.801  -50.400  3.443 0.4000000060
20058  -34.371  -67.692  -0.915 0.8000000119
21045  -35.926  -67.029  -3.243 0.8000000119
21067  -34.483  -68.118  -5.345 0.6999999881
23108  -35.088  -66.096  -4.319 0.6999999881
23071  -37.510  -65.436  0.332 0.6000000238
23101  -37.444  -64.784  -2.052 0.6999999881
22053  -37.060  -65.388  -4.017 0.6999999881
23086  -39.101  -64.577  -0.833 0.6000000238
23102  -37.679  -64.292  -2.763 0.6000000238
23107  -37.508  -64.804  -3.511 0.6000000238
24167  -39.272  -64.185  -1.003 0.5000000000
25238  -30.268  -63.300  -0.610 0.6000000238
145868  -40.999  -67.056  -1.582 0.5000000000
22032  -40.701  -66.189  -0.970 0.5000000000
23062  -40.507  -65.016  0.084 0.3000000119
146844  -36.260  -62.791  0.652 0.5000000000
27292  -31.636  -61.585  -0.419 0.6000000238
26292  -33.960  -61.553  1.525 0.5000000000
26294  -35.753  -62.538  1.451 0.5000000000
29117  -35.633  -59.556  3.497 0.4000000060
129933  -34.354  -60.097  2.618 0.4000000060
29107  -38.297  -60.204  3.876 0.4000000060
30897  -37.561  -57.635  2.341 0.4000000060
31860  -36.276  -57.107  2.327 0.4000000060
33819  -33.735  -54.205  0.516 0.4000000060
140302  -38.351  -56.669  0.893 0.4000000060
35759  -39.209  -52.270  1.924 0.4000000060
13669  -30.287  -74.845  -7.066 0.4000000060
13670  -31.295  -74.433  -7.088 0.4000000060
13671  -32.330  -74.193  -6.666 0.4000000060
14525  -34.087  -73.799  -5.560 0.4000000060
13655  -31.221  -75.013  -5.340 0.4000000060
14526  -33.192  -73.862  -6.153 0.4000000060
14524  -33.813  -73.577  -5.495 0.4000000060
14514  -33.876  -72.979  -4.660 0.4000000060
129649  -33.407  -73.820  -1.677 0.5000000000
131820  -31.444  -75.085  -4.306 0.4000000060
14523  -33.246  -73.474  -5.120 0.4000000060
15384  -33.627  -72.744  -3.899 0.5000000000
15360  -33.406  -72.976  -2.212 0.5000000000
16232  -33.086  -72.232  -0.309 0.6000000238
13636  -31.121  -75.269  -3.358 0.4000000060
13637  -31.955  -74.287  -4.138 0.4000000060
15383  -32.804  -72.787  -3.665 0.4000000060
147242  -33.114  -72.814  -0.608 0.5000000000
20060  -39.571  -68.994  -1.253 0.3000000119
20061  -39.987  -69.109  -1.990 0.4000000060
126496  -42.053  -67.873  -2.034 0.3000000119
15332  -32.869  -73.333  0.332 0.5000000000
19998  -37.219  -68.693  3.108 0.5000000000
130563  -38.309  -68.777  1.531 0.4000000060
15370  -30.843  -74.032  -2.361 0.4000000060
16254  -32.947  -72.289  -2.359 0.5000000000
16255  -33.135  -72.553  -2.251 0.5000000000
13616  -30.787  -75.282  -2.371 0.4000000060
13617  -31.366  -74.727  -3.145 0.4000000060
16223  -32.993  -72.496  0.810 0.6000000238
17131  -33.126  -71.581  1.854 0.6000000238
18072  -33.309  -70.715  1.845 0.6999999881
20015  -36.705  -67.957  3.050 0.5000000000
16192  -33.200  -72.061  2.572 0.6999999881
18023  -34.377  -70.436  3.932 0.6999999881
19996  -35.498  -68.447  3.713 0.6999999881
18038  -33.765  -70.400  3.356 0.6999999881
18976  -34.215  -69.525  3.634 0.6999999881
16242  -32.953  -71.976  -1.622 0.6000000238
141260  -33.091  -71.701  -0.938 0.6000000238
134925  -33.448  -70.792  0.137 0.6000000238
131236  -31.032  -73.167  -2.695 0.4000000060
16253  -31.883  -72.267  -2.416 0.5000000000
17163  -32.762  -71.187  -1.276 0.6000000238
17153  -33.212  -71.613  0.336 0.6000000238
18086  -33.560  -70.137  0.910 0.6000000238
19022  -33.466  -69.835  2.059 0.6000000238
21018  -41.837  -67.197  -0.960 0.3000000119
17143  -33.335  -71.109  1.001 0.6000000238
18975  -33.635  -69.653  2.947 0.6999999881
20968  -35.875  -67.886  3.451 0.6000000238
20982  -36.861  -67.415  2.517 0.5000000000
16252  -30.107  -72.946  -3.027 0.6000000238
17175  -30.336  -71.860  -2.836 0.6000000238
18119  -31.023  -70.928  -2.442 0.6999999881
18109  -32.787  -70.499  -1.282 0.6000000238
18098  -33.619  -70.008  -0.142 0.6000000238
17177  -32.302  -71.553  -1.782 0.6000000238
20030  -33.722  -69.163  1.404 0.6000000238
20013  -33.729  -69.001  2.392 0.6999999881
138367  -34.247  -67.688  2.340 0.6999999881
19994  -33.919  -68.918  3.122 0.6999999881
20980  -35.037  -67.077  2.923 0.6000000238
20966  -34.604  -67.600  2.944 0.6999999881
18118  -30.172  -71.063  -3.080 0.6000000238
18120  -31.851  -70.220  -1.931 0.6999999881
133206  -33.489  -69.798  -0.749 0.6000000238
147857  -34.618  -66.809  1.563 0.5000000000
19037  -33.790  -69.279  0.342 0.6999999881
20046  -33.972  -68.418  0.869 0.6999999881
20979  -34.639  -66.985  2.315 0.6000000238
19085  -33.519  -69.460  -4.865 0.6999999881
20078  -34.241  -68.844  -3.993 0.6999999881
19075  -31.376  -70.202  -3.518 0.6999999881
19077  -33.309  -69.158  -2.870 0.6000000238
20070  -33.869  -68.610  -2.442 0.5000000000
19062  -32.696  -69.646  -1.745 0.6999999881
19063  -33.443  -69.199  -1.502 0.6000000238
20045  -33.991  -68.486  -0.215 0.6999999881
21015  -34.524  -66.966  0.774 0.5000000000
19050  -33.724  -69.235  -0.589 0.6000000238
124419  -34.220  -67.670  0.306 0.6999999881
20998  -34.239  -67.509  1.476 0.6000000238
20085  -34.351  -68.799  -5.053 0.6999999881
20079  -34.906  -68.267  -4.548 0.6999999881
20091  -33.804  -68.975  -5.520 0.6999999881
127252  -34.253  -68.068  -2.017 0.6999999881
20057  -33.923  -68.487  -1.280 0.6000000238
14503  -34.113  -73.331  -2.939 0.4000000060
12708  -30.467  -75.911  -2.911 0.4000000060
14513  -33.075  -73.000  -4.285 0.4000000060
15371  -31.706  -73.137  -3.012 0.4000000060
14501  -31.140  -74.372  -2.666 0.4000000060
18977  -35.062  -69.182  3.983 0.6999999881
19995  -34.560  -68.448  3.438 0.6999999881
147280  -33.024  -71.060  -0.805 0.6000000238
18110  -33.327  -70.524  -0.580 0.6000000238
141462  -30.912  -72.418  -2.623 0.6999999881
17162  -31.954  -70.825  -1.749 0.6000000238
19076  -32.273  -69.627  -2.976 0.6999999881
18129  -30.573  -70.461  -3.849 0.5000000000
15369  -30.293  -73.367  -2.478 0.4000000060
17174  -29.451  -72.425  -3.221 0.5000000000
19083  -31.375  -70.437  -5.665 0.6000000238
15358  -29.992  -73.559  -1.307 0.4000000060
16250  -28.437  -72.569  -2.714 0.5000000000
16251  -29.271  -72.748  -3.161 0.5000000000
17190  -29.395  -71.479  -3.493 0.5000000000
18127  -29.399  -70.515  -4.166 0.5000000000
18130  -29.994  -70.333  -5.091 0.5000000000
18128  -29.868  -70.553  -3.877 0.5000000000
19084  -32.380  -70.140  -5.347 0.6000000238
19088  -32.036  -70.048  -6.100 0.5000000000
19086  -30.590  -70.201  -5.765 0.5000000000
20089  -31.826  -69.756  -6.205 0.6999999881
20088  -30.754  -70.006  -5.934 0.6000000238
21060  -31.896  -68.393  -4.950 0.6000000238
16240  -28.505  -72.535  -1.479 0.5000000000
17173  -27.513  -71.977  -3.026 0.5000000000
18126  -27.782  -70.960  -3.994 0.5000000000
19081  -27.840  -70.010  -4.083 0.5000000000
137403  -28.509  -70.587  -4.107 0.5000000000
20090  -32.761  -69.457  -5.941 0.6000000238
127309  -28.722  -69.452  -4.197 0.6000000238
20083  -30.186  -69.036  -4.534 0.5000000000
16249  -27.758  -72.212  -2.055 0.5000000000
17187  -27.113  -71.194  -3.476 0.5000000000
18117  -26.438  -70.456  -3.213 0.5000000000
18125  -26.907  -70.351  -3.689 0.5000000000
20081  -27.664  -68.799  -3.956 0.5000000000
21065  -32.718  -68.928  -5.979 0.6000000238
20082  -29.009  -68.724  -4.161 0.5000000000
21058  -29.465  -68.020  -3.848 0.6000000238
16239  -27.484  -72.015  -1.000 0.5000000000
17161  -27.120  -71.683  -2.006 0.5000000000
18108  -26.429  -70.395  -2.565 0.5000000000
19061  -26.277  -69.519  -2.208 0.5000000000
20056  -26.388  -68.510  -1.157 0.6000000238
19074  -25.979  -69.641  -3.089 0.4000000060
21029  -26.377  -67.601  -0.969 0.4000000060
20076  -25.835  -68.719  -2.692 0.5000000000
21056  -26.916  -67.942  -3.601 0.5000000000
19080  -26.661  -69.451  -3.762 0.4000000060
22027  -26.423  -66.646  -1.075 0.4000000060
142917  -26.499  -66.597  -1.427 0.5000000000
21048  -26.573  -67.551  -2.763 0.5000000000
22028  -26.670  -66.005  -0.715 0.4000000060
21049  -27.588  -67.365  -3.049 0.6000000238
21050  -28.941  -67.422  -2.934 0.6000000238
21051  -30.126  -67.546  -2.957 0.6000000238
22039  -30.066  -66.096  -1.742 0.6000000238
21047  -26.118  -67.854  -2.336 0.5000000000
23077  -26.538  -65.933  -1.146 0.5000000000
22037  -27.486  -66.159  -1.680 0.5000000000
22045  -27.067  -66.947  -2.157 0.5000000000
123055  -26.411  -64.501  -1.055 0.4000000060
128356  -26.287  -64.484  -1.038 0.5000000000
22038  -28.849  -66.154  -1.596 0.6000000238
22046  -28.263  -66.782  -2.247 0.6000000238
23092  -26.745  -65.345  -1.191 0.5000000000
135896  -27.098  -62.476  -1.052 0.3000000119
25222  -26.591  -63.697  -0.891 0.4000000060
24159  -26.473  -64.056  -0.996 0.4000000060
24172  -26.807  -63.870  -1.112 0.5000000000
23093  -27.920  -65.203  -1.442 0.5000000000
23094  -29.421  -65.452  -1.307 0.6000000238
31877  -31.138  -56.726  0.387 0.3000000119
30007  -29.651  -58.999  -0.057 0.3000000119
28190  -28.670  -60.583  -0.622 0.4000000060
32838  -30.940  -55.703  0.875 0.3000000119
33810  -33.131  -53.969  0.890 0.3000000119
33809  -32.393  -54.064  1.114 0.3000000119
34753  -33.587  -53.604  2.299 0.3000000119
34754  -34.383  -53.504  2.079 0.3000000119
34737  -34.941  -53.286  2.893 0.3000000119
35748  -35.353  -52.586  3.422 0.3000000119
36718  -36.542  -51.675  3.533 0.3000000119
25247  -27.279  -63.106  -1.288 0.5000000000
19089  -32.942  -69.715  -5.774 0.5000000000
16264  -28.401  -72.296  -3.359 0.5000000000
21057  -28.206  -67.931  -3.684 0.5000000000
22047  -29.535  -66.736  -2.297 0.6000000238
19004  -37.842  -68.834  2.548 0.3000000119
18024  -35.066  -70.530  4.351 0.6000000238
137815  -35.963  -69.148  4.121 0.6000000238
19053  -42.694  -69.781  -2.509 0.3000000119
19040  -41.642  -69.622  -1.284 0.3000000119
124956  -39.844  -69.499  -0.273 0.3000000119
140117  -39.736  -69.275  -1.247 0.3000000119
123506  -40.854  -69.540  0.042 0.3000000119
19038  -39.242  -69.298  -0.255 0.3000000119
20048  -39.144  -69.121  -0.447 0.3000000119
18962  -36.371  -69.856  4.341 0.6000000238
18978  -36.816  -69.265  3.825 0.5000000000
19055  -44.616  -69.695  -2.213 0.3000000119
19052  -41.478  -69.449  -2.644 0.3000000119
19064  -41.035  -69.219  -2.678 0.3000000119
19024  -39.330  -69.356  0.797 0.3000000119
19005  -38.329  -69.224  2.597 0.3000000119
18979  -37.693  -69.416  3.385 0.4000000060
20064  -45.455  -68.870  -2.396 0.3000000119
20063  -44.145  -69.101  -3.307 0.3000000119
20062  -43.452  -69.134  -3.429 0.3000000119
20075  -42.627  -69.357  -3.327 0.3000000119
12728  -33.817  -75.464  -3.641 0.5000000000
13602  -33.299  -75.990  -1.505 0.5000000000
13680  -32.920  -74.166  -6.623 0.4000000060
139371  -33.366  -74.432  -6.485 0.4000000060
13658  -34.273  -74.408  -4.943 0.4000000060
137039  -33.328  -76.070  -2.339 0.5000000000
14436  -33.749  -73.985  2.126 0.5000000000
13561  -33.463  -75.389  0.388 0.5000000000
13618  -34.047  -74.577  -2.916 0.5000000000
13582  -33.318  -75.657  -0.462 0.5000000000
13638  -34.299  -74.185  -4.111 0.4000000060
15282  -34.707  -72.892  3.155 0.6000000238
15281  -33.895  -72.841  3.081 0.6000000238
15296  -33.538  -73.317  2.501 0.5000000000
14462  -33.114  -74.874  0.810 0.5000000000
130510  -34.325  -73.496  -3.848 0.3000000119
14490  -33.355  -74.816  -1.615 0.4000000060
124712  -33.103  -74.638  -0.629 0.5000000000
16154  -35.732  -72.017  4.243 0.6000000238
16171  -33.641  -72.027  3.282 0.6000000238
124508  -33.124  -72.961  2.229 0.6000000238
124667  -32.886  -74.404  0.277 0.4000000060
130646  -32.930  -74.120  1.108 0.5000000000
17076  -36.236  -71.358  4.380 0.6000000238
143720  -39.704  -69.407  2.037 0.3000000119
123367  -37.914  -70.205  3.748 0.4000000060
17074  -34.660  -71.212  4.139 0.6000000238
130958  -32.956  -73.274  1.455 0.4000000060
134093  -41.212  -69.447  1.657 0.3000000119
19041  -42.671  -69.673  -0.661 0.3000000119
127768  -39.017  -69.569  2.827 0.3000000119
18963  -37.190  -69.954  4.098 0.5000000000
17087  -33.449  -71.251  3.059 0.6000000238
17075  -35.411  -71.318  4.400 0.6000000238
16172  -34.451  -72.320  3.534 0.6000000238
16174  -36.009  -72.539  3.605 0.5000000000
137628  -36.791  -72.529  3.251 0.5000000000
17089  -36.549  -72.020  4.005 0.5000000000
16193  -37.587  -72.564  3.008 0.4000000060
138201  -37.356  -71.951  3.623 0.5000000000
129438  -36.975  -72.871  2.524 0.5000000000
132605  -36.123  -72.975  2.657 0.5000000000
15299  -37.670  -73.009  2.043 0.4000000060
16175  -38.883  -71.905  3.221 0.4000000060
17090  -38.570  -71.367  3.533 0.4000000060
142284  -37.364  -70.613  4.025 0.5000000000
14437  -34.621  -73.911  2.110 0.5000000000
15298  -35.133  -73.295  2.622 0.5000000000
18039  -37.885  -71.124  3.731 0.4000000060
8595  -29.928  -82.593  -7.970 0.3000000119
7852  -29.604  -83.208  -7.705 0.3000000119
8596  -30.727  -82.270  -7.717 0.3000000119
9351  -31.851  -81.073  -6.820 0.3000000119
9352  -32.656  -80.629  -6.449 0.4000000060
8597  -31.360  -81.795  -7.390 0.3000000119
9350  -31.149  -80.782  -7.225 0.3000000119
141448  -34.356  -79.845  -6.327 0.4000000060
10158  -33.509  -79.611  -6.218 0.4000000060
137210  -32.197  -80.157  -6.492 0.3000000119
123306  -31.370  -80.083  -6.622 0.3000000119
11015  -35.890  -78.935  -5.929 0.4000000060
11000  -35.317  -78.827  -5.193 0.4000000060
10142  -32.824  -79.361  -5.205 0.4000000060
10157  -32.319  -79.610  -5.926 0.4000000060
10155  -30.861  -79.254  -5.894 0.4000000060
10141  -32.023  -79.077  -5.046 0.4000000060
13659  -38.522  -75.608  -4.408 0.3000000119
11846  -36.953  -77.340  -4.385 0.4000000060
10984  -35.600  -78.521  -4.206 0.4000000060
10967  -34.928  -78.369  -3.009 0.4000000060
10982  -33.612  -78.671  -3.714 0.4000000060
10997  -32.379  -78.718  -4.497 0.4000000060
13605  -38.714  -74.701  -2.523 0.3000000119
12729  -37.257  -76.755  -3.486 0.4000000060
12711  -35.821  -77.056  -1.976 0.4000000060
11829  -36.449  -77.384  -2.925 0.4000000060
11828  -35.336  -77.801  -2.389 0.4000000060
11812  -34.630  -77.390  -1.576 0.4000000060
10966  -33.911  -78.314  -2.857 0.4000000060
11827  -34.199  -77.911  -2.114 0.4000000060
10981  -32.712  -78.373  -3.776 0.4000000060
11858  -32.120  -77.839  -4.179 0.4000000060
13585  -37.536  -74.720  -0.994 0.4000000060
13603  -36.900  -75.452  -1.353 0.4000000060
12676  -34.857  -76.406  -0.529 0.4000000060
11811  -33.851  -77.246  -1.567 0.4000000060
11844  -32.656  -77.551  -3.552 0.4000000060
11826  -33.406  -77.566  -2.312 0.4000000060
11872  -31.499  -77.379  -5.660 0.4000000060
13584  -36.434  -75.203  -0.552 0.4000000060
12677  -35.884  -76.015  -0.858 0.4000000060
12663  -34.459  -76.025  0.031 0.4000000060
12692  -33.767  -76.518  -0.903 0.4000000060
12727  -32.944  -76.680  -3.522 0.4000000060
137952  -33.406  -76.844  -1.764 0.4000000060
141629  -35.926  -74.939  0.149 0.4000000060
13563  -34.940  -75.436  0.495 0.4000000060
13543  -33.651  -75.061  1.016 0.4000000060
122069  -35.499  -74.675  0.827 0.4000000060
15313  -35.675  -73.587  1.951 0.4000000060
16194  -38.387  -72.535  2.743 0.3000000119
16176  -39.634  -71.682  3.199 0.3000000119
12662  -33.800  -75.992  -0.089 0.4000000060
124338  -36.680  -73.294  1.876 0.4000000060
17091  -39.205  -71.195  3.496 0.3000000119
13544  -34.481  -75.003  1.038 0.4000000060
138064  -34.345  -79.549  -6.166 0.4000000060
10143  -34.129  -79.213  -5.818 0.4000000060
124752  -34.326  -79.070  -4.789 0.4000000060
10998  -33.245  -79.073  -4.484 0.4000000060
12713  -37.864  -75.858  -3.399 0.4000000060
11847  -37.826  -76.449  -4.439 0.4000000060
13621  -39.049  -74.802  -3.475 0.3000000119
14491  -38.349  -74.581  -1.718 0.3000000119
13604  -37.891  -74.997  -1.924 0.4000000060
12712  -36.890  -76.548  -2.538 0.4000000060
13583  -35.413  -75.738  -0.152 0.4000000060
12709  -32.892  -77.342  -2.925 0.4000000060
13562  -34.003  -75.586  0.539 0.4000000060
13564  -36.360  -74.386  0.494 0.4000000060
10162  -37.105  -78.613  -5.700 0.3000000119
8572  -34.986  -81.330  -5.250 0.3000000119
8571  -34.037  -81.276  -5.590 0.3000000119
9332  -35.468  -80.256  -5.872 0.3000000119
11016  -36.675  -78.500  -5.733 0.3000000119
8586  -33.930  -80.338  -6.305 0.3000000119
10159  -34.991  -79.720  -6.093 0.3000000119
11874  -37.523  -77.642  -5.608 0.3000000119
11859  -36.948  -77.834  -5.524 0.3000000119
11860  -37.649  -77.132  -5.276 0.3000000119
122910  -37.780  -74.204  -0.246 0.3000000119
15333  -37.936  -73.759  0.513 0.3000000119
15314  -37.299  -73.521  1.186 0.3000000119
15300  -38.634  -72.967  1.920 0.3000000119
12743  -38.394  -76.327  -5.066 0.3000000119
14477  -36.866  -74.531  -0.131 0.3000000119
9343  -34.669  -80.433  -5.997 0.3000000119
9353  -33.357  -80.226  -6.415 0.4000000060
9354  -33.803  -79.825  -6.402 0.4000000060
10156  -31.403  -79.074  -5.430 0.4000000060
10160  -35.743  -79.453  -6.005 0.3000000119
10161  -36.408  -79.051  -5.873 0.3000000119
10168  -33.064  -79.948  -6.436 0.4000000060
10965  -33.044  -78.045  -3.040 0.4000000060
10983  -34.621  -78.793  -3.833 0.4000000060
10985  -36.372  -78.003  -4.778 0.4000000060
10996  -31.597  -78.267  -4.891 0.4000000060
10999  -35.054  -79.126  -5.751 0.4000000060
11001  -36.220  -78.418  -5.501 0.4000000060
11014  -35.122  -79.309  -5.905 0.4000000060
11017  -37.754  -77.843  -5.658 0.3000000119
11845  -36.002  -78.047  -3.481 0.4000000060
12675  -34.076  -76.438  -0.463 0.4000000060
12693  -34.252  -76.867  -0.969 0.4000000060
12694  -35.267  -76.752  -1.185 0.4000000060
12695  -36.349  -76.249  -1.659 0.4000000060
12710  -33.082  -76.761  -2.618 0.4000000060
12725  -30.012  -76.223  -3.669 0.4000000060
13619  -37.371  -75.701  -2.238 0.4000000060
13620  -38.329  -75.183  -2.858 0.4000000060
13639  -38.684  -75.161  -3.761 0.3000000119
13656  -32.191  -74.343  -5.262 0.4000000060
13657  -33.866  -74.498  -5.766 0.4000000060
13668  -29.042  -75.011  -6.879 0.4000000060
13679  -31.951  -74.535  -7.092 0.4000000060
14448  -33.414  -74.430  1.445 0.5000000000
14449  -34.072  -74.538  1.607 0.4000000060
14450  -35.093  -74.313  1.478 0.4000000060
14451  -37.106  -74.035  0.490 0.3000000119
14476  -33.067  -75.119  0.196 0.5000000000
14478  -38.438  -74.309  -1.089 0.3000000119
14489  -30.665  -74.726  -1.771 0.4000000060
14502  -31.941  -73.660  -3.533 0.4000000060
14515  -34.266  -73.397  -4.800 0.4000000060
14527  -33.574  -73.885  -6.145 0.4000000060
15283  -35.459  -72.841  3.132 0.6000000238
15297  -34.192  -73.432  2.667 0.6000000238
15312  -33.213  -73.753  1.892 0.5000000000
15372  -33.054  -72.522  -3.170 0.4000000060
15373  -33.704  -72.654  -3.159 0.5000000000
15385  -34.157  -72.915  -3.991 0.4000000060
16153  -34.971  -71.908  4.140 0.6000000238
16173  -35.222  -72.458  3.724 0.6000000238
16211  -33.002  -72.431  1.780 0.6000000238
16241  -29.332  -73.036  -2.191 0.5000000000
17077  -37.022  -71.283  4.046 0.5000000000
17088  -33.992  -71.155  3.591 0.6000000238
17112  -33.268  -71.226  2.453 0.6999999881
17160  -26.669  -71.037  -1.859 0.5000000000
17164  -33.193  -71.327  -0.361 0.6000000238
17172  -26.688  -71.242  -2.809 0.5000000000
17176  -31.366  -71.513  -2.311 0.6999999881
17188  -27.996  -71.761  -3.729 0.5000000000
17189  -28.811  -72.120  -3.564 0.5000000000
18025  -35.887  -70.568  4.485 0.6000000238
18026  -36.701  -70.591  4.317 0.6000000238
18041  -39.597  -70.511  3.491 0.3000000119
18060  -33.422  -70.497  2.673 0.6999999881
18096  -26.615  -70.225  -1.610 0.5000000000
18131  -30.400  -70.316  -5.428 0.6000000238
18960  -34.809  -69.882  4.147 0.6999999881
18961  -35.525  -69.834  4.340 0.6000000238
18980  -38.495  -69.780  3.342 0.4000000060
19023  -38.821  -69.102  0.505 0.3000000119
19025  -40.253  -69.427  1.190 0.3000000119
19039  -40.522  -69.527  -1.475 0.3000000119
19048  -26.527  -69.357  -1.317 0.5000000000
19051  -40.435  -69.270  -2.241 0.3000000119
19054  -43.774  -69.810  -2.521 0.3000000119
19065  -41.793  -69.295  -3.075 0.3000000119
19066  -42.393  -69.472  -3.234 0.3000000119
19067  -43.354  -69.469  -3.265 0.3000000119
19068  -44.205  -69.523  -2.908 0.3000000119
19079  -26.236  -69.771  -3.370 0.4000000060
19082  -29.074  -70.067  -4.324 0.5000000000
19087  -31.136  -70.231  -6.208 0.5000000000
19997  -36.393  -68.548  3.586 0.6999999881
20014  -34.087  -68.277  2.743 0.6999999881
20031  -33.884  -68.296  1.904 0.6999999881
20059  -38.989  -68.648  -0.353 0.4000000060
20069  -26.122  -68.094  -1.775 0.6000000238
20077  -26.017  -68.296  -3.197 0.5000000000
20080  -25.864  -69.091  -3.386 0.4000000060
20084  -31.078  -69.130  -5.273 0.6000000238
20087  -29.789  -69.778  -4.837 0.5000000000
20967  -35.164  -67.681  3.320 0.6000000238
20981  -35.864  -67.200  2.995 0.6000000238
21017  -38.514  -68.154  0.445 0.4000000060
21036  -43.926  -68.461  -2.989 0.3000000119
21042  -26.353  -67.277  -1.582 0.4000000060
21043  -26.443  -67.095  -1.950 0.5000000000
21059  -30.689  -68.228  -4.119 0.5000000000
21062  -34.174  -67.659  -5.364 0.6999999881
21063  -35.343  -67.629  -4.854 0.6999999881
21068  -35.087  -67.709  -5.103 0.6999999881
21987  -34.903  -66.481  1.815 0.5000000000
22004  -34.914  -66.421  1.112 0.5000000000
22006  -36.108  -65.952  1.680 0.5000000000
22030  -39.432  -65.870  -0.482 0.6000000238
22036  -26.667  -66.361  -1.506 0.5000000000
22048  -30.645  -66.786  -2.423 0.6000000238
22049  -31.658  -66.797  -2.656 0.6999999881
22058  -34.998  -67.372  -5.129 0.6999999881
23059  -36.040  -65.666  0.904 0.6000000238
23067  -26.839  -65.065  -0.543 0.4000000060
23073  -40.379  -64.996  -0.820 0.4000000060
23078  -26.548  -65.122  -1.031 0.5000000000
23079  -28.927  -64.680  -1.168 0.6999999881
23082  -32.014  -65.460  -0.692 0.6999999881
23084  -37.545  -65.063  -0.731 0.6000000238
23087  -39.922  -64.630  -0.880 0.5000000000
23099  -34.408  -65.193  -2.368 0.6999999881
23106  -36.445  -65.093  -3.912 0.6000000238
24138  -38.775  -64.216  2.517 0.3000000119
24150  -26.631  -64.182  -0.741 0.4000000060
24161  -30.644  -64.184  -0.641 0.6000000238
24166  -37.909  -64.094  -1.846 0.6000000238
24177  -37.661  -64.138  -2.647 0.5000000000
24179  -37.213  -64.790  -3.722 0.6000000238
25203  -38.178  -63.852  1.916 0.4000000060
25225  -33.258  -63.248  0.148 0.5000000000
25228  -36.247  -62.923  -0.024 0.5000000000
25236  -26.644  -63.499  -0.966 0.5000000000
25242  -34.839  -63.679  -0.419 0.5000000000
25245  -37.906  -63.376  -1.328 0.5000000000
26231  -38.596  -63.136  5.479 0.3000000119
26248  -38.565  -62.931  4.619 0.3000000119
26262  -37.546  -62.383  3.610 0.3000000119
26307  -33.553  -62.135  0.847 0.5000000000
26308  -34.382  -62.721  0.861 0.5000000000
26312  -26.884  -62.905  -1.034 0.4000000060
26317  -37.643  -63.031  -0.517 0.5000000000
26318  -27.343  -62.648  -1.272 0.6000000238
26319  -27.859  -62.628  -1.422 0.6000000238
27263  -34.658  -61.427  2.134 0.5000000000
27265  -36.078  -61.644  3.124 0.4000000060
27286  -33.213  -61.293  0.932 0.6000000238
27291  -30.831  -61.798  -0.623 0.5000000000
28127  -37.942  -60.595  6.461 0.4000000060
28153  -39.397  -60.561  4.371 0.3000000119
28173  -34.051  -60.801  2.164 0.5000000000
28192  -31.049  -60.662  -0.547 0.5000000000
29086  -39.203  -60.219  5.155 0.4000000060
29105  -35.646  -58.835  3.449 0.4000000060
29116  -34.716  -59.418  3.148 0.4000000060
29118  -39.526  -59.523  2.966 0.4000000060
29130  -33.143  -59.192  1.810 0.4000000060
29133  -32.671  -59.506  -0.040 0.5000000000
29137  -29.127  -59.802  -0.194 0.4000000060
29140  -32.143  -59.825  -0.460 0.5000000000
29937  -37.626  -58.908  6.912 0.4000000060
29969  -34.354  -58.604  3.051 0.4000000060
29971  -36.180  -58.416  3.271 0.4000000060
29984  -38.976  -58.766  2.637 0.4000000060
29996  -40.495  -58.739  1.963 0.3000000119
30008  -30.676  -59.128  -0.258 0.5000000000
30011  -33.122  -57.617  -0.704 0.4000000060
30880  -39.593  -58.076  4.458 0.4000000060
30895  -33.527  -57.398  1.970 0.4000000060
30896  -34.812  -57.306  2.622 0.4000000060
30924  -33.146  -57.033  -0.905 0.5000000000
31869  -34.549  -55.995  1.133 0.4000000060
31880  -34.288  -55.818  0.105 0.4000000060
31887  -32.861  -56.555  -0.729 0.5000000000
31891  -41.872  -57.239  -0.793 0.5000000000
32844  -36.407  -54.489  0.034 0.4000000060
32858  -41.881  -56.242  -1.450 0.5000000000
32859  -43.167  -56.528  -1.448 0.5000000000
33818  -33.005  -54.470  0.265 0.4000000060
33822  -36.358  -53.590  -0.249 0.4000000060
34756  -35.900  -53.220  1.543 0.4000000060
34764  -32.970  -53.772  1.598 0.3000000119
34766  -35.460  -53.430  0.772 0.4000000060
34778  -35.959  -53.508  0.145 0.4000000060
35756  -36.441  -52.830  2.440 0.4000000060
35757  -37.619  -52.533  2.307 0.4000000060
36720  -38.129  -51.126  3.127 0.4000000060
37542  -39.034  -50.111  2.560 0.4000000060
122263  -40.358  -65.120  -0.894 0.4000000060
122345  -31.927  -63.144  -0.259 0.6000000238
122670  -28.597  -71.308  -3.896 0.5000000000
123689  -38.947  -74.349  -2.053 0.3000000119
125240  -37.226  -52.892  1.633 0.4000000060
125451  -38.482  -57.865  2.201 0.4000000060
126017  -33.415  -72.657  2.755 0.6000000238
126111  -33.303  -60.024  1.422 0.5000000000
126908  -26.950  -64.551  -1.202 0.5000000000
127298  -44.042  -69.780  -1.466 0.3000000119
127587  -33.185  -72.462  -1.323 0.6000000238
127713  -32.620  -76.804  -4.397 0.4000000060
128910  -38.883  -69.248  1.816 0.3000000119
129286  -34.343  -71.719  3.729 0.6000000238
129553  -37.188  -60.063  3.924 0.4000000060
130728  -33.255  -69.916  -1.101 0.6000000238
131350  -33.781  -54.875  -0.071 0.4000000060
131549  -26.955  -62.557  -0.733 0.3000000119
131597  -33.223  -73.406  -0.873 0.5000000000
131764  -36.369  -63.971  -2.467 0.5000000000
132445  -39.851  -71.060  3.491 0.3000000119
132754  -26.682  -66.906  -0.642 0.4000000060
132760  -27.731  -63.574  -1.371 0.6000000238
136246  -26.146  -68.783  -1.831 0.6000000238
137935  -38.141  -71.995  3.414 0.4000000060
137978  -40.169  -59.655  4.236 0.4000000060
139888  -38.075  -63.235  0.109 0.3000000119
140037  -26.413  -68.661  -3.650 0.5000000000
140426  -31.561  -79.637  -6.053 0.4000000060
140557  -40.411  -59.230  2.730 0.4000000060
140655  -37.207  -78.077  -5.703 0.3000000119
140747  -38.324  -62.116  6.768 0.4000000060
141454  -33.121  -71.859  1.159 0.6000000238
141581  -32.220  -58.520  -0.623 0.5000000000
141682  -39.315  -52.908  1.297 0.4000000060
141700  -38.242  -61.550  7.170 0.4000000060
142304  -36.421  -59.977  3.780 0.4000000060
143922  -36.261  -73.910  1.148 0.4000000060
144055  -36.202  -62.640  1.753 0.5000000000
145382  -40.557  -68.561  -2.387 0.4000000060
146462  -39.361  -69.465  2.456 0.3000000119
147359  -35.593  -64.803  -3.207 0.6999999881
