#!ascii label  , from subject sub-v1s7x0051326_ses-1 vox2ras=TkReg
1876
29990  -21.957  -58.555  1.979 0.5000000000
30893  -21.290  -58.091  2.729 0.4000000060
29968  -21.273  -58.456  2.988 0.6000000238
30886  -21.355  -57.831  2.819 0.6000000238
31855  -23.687  -56.110  2.356 0.6000000238
141373  -22.212  -56.928  2.729 0.5000000000
32812  -23.927  -55.164  2.589 0.6000000238
30872  -21.576  -57.738  3.115 0.6999999881
29955  -21.828  -58.594  3.267 0.6999999881
31846  -22.364  -56.494  3.300 0.6999999881
129970  -22.633  -56.227  2.854 0.6999999881
32811  -23.061  -55.501  3.004 0.6999999881
34746  -25.605  -53.731  2.752 0.5000000000
34745  -24.660  -53.686  3.012 0.6999999881
33790  -25.609  -54.514  2.357 0.5000000000
147860  -22.544  -61.828  12.513 0.5000000000
127629  -22.399  -57.933  3.453 0.6999999881
30873  -22.317  -56.968  3.425 0.6999999881
32810  -22.601  -55.968  3.324 0.6999999881
31828  -22.977  -55.789  4.159 0.6999999881
33777  -23.470  -54.305  3.573 0.6999999881
32799  -22.788  -55.826  3.779 0.6999999881
33771  -23.289  -54.306  4.355 0.6999999881
34728  -26.044  -53.200  3.278 0.6000000238
29961  -27.430  -58.596  4.166 0.6999999881
30878  -27.105  -57.836  4.186 0.6999999881
30874  -23.311  -57.360  3.639 0.6999999881
146156  -24.285  -57.315  3.704 0.6999999881
27084  -22.146  -61.214  12.546 0.6000000238
26116  -19.662  -62.664  12.230 0.4000000060
31836  -23.168  -56.350  4.027 0.6999999881
33778  -23.957  -53.788  3.338 0.6999999881
34727  -25.098  -53.188  3.359 0.6999999881
34714  -23.680  -52.850  4.216 0.6999999881
35743  -26.500  -52.821  3.907 0.6000000238
29947  -29.219  -58.731  5.085 0.6999999881
29946  -28.346  -58.703  4.525 0.6999999881
29960  -26.607  -58.297  3.887 0.6999999881
30863  -27.803  -57.875  4.463 0.6999999881
30864  -28.695  -57.874  4.816 0.6999999881
28029  -24.375  -60.481  12.264 0.6000000238
31839  -27.185  -57.049  4.474 0.6999999881
30875  -24.770  -56.783  3.940 0.6999999881
30876  -25.663  -57.096  4.030 0.6999999881
142171  -28.045  -57.218  4.777 0.6999999881
28025  -20.750  -60.806  12.195 0.5000000000
27082  -20.589  -61.554  12.367 0.5000000000
135450  -23.341  -54.578  4.628 0.6999999881
31829  -23.419  -55.944  4.247 0.6999999881
142981  -27.722  -56.438  5.063 0.6999999881
27081  -19.926  -61.838  12.071 0.4000000060
34725  -23.509  -53.576  3.957 0.6999999881
135641  -24.273  -55.925  4.410 0.6999999881
31838  -26.231  -56.620  4.401 0.6999999881
31830  -26.776  -56.133  4.866 0.6999999881
136634  -19.260  -62.590  10.487 0.4000000060
32780  -23.472  -55.239  4.546 0.6999999881
32783  -26.340  -55.330  5.213 0.6999999881
134949  -27.289  -55.566  5.351 0.6999999881
34726  -24.155  -53.256  3.567 0.6999999881
139712  -23.447  -53.146  4.755 0.6999999881
33748  -25.238  -53.951  5.889 0.6999999881
33763  -25.812  -54.605  5.545 0.6999999881
35725  -24.472  -52.733  3.941 0.6999999881
33747  -24.263  -53.814  5.697 0.6999999881
35727  -26.977  -52.402  4.490 0.6000000238
122081  -24.980  -52.231  4.432 0.6999999881
35724  -23.855  -52.246  4.536 0.6999999881
38292  -28.185  -49.845  5.261 0.5000000000
135521  -28.317  -50.661  5.407 0.5000000000
37507  -31.688  -50.714  5.411 0.4000000060
37506  -30.625  -50.438  5.334 0.5000000000
31815  -29.606  -56.960  5.913 0.6999999881
28970  -25.099  -59.494  12.006 0.6000000238
31837  -25.335  -56.298  4.353 0.6999999881
28027  -22.427  -60.468  12.472 0.5000000000
32784  -28.304  -55.814  5.652 0.6999999881
33760  -23.361  -53.855  4.970 0.6999999881
32781  -24.429  -55.138  4.899 0.6999999881
146392  -23.507  -52.392  4.829 0.6999999881
34692  -23.811  -53.015  5.919 0.6999999881
38291  -27.436  -49.897  5.242 0.6999999881
35726  -26.098  -52.276  4.449 0.6999999881
37503  -27.093  -50.664  5.336 0.6999999881
135706  -25.700  -51.576  4.887 0.6999999881
29019  -30.236  -59.050  10.034 0.6999999881
29879  -30.922  -58.549  9.727 0.6999999881
29893  -31.353  -58.540  9.035 0.8000000119
30819  -31.783  -57.734  8.765 0.8000000119
29017  -28.811  -59.271  10.843 0.6000000238
29877  -29.457  -58.602  10.644 0.6000000238
29878  -30.289  -58.249  10.321 0.6000000238
30836  -31.484  -57.769  7.752 0.8000000119
29860  -28.659  -58.486  11.106 0.6000000238
30760  -28.402  -57.760  11.102 0.6000000238
131972  -30.345  -57.097  6.466 0.6999999881
28994  -26.699  -59.316  11.718 0.6000000238
29859  -27.909  -58.411  11.316 0.6000000238
28968  -23.290  -59.333  12.270 0.6000000238
29857  -25.330  -58.596  11.760 0.6000000238
31814  -29.094  -56.283  5.902 0.6999999881
28966  -21.885  -59.818  12.158 0.5000000000
133259  -29.749  -56.201  6.424 0.6999999881
129339  -27.732  -55.047  5.733 0.6999999881
33761  -23.746  -54.394  5.133 0.6999999881
33764  -26.901  -54.642  5.625 0.6999999881
37520  -24.970  -50.847  5.055 0.8000000119
36702  -24.301  -51.577  4.857 0.6999999881
34705  -23.524  -52.960  5.394 0.6999999881
33749  -26.193  -53.987  5.958 0.6999999881
38290  -26.552  -50.081  5.142 0.8000000119
36701  -23.329  -51.701  5.384 0.6999999881
35703  -23.244  -52.165  5.854 0.6999999881
38293  -29.056  -49.957  5.223 0.5000000000
38295  -31.254  -49.873  5.220 0.5000000000
38316  -31.614  -49.141  4.889 0.5000000000
38296  -32.225  -49.806  5.250 0.4000000060
30783  -29.693  -57.723  10.826 0.6000000238
29880  -31.467  -57.926  9.564 0.6999999881
30804  -31.881  -57.149  9.509 0.8000000119
30782  -29.039  -57.915  11.050 0.6000000238
123211  -31.800  -56.974  8.155 0.8000000119
127300  -30.954  -55.892  7.280 0.8000000119
29858  -26.958  -58.315  11.514 0.6000000238
30758  -26.083  -57.822  11.268 0.6000000238
31816  -30.488  -56.339  6.835 0.8000000119
28991  -21.713  -59.575  11.454 0.6000000238
29834  -23.895  -58.868  12.085 0.6000000238
29856  -24.460  -58.419  11.597 0.6000000238
144191  -29.569  -55.438  6.646 0.6999999881
134449  -20.464  -60.725  11.417 0.5000000000
33751  -28.428  -54.407  6.521 0.6999999881
33752  -29.074  -54.835  6.674 0.6999999881
145742  -20.065  -61.165  10.541 0.5000000000
28064  -21.013  -60.044  10.896 0.5000000000
33750  -27.689  -54.322  6.150 0.6999999881
38310  -25.457  -50.035  4.954 0.8000000119
35712  -23.340  -52.249  5.435 0.6999999881
34678  -23.663  -52.241  6.196 0.6999999881
35704  -25.283  -52.792  6.524 0.6999999881
37519  -23.758  -50.832  5.402 0.6999999881
146503  -30.669  -49.846  5.163 0.5000000000
31750  -29.974  -56.933  10.984 0.6999999881
31736  -30.331  -56.107  11.004 0.6999999881
31751  -30.870  -56.738  10.642 0.6999999881
31752  -31.632  -56.483  10.137 0.8000000119
31771  -32.171  -56.270  9.508 0.8000000119
30761  -29.033  -57.130  11.088 0.6999999881
32709  -31.226  -55.859  10.656 0.8000000119
32730  -32.392  -55.355  9.016 0.8000000119
30759  -27.611  -57.682  11.139 0.6000000238
31802  -31.664  -56.146  7.861 0.8000000119
136812  -26.903  -57.577  11.138 0.6000000238
32755  -31.468  -55.281  7.792 0.6999999881
29833  -23.259  -58.887  11.868 0.6000000238
29855  -23.717  -58.461  11.468 0.6000000238
33735  -30.162  -54.369  7.415 0.8000000119
34682  -30.534  -53.690  7.762 0.6999999881
28992  -22.340  -58.993  10.977 0.6000000238
34666  -30.044  -52.977  7.700 0.8000000119
28063  -20.564  -60.718  10.071 0.4000000060
142996  -26.931  -53.953  6.076 0.6999999881
34696  -27.329  -53.567  6.461 0.6999999881
34681  -28.574  -53.343  7.165 0.6999999881
26181  -19.148  -62.653  8.537 0.4000000060
35706  -26.985  -52.899  6.675 0.6999999881
34697  -28.109  -53.768  6.658 0.6999999881
134759  -24.455  -50.067  5.193 0.8000000119
37501  -22.493  -50.740  5.965 0.8000000119
35705  -26.144  -52.858  6.668 0.6999999881
35689  -24.759  -52.026  6.565 0.6999999881
38311  -26.987  -49.238  4.855 0.8000000119
38312  -27.824  -49.119  4.995 0.6999999881
38313  -28.644  -49.120  4.856 0.5000000000
136530  -31.903  -48.364  4.399 0.5000000000
38294  -30.069  -49.736  5.066 0.5000000000
38318  -33.893  -49.079  4.983 0.4000000060
32691  -29.796  -55.466  11.257 0.6000000238
32692  -30.700  -55.254  11.031 0.6999999881
32710  -31.939  -55.554  10.072 0.8000000119
32711  -32.293  -54.895  9.630 0.8000000119
135859  -28.160  -57.045  10.898 0.6999999881
30781  -27.299  -56.984  10.714 0.6999999881
33719  -32.308  -54.711  8.841 0.8000000119
30780  -26.510  -57.258  10.540 0.6000000238
33709  -32.355  -54.090  9.405 0.8000000119
30779  -25.796  -57.594  10.167 0.6000000238
34668  -31.571  -53.664  8.279 0.8000000119
33736  -31.099  -54.440  7.771 0.8000000119
29875  -23.606  -58.263  10.624 0.6000000238
129661  -29.519  -53.674  7.398 0.8999999762
35693  -28.244  -52.622  7.295 0.8000000119
35674  -28.729  -52.121  7.497 0.8000000119
29015  -21.822  -59.652  10.249 0.5000000000
36652  -26.785  -51.127  7.428 0.8000000119
35692  -27.437  -52.415  7.123 0.6999999881
28081  -20.630  -60.772  8.627 0.4000000060
130909  -24.896  -49.237  4.807 0.8000000119
38309  -23.214  -49.886  5.663 0.8000000119
133842  -22.450  -49.873  6.043 0.8000000119
36666  -23.738  -51.596  6.365 0.8000000119
35690  -25.816  -52.164  6.825 0.6999999881
126015  -25.953  -49.221  4.740 0.8000000119
36677  -22.905  -51.551  6.040 0.8000000119
37487  -23.276  -49.897  6.280 0.8000000119
39179  -26.457  -48.521  4.468 0.8000000119
38278  -22.533  -49.435  6.075 0.8000000119
39182  -29.090  -48.457  4.233 0.6000000238
39181  -28.218  -48.519  4.259 0.6000000238
39184  -30.892  -48.612  4.373 0.5000000000
32690  -28.921  -55.575  11.326 0.6000000238
32693  -31.462  -55.009  10.642 0.6999999881
31733  -27.781  -56.350  10.803 0.6000000238
33693  -31.693  -54.226  10.653 0.6999999881
33694  -32.238  -54.144  10.127 0.6999999881
31749  -27.157  -56.296  10.576 0.6000000238
32689  -28.099  -55.593  11.188 0.6000000238
134308  -28.437  -54.829  11.457 0.6000000238
32707  -26.701  -55.831  10.468 0.6000000238
34669  -32.253  -53.943  8.798 0.8000000119
30778  -25.071  -57.977  9.961 0.6000000238
31748  -26.628  -56.694  10.367 0.6000000238
34654  -32.333  -53.466  9.282 0.6999999881
135820  -23.255  -58.585  9.733 0.5000000000
29016  -22.562  -59.061  9.666 0.3000000119
35675  -29.633  -52.245  7.643 0.8000000119
35673  -27.924  -51.950  7.410 0.8000000119
37473  -26.345  -50.506  7.378 0.8000000119
145677  -23.332  -49.228  5.747 0.8000000119
36667  -24.568  -51.128  6.668 0.8000000119
36651  -26.079  -51.079  7.330 0.8000000119
35691  -26.635  -52.272  6.978 0.6999999881
37488  -24.389  -50.288  6.645 0.8000000119
38263  -23.361  -49.190  6.236 0.8000000119
39180  -27.359  -48.552  4.306 0.6999999881
39183  -29.952  -48.498  4.167 0.6000000238
40156  -34.035  -47.824  3.903 0.3000000119
135628  -29.729  -54.018  11.467 0.6000000238
142909  -30.497  -54.019  11.309 0.6999999881
34620  -31.212  -53.599  11.131 0.6999999881
147681  -31.530  -53.028  10.952 0.6999999881
32726  -22.734  -55.567  9.545 0.5000000000
32708  -27.376  -55.623  10.772 0.6000000238
33670  -27.644  -54.877  11.242 0.6000000238
141341  -32.377  -52.821  10.137 0.6999999881
30802  -24.411  -57.687  9.437 0.5000000000
136901  -26.075  -56.325  10.098 0.5000000000
33692  -26.911  -54.945  10.763 0.6000000238
35666  -32.401  -52.719  9.583 0.6999999881
29905  -23.323  -58.118  8.846 0.3000000119
29876  -24.359  -58.109  9.905 0.5000000000
35665  -32.174  -52.395  9.068 0.8000000119
137272  -31.292  -51.060  8.409 0.8000000119
128611  -31.435  -52.160  8.565 0.8000000119
134843  -28.554  -51.035  7.555 0.8999999762
134441  -29.609  -51.007  7.634 0.8999999762
36654  -30.067  -51.624  7.757 0.8000000119
36655  -30.945  -51.651  8.261 0.8000000119
28082  -21.242  -60.262  9.436 0.4000000060
37474  -27.193  -50.475  7.487 0.8999999762
132597  -27.713  -51.198  7.494 0.8999999762
37476  -28.979  -50.480  7.593 0.8999999762
39178  -25.261  -48.279  4.586 0.8000000119
39177  -24.405  -48.469  5.190 0.8000000119
130013  -25.155  -49.880  6.918 0.8000000119
135952  -25.546  -51.418  6.985 0.8000000119
142404  -26.096  -47.797  4.357 0.8000000119
39203  -27.726  -47.943  3.561 0.6999999881
39207  -31.327  -48.053  3.767 0.6000000238
135172  -28.848  -54.047  11.575 0.6000000238
34618  -29.341  -53.298  11.574 0.6000000238
34619  -30.291  -53.363  11.435 0.6999999881
134678  -27.994  -54.100  11.471 0.6000000238
35634  -30.996  -52.669  11.358 0.6999999881
129424  -27.199  -54.159  11.234 0.6000000238
140066  -32.132  -51.520  10.617 0.8000000119
32728  -24.633  -55.992  9.508 0.6000000238
141658  -25.367  -55.724  10.043 0.5000000000
35653  -31.873  -52.459  10.692 0.6999999881
37463  -32.778  -50.694  9.804 0.8000000119
30818  -23.200  -57.692  8.673 0.4000000060
36643  -32.565  -51.659  9.659 0.6999999881
29891  -23.046  -58.570  9.026 0.4000000060
36656  -31.849  -51.620  8.858 0.8000000119
38251  -29.297  -49.704  7.593 0.8000000119
37478  -30.986  -50.262  8.085 0.8000000119
38265  -27.070  -49.098  7.302 0.8999999762
38250  -28.425  -49.753  7.571 0.8000000119
134961  -30.468  -51.005  7.890 0.8000000119
39132  -27.533  -48.468  7.168 0.8000000119
39149  -23.676  -48.445  6.024 0.8000000119
125946  -24.849  -48.664  6.587 0.8000000119
38247  -25.882  -49.867  7.201 0.6999999881
125937  -24.645  -47.567  4.841 0.8000000119
135809  -25.386  -49.241  6.911 0.8000000119
38264  -24.355  -49.367  6.580 0.8000000119
40154  -26.889  -47.979  3.893 0.8000000119
39164  -23.989  -48.276  5.839 0.8000000119
40170  -29.001  -47.297  3.352 0.6999999881
39205  -29.608  -47.823  3.627 0.6999999881
40187  -31.340  -47.103  2.501 0.6000000238
41106  -32.037  -46.645  2.039 0.6000000238
40188  -32.611  -47.049  1.786 0.6000000238
34616  -27.555  -53.399  11.466 0.6000000238
36629  -30.640  -51.034  11.509 0.8000000119
133688  -30.325  -51.831  11.513 0.6999999881
132960  -23.249  -54.075  10.534 0.5000000000
33669  -26.380  -54.227  10.991 0.5000000000
35654  -32.612  -52.062  10.053 0.6999999881
32705  -24.687  -55.073  10.111 0.5000000000
32706  -26.036  -55.167  10.499 0.5000000000
37451  -32.327  -50.696  10.600 0.8000000119
37457  -32.820  -50.411  10.109 0.8000000119
32727  -23.695  -55.705  9.451 0.5000000000
36638  -32.796  -51.195  10.042 0.8000000119
38254  -32.491  -49.924  9.354 0.8000000119
121875  -32.349  -49.171  8.844 0.8000000119
37462  -32.085  -50.722  8.998 0.8000000119
38253  -31.746  -49.720  8.590 0.8000000119
38268  -29.632  -48.937  7.559 0.8000000119
38266  -27.943  -49.085  7.487 0.8000000119
148044  -30.262  -49.078  7.650 0.8000000119
126126  -24.477  -47.860  5.702 0.8000000119
39131  -26.516  -48.367  6.931 0.8000000119
39130  -25.634  -48.582  6.810 0.8999999762
40169  -26.276  -47.109  3.955 0.8000000119
40152  -24.824  -46.685  4.440 0.8000000119
133233  -28.250  -47.447  3.325 0.6999999881
142441  -27.161  -47.429  3.544 0.6999999881
40172  -30.651  -47.456  2.842 0.6999999881
41089  -27.721  -46.419  3.058 0.6999999881
41090  -28.364  -46.862  3.111 0.6999999881
131193  -29.411  -46.115  2.767 0.6999999881
41104  -30.028  -46.728  2.629 0.6999999881
37447  -28.449  -50.458  11.841 0.8000000119
35632  -28.654  -51.954  11.667 0.6000000238
36627  -28.750  -51.227  11.770 0.6000000238
36628  -29.676  -51.124  11.649 0.8000000119
37456  -22.151  -51.043  11.073 0.6000000238
35626  -23.163  -52.396  11.285 0.5000000000
34615  -26.742  -53.444  11.378 0.6000000238
35630  -27.218  -52.494  11.542 0.6000000238
37454  -20.644  -50.074  10.123 0.6000000238
127008  -22.109  -50.109  11.124 0.6000000238
37441  -22.827  -50.529  11.365 0.6000000238
36623  -24.650  -51.779  11.502 0.5000000000
35629  -25.667  -52.686  11.456 0.5000000000
40070  -20.298  -47.399  8.921 0.5000000000
39102  -20.569  -48.643  9.912 0.5000000000
38230  -22.028  -49.158  11.195 0.6000000238
38216  -22.817  -49.659  11.380 0.6000000238
34639  -24.054  -53.723  10.890 0.5000000000
35628  -24.947  -52.491  11.396 0.5000000000
136005  -32.491  -49.920  10.631 0.8000000119
38237  -32.863  -49.640  10.174 0.8000000119
40055  -21.409  -47.650  10.507 0.5000000000
34614  -25.829  -53.468  11.278 0.5000000000
40085  -19.219  -46.845  7.240 0.4000000060
141701  -25.265  -54.895  10.430 0.5000000000
39104  -32.860  -49.207  9.614 0.6999999881
39135  -30.441  -48.494  7.604 0.8000000119
38270  -31.615  -49.009  8.357 0.8000000119
39115  -32.035  -48.483  8.389 0.6999999881
38267  -28.770  -49.068  7.537 0.8000000119
39136  -31.271  -48.522  7.903 0.8000000119
39134  -29.614  -48.140  7.448 0.8000000119
40108  -29.521  -47.443  7.144 0.8000000119
40167  -24.746  -46.074  4.045 0.8999999762
144068  -24.614  -47.144  5.016 0.8999999762
40104  -25.599  -47.885  6.509 0.8000000119
40106  -27.233  -47.788  6.714 0.8000000119
40103  -24.584  -48.101  6.229 1.0000000000
41036  -25.987  -47.153  6.188 0.8000000119
123316  -26.986  -46.708  3.456 0.6999999881
38220  -28.202  -49.858  11.897 0.8000000119
37448  -29.147  -50.572  11.826 0.8000000119
37449  -29.936  -50.279  11.743 0.8000000119
39081  -22.826  -48.711  11.379 0.6000000238
37446  -27.525  -50.306  11.744 0.6000000238
139140  -28.036  -50.980  11.772 0.6000000238
133389  -30.951  -50.293  11.482 0.8000000119
145005  -30.465  -49.727  11.689 0.8000000119
39095  -21.183  -48.630  10.609 0.5000000000
37442  -24.078  -50.212  11.482 0.6000000238
37445  -26.666  -50.860  11.560 0.6000000238
38224  -32.065  -49.396  11.146 0.8000000119
38231  -32.664  -49.131  10.653 0.6999999881
39096  -22.025  -48.212  11.122 0.5000000000
38218  -25.448  -49.844  11.532 0.6000000238
36625  -26.812  -51.659  11.562 0.6000000238
40086  -19.847  -46.541  8.310 0.4000000060
40982  -21.719  -46.803  10.305 0.4000000060
40056  -22.278  -47.376  10.861 0.4000000060
40057  -23.076  -47.214  11.270 0.4000000060
39105  -33.185  -48.290  9.493 0.6999999881
143818  -21.262  -46.337  9.749 0.4000000060
40983  -22.690  -46.517  10.582 0.4000000060
137695  -24.678  -48.120  11.409 0.4000000060
39116  -32.847  -48.492  8.889 0.6999999881
41930  -22.797  -45.646  10.097 0.4000000060
40985  -24.079  -46.493  10.974 0.5000000000
40110  -31.697  -47.879  7.921 0.6999999881
41929  -22.109  -45.342  9.700 0.3000000119
41913  -24.279  -45.727  10.564 0.5000000000
40966  -24.576  -47.258  11.280 0.5000000000
40107  -28.095  -47.894  6.999 0.8000000119
123000  -28.877  -47.958  7.283 0.8000000119
40109  -30.371  -47.582  7.394 0.8000000119
41039  -31.576  -46.540  7.379 0.8000000119
41038  -30.762  -46.807  7.166 0.8000000119
41076  -24.717  -46.144  4.313 0.8000000119
126487  -24.754  -46.733  5.216 1.0000000000
41056  -25.604  -46.599  5.635 0.8000000119
41057  -26.398  -46.384  5.803 0.8000000119
40105  -26.402  -47.623  6.571 0.8000000119
40128  -27.868  -47.193  6.506 0.8000000119
40129  -28.719  -47.326  6.803 0.8000000119
124485  -24.600  -45.693  4.287 1.0000000000
41058  -27.703  -46.416  6.088 0.8000000119
40168  -25.256  -46.455  4.066 0.8000000119
124807  -25.784  -45.559  5.420 0.8000000119
122090  -27.082  -46.217  5.878 0.8000000119
41088  -25.936  -46.201  3.731 0.8999999762
42022  -27.853  -45.562  2.793 0.6999999881
41102  -28.497  -46.204  2.833 0.6999999881
42023  -28.835  -45.410  2.650 0.6999999881
140688  -30.286  -45.996  2.521 0.6999999881
142789  -30.723  -46.521  2.401 0.6999999881
41120  -32.700  -46.486  1.156 0.6000000238
42026  -31.213  -45.737  2.041 0.6999999881
42941  -29.639  -44.722  2.543 0.6999999881
122582  -33.319  -46.200  0.459 0.6000000238
41119  -31.991  -46.009  1.507 0.6000000238
38221  -28.980  -49.825  11.956 0.8000000119
38222  -29.766  -49.406  11.920 0.8000000119
139045  -23.719  -49.321  11.417 0.5000000000
144891  -27.178  -49.573  11.751 0.8000000119
39085  -27.457  -48.998  11.875 0.8000000119
39086  -28.284  -49.146  12.021 0.8000000119
39089  -30.520  -49.034  11.773 0.8000000119
39082  -24.493  -48.827  11.434 0.6000000238
39083  -25.239  -48.596  11.487 0.5000000000
38219  -27.736  -49.572  11.869 0.8000000119
39090  -31.386  -48.796  11.477 0.6999999881
145241  -23.728  -48.049  11.372 0.5000000000
39084  -26.677  -49.074  11.694 0.6999999881
142988  -26.450  -49.930  11.601 0.6999999881
40041  -31.562  -47.915  11.481 0.6999999881
39091  -32.264  -48.587  11.142 0.6999999881
40059  -33.009  -47.462  10.714 0.6999999881
40999  -21.983  -46.012  9.981 0.3000000119
39098  -33.226  -47.924  10.150 0.6999999881
40072  -33.378  -47.375  9.470 0.6999999881
40088  -33.349  -46.977  8.698 0.6999999881
41019  -33.075  -46.651  8.002 0.6999999881
42827  -23.609  -44.394  9.983 0.4000000060
42828  -24.457  -44.790  10.299 0.4000000060
41037  -30.080  -46.977  7.032 0.8000000119
40111  -32.244  -47.130  7.841 0.6999999881
41060  -29.445  -46.665  6.638 0.8000000119
41969  -29.110  -45.908  6.167 0.8000000119
42876  -30.259  -44.739  5.943 0.6999999881
41968  -28.312  -45.800  5.901 0.8000000119
42010  -24.520  -44.895  3.713 0.8999999762
41087  -24.867  -45.673  3.751 0.8999999762
41997  -24.419  -44.889  3.833 0.8999999762
41981  -24.896  -45.206  4.621 0.8000000119
42875  -26.458  -44.654  5.471 0.8000000119
42012  -25.530  -45.454  3.578 0.8999999762
42938  -24.441  -44.404  3.475 0.8000000119
128184  -26.824  -45.785  3.430 0.8999999762
42923  -27.093  -44.915  3.304 0.8000000119
40189  -33.266  -47.341  1.665 0.4000000060
130399  -28.275  -45.047  2.671 0.8000000119
42940  -28.701  -44.427  2.645 0.6999999881
42025  -30.571  -45.014  2.330 0.6999999881
42958  -33.363  -44.687  0.779 0.5000000000
39087  -28.700  -48.396  12.121 0.6999999881
136363  -29.075  -49.056  12.059 0.8000000119
40037  -27.387  -47.592  11.867 0.6999999881
122567  -29.947  -47.394  12.130 0.6999999881
40984  -23.491  -46.038  10.503 0.4000000060
40968  -26.407  -46.584  11.432 0.6000000238
122093  -29.053  -47.051  12.013 0.6999999881
40042  -32.449  -47.733  11.145 0.6999999881
40987  -32.977  -46.412  10.661 0.6999999881
139343  -33.310  -47.198  10.215 0.6999999881
41915  -25.920  -45.254  10.898 0.5000000000
41000  -33.536  -46.510  9.278 0.6999999881
135858  -24.944  -44.107  10.327 0.4000000060
123314  -33.525  -46.112  8.468 0.6999999881
43874  -24.128  -43.177  10.360 0.3000000119
42830  -26.263  -44.433  10.694 0.5000000000
139787  -29.795  -45.936  6.404 0.6999999881
41062  -31.073  -46.066  6.798 0.6999999881
144005  -33.216  -45.886  7.790 0.6999999881
43876  -25.741  -43.732  10.351 0.4000000060
41970  -30.480  -45.483  6.382 0.6999999881
41959  -31.829  -45.720  7.174 0.6999999881
42893  -29.528  -44.585  5.713 0.6999999881
42874  -25.596  -44.523  5.113 0.8000000119
41966  -26.770  -45.537  5.636 0.8000000119
41967  -27.551  -45.621  5.731 0.8000000119
41982  -28.138  -44.976  5.624 0.8000000119
43922  -27.069  -43.759  5.559 0.8000000119
42909  -24.454  -44.183  3.624 0.8000000119
43970  -25.021  -43.867  3.489 0.8000000119
43984  -24.046  -43.808  3.146 0.8000000119
42920  -24.324  -44.197  3.407 0.8999999762
43971  -26.184  -44.354  3.434 0.8999999762
43972  -27.223  -44.023  3.275 0.8000000119
43986  -28.900  -43.447  2.664 0.8000000119
42039  -31.996  -45.117  1.194 0.6999999881
42040  -32.880  -45.471  0.850 0.6000000238
43987  -29.573  -43.861  2.506 0.6999999881
42942  -30.372  -44.088  2.263 0.6999999881
45009  -28.583  -42.014  2.630 0.6999999881
40039  -29.118  -47.787  12.135 0.6999999881
41899  -28.232  -45.598  11.736 0.6000000238
124184  -28.100  -46.344  11.795 0.6000000238
40970  -28.913  -46.209  11.930 0.6999999881
40972  -30.378  -46.536  12.182 0.6999999881
123415  -30.941  -47.248  11.934 0.6999999881
41897  -25.683  -46.063  11.123 0.5000000000
142362  -27.048  -46.939  11.716 0.6000000238
123414  -30.675  -45.775  12.129 0.6999999881
40973  -31.220  -46.457  11.842 0.6999999881
140097  -31.772  -47.110  11.443 0.6999999881
126889  -27.285  -46.058  11.595 0.6000000238
43888  -23.512  -43.636  10.065 0.3000000119
42809  -26.749  -45.115  11.267 0.5000000000
41898  -26.400  -45.824  11.268 0.5000000000
127885  -33.430  -46.080  9.918 0.6999999881
43877  -26.650  -43.624  10.548 0.4000000060
140293  -28.052  -44.050  11.385 0.6000000238
41932  -33.650  -45.672  9.260 0.6999999881
42861  -32.859  -44.579  7.247 0.6999999881
145758  -33.491  -45.614  8.053 0.6999999881
41971  -32.134  -44.947  6.872 0.6999999881
44910  -26.023  -42.282  10.430 0.3000000119
42877  -31.615  -44.391  6.343 0.6999999881
130118  -27.328  -44.775  5.572 0.8000000119
42891  -27.967  -44.114  5.512 0.8000000119
42892  -28.768  -44.363  5.566 0.6999999881
43941  -29.469  -43.756  5.550 0.6999999881
42894  -30.851  -44.116  5.789 0.6999999881
43921  -25.404  -43.651  4.938 0.8000000119
43939  -27.891  -43.237  5.488 0.8000000119
43969  -23.982  -43.744  3.112 0.8000000119
42889  -24.548  -44.230  4.131 0.8000000119
133788  -26.484  -43.118  5.465 0.8000000119
45001  -25.346  -42.934  3.554 0.8000000119
147785  -23.351  -41.539  5.062 0.8000000119
45933  -24.817  -41.576  5.416 0.8000000119
46913  -25.550  -40.800  5.500 0.8000000119
46912  -24.297  -40.702  5.471 0.8000000119
42957  -32.590  -44.408  0.859 0.6000000238
42956  -31.869  -44.217  1.033 0.6999999881
132780  -28.304  -42.834  2.854 0.8000000119
43988  -30.244  -43.298  2.183 0.6000000238
45967  -28.959  -41.273  2.467 0.6999999881
45010  -29.511  -41.923  2.242 0.6000000238
132801  -30.901  -42.633  1.503 0.6000000238
124002  -29.135  -45.225  11.802 0.6000000238
140231  -27.613  -44.963  11.548 0.6000000238
41901  -31.467  -45.690  11.650 0.6999999881
41902  -32.276  -45.591  11.189 0.6999999881
42815  -32.357  -44.772  11.048 0.6999999881
41916  -32.844  -45.421  10.629 0.6999999881
146714  -33.180  -45.800  10.318 0.6999999881
146891  -27.002  -43.015  10.461 0.4000000060
140752  -27.437  -43.455  10.864 0.4000000060
42812  -28.943  -44.311  11.554 0.5000000000
42814  -31.660  -44.904  11.457 0.6999999881
41917  -33.359  -45.274  9.988 0.6999999881
43864  -28.837  -43.459  11.336 0.5000000000
42845  -33.654  -44.686  9.272 0.6999999881
41947  -33.662  -45.272  8.530 0.6999999881
44911  -26.344  -42.989  10.309 0.3000000119
132440  -26.949  -42.332  10.532 0.3000000119
137458  -27.599  -42.739  10.688 0.4000000060
122876  -30.919  -44.803  6.169 0.6999999881
42855  -33.726  -44.435  8.405 0.6999999881
45866  -26.503  -41.482  10.679 0.3000000119
45867  -27.438  -41.598  10.752 0.3000000119
139549  -32.381  -44.257  6.730 0.6999999881
43906  -32.997  -43.688  6.976 0.6999999881
42895  -31.496  -43.692  5.972 0.6999999881
130263  -29.904  -43.029  5.551 0.6999999881
43942  -30.304  -43.573  5.608 0.6999999881
43925  -32.602  -42.809  6.482 0.6999999881
147971  -30.449  -43.070  5.579 0.6999999881
45947  -31.352  -41.833  5.695 0.6999999881
44981  -24.333  -42.600  4.707 0.8000000119
129001  -25.763  -43.027  5.242 0.8000000119
131978  -29.133  -42.991  5.476 0.6999999881
45946  -30.590  -41.469  5.649 0.6999999881
46929  -31.209  -40.956  5.919 0.6999999881
43937  -24.463  -43.252  4.092 0.8000000119
44982  -24.936  -42.859  4.951 0.8000000119
44969  -26.243  -42.398  5.413 0.8000000119
44970  -27.139  -42.628  5.557 0.8000000119
44983  -28.051  -42.418  5.465 0.8000000119
127450  -29.936  -41.201  5.613 0.8000000119
46928  -30.378  -40.663  5.822 0.6999999881
123666  -24.298  -42.613  3.957 0.8000000119
45934  -25.888  -41.617  5.429 0.8000000119
46915  -27.125  -40.328  5.452 0.8000000119
46926  -28.648  -40.152  5.588 0.8000000119
45000  -24.116  -43.527  3.248 0.8000000119
45956  -24.052  -41.989  4.199 0.8000000119
45932  -23.753  -41.596  5.241 0.8000000119
140324  -26.468  -40.938  5.472 0.8000000119
46916  -27.848  -39.790  5.585 0.8000000119
46931  -23.199  -40.679  4.920 0.8000000119
47900  -25.346  -39.898  5.506 0.8000000119
46914  -26.308  -40.076  5.461 0.8000000119
48892  -27.418  -38.520  5.772 0.8000000119
45957  -25.564  -41.890  3.598 0.8000000119
48890  -25.282  -38.984  5.502 0.8000000119
147054  -26.428  -41.644  3.448 0.8000000119
42943  -33.495  -44.260  1.171 0.5000000000
43996  -31.664  -43.318  1.123 0.6000000238
45958  -26.216  -41.059  3.451 0.8000000119
45959  -27.142  -41.385  3.332 0.8000000119
43997  -32.758  -43.748  0.879 0.6000000238
128793  -32.273  -43.040  1.004 0.6000000238
45018  -30.484  -41.820  1.607 0.6000000238
45019  -31.621  -42.361  1.262 0.6000000238
41900  -30.112  -45.147  11.892 0.6999999881
139691  -31.130  -44.391  11.570 0.6999999881
43866  -31.745  -43.985  11.219 0.6999999881
43867  -32.490  -44.132  10.792 0.6999999881
43865  -29.746  -43.735  11.422 0.5000000000
131940  -31.362  -42.984  11.077 0.6999999881
43879  -28.243  -42.374  10.909 0.4000000060
45868  -28.216  -41.715  10.936 0.4000000060
44899  -29.014  -42.030  11.155 0.5000000000
42832  -33.331  -44.498  9.946 0.6999999881
43889  -33.817  -43.744  8.987 0.6999999881
46854  -27.216  -40.849  11.003 0.3000000119
45852  -28.866  -41.156  11.295 0.3000000119
140327  -29.675  -41.365  11.388 0.5000000000
133568  -33.700  -42.988  9.496 0.6999999881
43897  -33.807  -43.593  8.218 0.6999999881
46853  -26.394  -40.623  11.186 0.3000000119
47829  -28.354  -39.608  11.451 0.3000000119
131132  -33.811  -42.847  7.945 0.6999999881
47828  -27.561  -39.453  11.482 0.3000000119
147953  -33.413  -41.607  7.253 0.6999999881
44984  -28.809  -42.317  5.453 0.8000000119
147727  -29.975  -41.810  5.593 0.6999999881
45936  -32.083  -41.351  6.187 0.6999999881
44985  -29.592  -42.358  5.520 0.6999999881
46917  -30.935  -40.113  6.241 0.6999999881
44967  -24.270  -42.204  5.153 0.8000000119
45935  -26.746  -41.733  5.492 0.8000000119
123091  -28.742  -40.935  5.484 0.6999999881
46927  -29.471  -40.550  5.639 0.8000000119
45942  -23.588  -41.938  4.947 0.8000000119
47913  -29.247  -39.703  5.860 0.8000000119
45950  -23.673  -41.941  4.610 0.8000000119
47902  -27.068  -39.350  5.546 0.8000000119
48893  -28.131  -38.475  6.010 0.8000000119
46939  -23.674  -40.666  4.484 0.8000000119
139729  -24.300  -41.046  4.026 0.8000000119
46911  -23.471  -40.179  5.232 0.8000000119
47901  -26.183  -39.185  5.493 0.8000000119
48891  -26.112  -38.244  5.561 0.8000000119
122925  -27.635  -37.898  5.853 0.8000000119
127646  -25.104  -40.395  3.870 0.8000000119
47930  -24.428  -40.146  4.190 0.8000000119
47898  -23.568  -39.256  5.230 0.8000000119
48889  -24.356  -38.709  5.447 0.8000000119
49823  -27.128  -37.299  5.775 0.8000000119
46949  -27.660  -40.806  3.146 0.8000000119
122418  -29.644  -44.569  11.643 0.6000000238
124969  -30.779  -43.690  11.394 0.6000000238
130156  -28.744  -42.753  11.163 0.5000000000
45853  -29.948  -42.119  11.313 0.5000000000
148054  -32.023  -42.759  10.845 0.6999999881
132696  -33.168  -43.128  10.177 0.6999999881
146460  -30.339  -41.503  11.398 0.6000000238
44902  -31.721  -42.252  10.963 0.6999999881
44913  -32.563  -42.443  10.562 0.6999999881
44914  -33.433  -42.189  10.044 0.6999999881
46837  -27.808  -40.220  11.365 0.3000000119
46838  -28.639  -40.354  11.396 0.3000000119
45856  -32.227  -41.654  10.783 0.6999999881
47827  -26.767  -39.267  11.587 0.3000000119
49757  -29.503  -37.888  11.590 0.3000000119
45880  -33.655  -41.407  9.701 0.6999999881
44921  -33.903  -42.136  9.270 0.6999999881
50773  -27.053  -36.384  11.797 0.3000000119
49755  -27.710  -37.164  11.647 0.3000000119
49756  -28.640  -37.558  11.582 0.3000000119
50774  -29.336  -37.045  11.557 0.3000000119
52647  -26.594  -35.035  11.524 0.3000000119
45937  -32.902  -41.440  6.737 0.6999999881
47914  -30.081  -39.779  6.122 0.8000000119
126853  -28.926  -38.439  6.232 0.8000000119
49824  -28.373  -37.844  6.031 0.8000000119
140861  -23.541  -39.864  4.669 0.8000000119
47912  -23.191  -39.745  4.939 0.8000000119
47929  -23.627  -38.889  4.656 0.8000000119
48902  -23.341  -38.906  4.971 0.8000000119
49821  -24.443  -37.714  5.429 0.8000000119
122541  -25.581  -37.501  5.567 0.8000000119
49822  -26.444  -37.369  5.696 0.8000000119
46941  -25.960  -40.161  3.517 0.8000000119
49820  -23.634  -37.432  5.159 0.8000000119
123889  -26.962  -40.504  3.416 0.8000000119
46942  -27.704  -40.126  3.236 0.6999999881
46950  -28.360  -40.678  2.792 0.6000000238
133611  -30.861  -42.066  11.285 0.6000000238
46842  -31.920  -40.814  11.140 0.6000000238
45869  -32.871  -41.759  10.405 0.6999999881
124273  -29.897  -39.645  11.554 0.4000000060
47833  -32.115  -39.802  11.200 0.6000000238
46856  -32.752  -41.046  10.532 0.6999999881
45870  -33.279  -41.447  10.174 0.6999999881
48825  -31.989  -38.781  11.260 0.4000000060
46857  -33.376  -40.843  10.109 0.6999999881
46870  -33.680  -40.621  9.528 0.6999999881
45918  -33.784  -41.396  7.903 0.6999999881
51721  -30.030  -35.956  11.230 0.3000000119
47847  -33.399  -40.128  10.052 0.6000000238
47876  -33.632  -39.660  8.667 0.6999999881
46919  -32.668  -40.639  6.714 0.6999999881
47888  -33.421  -39.493  7.934 0.6999999881
47905  -32.433  -39.784  6.772 0.6999999881
131519  -32.274  -38.985  6.835 0.6999999881
137325  -28.570  -39.193  5.972 0.8000000119
47903  -29.490  -39.075  6.269 0.8000000119
122419  -26.947  -37.968  5.767 0.8000000119
123300  -28.574  -37.149  5.769 0.8000000119
139843  -25.190  -38.241  5.495 0.8000000119
138461  -27.255  -36.658  5.757 0.8000000119
48922  -25.391  -38.692  4.053 0.8000000119
139385  -23.524  -37.813  4.933 0.8000000119
143580  -24.065  -36.901  5.411 0.8000000119
50834  -24.979  -36.789  5.522 0.8000000119
49835  -23.481  -37.084  4.987 0.8000000119
45968  -29.891  -41.178  1.904 0.6000000238
124682  -26.900  -39.615  3.445 0.8000000119
47940  -28.541  -39.889  2.972 0.6000000238
135341  -27.746  -39.309  3.270 0.6999999881
48924  -27.915  -38.621  3.335 0.6999999881
46841  -30.968  -41.036  11.424 0.6000000238
129829  -31.365  -40.246  11.412 0.6000000238
132261  -32.511  -40.370  10.811 0.6000000238
48823  -30.454  -38.185  11.538 0.3000000119
133321  -33.020  -40.433  10.413 0.6000000238
123196  -30.101  -37.290  11.497 0.3000000119
48824  -31.400  -38.049  11.323 0.3000000119
143420  -32.710  -39.191  10.850 0.5000000000
49773  -31.777  -37.328  10.988 0.3000000119
48839  -32.174  -37.978  11.067 0.5000000000
125065  -33.585  -39.045  9.241 0.6999999881
52663  -28.861  -34.556  10.775 0.3000000119
51739  -30.227  -35.257  10.677 0.3000000119
49786  -33.457  -37.566  9.328 0.4000000060
132898  -28.169  -33.532  10.551 0.3000000119
48880  -33.281  -38.669  7.779 0.6000000238
48897  -32.254  -38.220  6.780 0.6000000238
48879  -32.855  -38.477  7.236 0.6000000238
122970  -30.947  -38.998  6.509 0.8000000119
139862  -31.541  -38.675  6.603 0.6999999881
122337  -30.292  -39.015  6.432 0.8000000119
48896  -31.565  -38.018  6.602 0.6999999881
49828  -32.197  -37.367  6.627 0.6999999881
49825  -29.210  -37.784  6.242 0.8000000119
48894  -29.801  -38.374  6.428 0.8000000119
49826  -30.141  -37.659  6.377 0.6999999881
49827  -31.104  -37.489  6.456 0.6999999881
50839  -31.549  -36.716  6.301 0.6999999881
123523  -27.782  -37.222  5.735 0.8000000119
124054  -29.526  -37.080  5.915 0.8000000119
51784  -29.861  -36.280  5.647 0.6999999881
50838  -30.499  -36.912  6.125 0.6999999881
50837  -27.780  -36.303  5.685 0.8000000119
51785  -30.961  -36.074  5.731 0.6999999881
129490  -24.461  -39.270  4.289 0.8000000119
48921  -24.402  -38.385  4.407 0.8000000119
123525  -25.940  -36.657  5.698 0.8000000119
51783  -28.149  -35.545  5.568 0.8000000119
49857  -24.232  -37.395  4.460 0.8000000119
50833  -24.240  -36.011  5.471 0.8000000119
51781  -26.431  -35.200  5.732 0.8000000119
47931  -25.297  -39.635  3.899 0.8000000119
49858  -25.078  -37.920  4.252 0.8000000119
141430  -23.475  -36.150  5.019 0.8000000119
52704  -24.792  -34.526  5.341 0.8000000119
47932  -26.105  -39.177  3.627 0.8000000119
139051  -26.111  -38.445  3.726 0.8000000119
49860  -26.369  -37.792  3.714 0.6999999881
125775  -29.372  -40.439  2.438 0.6000000238
122134  -30.156  -39.832  2.293 0.6000000238
48923  -26.945  -38.568  3.454 0.6999999881
49861  -27.758  -37.858  3.508 0.6999999881
48841  -33.368  -39.243  10.109 0.5000000000
47860  -33.633  -39.828  9.424 0.5000000000
50775  -30.513  -36.600  11.275 0.3000000119
49774  -32.607  -37.511  10.544 0.4000000060
48852  -33.454  -38.382  9.765 0.5000000000
48868  -33.497  -38.856  8.453 0.6000000238
51740  -31.043  -35.257  10.425 0.3000000119
122133  -33.517  -38.356  9.006 0.5000000000
49797  -33.438  -37.939  8.281 0.6000000238
52664  -30.579  -34.521  10.284 0.3000000119
51741  -31.866  -35.206  10.224 0.3000000119
54544  -28.577  -32.909  10.241 0.3000000119
53594  -30.012  -33.698  10.014 0.3000000119
51754  -32.664  -35.326  9.852 0.3000000119
53610  -29.349  -33.000  9.955 0.3000000119
49808  -32.906  -37.722  7.078 0.6000000238
54557  -28.105  -32.249  9.964 0.3000000119
51782  -27.187  -35.377  5.720 0.8000000119
51798  -28.390  -35.018  5.455 0.6999999881
145119  -29.627  -35.127  5.345 0.6999999881
52706  -26.612  -34.782  5.587 0.6999999881
50876  -23.787  -36.590  4.644 0.8000000119
51829  -23.669  -35.633  4.708 0.6999999881
138322  -23.648  -34.823  5.166 0.8000000119
52724  -25.947  -34.460  5.315 0.6000000238
46953  -31.549  -40.799  2.311 0.6000000238
49859  -25.726  -37.862  3.963 0.6999999881
135170  -26.739  -36.935  3.754 0.6999999881
135171  -25.900  -36.961  3.861 0.6999999881
48925  -28.756  -38.153  3.479 0.6999999881
48936  -29.482  -38.748  3.145 0.6999999881
145419  -27.050  -37.632  3.598 0.6999999881
51834  -28.813  -35.110  2.917 0.5000000000
134337  -29.777  -35.343  2.815 0.5000000000
50815  -33.507  -36.846  8.439 0.6000000238
49809  -33.362  -37.279  7.616 0.6000000238
50824  -33.483  -36.251  7.557 0.6000000238
50841  -33.219  -36.114  6.841 0.6000000238
51786  -32.055  -35.960  6.015 0.6999999881
51802  -32.548  -35.227  5.852 0.6999999881
56434  -26.695  -30.187  8.936 0.3000000119
51800  -30.113  -35.540  5.437 0.6999999881
138539  -30.880  -35.367  5.357 0.6999999881
52723  -24.380  -34.011  5.048 0.6999999881
52727  -29.085  -34.763  5.255 0.6000000238
52707  -27.506  -34.920  5.542 0.6999999881
135606  -25.161  -37.094  4.200 0.6999999881
50877  -24.349  -36.345  4.386 0.6999999881
52747  -23.946  -34.025  4.867 0.6999999881
52748  -24.569  -33.898  4.615 0.6000000238
50878  -25.141  -35.898  4.083 0.6999999881
140003  -30.051  -39.144  2.644 0.6000000238
46952  -30.909  -40.183  2.226 0.5000000000
49862  -28.412  -37.237  3.637 0.6999999881
50881  -28.049  -36.415  3.643 0.6999999881
50882  -28.939  -36.568  3.557 0.6999999881
50883  -29.814  -36.629  3.410 0.6000000238
124308  -33.553  -36.004  8.278 0.5000000000
51770  -33.589  -35.345  7.931 0.4000000060
51788  -33.467  -35.273  7.050 0.6000000238
52730  -32.866  -34.589  5.781 0.6000000238
56435  -27.571  -30.326  8.819 0.3000000119
51801  -31.690  -35.397  5.530 0.6999999881
52728  -30.196  -34.868  5.113 0.6000000238
52729  -31.373  -34.850  5.044 0.6000000238
53655  -25.952  -34.066  4.625 0.6000000238
52750  -28.611  -34.234  4.784 0.6000000238
51830  -24.170  -35.361  4.351 0.6999999881
53654  -25.119  -34.058  4.954 0.6000000238
52725  -26.930  -34.477  5.183 0.6000000238
125306  -24.451  -34.461  4.274 0.6999999881
52769  -25.097  -33.801  3.661 0.6000000238
50880  -27.190  -36.237  3.743 0.6999999881
49863  -29.327  -37.361  3.560 0.6999999881
48937  -30.407  -38.384  3.057 0.6000000238
48938  -31.720  -38.858  2.784 0.5000000000
137246  -31.248  -38.400  2.848 0.6000000238
49875  -32.056  -37.855  2.627 0.5000000000
133545  -28.490  -35.818  3.414 0.6000000238
49864  -30.228  -37.437  3.374 0.5000000000
50895  -30.742  -36.526  3.091 0.5000000000
50896  -31.724  -36.758  2.629 0.5000000000
51849  -30.539  -35.609  2.694 0.5000000000
51862  -30.887  -35.114  2.010 0.5000000000
53630  -33.328  -33.899  8.078 0.4000000060
52698  -33.509  -34.503  7.612 0.4000000060
53638  -33.374  -33.686  7.307 0.4000000060
54574  -30.686  -32.447  8.615 0.4000000060
52708  -33.189  -34.836  6.320 0.6000000238
140610  -28.577  -30.101  8.111 0.3000000119
56437  -29.164  -30.675  8.289 0.3000000119
125420  -32.258  -34.752  5.348 0.6000000238
58411  -27.873  -28.851  7.320 0.3000000119
52752  -30.903  -34.156  4.548 0.6000000238
53669  -29.079  -33.687  4.279 0.5000000000
53667  -26.856  -33.658  4.328 0.6000000238
53668  -28.087  -33.641  4.325 0.6000000238
53666  -25.605  -33.293  4.002 0.6000000238
53685  -25.092  -33.445  4.015 0.6000000238
54609  -26.268  -32.758  3.506 0.6000000238
51831  -25.442  -34.980  3.643 0.6999999881
52785  -25.610  -33.133  3.371 0.6000000238
52771  -27.102  -35.015  3.123 0.6999999881
51836  -30.086  -35.982  3.150 0.5000000000
52787  -29.480  -34.711  2.265 0.5000000000
54576  -32.382  -32.848  8.114 0.4000000060
53637  -33.067  -33.178  7.723 0.4000000060
52709  -33.436  -34.280  6.829 0.5000000000
54584  -32.529  -32.421  7.459 0.4000000060
52731  -33.204  -34.082  6.091 0.4000000060
52754  -32.759  -34.070  5.377 0.5000000000
57412  -28.287  -29.493  7.749 0.3000000119
56449  -29.212  -29.809  7.671 0.3000000119
56450  -29.935  -30.528  7.839 0.4000000060
52753  -32.041  -34.191  4.797 0.4000000060
131926  -28.998  -28.657  6.705 0.3000000119
57413  -30.204  -29.846  7.274 0.4000000060
137635  -31.015  -33.467  4.108 0.5000000000
53670  -30.088  -33.598  4.215 0.5000000000
53688  -29.507  -33.115  3.667 0.5000000000
54610  -27.500  -32.905  3.702 0.6000000238
54623  -30.004  -32.368  3.040 0.5000000000
145359  -25.994  -32.504  3.234 0.6000000238
54620  -26.253  -32.181  2.786 0.6000000238
125865  -26.602  -34.215  2.576 0.6000000238
53705  -25.698  -32.503  2.592 0.6000000238
145374  -27.997  -35.293  3.185 0.5000000000
52772  -27.758  -34.700  2.664 0.5000000000
52799  -29.183  -34.237  1.552 0.5000000000
52811  -29.685  -34.094  0.978 0.5000000000
52800  -30.151  -34.565  1.476 0.5000000000
53646  -33.268  -33.501  6.528 0.4000000060
54585  -33.172  -32.933  6.969 0.4000000060
53645  -33.027  -32.788  6.120 0.4000000060
53656  -33.029  -33.394  5.695 0.4000000060
127377  -32.760  -32.199  6.572 0.4000000060
54602  -32.867  -32.659  5.266 0.4000000060
53672  -32.571  -33.365  4.815 0.4000000060
57430  -28.715  -29.046  7.219 0.3000000119
53690  -31.577  -32.984  3.806 0.4000000060
54611  -32.173  -32.973  4.206 0.5000000000
59444  -27.889  -27.787  6.271 0.3000000119
53689  -30.614  -33.034  3.613 0.4000000060
54622  -28.635  -32.559  3.282 0.5000000000
54621  -27.499  -32.244  3.002 0.6000000238
141785  -28.310  -32.146  2.881 0.5000000000
128988  -25.409  -32.058  2.374 0.6000000238
55583  -26.806  -31.536  2.545 0.5000000000
55584  -27.987  -31.681  2.641 0.5000000000
52797  -27.408  -33.940  2.001 0.5000000000
53706  -26.190  -33.284  2.291 0.6000000238
54639  -25.055  -31.867  1.978 0.6000000238
55582  -25.546  -31.379  2.203 0.6000000238
53716  -25.332  -32.398  1.826 0.6000000238
52798  -28.404  -33.998  1.651 0.5000000000
53719  -28.883  -33.786  1.264 0.5000000000
52813  -31.377  -34.811  0.212 0.5000000000
53717  -26.555  -32.987  1.795 0.5000000000
60497  -27.265  -26.029  4.790 0.3000000119
60498  -28.154  -25.939  4.765 0.4000000060
137980  -28.967  -25.808  4.668 0.4000000060
55616  -25.268  -31.209  1.822 0.5000000000
62480  -27.941  -24.292  4.617 0.4000000060
54650  -25.395  -32.078  1.777 0.5000000000
57468  -27.451  -29.710  1.345 0.5000000000
57469  -28.764  -29.894  1.512 0.5000000000
129654  -27.289  -31.675  0.836 0.5000000000
123649  -26.868  -29.807  1.130 0.5000000000
53718  -27.914  -33.421  1.510 0.5000000000
54664  -28.300  -32.232  0.742 0.6000000238
53731  -30.992  -34.237  -0.039 0.5000000000
54665  -29.303  -32.868  0.673 0.5000000000
53730  -30.140  -33.649  0.507 0.6000000238
53739  -31.621  -33.781  -0.471 0.4000000060
61476  -28.466  -25.198  4.497 0.4000000060
60500  -30.312  -26.194  4.570 0.4000000060
55627  -25.981  -30.912  1.462 0.5000000000
55628  -26.672  -30.856  0.847 0.5000000000
55629  -27.931  -31.268  0.497 0.5000000000
56528  -28.567  -30.599  0.062 0.5000000000
56527  -27.367  -30.280  0.438 0.5000000000
53729  -28.554  -33.098  1.065 0.5000000000
132203  -31.571  -32.919  -0.469 0.4000000060
54666  -30.169  -32.614  0.313 0.5000000000
53738  -30.874  -33.328  -0.111 0.5000000000
62482  -29.850  -24.919  4.252 0.4000000060
63436  -28.597  -23.536  4.591 0.4000000060
56526  -26.550  -30.327  0.943 0.5000000000
55630  -29.199  -31.780  0.373 0.4000000060
55631  -30.269  -31.687  0.120 0.4000000060
54676  -30.939  -32.392  -0.198 0.5000000000
54677  -31.758  -32.128  -0.516 0.3000000119
57491  -26.786  -28.368  0.077 0.4000000060
55641  -31.112  -31.551  -0.273 0.5000000000
55642  -31.915  -31.366  -0.519 0.4000000060
56542  -31.361  -30.781  -0.378 0.4000000060
143327  -28.707  -29.808  -0.322 0.4000000060
54690  -34.606  -32.155  -1.466 0.4000000060
56541  -30.480  -30.931  -0.092 0.4000000060
56543  -32.264  -30.623  -0.632 0.4000000060
58524  -29.474  -28.236  -0.754 0.4000000060
56556  -33.208  -30.542  -1.029 0.4000000060
55657  -33.595  -31.166  -1.158 0.4000000060
56558  -34.427  -30.942  -0.910 0.4000000060
55645  -35.322  -31.597  -0.744 0.4000000060
58511  -30.172  -28.929  -0.639 0.4000000060
57505  -31.611  -29.889  -0.521 0.3000000119
57506  -32.699  -29.823  -0.896 0.4000000060
58525  -30.774  -28.198  -0.978 0.4000000060
59551  -30.121  -27.435  -1.199 0.4000000060
58527  -33.058  -29.124  -1.639 0.3000000119
57521  -33.610  -29.701  -1.387 0.4000000060
56557  -34.002  -30.455  -1.229 0.4000000060
56545  -34.987  -30.850  -0.427 0.4000000060
58512  -31.295  -29.006  -0.690 0.3000000119
58528  -33.864  -28.976  -2.089 0.4000000060
57522  -34.062  -29.540  -1.515 0.5000000000
58526  -32.114  -28.388  -1.293 0.4000000060
134791  -33.234  -28.407  -2.196 0.4000000060
125782  -23.839  -56.570  3.915 0.6999999881
30835  -30.908  -57.791  6.894 0.6999999881
127427  -22.657  -59.746  12.364 0.6000000238
30785  -31.314  -57.348  10.138 0.6999999881
32754  -30.613  -55.096  7.357 0.8000000119
32740  -32.148  -55.487  8.473 0.8000000119
31734  -28.560  -56.354  11.089 0.6000000238
33672  -30.176  -54.660  11.298 0.6000000238
33673  -31.015  -54.461  11.079 0.6999999881
35676  -30.611  -52.366  8.079 0.8000000119
31787  -22.949  -57.048  8.619 0.4000000060
39176  -23.457  -48.753  5.745 0.8000000119
133431  -29.360  -51.870  11.639 0.6000000238
34612  -23.163  -53.362  11.033 0.5000000000
143711  -32.861  -50.025  9.870 0.8000000119
38269  -30.919  -49.259  7.902 0.8000000119
135702  -31.843  -50.157  11.154 0.8000000119
40071  -20.837  -47.013  9.801 0.4000000060
139077  -26.102  -48.428  11.578 0.6000000238
40040  -30.674  -48.122  11.869 0.6999999881
41983  -28.924  -45.168  5.755 0.6999999881
145439  -32.557  -47.016  11.126 0.6999999881
42813  -30.399  -44.421  11.624 0.6999999881
124001  -26.771  -38.613  5.623 0.8000000119
43880  -32.359  -43.334  10.720 0.6999999881
46918  -31.804  -40.376  6.379 0.6999999881
47904  -31.513  -39.481  6.519 0.6999999881
47846  -32.895  -39.839  10.618 0.6000000238
47887  -32.940  -39.251  7.317 0.6999999881
46840  -30.550  -40.124  11.525 0.6000000238
146025  -33.286  -37.747  10.140 0.5000000000
51764  -33.467  -35.426  8.695 0.4000000060
52751  -29.628  -34.254  4.693 0.6000000238
52812  -30.544  -34.387  0.618 0.5000000000
56539  -27.704  -29.604  -0.152 0.4000000060
134179  -22.955  -57.373  2.128 0.5000000000
29094  -22.365  -59.536  3.396 0.6999999881
26121  -23.832  -62.103  12.122 0.5000000000
35742  -25.551  -52.751  3.898 0.6999999881
30850  -29.585  -57.825  5.511 0.6999999881
135555  -28.764  -56.893  5.314 0.6999999881
32792  -25.084  -55.649  4.666 0.6999999881
32793  -25.878  -55.843  4.733 0.6999999881
34693  -24.739  -53.339  6.191 0.6999999881
32782  -25.395  -55.167  5.080 0.6999999881
36703  -26.709  -51.863  5.025 0.6999999881
143125  -29.035  -51.004  5.445 0.5000000000
37504  -27.758  -50.642  5.390 0.6000000238
38314  -29.493  -49.113  4.713 0.5000000000
130443  -26.176  -58.652  11.711 0.6000000238
32769  -28.381  -55.011  6.169 0.6999999881
37502  -25.988  -50.775  5.155 0.6999999881
28995  -27.569  -59.202  11.507 0.6000000238
31801  -31.126  -56.862  7.267 0.8000000119
32770  -29.015  -55.604  6.265 0.6999999881
38317  -32.728  -48.891  4.929 0.4000000060
30805  -32.198  -56.779  8.874 0.8000000119
30757  -25.103  -57.797  11.132 0.6000000238
30756  -24.316  -57.888  10.979 0.6000000238
31735  -29.424  -56.276  11.165 0.6999999881
33718  -31.936  -54.591  8.304 0.6999999881
35694  -29.125  -52.841  7.470 0.8000000119
38315  -30.215  -49.064  4.647 0.5000000000
132394  -31.986  -54.760  10.256 0.6999999881
30803  -25.306  -57.486  9.670 0.6000000238
35678  -32.207  -53.176  8.904 0.8000000119
39204  -28.626  -47.943  3.644 0.6999999881
34641  -31.979  -53.396  10.522 0.6999999881
122389  -26.202  -49.152  7.132 0.8999999762
39129  -23.879  -48.649  6.261 0.8000000119
39206  -30.543  -47.952  3.564 0.6000000238
40155  -33.148  -47.601  3.819 0.4000000060
31767  -22.347  -56.242  9.023 0.3000000119
31770  -25.434  -56.778  9.614 0.5000000000
31769  -24.699  -56.998  9.265 0.5000000000
30801  -23.727  -57.760  9.001 0.5000000000
38249  -27.560  -49.766  7.500 0.8999999762
40153  -25.303  -47.260  4.374 0.8000000119
139550  -28.969  -52.565  11.643 0.6000000238
34617  -28.384  -53.253  11.557 0.6000000238
35633  -29.879  -52.588  11.546 0.6000000238
139292  -31.310  -51.749  11.272 0.8000000119
128961  -24.092  -56.476  9.162 0.4000000060
135596  -29.037  -48.509  7.453 0.8000000119
40171  -29.900  -47.252  2.982 0.6999999881
41105  -31.377  -46.472  2.186 0.6000000238
40200  -33.243  -46.965  0.659 0.4000000060
35631  -28.178  -52.471  11.579 0.6000000238
34638  -22.498  -53.704  10.645 0.5000000000
33690  -24.005  -54.499  10.281 0.5000000000
134496  -24.749  -54.339  10.608 0.5000000000
36626  -27.957  -51.716  11.644 0.6000000238
36621  -22.930  -51.409  11.351 0.5000000000
36622  -23.770  -51.625  11.482 0.6000000238
35627  -24.115  -52.384  11.408 0.5000000000
135616  -23.545  -50.811  11.480 0.6000000238
136643  -26.330  -52.872  11.492 0.5000000000
38228  -20.636  -49.283  10.128 0.6000000238
38229  -21.329  -49.638  10.693 0.6000000238
34613  -24.520  -53.062  11.234 0.5000000000
36624  -25.458  -51.966  11.513 0.6000000238
129715  -25.201  -51.205  11.514 0.6000000238
136907  -25.197  -53.075  11.295 0.5000000000
139053  -26.244  -52.192  11.540 0.5000000000
40998  -20.535  -46.265  9.179 0.4000000060
40087  -32.523  -47.851  8.382 0.6999999881
146071  -25.057  -46.717  5.486 0.8999999762
38217  -24.604  -49.635  11.491 0.6000000238
130664  -24.341  -51.002  11.546 0.6000000238
37444  -25.791  -50.621  11.510 0.6000000238
133459  -25.841  -49.187  11.552 0.6000000238
146438  -23.414  -46.639  10.992 0.4000000060
40058  -23.761  -47.106  11.266 0.4000000060
40035  -25.403  -47.820  11.422 0.5000000000
139748  -33.184  -47.773  8.823 0.6999999881
41912  -23.601  -45.243  10.131 0.4000000060
40986  -24.867  -46.318  11.003 0.5000000000
41055  -25.050  -46.102  5.191 0.8000000119
42038  -31.372  -44.858  1.669 0.6999999881
39088  -29.674  -48.470  12.053 0.6999999881
134419  -26.986  -48.321  11.788 0.6999999881
136140  -27.842  -48.328  12.033 0.6999999881
42829  -25.395  -44.615  10.524 0.5000000000
41040  -32.467  -46.231  7.583 0.6999999881
126154  -24.240  -43.934  10.210 0.4000000060
42939  -27.857  -44.648  2.829 0.8000000119
139151  -28.405  -46.825  11.900 0.6000000238
40969  -27.741  -46.898  11.843 0.6000000238
40971  -29.636  -46.601  12.151 0.6999999881
40036  -26.411  -47.522  11.609 0.6000000238
40967  -25.538  -46.936  11.297 0.5000000000
43875  -24.883  -43.466  10.365 0.3000000119
134050  -31.356  -45.252  6.577 0.6999999881
41041  -33.397  -45.089  7.778 0.6999999881
135763  -26.335  -43.418  3.427 0.8999999762
134140  -27.430  -43.063  3.228 0.8000000119
45002  -26.615  -42.327  3.421 0.8000000119
144235  -29.585  -43.168  2.472 0.6000000238
42955  -31.132  -44.166  1.678 0.6000000238
45011  -30.000  -42.586  2.151 0.6000000238
45966  -28.054  -41.376  2.817 0.8000000119
122565  -29.833  -45.895  12.194 0.6999999881
139099  -30.944  -45.028  11.864 0.6999999881
42810  -27.121  -44.265  11.092 0.5000000000
43878  -28.165  -43.130  11.066 0.4000000060
144273  -28.491  -42.908  5.462 0.8000000119
44987  -31.382  -42.566  5.687 0.6999999881
133639  -24.541  -42.752  3.763 0.8000000119
45008  -27.723  -42.133  3.054 0.8000000119
42831  -32.901  -44.679  10.466 0.6999999881
44900  -29.446  -42.812  11.270 0.5000000000
43882  -33.490  -43.836  9.686 0.6999999881
139674  -33.536  -43.429  7.588 0.6999999881
46836  -26.988  -40.052  11.400 0.3000000119
43924  -32.167  -43.651  6.383 0.6999999881
133880  -33.357  -42.849  7.205 0.6999999881
44971  -31.996  -42.269  5.956 0.6999999881
45938  -33.128  -42.145  6.886 0.6999999881
45943  -27.572  -41.731  5.487 0.8000000119
45944  -28.390  -41.638  5.462 0.8000000119
46925  -27.930  -40.812  5.483 0.8000000119
43881  -33.011  -43.941  10.332 0.6999999881
46855  -28.035  -40.998  11.106 0.3000000119
130413  -33.957  -42.907  8.743 0.6999999881
46839  -29.590  -40.457  11.474 0.4000000060
44931  -33.967  -42.110  8.408 0.6999999881
44947  -33.637  -42.158  7.597 0.6999999881
48821  -27.348  -38.694  11.584 0.3000000119
46901  -33.155  -40.069  7.326 0.6999999881
45855  -31.521  -41.576  11.174 0.6000000238
47831  -30.481  -39.164  11.562 0.3000000119
45899  -33.925  -41.202  8.870 0.6999999881
137871  -28.583  -36.645  11.557 0.3000000119
140349  -29.858  -36.627  11.425 0.3000000119
47832  -31.269  -39.467  11.459 0.6000000238
122126  -31.109  -38.727  11.461 0.4000000060
46886  -33.800  -40.339  8.926 0.6999999881
46902  -33.668  -40.431  8.134 0.6999999881
51780  -25.610  -35.125  5.645 0.8000000119
47933  -28.640  -39.073  3.188 0.6000000238
47941  -29.390  -39.545  2.763 0.6000000238
49758  -30.931  -37.333  11.333 0.3000000119
50792  -31.307  -36.599  10.937 0.3000000119
48840  -32.881  -38.394  10.575 0.5000000000
53593  -29.012  -33.737  10.412 0.3000000119
131520  -33.209  -38.006  7.583 0.6000000238
48895  -30.757  -38.318  6.516 0.8000000119
50823  -33.092  -36.889  6.946 0.6000000238
124420  -28.844  -36.322  5.622 0.6999999881
123681  -31.562  -35.915  10.513 0.3000000119
142395  -32.289  -35.831  10.250 0.3000000119
54558  -28.897  -32.369  9.677 0.3000000119
53611  -30.496  -33.317  9.402 0.3000000119
50840  -32.563  -36.453  6.502 0.6000000238
50879  -26.194  -36.066  3.695 0.6999999881
51787  -32.940  -35.662  6.376 0.6000000238
52726  -28.024  -34.637  5.255 0.6000000238
51832  -26.610  -35.433  3.469 0.6999999881
143095  -30.825  -39.214  2.616 0.5000000000
52694  -33.432  -34.680  8.420 0.4000000060
52786  -25.736  -33.468  2.935 0.6000000238
49874  -31.125  -37.568  3.039 0.6000000238
51850  -31.337  -35.870  2.431 0.4000000060
55538  -30.944  -31.823  8.103 0.4000000060
57411  -27.449  -29.301  7.846 0.3000000119
53671  -31.788  -33.538  4.349 0.5000000000
53687  -28.588  -33.227  3.805 0.5000000000
52770  -25.950  -34.450  3.183 0.5000000000
57431  -29.571  -29.137  6.968 0.4000000060
54612  -32.513  -32.539  4.509 0.4000000060
139350  -31.368  -32.383  3.120 0.4000000060
55585  -28.943  -31.946  2.716 0.5000000000
54651  -27.249  -32.470  1.260 0.6000000238
60499  -29.526  -26.208  4.797 0.4000000060
56525  -25.910  -30.885  1.650 0.5000000000
61477  -29.724  -25.631  4.504 0.4000000060
57504  -30.490  -29.658  -0.482 0.4000000060
147575  -29.405  -28.903  -0.581 0.4000000060
56544  -34.569  -30.433  -0.737 0.4000000060
59552  -31.338  -27.505  -1.565 0.4000000060
57508  -34.769  -29.989  -0.373 0.3000000119
26228  -24.956  -62.913  5.310 0.5000000000
27216  -23.672  -62.365  3.924 0.5000000000
26199  -25.321  -62.880  7.554 0.4000000060
126817  -25.714  -62.604  6.872 0.5000000000
26214  -25.718  -62.620  6.257 0.5000000000
26229  -25.589  -62.558  5.675 0.5000000000
27218  -25.647  -62.126  5.005 0.6000000238
27235  -25.322  -61.458  4.225 0.6000000238
26184  -26.016  -62.358  8.294 0.5000000000
26215  -26.245  -62.274  6.537 0.5000000000
27219  -26.545  -61.700  5.200 0.5000000000
27157  -26.709  -62.048  8.147 0.5000000000
27237  -26.636  -60.988  4.512 0.6000000238
28150  -25.935  -60.780  4.068 0.6000000238
27236  -26.039  -61.436  4.583 0.6000000238
28149  -25.079  -60.491  3.667 0.6000000238
29096  -25.911  -59.884  3.670 0.6000000238
28148  -24.043  -60.454  3.554 0.6000000238
29095  -23.506  -59.461  3.489 0.6000000238
130442  -24.300  -58.961  3.492 0.6000000238
27179  -27.133  -61.845  7.539 0.5000000000
27220  -27.200  -61.601  5.879 0.5000000000
28134  -27.349  -61.126  5.003 0.6000000238
26166  -26.673  -61.969  9.119 0.5000000000
27158  -27.345  -61.732  8.426 0.5000000000
28151  -27.243  -60.322  4.389 0.6000000238
26147  -25.572  -62.358  10.635 0.5000000000
26148  -26.188  -62.159  10.073 0.5000000000
29097  -26.799  -59.393  3.887 0.6000000238
138316  -25.101  -59.419  3.562 0.6000000238
29956  -22.712  -58.786  3.437 0.6000000238
27201  -27.704  -61.522  6.777 0.5000000000
28124  -27.995  -61.110  5.741 0.5000000000
27159  -28.163  -61.429  8.623 0.5000000000
126423  -28.601  -61.221  7.879 0.5000000000
27180  -27.864  -61.524  7.753 0.5000000000
27202  -28.519  -61.026  6.515 0.5000000000
28135  -28.061  -60.406  4.912 0.6000000238
133830  -27.019  -61.622  10.327 0.5000000000
27134  -27.617  -61.566  9.425 0.5000000000
29082  -27.817  -59.518  4.361 0.6000000238
26133  -25.470  -61.912  11.360 0.5000000000
27102  -26.750  -61.132  11.183 0.5000000000
29959  -25.797  -58.748  3.634 0.6000000238
129321  -24.251  -58.085  3.566 0.6000000238
29958  -24.929  -58.598  3.572 0.6000000238
28125  -29.142  -60.588  6.541 0.5000000000
28136  -28.819  -60.393  5.701 0.6000000238
29084  -29.403  -59.538  5.593 0.6000000238
27135  -28.404  -61.183  9.513 0.5000000000
29083  -28.700  -59.576  4.898 0.6000000238
129395  -24.639  -61.970  11.759 0.5000000000
27085  -23.116  -61.373  12.472 0.5000000000
139800  -25.948  -57.841  3.813 0.6000000238
129469  -25.108  -57.773  3.712 0.6000000238
28084  -29.766  -60.373  9.083 0.5000000000
132736  -29.031  -61.005  8.696 0.5000000000
28112  -29.793  -60.283  7.206 0.5000000000
29071  -29.831  -59.653  6.298 0.6000000238
27103  -27.395  -61.005  10.833 0.5000000000
27101  -25.983  -61.182  11.545 0.5000000000
28047  -27.186  -60.231  11.424 0.6000000238
28085  -30.367  -59.846  8.955 0.6000000238
28098  -30.232  -60.112  8.276 0.5000000000
29062  -30.553  -59.598  7.627 0.5000000000
29936  -30.627  -58.557  6.686 0.6000000238
28065  -27.980  -60.544  10.733 0.6000000238
140323  -29.504  -60.165  9.893 0.6000000238
29935  -29.997  -58.797  5.900 0.6000000238
28030  -24.904  -60.189  12.083 0.5000000000
136074  -26.385  -59.987  11.730 0.5000000000
28048  -28.116  -59.753  11.106 0.6000000238
28028  -23.456  -60.299  12.461 0.4000000060
29018  -29.519  -59.540  10.294 0.6000000238
29032  -30.075  -59.753  9.619 0.6000000238
29033  -30.773  -59.236  9.225 0.6000000238
29045  -30.743  -59.520  8.442 0.5000000000
128493  -30.799  -59.033  7.273 0.6000000238
30851  -30.314  -57.939  6.163 0.6000000238
29906  -31.410  -58.492  8.270 0.6999999881
40173  -31.288  -47.574  3.052 0.5000000000
44901  -30.330  -42.898  11.258 0.5000000000
147014  -30.739  -39.470  6.390 0.6000000238
46959  -31.009  -40.968  1.562 0.5000000000
48926  -29.674  -38.043  3.416 0.5000000000
57507  -34.525  -29.531  -1.040 0.4000000060
57492  -34.680  -29.054  -0.229 0.3000000119
58483  -35.090  -28.870  1.396 0.3000000119
58470  -35.348  -28.452  2.298 0.3000000119
26198  -24.466  -64.195  7.697 0.4000000060
25122  -24.721  -64.096  6.909 0.5000000000
25151  -25.455  -63.209  5.900 0.5000000000
26182  -24.701  -63.472  8.176 0.4000000060
122354  -24.430  -61.402  3.788 0.6000000238
127203  -23.434  -61.215  3.588 0.5000000000
28147  -23.035  -60.273  3.523 0.5000000000
133324  -24.260  -63.544  9.025 0.4000000060
26165  -25.830  -62.453  9.191 0.5000000000
25090  -24.232  -63.198  10.798 0.5000000000
139711  -25.519  -62.554  9.868 0.5000000000
25077  -24.201  -62.712  11.520 0.3000000119
26120  -23.071  -62.275  12.344 0.4000000060
26118  -21.383  -62.232  12.628 0.4000000060
39185  -32.167  -47.628  3.612 0.4000000060
122693  -32.807  -47.258  2.804 0.4000000060
132695  -32.110  -47.102  2.737 0.4000000060
45854  -30.236  -40.895  11.469 0.5000000000
45974  -31.079  -41.653  1.381 0.5000000000
45975  -31.501  -41.612  1.563 0.5000000000
58498  -34.868  -28.451  0.614 0.3000000119
59480  -35.558  -27.674  2.916 0.3000000119
25112  -24.035  -64.162  8.423 0.4000000060
28969  -24.212  -59.589  12.266 0.5000000000
27100  -25.069  -61.074  11.935 0.5000000000
28045  -25.693  -60.296  11.844 0.6000000238
45020  -31.968  -42.129  1.417 0.5000000000
27217  -24.639  -62.302  4.570 0.6000000238
25123  -25.275  -63.319  6.621 0.4000000060
26230  -26.071  -62.205  5.798 0.5000000000
27200  -26.878  -61.938  6.717 0.5000000000
26183  -25.370  -62.789  8.449 0.5000000000
139950  -28.332  -61.285  7.225 0.5000000000
123278  -29.247  -60.876  7.832 0.5000000000
27118  -27.864  -61.202  10.223 0.5000000000
27119  -28.450  -60.802  10.157 0.5000000000
58514  -34.645  -28.710  -1.385 0.4000000060
124448  -25.109  -62.969  9.158 0.4000000060
27234  -22.635  -61.875  3.509 0.4000000060
138237  -22.317  -60.831  3.465 0.4000000060
26164  -24.780  -62.950  10.076 0.4000000060
33688  -21.896  -54.169  10.350 0.4000000060
33708  -22.233  -54.852  10.000 0.3000000119
33689  -23.242  -54.824  9.910 0.4000000060
126978  -23.326  -56.370  9.051 0.4000000060
35651  -21.638  -52.556  10.628 0.4000000060
34637  -21.762  -53.381  10.542 0.4000000060
37472  -19.564  -50.833  8.113 0.4000000060
36635  -20.634  -50.920  10.019 0.4000000060
35650  -20.942  -52.343  10.215 0.4000000060
36637  -22.246  -52.003  11.059 0.4000000060
137008  -18.474  -49.635  7.318 0.3000000119
130511  -19.566  -50.036  8.091 0.3000000119
38262  -18.648  -48.936  7.328 0.4000000060
37455  -21.389  -50.573  10.634 0.4000000060
38245  -19.267  -49.370  7.701 0.4000000060
38246  -19.851  -49.539  8.697 0.5000000000
39113  -19.185  -48.475  7.510 0.4000000060
131882  -20.233  -48.288  9.118 0.4000000060
140572  -20.285  -49.656  9.495 0.5000000000
39114  -19.614  -47.808  8.107 0.4000000060
47830  -29.148  -39.659  11.479 0.3000000119
49775  -33.238  -37.016  10.090 0.3000000119
50793  -32.266  -36.616  10.478 0.3000000119
50807  -33.438  -36.737  9.342 0.3000000119
50806  -33.061  -36.139  9.898 0.3000000119
51755  -33.449  -36.132  8.974 0.3000000119
56486  -26.168  -30.909  2.076 0.4000000060
53629  -32.580  -33.467  8.424 0.3000000119
54575  -31.618  -32.384  8.140 0.3000000119
56487  -27.352  -30.914  2.279 0.4000000060
56498  -26.649  -30.405  1.641 0.4000000060
55548  -29.817  -31.106  8.269 0.3000000119
56488  -28.629  -31.150  2.353 0.3000000119
56499  -28.004  -30.390  1.913 0.4000000060
125928  -27.186  -29.499  0.584 0.4000000060
57501  -27.127  -28.665  -0.174 0.3000000119
147271  -31.687  -31.914  7.672 0.3000000119
143228  -32.203  -31.641  7.078 0.3000000119
55549  -30.465  -31.187  7.968 0.3000000119
55550  -31.282  -31.352  7.523 0.3000000119
55563  -32.512  -31.295  6.265 0.3000000119
55572  -32.803  -32.028  5.718 0.3000000119
55562  -31.787  -30.864  6.878 0.3000000119
145962  -32.501  -30.832  5.837 0.3000000119
131851  -32.653  -31.210  5.459 0.3000000119
55577  -32.683  -31.845  4.830 0.3000000119
56465  -31.249  -29.980  6.654 0.3000000119
146388  -29.942  -28.903  6.579 0.3000000119
58445  -29.768  -28.026  5.872 0.3000000119
58431  -29.565  -28.567  6.424 0.3000000119
59463  -29.274  -27.375  5.564 0.3000000119
55586  -30.865  -31.904  2.629 0.3000000119
56501  -30.584  -30.722  1.951 0.3000000119
56489  -29.962  -31.440  2.416 0.3000000119
56500  -29.372  -30.641  1.916 0.3000000119
134833  -29.057  -24.441  4.367 0.3000000119
63435  -27.799  -23.373  4.858 0.3000000119
57481  -27.313  -29.167  0.610 0.3000000119
57502  -28.369  -28.886  -0.514 0.3000000119
56466  -32.174  -30.485  6.188 0.3000000119
56475  -32.624  -30.924  4.707 0.3000000119
145604  -32.451  -32.039  4.250 0.3000000119
54624  -32.142  -32.362  3.756 0.3000000119
57432  -30.380  -29.283  6.648 0.3000000119
57434  -31.924  -29.749  5.853 0.3000000119
56467  -32.484  -30.380  5.426 0.3000000119
55588  -32.429  -31.516  3.908 0.3000000119
55587  -32.169  -31.761  3.065 0.3000000119
58432  -30.332  -28.662  6.150 0.3000000119
58433  -31.114  -28.625  5.716 0.3000000119
57448  -32.385  -29.515  5.144 0.3000000119
58446  -30.671  -27.980  5.537 0.3000000119
137734  -31.585  -31.731  2.717 0.3000000119
55603  -31.144  -31.286  2.375 0.3000000119
60488  -29.902  -26.834  5.105 0.3000000119
131859  -30.080  -30.067  1.565 0.3000000119
62481  -29.180  -25.224  4.414 0.3000000119
62488  -29.918  -24.202  4.186 0.3000000119
63437  -29.533  -23.546  4.319 0.3000000119
58478  -27.181  -28.212  0.383 0.3000000119
58477  -26.768  -28.024  0.071 0.3000000119
137981  -28.413  -27.942  -0.741 0.3000000119
129563  -32.589  -30.098  4.602 0.3000000119
143314  -32.613  -29.894  3.883 0.3000000119
56490  -32.583  -30.197  3.216 0.3000000119
58447  -31.591  -28.291  5.203 0.3000000119
58448  -32.274  -28.747  4.826 0.3000000119
57453  -32.547  -29.332  4.336 0.3000000119
55605  -32.493  -31.026  3.083 0.3000000119
127466  -30.019  -27.500  5.467 0.3000000119
59464  -30.537  -27.337  5.167 0.3000000119
59465  -31.275  -27.579  4.920 0.3000000119
55604  -32.007  -31.179  2.639 0.3000000119
57471  -31.207  -30.005  1.747 0.3000000119
56502  -31.588  -30.589  2.242 0.3000000119
61478  -30.580  -25.425  4.196 0.3000000119
58467  -30.529  -29.339  1.346 0.3000000119
62489  -30.630  -24.507  3.881 0.3000000119
57470  -29.434  -29.440  1.282 0.3000000119
133762  -30.248  -23.626  3.886 0.3000000119
58479  -29.543  -28.742  0.838 0.3000000119
57482  -28.192  -29.034  1.025 0.3000000119
59501  -27.512  -27.409  0.371 0.3000000119
59535  -27.342  -27.385  -0.260 0.3000000119
57460  -32.622  -29.321  3.389 0.3000000119
59471  -31.704  -27.170  4.234 0.3000000119
59472  -32.366  -27.706  3.672 0.3000000119
56503  -32.300  -30.461  2.648 0.3000000119
59470  -30.848  -26.869  4.697 0.3000000119
58459  -32.610  -28.406  3.063 0.3000000119
57472  -32.050  -29.884  2.197 0.3000000119
60505  -31.282  -26.208  4.048 0.3000000119
62490  -31.146  -24.576  3.204 0.3000000119
61485  -31.550  -25.162  2.812 0.3000000119
138348  -30.231  -28.119  0.542 0.3000000119
63443  -30.482  -22.964  3.406 0.3000000119
134395  -28.328  -28.259  0.624 0.3000000119
59522  -27.352  -27.075  0.138 0.3000000119
59549  -28.026  -27.227  -0.774 0.3000000119
58453  -32.522  -28.558  3.995 0.3000000119
124380  -32.467  -29.158  2.482 0.3000000119
59478  -32.047  -26.811  3.424 0.3000000119
59479  -32.523  -27.440  2.648 0.3000000119
61484  -31.198  -25.284  3.598 0.3000000119
60519  -31.959  -25.771  2.468 0.3000000119
58480  -30.910  -28.638  1.059 0.3000000119
141808  -30.766  -22.919  2.764 0.3000000119
62504  -30.826  -23.706  3.133 0.3000000119
62505  -31.299  -24.241  2.449 0.3000000119
61500  -31.775  -25.076  1.892 0.3000000119
59502  -28.993  -27.767  0.443 0.3000000119
135980  -28.013  -26.583  -0.677 0.3000000119
59567  -28.451  -26.348  -1.152 0.3000000119
58469  -32.468  -28.372  2.051 0.3000000119
58468  -31.805  -29.154  1.630 0.3000000119
59488  -32.496  -26.824  1.913 0.3000000119
58482  -32.439  -27.602  1.596 0.3000000119
59505  -32.387  -27.046  1.200 0.3000000119
59503  -31.265  -27.871  0.521 0.3000000119
59524  -30.167  -27.210  0.114 0.3000000119
63459  -30.899  -23.141  2.051 0.3000000119
62521  -31.280  -23.751  1.473 0.3000000119
61515  -32.012  -25.741  1.270 0.3000000119
59523  -28.141  -26.780  0.103 0.3000000119
60552  -28.189  -26.326  -0.507 0.3000000119
60565  -28.311  -26.035  -0.742 0.3000000119
59553  -32.482  -27.595  -2.066 0.3000000119
59569  -30.638  -26.750  -1.592 0.3000000119
59568  -29.471  -26.619  -1.357 0.3000000119
59504  -32.071  -27.488  0.706 0.3000000119
64403  -30.700  -22.376  2.143 0.3000000119
61534  -32.078  -26.278  0.835 0.3000000119
59526  -32.023  -26.723  0.539 0.3000000119
59525  -31.476  -27.168  0.252 0.3000000119
64418  -30.962  -22.413  1.503 0.3000000119
61533  -31.665  -25.883  0.613 0.3000000119
136929  -30.740  -25.153  0.289 0.3000000119
60553  -29.322  -26.166  -0.410 0.3000000119
62552  -28.876  -24.449  -1.036 0.3000000119
61531  -28.547  -25.213  -0.794 0.3000000119
134769  -30.646  -25.377  -1.699 0.3000000119
61564  -29.766  -24.854  -1.563 0.3000000119
60591  -28.508  -25.502  -1.223 0.3000000119
60594  -31.912  -26.344  -2.038 0.3000000119
134713  -30.102  -25.476  -1.628 0.3000000119
136692  -30.873  -21.960  1.752 0.3000000119
63475  -30.964  -22.873  1.006 0.3000000119
62520  -30.572  -23.420  0.440 0.3000000119
61532  -29.990  -24.082  0.054 0.3000000119
126691  -29.635  -25.130  -0.335 0.3000000119
63489  -30.423  -23.357  0.157 0.3000000119
62538  -29.161  -24.385  -0.729 0.3000000119
62566  -30.820  -24.314  -1.333 0.3000000119
62565  -29.638  -24.255  -1.220 0.3000000119
138234  -31.562  -25.000  -1.678 0.3000000119
59571  -32.698  -26.830  -2.295 0.3000000119
61578  -31.574  -25.638  -1.854 0.3000000119
140900  -33.872  -28.332  -2.468 0.3000000119
59554  -33.498  -27.624  -2.516 0.3000000119
122092  -34.280  -29.128  -1.632 0.3000000119
64433  -31.534  -22.370  0.967 0.3000000119
63490  -31.350  -22.817  0.236 0.3000000119
63504  -30.736  -23.418  -0.397 0.3000000119
63503  -30.010  -23.675  -0.368 0.3000000119
63511  -30.186  -23.793  -0.849 0.3000000119
62553  -29.559  -24.058  -0.681 0.3000000119
61579  -32.421  -26.127  -2.100 0.3000000119
58541  -34.177  -27.841  -2.563 0.3000000119
134043  -34.371  -28.381  -2.158 0.3000000119
29093  -21.463  -59.347  3.085 0.4000000060
37486  -18.349  -50.533  7.225 0.3000000119
36636  -21.378  -51.596  10.545 0.4000000060
35652  -22.390  -52.921  10.933 0.4000000060
37461  -20.074  -50.321  9.130 0.4000000060
39103  -20.678  -47.937  9.947 0.4000000060
126831  -20.207  -49.044  9.332 0.4000000060
144391  -33.219  -35.566  9.356 0.3000000119
56451  -30.798  -30.625  7.381 0.3000000119
60487  -28.854  -26.552  5.156 0.3000000119
36665  -18.858  -51.180  7.133 0.4000000060
36649  -19.349  -51.356  7.673 0.4000000060
145966  -20.309  -51.719  9.213 0.4000000060
36642  -20.617  -51.695  9.854 0.4000000060
38261  -17.799  -49.008  7.290 0.3000000119
125214  -19.725  -48.769  8.408 0.4000000060
57433  -31.134  -29.217  6.096 0.3000000119
57447  -31.823  -29.000  5.501 0.3000000119
135385  -29.063  -22.778  4.507 0.3000000119
58452  -32.055  -27.980  4.507 0.3000000119
57473  -32.479  -29.810  2.752 0.3000000119
60506  -31.713  -25.965  3.171 0.3000000119
60507  -32.260  -26.476  2.596 0.3000000119
58481  -31.971  -28.255  1.140 0.3000000119
60554  -30.883  -26.298  0.031 0.3000000119
61563  -28.582  -24.893  -1.145 0.3000000119
61514  -31.392  -24.659  0.827 0.3000000119
60595  -33.552  -26.846  -2.526 0.3000000119
62554  -31.307  -23.885  -0.979 0.3000000119
36664  -18.230  -51.704  6.730 0.4000000060
138331  -32.690  -48.095  4.333 0.4000000060
26163  -19.346  -62.612  9.460 0.3000000119
27132  -19.537  -61.984  8.768 0.3000000119
27116  -19.934  -61.481  11.394 0.3000000119
39128  -18.434  -48.118  7.181 0.3000000119
127870  -19.051  -47.626  7.178 0.3000000119
40102  -18.871  -47.054  6.994 0.3000000119
34652  -20.549  -53.231  9.588 0.3000000119
36650  -19.795  -51.693  8.524 0.3000000119
125324  -20.453  -52.303  9.431 0.3000000119
134270  -20.176  -51.191  9.150 0.3000000119
34653  -21.141  -53.830  10.180 0.3000000119
35664  -21.087  -53.035  10.270 0.3000000119
35671  -19.160  -51.946  7.294 0.3000000119
35672  -19.807  -52.639  8.573 0.3000000119
39186  -33.491  -48.282  4.496 0.3000000119
25062  -22.859  -63.003  12.245 0.4000000060
26117  -20.456  -62.394  12.440 0.4000000060
26119  -22.326  -62.408  12.512 0.5000000000
26145  -19.432  -62.329  11.407 0.4000000060
26146  -24.892  -62.584  11.063 0.3000000119
26200  -26.291  -62.271  7.388 0.5000000000
26245  -23.498  -63.210  4.261 0.5000000000
27083  -21.328  -61.308  12.491 0.5000000000
27086  -24.114  -61.246  12.244 0.5000000000
27115  -19.690  -61.946  10.166 0.3000000119
27117  -26.245  -61.828  10.947 0.5000000000
27133  -20.068  -61.337  9.268 0.3000000119
28026  -21.512  -60.532  12.315 0.5000000000
28044  -21.122  -60.149  11.846 0.5000000000
28046  -26.402  -60.572  11.564 0.6000000238
28066  -28.801  -60.134  10.436 0.6000000238
28083  -29.032  -60.666  9.668 0.5000000000
28097  -29.683  -60.594  8.231 0.5000000000
28111  -28.967  -60.936  7.185 0.5000000000
28146  -21.791  -60.152  3.274 0.4000000060
28967  -22.511  -59.183  11.861 0.6000000238
28993  -25.904  -59.410  11.853 0.6000000238
28996  -28.248  -59.051  11.278 0.6000000238
29046  -31.147  -59.007  8.585 0.6999999881
29063  -31.101  -59.090  7.918 0.5000000000
29072  -30.367  -59.359  6.759 0.6000000238
29835  -24.582  -58.954  12.067 0.6000000238
29854  -22.989  -58.654  11.313 0.6000000238
29874  -22.937  -58.653  10.569 0.6000000238
29892  -23.718  -58.151  9.425 0.5000000000
29924  -31.135  -58.490  7.439 0.6000000238
29957  -23.427  -58.435  3.517 0.6000000238
29980  -21.200  -58.547  2.794 0.4000000060
29989  -21.301  -58.730  2.479 0.4000000060
30784  -30.513  -57.509  10.524 0.6000000238
30877  -26.466  -57.438  4.108 0.6999999881
30887  -21.621  -57.142  3.002 0.6999999881
30894  -21.396  -57.299  2.985 0.6000000238
30901  -22.048  -57.732  2.420 0.5000000000
31747  -26.021  -57.181  9.902 0.6000000238
31768  -23.843  -57.171  8.911 0.4000000060
31772  -32.387  -55.984  8.933 0.8000000119
31788  -32.123  -56.292  8.501 0.8000000119
31835  -22.710  -56.274  3.739 0.6999999881
31854  -21.902  -56.761  2.958 0.6999999881
31856  -24.698  -55.677  2.121 0.5000000000
32704  -24.065  -55.162  9.758 0.5000000000
32729  -32.292  -55.612  9.439 0.8000000119
32753  -29.834  -54.954  7.031 0.6999999881
32771  -30.201  -55.646  6.906 0.8000000119
32791  -23.060  -55.151  4.237 0.6999999881
32800  -22.936  -55.121  3.729 0.6999999881
32813  -24.815  -54.838  2.382 0.6000000238
33671  -29.298  -54.762  11.450 0.6000000238
33691  -25.543  -54.263  10.790 0.5000000000
33733  -28.832  -54.063  6.972 0.6999999881
33734  -29.469  -54.377  7.123 0.6999999881
33746  -23.687  -53.615  5.409 0.6999999881
33762  -24.777  -54.516  5.416 0.6999999881
33788  -23.462  -54.850  3.140 0.6999999881
33789  -24.146  -54.321  2.847 0.6999999881
34640  -24.994  -53.638  10.988 0.5000000000
34642  -32.385  -53.445  9.881 0.6999999881
34667  -30.813  -53.089  8.111 0.8000000119
34679  -24.407  -52.741  6.312 0.6999999881
34680  -27.775  -53.075  6.880 0.6999999881
34694  -25.673  -53.427  6.347 0.6999999881
34695  -26.513  -53.454  6.402 0.6999999881
35677  -31.532  -52.802  8.520 0.8000000119
36653  -29.149  -51.515  7.581 0.8000000119
36668  -27.124  -51.773  7.320 0.8000000119
36685  -22.771  -51.422  5.983 0.8000000119
36686  -26.605  -51.212  5.248 0.6999999881
36687  -27.294  -51.372  5.319 0.6999999881
36689  -30.031  -51.265  5.435 0.5000000000
37443  -24.916  -50.426  11.534 0.6000000238
37450  -31.563  -50.917  11.181 0.8000000119
37471  -19.043  -50.228  7.437 0.3000000119
37475  -28.065  -50.450  7.557 0.8999999762
37477  -29.929  -50.361  7.651 0.8999999762
37489  -25.449  -50.609  7.111 0.8000000119
37495  -22.498  -50.320  6.035 0.8000000119
37505  -29.742  -50.458  5.304 0.5000000000
38223  -31.208  -49.583  11.458 0.8000000119
38232  -33.022  -48.784  10.181 0.6999999881
38248  -26.703  -49.801  7.374 0.8000000119
38252  -30.170  -49.614  7.661 0.8000000119
38289  -22.636  -49.056  6.089 0.8000000119
39097  -32.882  -48.312  10.698 0.6999999881
39133  -28.369  -48.489  7.363 0.8000000119
39148  -23.122  -48.913  5.903 0.8000000119
39163  -23.215  -48.796  5.933 0.8000000119
40034  -22.762  -47.890  11.325 0.4000000060
40038  -28.300  -47.557  12.040 0.6999999881
40126  -25.120  -47.327  5.852 0.8999999762
40127  -26.945  -46.973  6.285 0.8000000119
40174  -33.650  -47.451  2.947 0.4000000060
40186  -30.652  -47.056  2.482 0.6000000238
40974  -32.069  -46.371  11.341 0.6999999881
40988  -33.427  -46.731  9.917 0.6999999881
41059  -28.514  -46.573  6.341 0.8000000119
41061  -30.292  -46.341  6.703 0.8000000119
41070  -24.716  -46.236  4.706 1.0000000000
41086  -24.564  -45.556  3.910 0.8000000119
41103  -29.198  -46.693  3.081 0.6999999881
41914  -25.096  -45.462  10.705 0.5000000000
41960  -32.652  -45.397  7.404 0.6999999881
41984  -29.675  -45.294  6.062 0.6999999881
42011  -24.778  -45.028  3.568 0.8000000119
42024  -29.743  -45.490  2.617 0.6999999881
42811  -28.366  -44.823  11.641 0.6000000238
42862  -33.480  -44.154  7.647 0.6999999881
42890  -25.060  -44.239  4.596 0.8000000119
42921  -25.244  -44.737  3.476 0.8999999762
42922  -26.219  -45.079  3.480 0.8999999762
43923  -31.814  -43.044  5.916 0.6999999881
43938  -24.776  -43.425  4.511 0.8000000119
43940  -28.611  -43.562  5.487 0.8000000119
43943  -31.014  -43.235  5.644 0.6999999881
43955  -24.231  -43.184  3.530 0.8000000119
43985  -28.053  -43.744  2.864 0.8000000119
43995  -30.878  -43.491  1.698 0.6000000238
44912  -27.691  -42.143  10.699 0.3000000119
44968  -25.313  -42.299  5.283 0.8000000119
44986  -30.547  -42.422  5.569 0.6999999881
44993  -24.199  -42.408  4.301 0.8000000119
45931  -23.342  -41.060  5.157 0.8000000119
45941  -23.254  -41.351  4.995 0.8000000119
45945  -29.267  -41.546  5.490 0.6999999881
45949  -23.517  -41.368  4.616 0.8000000119
45973  -30.639  -41.198  1.567 0.5000000000
46920  -33.376  -40.913  7.283 0.6999999881
46924  -23.140  -40.547  4.969 0.8000000119
46940  -25.267  -41.001  3.685 0.8000000119
46951  -30.383  -40.615  1.882 0.5000000000
47899  -24.321  -39.628  5.475 0.8000000119
47919  -23.318  -39.353  4.915 0.8000000119
48888  -23.631  -38.359  5.187 0.8000000119
48908  -23.452  -38.524  4.898 0.8000000119
48920  -23.689  -38.052  4.736 0.8000000119
49846  -23.605  -37.229  4.831 0.8000000119
50835  -26.223  -35.856  5.782 0.8000000119
50836  -26.922  -35.950  5.843 0.8000000119
50850  -23.624  -36.531  5.174 0.8000000119
50863  -23.519  -36.324  4.918 0.8000000119
51778  -24.038  -34.706  5.390 0.8000000119
51779  -24.649  -35.189  5.524 0.8000000119
51797  -23.609  -35.621  5.187 0.8000000119
51799  -29.165  -35.476  5.476 0.6999999881
51815  -23.439  -35.362  4.985 0.8000000119
51833  -27.627  -35.725  3.505 0.6000000238
51835  -29.354  -35.893  3.273 0.5000000000
52705  -25.842  -34.670  5.478 0.8000000119
52722  -23.882  -34.258  5.111 0.8000000119
52746  -23.584  -34.555  5.006 0.8000000119
52749  -27.725  -34.209  4.758 0.6000000238
52767  -23.488  -34.997  4.893 0.6999999881
52768  -23.717  -34.696  4.736 0.6999999881
53686  -25.779  -32.836  3.183 0.6000000238
54573  -30.114  -31.733  8.472 0.3000000119
54662  -25.457  -31.407  1.692 0.5000000000
54663  -26.339  -31.550  1.289 0.5000000000
55602  -25.009  -31.538  1.837 0.5000000000
55644  -34.981  -31.385  -0.879 0.4000000060
55658  -34.280  -31.402  -1.226 0.4000000060
55659  -35.008  -31.745  -1.289 0.4000000060
56480  -32.557  -30.605  3.893 0.3000000119
56513  -25.615  -30.958  1.873 0.5000000000
56514  -26.426  -30.470  1.357 0.5000000000
56529  -29.651  -31.042  0.127 0.4000000060
56538  -27.203  -29.308  0.398 0.4000000060
56540  -29.717  -30.278  -0.247 0.4000000060
57503  -29.484  -29.450  -0.481 0.4000000060
57520  -27.521  -28.027  -0.440 0.3000000119
57523  -34.226  -29.914  -1.108 0.4000000060
58430  -28.292  -28.477  6.717 0.3000000119
58510  -26.772  -28.088  -0.073 0.3000000119
58513  -32.202  -29.186  -0.811 0.3000000119
59500  -26.801  -27.545  0.216 0.3000000119
59521  -26.902  -27.561  0.233 0.3000000119
59536  -27.608  -26.834  -0.155 0.3000000119
59550  -28.873  -27.288  -1.095 0.3000000119
59555  -34.597  -27.485  -2.217 0.3000000119
59570  -31.730  -26.839  -1.969 0.3000000119
60520  -32.270  -26.062  1.944 0.3000000119
60537  -32.302  -26.460  1.314 0.3000000119
60579  -28.298  -25.862  -1.057 0.3000000119
60580  -33.171  -26.236  -2.278 0.3000000119
60592  -29.891  -25.990  -1.576 0.3000000119
60593  -30.972  -26.079  -1.844 0.3000000119
61530  -28.411  -25.432  -0.839 0.3000000119
61548  -28.532  -24.840  -1.030 0.3000000119
61562  -28.359  -25.300  -1.052 0.3000000119
61565  -30.639  -24.834  -1.606 0.3000000119
61566  -32.594  -25.515  -1.909 0.3000000119
61577  -29.110  -25.217  -1.511 0.3000000119
62539  -29.896  -23.812  -0.204 0.3000000119
62564  -29.043  -24.639  -1.298 0.3000000119
64388  -30.315  -22.339  3.485 0.3000000119
64402  -30.632  -22.344  2.928 0.3000000119
121902  -28.523  -34.430  2.156 0.5000000000
122186  -27.808  -39.023  5.839 0.8000000119
123524  -26.687  -36.610  5.777 0.8000000119
125615  -32.305  -43.693  0.882 0.6000000238
125819  -32.150  -42.585  1.136 0.5000000000
125912  -26.326  -51.639  7.207 0.8000000119
127291  -24.631  -33.866  4.388 0.6000000238
128095  -26.597  -61.964  6.046 0.5000000000
128395  -23.459  -38.029  4.938 0.8000000119
129462  -29.163  -42.658  2.566 0.6000000238
129547  -27.717  -47.159  3.256 0.6999999881
129855  -28.403  -51.559  7.506 0.8000000119
129917  -23.197  -50.855  6.284 0.8000000119
130045  -24.965  -54.168  2.603 0.5000000000
130057  -25.335  -35.891  5.633 0.8000000119
130523  -21.949  -61.800  12.594 0.6000000238
131366  -27.150  -41.104  5.479 0.8000000119
132191  -34.861  -29.122  0.690 0.3000000119
132763  -31.271  -47.328  7.526 0.8000000119
132969  -30.090  -44.167  5.671 0.6999999881
133105  -32.544  -42.006  6.412 0.6999999881
133244  -23.068  -40.037  4.972 0.8000000119
133496  -24.770  -45.964  4.786 1.0000000000
134264  -25.093  -49.210  11.517 0.5000000000
134731  -26.134  -43.791  5.336 0.8000000119
134889  -22.496  -50.970  6.007 0.8000000119
135307  -27.536  -37.029  3.703 0.6999999881
135997  -30.980  -57.966  10.108 0.6999999881
136051  -25.242  -34.342  5.220 0.6000000238
137058  -22.617  -54.309  10.275 0.3000000119
137183  -30.743  -30.322  -0.344 0.4000000060
137519  -17.764  -49.821  7.385 0.3000000119
139038  -26.024  -51.422  11.523 0.6000000238
139060  -27.403  -51.209  11.633 0.6000000238
139065  -24.029  -49.295  5.390 0.8000000119
139116  -27.831  -52.907  11.528 0.6000000238
139149  -24.681  -41.738  3.893 0.8000000119
139152  -30.209  -34.993  2.312 0.5000000000
139600  -24.472  -47.862  5.326 0.8000000119
139734  -20.732  -52.753  9.968 0.3000000119
140198  -28.944  -25.858  -1.401 0.3000000119
140431  -24.704  -63.704  7.297 0.4000000060
140774  -26.526  -60.294  4.046 0.6000000238
140813  -23.926  -35.202  5.430 0.8000000119
141712  -31.021  -47.981  7.599 0.8000000119
141728  -26.764  -28.491  0.092 0.4000000060
141915  -29.068  -51.014  7.582 0.8999999762
142900  -29.327  -33.574  0.898 0.5000000000
143706  -26.590  -50.700  5.272 0.6999999881
143761  -30.771  -49.368  4.915 0.5000000000
143782  -25.084  -33.670  4.390 0.6000000238
144060  -29.426  -60.119  6.238 0.6000000238
144608  -29.978  -57.478  6.000 0.6999999881
144671  -31.053  -42.053  1.307 0.5000000000
144866  -20.236  -61.195  12.017 0.5000000000
144990  -20.448  -46.839  9.053 0.4000000060
145087  -24.331  -43.362  3.402 0.8000000119
145360  -24.430  -59.762  3.531 0.6000000238
145440  -25.189  -48.291  6.543 0.8000000119
145463  -30.172  -47.600  3.261 0.6999999881
145727  -27.354  -51.765  11.589 0.6000000238
146671  -23.066  -56.714  2.381 0.5000000000
146766  -24.877  -31.548  1.867 0.6000000238
146974  -19.716  -47.157  8.204 0.4000000060
147042  -26.812  -32.512  3.326 0.6000000238
147079  -23.401  -50.107  11.441 0.6000000238
147342  -32.228  -31.784  -0.680 0.4000000060
147421  -22.387  -60.188  3.442 0.4000000060
147446  -23.776  -52.986  11.223 0.5000000000
147635  -32.915  -47.285  8.345 0.6999999881
148118  -21.634  -60.757  3.204 0.4000000060
