#!ascii label  , from subject sub-v1s7x0051326_ses-1 vox2ras=TkReg
1419
7151  -17.038  -82.948  -2.301 0.5000000000
7150  -16.208  -83.559  -2.275 0.6000000238
8472  -25.359  -81.230  1.008 0.3000000119
128042  -15.395  -84.228  -1.905 0.5000000000
8488  -23.247  -81.907  -1.282 0.4000000060
8480  -24.383  -81.608  -0.575 0.4000000060
8481  -25.147  -81.379  -0.656 0.4000000060
123634  -24.823  -81.392  0.205 0.3000000119
126394  -24.720  -81.524  -1.355 0.4000000060
7169  -18.049  -82.848  -5.338 0.5000000000
7802  -18.043  -82.785  -4.265 0.5000000000
7159  -17.261  -83.132  -3.396 0.5000000000
7176  -17.472  -83.347  -5.847 0.6000000238
7168  -17.380  -83.230  -5.022 0.5000000000
143673  -16.384  -83.543  -3.241 0.6000000238
9224  -26.081  -81.318  2.362 0.3000000119
6511  -15.842  -83.916  -3.818 0.5000000000
7784  -22.813  -81.690  -2.251 0.5000000000
7771  -22.376  -82.176  -1.232 0.5000000000
9237  -25.875  -81.159  1.648 0.3000000119
139905  -16.328  -84.071  -5.270 0.6000000238
7149  -15.614  -83.962  -2.901 0.5000000000
8498  -23.684  -81.559  -2.504 0.5000000000
123299  -23.607  -81.686  -1.856 0.4000000060
8489  -25.498  -81.283  -1.391 0.4000000060
141704  -26.306  -80.923  -0.033 0.3000000119
9250  -26.229  -80.935  0.850 0.3000000119
8515  -23.806  -81.503  -3.265 0.4000000060
8499  -25.110  -81.379  -2.180 0.4000000060
136495  -25.856  -81.131  -1.975 0.4000000060
8516  -25.195  -81.355  -3.116 0.4000000060
7861  -20.641  -82.953  -8.627 0.6999999881
7844  -20.282  -82.864  -7.906 0.6999999881
123088  -20.026  -82.357  -6.247 0.6999999881
134460  -18.369  -82.595  -2.629 0.5000000000
138422  -20.267  -82.682  -9.736 0.6999999881
143468  -19.994  -83.054  -8.884 0.6999999881
7827  -19.019  -82.983  -7.315 0.8000000119
7183  -18.486  -83.028  -6.669 0.5000000000
7182  -17.636  -83.404  -6.731 0.6999999881
7781  -19.097  -82.505  -2.508 0.5000000000
7859  -18.390  -83.208  -8.708 0.6999999881
7782  -20.386  -82.194  -3.042 0.4000000060
8513  -21.278  -81.907  -2.911 0.5000000000
9225  -26.684  -80.829  2.848 0.3000000119
7189  -17.322  -83.479  -7.619 0.6000000238
8497  -22.043  -81.667  -2.809 0.5000000000
9239  -27.336  -80.418  1.641 0.3000000119
122854  -16.848  -83.764  -6.322 0.5000000000
141279  -23.150  -81.499  -3.704 0.5000000000
8539  -24.729  -81.432  -4.398 0.4000000060
8538  -23.886  -81.480  -4.113 0.4000000060
8500  -25.896  -81.163  -2.690 0.4000000060
9280  -27.072  -80.744  -1.526 0.4000000060
9264  -26.801  -80.786  -0.659 0.4000000060
8540  -25.595  -81.336  -4.510 0.3000000119
8517  -25.996  -81.224  -3.661 0.4000000060
9381  -21.594  -80.472  -9.969 0.5000000000
9395  -21.067  -81.346  -10.349 0.6000000238
9396  -22.058  -81.446  -10.450 0.6000000238
7883  -21.963  -82.757  -9.835 0.6000000238
126802  -21.234  -82.947  -9.076 0.6000000238
11052  -20.924  -78.650  -8.751 0.5000000000
10198  -20.356  -79.384  -9.277 0.5000000000
9380  -20.661  -80.273  -9.934 0.6000000238
8625  -20.339  -81.825  -10.421 0.6000000238
7899  -20.682  -82.291  -10.221 0.6999999881
122166  -18.800  -82.494  -4.951 0.6000000238
7714  -29.952  -82.412  3.462 0.3000000119
11041  -19.240  -77.838  -8.096 0.6999999881
134754  -19.065  -78.724  -8.756 0.6000000238
10197  -18.812  -79.585  -9.674 0.6000000238
9394  -20.009  -80.975  -10.316 0.6000000238
7897  -18.950  -82.286  -10.248 0.6999999881
8558  -20.310  -81.944  -5.333 0.6000000238
7803  -19.623  -82.166  -4.707 0.6000000238
7793  -19.537  -82.373  -3.177 0.5000000000
140582  -19.279  -77.331  -7.575 0.6999999881
11040  -18.482  -78.111  -8.238 0.6000000238
10183  -18.239  -78.928  -8.917 0.6000000238
9378  -18.215  -80.145  -10.243 0.6000000238
8623  -18.445  -81.663  -10.551 0.6999999881
7879  -17.926  -82.364  -10.244 0.6999999881
7794  -20.892  -81.806  -3.878 0.5000000000
9215  -26.947  -80.916  3.287 0.3000000119
11886  -18.901  -77.031  -7.171 0.6999999881
11891  -17.969  -77.605  -7.807 0.6000000238
11032  -17.224  -77.910  -7.779 0.6999999881
9377  -17.508  -80.234  -10.304 0.6000000238
9391  -17.135  -81.005  -10.645 0.6000000238
7198  -17.606  -83.358  -8.487 0.6999999881
8559  -21.282  -81.671  -5.364 0.5000000000
144637  -22.363  -81.521  -4.622 0.5000000000
129435  -16.917  -78.541  -8.248 0.6000000238
10195  -16.266  -79.867  -9.536 0.6000000238
7896  -16.946  -82.164  -10.417 0.6000000238
7211  -15.921  -83.150  -9.336 0.6000000238
7197  -16.255  -83.481  -8.465 0.6000000238
8561  -23.244  -81.601  -5.661 0.5000000000
146812  -26.908  -80.618  1.077 0.3000000119
140150  -16.734  -77.746  -7.263 0.6999999881
147982  -16.584  -78.173  -7.742 0.6000000238
10182  -16.578  -79.233  -8.800 0.6000000238
9376  -16.027  -80.604  -10.226 0.6000000238
9390  -15.910  -81.359  -10.659 0.5000000000
8620  -15.802  -81.879  -10.740 0.5000000000
7196  -15.343  -83.530  -8.502 0.5000000000
7181  -16.092  -84.145  -6.891 0.5000000000
133548  -24.094  -81.481  -5.146 0.5000000000
8542  -27.843  -81.343  -5.051 0.3000000119
144740  -27.188  -81.015  -4.653 0.3000000119
8518  -26.913  -80.942  -3.923 0.3000000119
9318  -28.072  -80.656  -2.911 0.4000000060
9299  -27.438  -80.726  -2.390 0.4000000060
7187  -15.276  -83.956  -7.500 0.5000000000
141100  -26.738  -81.597  -6.051 0.3000000119
8564  -26.077  -81.325  -5.435 0.3000000119
8501  -26.705  -80.925  -3.036 0.4000000060
11044  -22.351  -78.069  -8.623 0.5000000000
11053  -21.798  -78.789  -8.947 0.5000000000
11055  -23.388  -79.153  -9.244 0.5000000000
10201  -22.886  -79.857  -9.603 0.5000000000
11889  -21.934  -77.263  -7.463 0.5000000000
11894  -21.319  -77.473  -7.965 0.5000000000
11043  -21.525  -77.881  -8.430 0.5000000000
10200  -22.101  -79.665  -9.541 0.5000000000
9382  -22.446  -80.620  -10.058 0.5000000000
7901  -23.128  -82.514  -10.451 0.6000000238
7863  -22.757  -82.869  -9.653 0.6000000238
11887  -20.540  -77.494  -7.643 0.5000000000
7862  -22.015  -82.837  -8.837 0.6000000238
7830  -21.419  -82.255  -6.903 0.8000000119
7727  -30.768  -82.867  2.763 0.3000000119
11879  -20.698  -77.481  -6.895 0.6000000238
126224  -19.696  -77.220  -7.207 0.6000000238
11042  -20.684  -77.803  -8.205 0.6000000238
7847  -22.915  -82.598  -8.624 0.4000000060
8441  -30.383  -81.704  4.110 0.3000000119
122707  -19.047  -77.085  -6.656 0.6999999881
7831  -22.144  -82.051  -6.786 0.5000000000
8575  -20.866  -82.018  -6.149 0.6000000238
8427  -28.174  -80.868  4.084 0.3000000119
9217  -28.087  -80.348  3.684 0.3000000119
11866  -18.465  -77.234  -6.058 0.6999999881
8578  -23.446  -81.672  -6.682 0.4000000060
10041  -28.184  -79.946  3.119 0.3000000119
128821  -17.761  -77.246  -6.324 0.6000000238
11877  -17.811  -77.198  -6.881 0.6999999881
9251  -27.540  -80.456  0.745 0.3000000119
11864  -17.105  -77.601  -5.734 0.6000000238
11010  -16.378  -78.042  -5.987 0.6999999881
11038  -16.024  -78.640  -8.068 0.6000000238
10194  -15.440  -80.079  -9.457 0.5000000000
9375  -15.160  -80.891  -10.275 0.5000000000
7210  -15.018  -83.070  -9.540 0.6000000238
8579  -24.440  -81.731  -7.061 0.4000000060
135578  -23.976  -81.561  -6.081 0.4000000060
7817  -28.718  -82.584  -6.534 0.3000000119
8566  -28.394  -81.958  -5.697 0.3000000119
8567  -29.668  -82.324  -5.562 0.3000000119
8543  -28.827  -81.699  -4.965 0.3000000119
141321  -28.257  -80.742  -3.668 0.4000000060
9265  -27.580  -80.575  -0.153 0.3000000119
11030  -15.270  -78.409  -7.536 0.6000000238
10179  -13.967  -79.508  -8.631 0.5000000000
10192  -13.717  -80.279  -9.294 0.5000000000
142553  -14.597  -81.466  -10.570 0.5000000000
7876  -14.742  -82.544  -10.255 0.5000000000
7209  -14.054  -83.056  -9.810 0.6000000238
7194  -13.671  -83.750  -8.688 0.5000000000
8563  -25.480  -81.422  -5.953 0.3000000119
8582  -27.664  -82.030  -6.273 0.3000000119
11036  -14.287  -78.898  -8.139 0.5000000000
9373  -13.455  -80.894  -10.090 0.5000000000
125627  -13.346  -82.313  -10.589 0.5000000000
8617  -12.784  -82.009  -10.662 0.5000000000
12760  -23.470  -76.627  -7.483 0.5000000000
12768  -23.064  -76.939  -8.054 0.5000000000
11045  -23.159  -78.273  -8.742 0.5000000000
11046  -24.048  -78.544  -8.835 0.5000000000
11056  -24.018  -79.456  -9.276 0.5000000000
10203  -24.413  -80.274  -9.610 0.5000000000
11024  -21.603  -77.961  -6.398 0.5000000000
11896  -22.854  -77.486  -8.386 0.5000000000
9384  -24.816  -81.463  -10.189 0.4000000060
11880  -21.458  -77.372  -7.024 0.5000000000
8611  -24.974  -82.631  -10.367 0.4000000060
7728  -31.681  -82.780  2.733 0.3000000119
7716  -31.976  -82.203  3.330 0.3000000119
11011  -20.767  -78.117  -5.984 0.6000000238
124136  -24.154  -83.118  -10.092 0.4000000060
147927  -23.423  -82.932  -9.726 0.4000000060
11868  -20.066  -77.649  -5.235 0.6000000238
122364  -19.894  -77.493  -6.330 0.6000000238
8440  -29.393  -81.667  4.117 0.3000000119
8428  -28.961  -80.917  4.302 0.3000000119
11867  -19.186  -77.292  -5.551 0.6000000238
8592  -23.675  -81.990  -7.851 0.4000000060
11854  -18.732  -77.215  -4.555 0.6000000238
123004  -26.182  -82.678  -8.521 0.4000000060
123095  -25.384  -82.224  -7.828 0.4000000060
9227  -27.752  -80.146  2.366 0.3000000119
11853  -17.978  -77.440  -4.670 0.6999999881
8594  -26.149  -82.089  -7.391 0.3000000119
7832  -27.591  -82.616  -7.415 0.3000000119
130684  -24.496  -76.904  -8.306 0.5000000000
136813  -23.648  -77.353  -8.445 0.5000000000
130484  -24.460  -77.778  -8.544 0.5000000000
10185  -25.521  -79.235  -8.831 0.4000000060
12753  -22.796  -77.035  -7.260 0.5000000000
10204  -25.420  -80.363  -9.508 0.4000000060
11882  -22.985  -77.303  -6.648 0.6000000238
9385  -25.856  -81.901  -10.003 0.4000000060
8612  -25.777  -82.963  -10.099 0.4000000060
8430  -30.862  -80.979  4.455 0.3000000119
8442  -31.379  -81.682  4.043 0.3000000119
11855  -19.519  -77.358  -4.415 0.6000000238
7864  -24.907  -83.074  -9.621 0.4000000060
8593  -24.641  -82.428  -8.403 0.4000000060
7865  -26.092  -82.988  -9.302 0.4000000060
7849  -27.026  -82.680  -8.065 0.4000000060
7850  -27.927  -82.954  -8.002 0.3000000119
140321  -17.450  -77.699  -4.213 0.6000000238
12769  -23.850  -76.535  -7.989 0.5000000000
11898  -26.025  -77.557  -8.328 0.4000000060
11048  -25.726  -78.404  -8.523 0.4000000060
12754  -23.460  -76.579  -6.887 0.5000000000
13681  -24.650  -75.664  -7.048 0.5000000000
131395  -26.268  -79.039  -8.730 0.4000000060
142320  -22.478  -77.836  -6.331 0.6000000238
137842  -23.539  -77.037  -6.113 0.6000000238
13663  -23.909  -76.157  -6.203 0.6000000238
10186  -26.795  -79.817  -9.083 0.4000000060
11012  -21.533  -78.377  -5.617 0.6000000238
11870  -23.176  -77.889  -5.748 0.6000000238
145432  -26.609  -81.660  -9.536 0.4000000060
8613  -26.389  -82.499  -9.647 0.4000000060
10993  -20.955  -78.376  -5.097 0.6000000238
7887  -26.205  -82.931  -9.592 0.4000000060
124502  -27.899  -81.714  -8.795 0.4000000060
7867  -27.289  -82.626  -8.476 0.4000000060
8602  -28.414  -82.202  -8.459 0.4000000060
9206  -28.735  -80.264  4.137 0.3000000119
10030  -30.024  -79.499  4.308 0.3000000119
11856  -20.385  -77.788  -4.115 0.6000000238
7868  -28.188  -82.795  -8.190 0.4000000060
127570  -29.483  -79.382  2.364 0.3000000119
10042  -28.744  -79.805  3.668 0.3000000119
11840  -18.921  -77.280  -3.678 0.6000000238
11839  -18.017  -77.410  -3.820 0.6000000238
11822  -19.118  -77.370  -2.869 0.6999999881
10947  -20.575  -77.974  -1.683 0.6999999881
129200  -18.245  -77.384  -2.996 0.6000000238
11807  -19.363  -77.338  -2.062 0.6999999881
135397  -19.895  -77.435  -1.439 0.6999999881
145522  -18.629  -77.289  -1.627 0.6000000238
137988  -21.077  -78.536  -1.058 0.6999999881
10933  -21.597  -78.960  -0.415 0.6000000238
124430  -19.109  -77.237  -1.194 0.6999999881
10932  -20.802  -78.237  -0.168 0.6999999881
12770  -25.413  -76.729  -8.175 0.5000000000
12771  -26.384  -76.625  -8.078 0.5000000000
13672  -24.405  -75.619  -6.282 0.5000000000
136578  -25.468  -75.302  -7.127 0.5000000000
146572  -25.136  -75.706  -7.422 0.5000000000
12772  -27.371  -76.428  -8.081 0.5000000000
11899  -27.004  -77.562  -8.350 0.4000000060
130741  -26.423  -78.285  -8.494 0.4000000060
12746  -23.829  -76.487  -5.334 0.6000000238
13664  -24.228  -75.720  -5.480 0.6000000238
13665  -24.802  -75.350  -5.677 0.6000000238
127471  -25.641  -75.034  -5.962 0.6000000238
10187  -27.605  -79.852  -8.923 0.4000000060
10994  -22.027  -78.539  -4.848 0.6000000238
12739  -24.220  -75.903  -4.643 0.6000000238
124072  -25.270  -75.265  -5.088 0.6000000238
9364  -27.116  -80.837  -9.235 0.4000000060
125293  -21.195  -78.287  -4.249 0.6000000238
10979  -22.672  -78.535  -4.069 0.6000000238
11842  -23.858  -77.563  -3.984 0.6000000238
12722  -24.276  -76.241  -3.679 0.6000000238
13650  -24.552  -75.620  -4.009 0.6000000238
9366  -28.521  -81.205  -8.595 0.4000000060
10174  -30.399  -80.531  -7.478 0.4000000060
125253  -22.109  -78.609  -3.358 0.6000000238
129421  -23.020  -78.709  -3.277 0.6000000238
11843  -24.200  -77.204  -3.040 0.6000000238
12705  -24.100  -75.797  -2.507 0.6000000238
13613  -24.715  -75.332  -2.461 0.6000000238
8603  -29.246  -81.867  -8.286 0.4000000060
9359  -30.090  -81.395  -7.971 0.4000000060
10977  -21.113  -78.240  -3.450 0.6000000238
10963  -22.405  -78.792  -2.600 0.5000000000
10964  -23.389  -78.615  -2.417 0.6000000238
11825  -24.242  -76.909  -2.169 0.6000000238
13612  -23.955  -75.133  -2.001 0.6000000238
13597  -25.626  -75.315  -1.893 0.6999999881
11841  -19.729  -77.400  -3.479 0.6999999881
10961  -20.841  -78.131  -2.548 0.6000000238
10949  -22.598  -78.948  -1.843 0.6000000238
11809  -24.031  -78.109  -1.837 0.6000000238
13595  -24.164  -75.144  -1.386 0.6000000238
131698  -25.014  -75.170  -1.133 0.6000000238
129535  -26.504  -75.400  -1.123 0.6000000238
11810  -24.365  -77.224  -1.286 0.6000000238
12689  -24.022  -75.514  -1.546 0.6000000238
13577  -25.933  -75.316  -0.262 0.6000000238
10948  -21.938  -79.116  -1.206 0.6000000238
10950  -23.396  -78.784  -1.511 0.6000000238
12674  -24.345  -76.237  -0.472 0.5000000000
13555  -24.599  -75.649  0.086 0.6000000238
13576  -24.728  -75.385  -0.304 0.6000000238
10936  -23.993  -78.533  -0.122 0.5000000000
11792  -19.572  -77.290  -0.598 0.6999999881
10922  -21.416  -78.709  0.523 0.6999999881
136682  -22.186  -79.262  0.080 0.5000000000
145990  -23.638  -78.836  0.417 0.6000000238
127366  -24.604  -77.763  0.230 0.5000000000
12661  -24.762  -76.616  0.600 0.5000000000
10925  -24.220  -78.544  0.848 0.6000000238
15293  -20.469  -73.277  2.815 0.6000000238
15276  -19.849  -73.238  3.533 0.6000000238
143003  -19.145  -73.363  3.399 0.6000000238
12763  -26.776  -75.853  -7.630 0.5000000000
13682  -26.269  -75.229  -7.186 0.5000000000
138520  -27.659  -75.699  -7.809 0.5000000000
130329  -27.757  -78.018  -8.593 0.5000000000
11050  -28.037  -78.849  -8.671 0.4000000060
145549  -24.937  -75.336  -4.368 0.5000000000
13666  -26.175  -75.230  -5.308 0.5000000000
131183  -27.214  -75.547  -5.502 0.5000000000
126377  -28.712  -78.757  -8.274 0.4000000060
11033  -29.291  -78.752  -7.656 0.4000000060
13652  -26.757  -75.664  -4.509 0.5000000000
12740  -27.681  -76.034  -4.560 0.5000000000
10188  -28.429  -79.956  -8.567 0.4000000060
10189  -29.066  -79.641  -8.118 0.4000000060
10167  -30.492  -79.652  -6.718 0.4000000060
13614  -26.023  -75.516  -2.783 0.5000000000
122243  -27.162  -75.880  -3.044 0.5000000000
9367  -29.218  -80.685  -8.260 0.4000000060
13615  -27.903  -76.121  -2.556 0.6000000238
12706  -28.308  -76.094  -1.831 0.5000000000
13578  -27.268  -75.467  -0.302 0.4000000060
13580  -29.251  -75.402  -0.441 0.4000000060
13581  -29.966  -75.237  -0.843 0.4000000060
13557  -25.790  -75.184  0.782 0.6000000238
129026  -26.778  -75.259  0.386 0.6000000238
14461  -28.614  -74.641  0.706 0.5000000000
13560  -29.240  -74.837  0.168 0.4000000060
14474  -29.795  -74.796  -0.435 0.4000000060
137851  -29.698  -73.645  -0.509 0.4000000060
11791  -18.736  -77.148  -0.426 0.6999999881
13556  -25.116  -75.445  0.743 0.6000000238
14460  -27.059  -74.812  1.148 0.5000000000
15346  -29.206  -73.348  0.179 0.4000000060
145841  -21.772  -78.820  1.268 0.6000000238
11782  -24.906  -77.903  1.191 0.5000000000
13541  -24.975  -75.854  1.062 0.5000000000
14445  -26.244  -74.793  1.645 0.5000000000
14447  -27.846  -74.396  1.287 0.5000000000
15330  -28.471  -73.691  1.047 0.4000000060
16230  -28.544  -72.535  -0.309 0.4000000060
10907  -22.519  -78.995  1.548 0.6000000238
14433  -25.841  -75.042  1.972 0.5000000000
16189  -21.592  -72.497  2.467 0.6999999881
15294  -21.091  -72.834  3.028 0.6000000238
16166  -21.630  -72.342  3.344 0.6999999881
15277  -20.560  -72.928  3.808 0.6000000238
16150  -22.096  -72.088  4.852 0.6000000238
130259  -19.178  -73.304  4.216 0.6000000238
15261  -21.084  -72.811  4.502 0.6000000238
126444  -21.888  -72.522  5.825 0.6000000238
143999  -23.259  -71.943  6.053 0.6000000238
16118  -24.138  -71.864  6.969 0.6000000238
15275  -18.315  -73.435  3.898 0.5000000000
15243  -20.160  -73.478  5.834 0.6000000238
15244  -21.035  -73.034  5.586 0.6000000238
134381  -22.710  -72.447  6.340 0.6000000238
135644  -27.985  -77.059  -8.413 0.5000000000
14408  -17.695  -73.828  4.671 0.5000000000
15259  -19.482  -73.562  5.157 0.5000000000
15232  -22.091  -73.015  6.670 0.5000000000
16116  -22.826  -72.867  6.988 0.5000000000
136452  -26.666  -75.130  -6.872 0.4000000060
127679  -28.346  -75.149  -7.166 0.5000000000
12774  -29.410  -76.612  -8.093 0.5000000000
11901  -29.122  -77.589  -8.196 0.4000000060
145657  -18.629  -74.293  5.677 0.5000000000
15242  -19.468  -73.878  6.022 0.5000000000
14380  -22.503  -74.146  7.193 0.5000000000
137368  -23.087  -73.881  7.338 0.5000000000
13667  -27.849  -75.322  -6.506 0.5000000000
11025  -29.823  -78.462  -6.893 0.4000000060
11026  -30.397  -78.497  -6.242 0.4000000060
11013  -30.917  -78.269  -5.640 0.4000000060
14398  -18.181  -74.376  5.453 0.5000000000
13484  -20.460  -75.047  6.416 0.5000000000
141317  -20.741  -74.177  6.593 0.6000000238
13486  -22.492  -74.937  6.985 0.6000000238
10166  -29.859  -79.603  -7.241 0.4000000060
12603  -19.750  -76.182  5.510 0.6000000238
13500  -20.472  -75.859  5.955 0.6000000238
124939  -21.811  -75.251  6.636 0.6999999881
139552  -27.890  -76.255  -3.980 0.4000000060
134454  -28.730  -76.313  -2.593 0.5000000000
10864  -17.001  -77.756  3.279 0.6000000238
12690  -29.266  -76.159  -1.829 0.5000000000
12691  -30.155  -75.927  -1.987 0.4000000060
11756  -18.396  -77.275  2.350 0.6000000238
13600  -29.646  -75.697  -1.235 0.4000000060
130349  -18.336  -77.214  1.403 0.6000000238
126621  -19.719  -77.197  0.988 0.6000000238
15359  -30.463  -74.158  -1.487 0.4000000060
10885  -21.659  -78.412  2.115 0.6000000238
11781  -20.060  -77.506  0.050 0.6999999881
10908  -23.543  -78.870  1.687 0.6000000238
10868  -24.488  -78.342  3.013 0.6000000238
11773  -25.044  -77.931  2.197 0.5000000000
12649  -25.098  -76.826  1.586 0.5000000000
16190  -22.153  -71.820  2.839 0.6999999881
16167  -22.235  -71.774  3.856 0.6999999881
17071  -23.622  -70.774  4.228 0.6000000238
17059  -23.588  -71.358  5.257 0.6000000238
17060  -24.498  -70.936  5.532 0.6000000238
17044  -23.899  -71.592  6.233 0.6000000238
17025  -24.767  -71.735  7.326 0.6999999881
16104  -25.098  -72.417  7.814 0.6000000238
16103  -24.219  -72.568  7.504 0.6000000238
13676  -29.059  -75.172  -7.424 0.5000000000
13684  -28.957  -75.555  -7.834 0.5000000000
12764  -28.372  -75.964  -8.172 0.5000000000
12766  -29.977  -76.013  -7.825 0.5000000000
131071  -24.852  -73.229  7.881 0.6000000238
15212  -25.483  -73.004  8.119 0.5000000000
13686  -30.618  -75.362  -7.603 0.5000000000
11890  -29.780  -77.100  -7.645 0.5000000000
11883  -30.474  -77.009  -7.089 0.4000000060
13474  -23.928  -74.965  7.245 0.6000000238
13473  -23.177  -74.614  7.232 0.6000000238
15213  -26.177  -73.110  8.186 0.5000000000
13653  -28.464  -75.786  -5.523 0.5000000000
11722  -18.206  -77.226  3.996 0.6000000238
12619  -18.350  -76.753  4.770 0.4000000060
12620  -19.354  -76.719  4.840 0.6000000238
12592  -21.995  -75.958  6.179 0.6000000238
144234  -22.508  -75.562  6.568 0.6000000238
146484  -24.291  -74.555  7.395 0.6000000238
12725  -30.012  -76.223  -3.669 0.4000000060
12741  -30.304  -75.760  -4.585 0.4000000060
11744  -19.649  -77.124  3.344 0.5000000000
11724  -19.935  -77.026  4.184 0.5000000000
12621  -20.244  -76.757  4.892 0.6000000238
12605  -21.348  -76.394  5.690 0.6999999881
12606  -22.333  -76.622  5.663 0.6000000238
12593  -22.853  -76.111  6.164 0.6000000238
13488  -24.343  -75.683  6.736 0.6000000238
12724  -29.120  -76.387  -3.535 0.5000000000
11743  -18.768  -77.210  3.243 0.6000000238
11725  -20.808  -77.071  4.265 0.6000000238
11714  -21.930  -77.054  5.123 0.6000000238
12607  -23.088  -76.662  5.649 0.6000000238
12595  -24.921  -76.267  6.064 0.6000000238
13490  -26.288  -75.493  6.412 0.6000000238
12707  -29.670  -76.287  -2.680 0.4000000060
11757  -19.371  -77.135  2.505 0.5000000000
11745  -20.535  -77.226  3.480 0.6000000238
11727  -22.399  -77.492  4.451 0.6000000238
11716  -24.319  -77.218  4.692 0.6000000238
12608  -24.510  -76.691  5.344 0.6000000238
11770  -19.121  -77.021  1.670 0.6000000238
126801  -19.947  -77.255  1.872 0.6000000238
11759  -21.096  -77.734  2.861 0.6000000238
11747  -22.769  -78.014  3.797 0.6000000238
135389  -23.201  -77.735  4.371 0.6000000238
10866  -22.920  -78.513  3.158 0.6000000238
10886  -22.686  -78.756  2.425 0.6000000238
11760  -25.076  -77.809  2.964 0.5000000000
12640  -25.485  -76.340  2.782 0.5000000000
17128  -22.326  -71.023  1.519 0.6999999881
17083  -22.718  -71.173  3.154 0.6999999881
19019  -21.500  -69.324  1.167 0.6999999881
19000  -22.797  -69.392  2.254 0.6999999881
18057  -22.795  -70.173  1.952 0.6999999881
145732  -23.805  -70.203  3.784 0.6999999881
142051  -24.337  -69.988  4.228 0.6000000238
17992  -25.286  -70.512  5.741 0.6000000238
17993  -25.798  -70.138  6.059 0.5000000000
17046  -25.291  -70.905  6.830 0.6999999881
17027  -26.310  -70.772  8.012 0.5000000000
17013  -26.143  -71.727  8.201 0.5000000000
16092  -26.534  -72.389  8.295 0.5000000000
13678  -31.000  -74.766  -7.358 0.4000000060
12756  -31.339  -75.251  -7.507 0.5000000000
12748  -32.380  -76.117  -6.670 0.5000000000
11871  -31.346  -76.711  -6.788 0.5000000000
11873  -32.082  -77.090  -5.158 0.4000000060
12747  -29.552  -75.571  -6.001 0.4000000060
13679  -31.951  -74.535  -7.092 0.4000000060
15221  -26.641  -73.782  7.835 0.6000000238
14383  -25.671  -74.771  7.170 0.6000000238
14384  -27.089  -74.347  7.267 0.6000000238
12596  -25.892  -76.143  5.890 0.6000000238
14392  -26.637  -74.841  6.830 0.6000000238
11729  -24.963  -77.494  4.173 0.6000000238
12623  -25.059  -76.870  4.703 0.6000000238
13491  -26.932  -75.195  6.139 0.6000000238
10867  -23.573  -78.378  3.483 0.6000000238
12609  -26.136  -76.362  5.096 0.5000000000
11748  -24.849  -77.881  3.579 0.6000000238
11730  -25.534  -76.887  4.158 0.5000000000
12633  -25.733  -76.466  3.610 0.5000000000
20026  -21.145  -68.959  1.297 0.6999999881
20027  -22.080  -69.019  1.827 0.6999999881
20009  -22.663  -68.891  2.672 0.6999999881
19001  -23.208  -69.297  2.988 0.6999999881
18972  -23.635  -69.141  3.612 0.6000000238
18035  -24.235  -69.286  4.107 0.6999999881
18946  -24.926  -69.400  4.758 0.4000000060
20025  -20.525  -68.328  1.127 0.6999999881
121994  -21.050  -68.741  1.824 0.6999999881
19989  -21.819  -68.652  3.287 0.6000000238
19990  -22.719  -68.746  3.490 0.6000000238
18934  -25.783  -69.553  5.902 0.5000000000
144092  -19.024  -66.388  0.703 0.6999999881
20976  -19.597  -67.710  1.969 0.6999999881
18922  -26.627  -69.117  6.935 0.5000000000
22000  -18.411  -65.883  0.967 0.6999999881
17957  -26.909  -69.694  7.942 0.5000000000
21999  -17.102  -64.954  0.890 0.6000000238
132355  -16.926  -65.542  1.835 0.6000000238
21998  -15.953  -65.158  1.090 0.6000000238
21981  -14.108  -65.517  1.786 0.5000000000
139636  -13.926  -65.668  2.929 0.5000000000
12758  -32.777  -74.896  -6.949 0.4000000060
13502  -27.412  -75.056  5.554 0.6000000238
137971  -23.708  -68.679  4.439 0.5000000000
19974  -24.495  -68.911  4.473 0.5000000000
20006  -19.979  -68.225  2.820 0.6000000238
19988  -20.882  -68.489  3.125 0.6000000238
19972  -21.847  -68.726  4.140 0.6000000238
134519  -21.958  -68.742  4.916 0.6000000238
19958  -24.392  -68.681  5.009 0.5000000000
18947  -25.357  -69.171  5.326 0.5000000000
18921  -26.127  -69.147  6.442 0.5000000000
20975  -18.847  -66.686  1.682 0.6999999881
20963  -19.070  -67.592  2.588 0.6000000238
131223  -20.133  -68.501  3.704 0.6000000238
142125  -20.313  -68.686  4.369 0.6000000238
128979  -19.982  -68.916  5.000 0.6000000238
18899  -27.064  -68.892  7.529 0.5000000000
21984  -17.920  -65.665  1.650 0.6999999881
147523  -18.539  -67.727  3.048 0.6000000238
19986  -18.227  -68.286  3.663 0.6000000238
19969  -18.704  -68.855  4.334 0.6000000238
127321  -19.135  -69.221  5.028 0.6000000238
20974  -17.489  -66.549  2.467 0.6000000238
20962  -17.838  -67.500  3.080 0.6000000238
19985  -17.409  -68.064  3.738 0.6000000238
19968  -17.795  -68.705  4.401 0.6000000238
21983  -16.061  -66.052  2.327 0.6000000238
20961  -16.305  -67.002  3.316 0.6000000238
20949  -16.135  -67.739  4.183 0.6000000238
19967  -16.854  -68.380  4.480 0.6000000238
21982  -15.076  -65.626  1.982 0.5000000000
21971  -14.739  -66.153  3.244 0.5000000000
20960  -15.497  -67.014  3.876 0.5000000000
20948  -15.322  -67.692  4.852 0.6000000238
19966  -16.114  -68.205  4.888 0.6000000238
12742  -33.770  -75.545  -4.850 0.4000000060
23044  -12.156  -64.966  1.296 0.5000000000
21958  -14.720  -66.836  4.436 0.6000000238
23034  -12.595  -64.828  2.688 0.5000000000
21969  -13.446  -65.390  3.452 0.5000000000
21970  -14.070  -66.099  4.076 0.4000000060
123381  -13.989  -66.534  5.094 0.5000000000
20947  -14.542  -67.229  5.257 0.6000000238
19957  -23.329  -68.644  5.375 0.6000000238
19942  -23.956  -68.791  6.117 0.5000000000
19944  -25.663  -68.963  5.955 0.5000000000
128162  -22.308  -68.705  5.610 0.6000000238
19941  -22.786  -68.717  6.275 0.5000000000
19929  -26.613  -68.816  6.990 0.5000000000
19938  -19.981  -68.703  6.551 0.6999999881
19939  -20.844  -68.621  6.487 0.6999999881
18945  -18.717  -69.396  5.853 0.6000000238
18933  -19.147  -69.293  6.649 0.6999999881
18944  -17.795  -69.375  5.902 0.6000000238
18932  -18.252  -69.464  6.730 0.6999999881
19937  -16.188  -68.882  6.170 0.6000000238
18931  -17.298  -69.416  6.689 0.6999999881
19936  -15.489  -68.416  6.515 0.6000000238
19920  -15.997  -68.988  7.001 0.6999999881
24121  -11.212  -64.453  2.947 0.5000000000
23020  -13.287  -64.858  4.069 0.5000000000
21957  -13.612  -65.727  4.805 0.4000000060
21947  -14.071  -66.838  6.059 0.6000000238
20927  -14.865  -67.831  6.995 0.6000000238
24122  -12.138  -64.408  3.250 0.5000000000
22998  -13.655  -65.506  6.376 0.5000000000
126764  -25.812  -68.589  7.151 0.5000000000
19926  -23.877  -68.811  7.314 0.5000000000
19940  -21.808  -68.724  6.414 0.6000000238
19924  -22.010  -68.782  8.029 0.5000000000
19902  -22.643  -68.806  8.693 0.5000000000
19922  -19.548  -68.784  7.395 0.6999999881
18920  -18.661  -69.227  7.492 0.6999999881
18919  -17.633  -69.375  7.629 0.6000000238
19919  -15.470  -68.382  7.433 0.6999999881
18897  -16.806  -69.215  8.195 0.6000000238
20926  -14.340  -67.280  6.705 0.6000000238
20916  -15.002  -67.651  7.865 0.6000000238
132758  -12.793  -64.186  3.918 0.5000000000
24063  -13.623  -64.848  6.079 0.4000000060
21926  -13.782  -65.835  7.012 0.6000000238
25144  -13.249  -63.494  4.239 0.4000000060
24082  -13.410  -64.483  4.917 0.4000000060
24064  -13.906  -64.709  6.372 0.5000000000
22999  -13.861  -65.177  6.755 0.5000000000
19923  -21.087  -68.422  8.068 0.6000000238
19901  -21.763  -68.588  8.777 0.5000000000
123089  -20.030  -68.272  8.152 0.6000000238
19900  -20.868  -68.115  8.729 0.5000000000
19921  -19.063  -68.730  8.162 0.6000000238
143901  -17.701  -68.762  9.143 0.6000000238
124422  -19.216  -68.112  9.451 0.5000000000
19897  -16.962  -68.974  8.845 0.6000000238
19895  -15.615  -68.234  8.291 0.6999999881
19872  -16.776  -68.371  9.414 0.5000000000
21927  -14.227  -66.312  7.554 0.6000000238
22987  -14.264  -65.530  7.348 0.5000000000
24084  -14.683  -64.158  5.402 0.4000000060
24046  -14.281  -65.022  6.978 0.5000000000
134884  -12.745  -60.255  11.465 0.4000000060
29849  -13.075  -58.875  11.255 0.3000000119
28987  -13.521  -59.715  11.474 0.4000000060
19875  -20.659  -67.783  9.275 0.5000000000
27113  -13.381  -61.745  10.884 0.3000000119
28059  -13.866  -61.075  11.146 0.4000000060
19874  -18.356  -68.332  9.704 0.5000000000
20877  -20.368  -67.455  9.807 0.5000000000
27149  -13.499  -61.433  8.362 0.3000000119
123008  -14.111  -61.321  10.303 0.4000000060
19873  -17.586  -68.226  9.932 0.5000000000
27174  -13.011  -61.116  7.455 0.3000000119
20874  -15.769  -67.114  9.159 0.6000000238
21928  -14.819  -66.031  7.979 0.6999999881
21918  -15.920  -66.251  9.044 0.6000000238
132698  -15.271  -64.694  6.400 0.5000000000
22988  -15.159  -65.342  7.492 0.5000000000
23000  -16.413  -65.069  6.889 0.4000000060
22989  -16.519  -65.391  7.700 0.4000000060
30773  -11.871  -57.502  10.024 0.3000000119
29871  -12.469  -58.200  10.547 0.3000000119
29872  -13.679  -58.120  10.884 0.3000000119
29851  -14.801  -58.485  11.281 0.3000000119
28988  -14.403  -59.412  11.405 0.4000000060
19853  -18.857  -67.873  10.133 0.5000000000
27129  -14.630  -61.280  9.447 0.4000000060
28043  -14.871  -59.912  11.215 0.4000000060
20850  -18.555  -67.438  10.610 0.5000000000
27150  -14.317  -61.309  8.550 0.4000000060
146216  -15.325  -61.168  9.538 0.4000000060
20849  -16.850  -67.085  10.176 0.5000000000
21879  -18.246  -66.814  10.979 0.5000000000
126050  -14.911  -61.365  7.731 0.4000000060
141212  -16.785  -66.362  10.030 0.5000000000
22974  -16.469  -65.605  8.614 0.5000000000
22957  -16.525  -65.888  9.417 0.5000000000
25165  -16.192  -62.654  4.286 0.3000000119
24086  -17.581  -64.000  5.301 0.4000000060
24047  -17.579  -65.136  6.809 0.4000000060
22975  -17.106  -65.267  8.929 0.4000000060
30794  -11.519  -56.977  9.644 0.3000000119
30774  -12.763  -57.429  10.066 0.3000000119
30775  -14.772  -57.644  10.768 0.4000000060
29852  -15.822  -58.188  11.304 0.4000000060
21882  -21.913  -66.615  10.234 0.4000000060
28990  -15.981  -58.720  11.143 0.4000000060
21881  -21.179  -66.665  10.560 0.4000000060
27114  -14.995  -61.039  10.179 0.4000000060
125628  -16.163  -60.140  10.370 0.4000000060
20837  -19.661  -66.850  11.207 0.4000000060
28077  -15.772  -60.818  9.985 0.4000000060
21878  -17.445  -66.276  10.591 0.5000000000
125574  -15.176  -61.309  8.788 0.4000000060
27199  -16.231  -61.755  6.089 0.3000000119
126038  -17.480  -65.236  10.311 0.5000000000
25134  -18.109  -63.816  5.802 0.3000000119
30795  -12.258  -56.922  9.346 0.3000000119
30796  -13.019  -56.882  9.276 0.3000000119
127939  -13.839  -57.179  10.191 0.3000000119
30797  -14.782  -57.062  10.088 0.4000000060
30776  -15.721  -57.444  10.854 0.4000000060
30799  -16.317  -57.513  9.335 0.3000000119
30777  -16.298  -57.730  10.693 0.4000000060
21900  -22.393  -66.022  10.149 0.4000000060
22959  -23.042  -65.174  9.310 0.4000000060
29012  -16.420  -59.181  10.611 0.4000000060
21862  -20.941  -66.364  11.472 0.4000000060
21860  -19.317  -66.501  11.924 0.4000000060
27130  -15.929  -61.209  9.230 0.3000000119
21859  -18.667  -66.382  11.662 0.4000000060
140485  -15.736  -61.589  7.212 0.3000000119
27151  -15.946  -61.504  8.235 0.3000000119
26195  -17.092  -62.267  6.500 0.3000000119
24029  -17.951  -64.859  8.258 0.4000000060
32735  -12.221  -55.616  8.711 0.3000000119
31765  -14.463  -56.785  8.756 0.4000000060
30813  -15.447  -57.148  8.314 0.4000000060
25112  -24.035  -64.162  8.423 0.4000000060
24018  -22.780  -64.967  9.413 0.4000000060
29888  -16.885  -58.095  9.631 0.4000000060
22934  -22.031  -65.506  11.144 0.4000000060
28062  -16.972  -59.849  10.119 0.4000000060
21861  -20.125  -66.488  11.825 0.4000000060
22933  -21.448  -65.805  11.870 0.4000000060
28078  -16.674  -60.632  9.628 0.3000000119
21847  -19.755  -65.980  12.341 0.4000000060
27152  -16.913  -61.660  8.260 0.3000000119
22931  -18.384  -65.598  11.709 0.5000000000
27176  -16.514  -61.843  7.320 0.3000000119
27177  -17.326  -62.121  7.520 0.3000000119
23999  -18.308  -64.607  11.508 0.5000000000
24067  -18.462  -64.408  6.877 0.3000000119
24016  -17.601  -64.788  9.564 0.4000000060
24066  -18.138  -64.590  6.148 0.4000000060
31782  -13.205  -56.241  7.901 0.3000000119
30814  -16.390  -57.525  7.992 0.3000000119
30815  -17.353  -57.962  7.815 0.3000000119
24031  -23.445  -64.720  8.884 0.4000000060
29014  -17.722  -58.864  9.981 0.3000000119
24009  -22.441  -65.204  10.171 0.4000000060
25102  -23.231  -64.306  9.530 0.3000000119
29029  -18.260  -59.224  9.600 0.3000000119
22916  -21.064  -65.220  12.479 0.4000000060
24010  -22.874  -64.498  10.328 0.4000000060
28094  -18.482  -61.004  8.552 0.3000000119
27153  -17.813  -61.734  8.215 0.3000000119
23985  -18.917  -64.452  12.237 0.4000000060
26196  -17.775  -62.670  6.881 0.3000000119
130678  -18.675  -63.746  7.596 0.3000000119
25110  -18.746  -63.784  8.479 0.3000000119
24017  -18.089  -64.177  9.877 0.3000000119
29889  -17.845  -58.232  9.086 0.3000000119
29901  -18.380  -58.357  7.869 0.3000000119
123986  -18.659  -58.635  8.899 0.3000000119
25103  -23.835  -63.594  9.758 0.3000000119
126078  -22.490  -64.645  11.427 0.4000000060
25089  -23.491  -63.768  10.549 0.4000000060
126837  -19.334  -61.400  8.205 0.3000000119
23988  -21.361  -64.541  12.529 0.4000000060
23989  -22.009  -64.217  12.342 0.4000000060
27178  -18.139  -62.378  7.632 0.3000000119
26180  -18.886  -62.821  7.882 0.3000000119
25073  -18.677  -63.658  11.707 0.3000000119
25101  -18.996  -63.157  10.018 0.3000000119
136510  -20.190  -60.770  7.872 0.3000000119
27154  -18.679  -61.934  8.060 0.3000000119
122958  -21.999  -63.226  12.539 0.3000000119
26132  -23.533  -62.821  11.942 0.3000000119
27155  -19.203  -62.089  8.235 0.3000000119
25060  -20.401  -63.306  12.560 0.3000000119
25111  -19.035  -63.192  9.014 0.3000000119
25088  -18.817  -62.977  11.120 0.3000000119
28095  -20.619  -60.575  7.953 0.3000000119
29044  -21.662  -59.599  7.979 0.3000000119
27156  -20.051  -61.386  7.987 0.3000000119
132045  -21.107  -62.995  12.633 0.3000000119
28096  -21.230  -60.229  8.234 0.3000000119
24048  -18.199  -64.954  7.167 0.4000000060
26212  -17.749  -62.968  5.818 0.3000000119
26213  -18.157  -63.325  6.393 0.3000000119
7816  -19.434  -82.354  -5.579 0.6000000238
131613  -19.036  -82.404  -3.991 0.5000000000
134436  -17.224  -83.288  -4.305 0.5000000000
144635  -18.518  -82.593  -3.718 0.5000000000
124834  -20.729  -82.214  -2.001 0.5000000000
7843  -19.527  -83.075  -8.016 0.6999999881
7846  -22.069  -82.403  -7.696 0.6999999881
7880  -18.610  -82.842  -9.599 0.6999999881
7190  -18.217  -83.304  -7.660 0.6999999881
123520  -19.859  -82.355  -2.322 0.4000000060
7858  -17.778  -83.004  -9.416 0.6999999881
8537  -22.431  -81.522  -4.039 0.5000000000
9240  -28.180  -80.132  1.360 0.3000000119
131879  -25.111  -81.407  -5.228 0.3000000119
8628  -23.372  -82.227  -10.613 0.6000000238
8626  -21.786  -82.008  -10.514 0.6000000238
142515  -23.486  -81.655  -10.526 0.5000000000
11051  -19.969  -78.477  -8.547 0.6000000238
8624  -19.421  -81.677  -10.457 0.6999999881
10196  -17.876  -79.550  -9.743 0.6000000238
9393  -18.935  -80.696  -10.343 0.6000000238
8576  -21.751  -81.731  -6.120 0.5000000000
8535  -20.886  -81.713  -4.717 0.6000000238
136768  -19.950  -82.118  -3.877 0.5000000000
8622  -17.496  -81.675  -10.606 0.6000000238
7878  -16.427  -82.603  -9.941 0.6999999881
10181  -15.728  -79.410  -8.693 0.5000000000
7877  -15.539  -82.542  -10.096 0.5000000000
139604  -28.824  -80.143  0.733 0.3000000119
11023  -16.225  -77.950  -6.797 0.6000000238
8619  -14.418  -81.958  -10.823 0.5000000000
123562  -28.315  -81.046  -4.366 0.3000000119
8591  -22.820  -81.936  -7.295 0.5000000000
9252  -29.000  -80.197  -0.040 0.3000000119
9388  -13.919  -81.511  -10.617 0.5000000000
10205  -26.346  -80.745  -9.437 0.4000000060
9208  -30.398  -80.157  4.523 0.3000000119
10995  -23.112  -78.502  -4.887 0.6000000238
11808  -20.153  -77.577  -2.267 0.6999999881
135398  -21.517  -78.595  -1.964 0.6000000238
10934  -22.482  -79.275  -0.579 0.6000000238
12738  -23.979  -76.646  -4.520 0.6000000238
127564  -26.643  -75.119  -6.354 0.5000000000
13632  -24.403  -75.662  -2.967 0.6000000238
13633  -25.144  -75.432  -3.539 0.5000000000
13599  -28.807  -75.900  -1.084 0.4000000060
124322  -19.194  -77.076  0.236 0.6000000238
11771  -20.406  -77.657  1.402 0.6999999881
15260  -20.399  -73.164  4.869 0.6000000238
136451  -28.210  -75.356  -7.622 0.4000000060
131993  -29.486  -76.052  -4.705 0.4000000060
13601  -30.321  -75.349  -1.439 0.4000000060
122659  -25.653  -75.179  1.334 0.4000000060
11779  -18.193  -77.262  0.417 0.6000000238
16149  -21.589  -72.371  4.196 0.6000000238
123652  -20.770  -73.458  6.284 0.6000000238
125370  -31.330  -75.894  -7.539 0.5000000000
132372  -19.119  -75.549  5.736 0.5000000000
14382  -24.732  -74.151  7.597 0.6000000238
12602  -18.820  -76.167  5.342 0.4000000060
10865  -22.040  -78.136  3.160 0.5000000000
12726  -30.741  -75.657  -3.936 0.5000000000
11715  -22.871  -77.202  5.085 0.6000000238
11746  -21.361  -77.459  3.642 0.5000000000
23055  -16.436  -64.989  0.067 0.6000000238
21980  -13.204  -65.229  1.713 0.5000000000
19956  -20.948  -68.736  4.845 0.5000000000
19987  -19.182  -68.363  3.490 0.6000000238
19970  -19.568  -68.806  4.318 0.6000000238
122379  -21.346  -68.748  5.672 0.6000000238
125622  -17.099  -67.265  3.176 0.6000000238
23033  -11.630  -64.593  2.109 0.5000000000
19925  -22.925  -68.842  7.813 0.5000000000
19896  -16.301  -68.686  8.645 0.6000000238
20901  -15.339  -67.431  8.554 0.6000000238
27099  -13.262  -61.397  11.267 0.3000000119
19899  -20.000  -67.969  8.916 0.5000000000
24085  -16.508  -64.055  5.131 0.3000000119
20853  -20.790  -67.082  10.187 0.4000000060
20852  -20.012  -67.185  10.473 0.4000000060
24065  -17.222  -64.702  5.912 0.4000000060
25148  -17.464  -63.186  5.059 0.3000000119
24008  -17.887  -64.592  10.510 0.5000000000
22949  -22.138  -65.821  10.236 0.4000000060
136473  -12.696  -56.488  8.688 0.3000000119
28093  -17.385  -61.071  8.867 0.3000000119
22914  -19.326  -65.224  12.424 0.4000000060
24030  -18.317  -64.294  8.882 0.3000000119
28079  -17.759  -60.123  9.444 0.3000000119
25087  -18.390  -63.770  10.656 0.4000000060
32737  -13.485  -55.635  7.460 0.3000000119
127006  -19.447  -60.344  8.371 0.3000000119
23987  -20.485  -64.343  12.694 0.4000000060
144857  -19.805  -61.455  8.120 0.3000000119
10169  -8.679  -79.766  -8.104 0.5000000000
9363  -9.664  -79.659  -8.749 0.5000000000
9371  -11.016  -80.513  -9.594 0.5000000000
8609  -11.560  -81.334  -10.213 0.4000000060
9348  -9.381  -80.219  -7.006 0.5000000000
9357  -9.411  -79.620  -7.749 0.5000000000
10170  -10.317  -79.257  -8.334 0.5000000000
10176  -10.531  -79.623  -8.902 0.5000000000
9372  -11.895  -80.657  -9.829 0.5000000000
135945  -12.697  -80.820  -10.009 0.4000000060
9339  -10.037  -80.546  -6.098 0.4000000060
9349  -10.098  -79.704  -7.026 0.5000000000
128610  -11.144  -79.077  -8.362 0.5000000000
142140  -13.047  -80.364  -9.389 0.4000000060
124164  -10.875  -79.788  -6.248 0.5000000000
10164  -11.374  -78.970  -6.895 0.5000000000
10163  -10.687  -79.148  -7.215 0.5000000000
10151  -11.818  -79.430  -5.874 0.5000000000
11018  -11.951  -78.625  -7.526 0.5000000000
128899  -12.179  -78.945  -6.523 0.5000000000
11027  -12.603  -78.431  -7.942 0.5000000000
11035  -13.383  -78.662  -8.085 0.4000000060
9341  -11.388  -80.224  -5.336 0.5000000000
10165  -12.913  -78.921  -6.075 0.5000000000
11028  -13.425  -78.535  -7.500 0.5000000000
11029  -14.327  -78.528  -7.668 0.5000000000
10113  -13.139  -79.699  -2.078 0.5000000000
9342  -12.107  -79.937  -4.992 0.5000000000
9331  -12.178  -80.264  -4.105 0.5000000000
10138  -12.802  -79.610  -4.589 0.5000000000
10139  -13.592  -79.342  -4.222 0.5000000000
10153  -13.500  -79.212  -5.193 0.5000000000
11007  -13.864  -78.843  -6.064 0.5000000000
131541  -14.114  -78.514  -6.908 0.5000000000
10128  -12.936  -79.664  -2.814 0.5000000000
10119  -13.568  -79.396  -2.519 0.5000000000
10930  -14.775  -78.305  -0.697 0.5000000000
10130  -14.331  -79.134  -3.881 0.5000000000
10958  -15.202  -78.736  -2.582 0.5000000000
10945  -15.399  -78.252  -1.667 0.5000000000
10140  -14.344  -79.195  -4.709 0.5000000000
10975  -15.537  -78.873  -3.945 0.5000000000
10959  -15.770  -78.679  -3.317 0.5000000000
10990  -15.043  -79.006  -5.120 0.5000000000
10991  -15.681  -78.807  -4.642 0.5000000000
10154  -14.356  -79.025  -5.418 0.5000000000
11008  -14.894  -78.566  -6.177 0.5000000000
11031  -16.047  -78.178  -7.389 0.5000000000
10921  -16.801  -77.881  1.071 0.5000000000
11790  -17.410  -77.566  -0.148 0.6000000238
10946  -16.255  -77.815  -1.604 0.5000000000
10960  -16.014  -78.285  -2.506 0.5000000000
11804  -17.123  -77.492  -1.590 0.5000000000
129571  -16.609  -78.178  -3.325 0.5000000000
124254  -17.408  -77.661  -3.093 0.5000000000
11009  -15.727  -78.586  -5.522 0.5000000000
10992  -16.469  -78.244  -4.973 0.5000000000
139594  -15.750  -78.296  -6.319 0.5000000000
147196  -16.990  -77.745  2.607 0.5000000000
142598  -17.563  -77.555  1.183 0.5000000000
11805  -17.547  -77.305  -0.924 0.6000000238
130917  -20.379  -73.388  -0.266 0.5000000000
122794  -20.367  -73.637  1.029 0.6000000238
16227  -20.900  -73.065  -0.596 0.5000000000
16220  -21.178  -72.974  0.245 0.5000000000
15329  -20.937  -73.255  1.153 0.6000000238
136925  -21.409  -72.670  0.854 0.6000000238
137503  -21.298  -72.703  -0.421 0.5000000000
133819  -21.553  -72.336  0.178 0.6000000238
17141  -21.680  -71.334  0.100 0.5000000000
139640  -21.759  -71.827  1.030 0.6000000238
144802  -21.946  -70.966  0.906 0.6000000238
18095  -21.293  -70.271  -0.356 0.5000000000
18082  -21.673  -70.416  0.568 0.6000000238
18083  -22.207  -70.292  1.279 0.6000000238
125840  -20.784  -68.784  -0.331 0.5000000000
19033  -21.146  -69.561  0.296 0.5000000000
144070  -19.515  -66.908  -0.483 0.5000000000
22018  -18.705  -66.090  -0.309 0.6000000238
22015  -16.054  -65.759  -0.474 0.6000000238
21025  -16.806  -66.350  -0.801 0.5000000000
20994  -19.993  -67.533  0.621 0.6000000238
20042  -20.747  -68.749  0.486 0.5000000000
22017  -17.878  -65.393  -0.178 0.5000000000
22014  -14.381  -66.132  -0.063 0.6000000238
123813  -15.326  -65.435  -0.030 0.6000000238
21997  -14.647  -65.507  0.789 0.6000000238
9267  -29.277  -80.291  -0.996 0.3000000119
9284  -30.858  -80.379  -1.611 0.3000000119
9300  -28.315  -80.616  -2.207 0.3000000119
9304  -32.435  -81.018  -2.259 0.3000000119
9319  -28.865  -80.726  -2.944 0.3000000119
9282  -28.578  -80.527  -1.493 0.3000000119
140404  -27.540  -80.674  -0.921 0.3000000119
10178  -12.990  -79.498  -8.664 0.4000000060
10976  -16.189  -78.594  -4.052 0.5000000000
11820  -17.649  -77.475  -2.323 0.5000000000
123941  -19.469  -73.700  2.032 0.5000000000
10177  -12.013  -79.184  -8.466 0.4000000060
11034  -12.517  -78.603  -8.112 0.5000000000
10152  -12.569  -79.352  -5.418 0.5000000000
9317  -12.265  -80.089  -3.107 0.5000000000
129071  -12.919  -79.677  -3.701 0.5000000000
10114  -13.745  -79.277  -1.711 0.5000000000
10944  -14.591  -78.751  -1.748 0.5000000000
146692  -14.361  -79.122  -3.322 0.5000000000
11819  -16.830  -77.820  -2.414 0.5000000000
9320  -30.319  -80.989  -3.191 0.3000000119
9303  -31.485  -80.796  -2.323 0.3000000119
9283  -29.929  -80.365  -1.738 0.3000000119
9301  -29.701  -80.679  -2.584 0.3000000119
9321  -31.191  -81.111  -3.092 0.3000000119
25076  -23.697  -63.323  11.355 0.3000000119
6496  -14.900  -84.533  -2.491 0.5000000000
6521  -16.103  -84.028  -4.630 0.6000000238
7096  -31.458  -83.385  2.107 0.3000000119
7158  -16.603  -83.583  -4.050 0.6000000238
7167  -16.752  -83.673  -4.808 0.5000000000
7177  -18.066  -83.048  -6.082 0.6000000238
7186  -14.499  -83.743  -8.012 0.5000000000
7188  -16.550  -83.611  -7.635 0.6000000238
7195  -14.522  -83.500  -8.974 0.5000000000
7713  -28.876  -82.275  3.638 0.3000000119
7715  -31.010  -82.252  3.416 0.3000000119
7783  -21.778  -81.959  -2.065 0.5000000000
7791  -18.130  -82.711  -3.344 0.5000000000
7792  -18.801  -82.527  -3.243 0.5000000000
7804  -20.326  -81.888  -4.503 0.6000000238
7815  -18.674  -82.696  -5.833 0.5000000000
7828  -19.783  -82.743  -7.118 0.8000000119
7829  -20.578  -82.477  -7.011 0.6999999881
7833  -28.346  -82.808  -7.378 0.3000000119
7842  -18.875  -83.198  -8.109 0.6999999881
7845  -21.152  -82.630  -7.986 0.6999999881
7848  -25.556  -82.940  -9.015 0.4000000060
7851  -28.782  -83.077  -7.876 0.3000000119
7857  -16.888  -83.229  -9.178 0.6000000238
7860  -19.151  -83.119  -8.846 0.6999999881
7866  -26.598  -82.795  -8.974 0.4000000060
7869  -29.064  -82.794  -8.095 0.4000000060
7881  -19.459  -82.765  -9.664 0.6999999881
7882  -21.046  -82.693  -9.786 0.6000000238
7884  -22.765  -82.684  -10.182 0.6000000238
7885  -23.426  -82.907  -10.185 0.4000000060
7886  -24.974  -83.121  -10.162 0.4000000060
7893  -14.078  -82.337  -10.630 0.5000000000
7894  -15.099  -82.090  -10.554 0.5000000000
7895  -16.058  -82.123  -10.547 0.6000000238
7898  -19.845  -82.273  -10.231 0.6999999881
7900  -22.333  -82.383  -10.402 0.6000000238
7902  -24.037  -82.827  -10.411 0.4000000060
8429  -29.879  -80.963  4.389 0.3000000119
8439  -28.458  -81.535  4.055 0.3000000119
8471  -24.538  -81.467  1.149 0.3000000119
8473  -25.616  -81.161  0.078 0.3000000119
8482  -25.931  -81.105  -0.704 0.4000000060
8490  -26.277  -80.973  -1.417 0.4000000060
8502  -27.502  -80.746  -3.361 0.4000000060
8503  -32.081  -81.401  -2.957 0.3000000119
8514  -22.560  -81.545  -3.220 0.5000000000
8519  -27.671  -80.858  -4.199 0.3000000119
8536  -21.701  -81.575  -4.497 0.5000000000
8541  -26.448  -81.143  -4.584 0.3000000119
8560  -22.281  -81.563  -5.315 0.5000000000
8562  -24.731  -81.480  -6.015 0.4000000060
8565  -27.005  -81.292  -5.358 0.3000000119
8577  -22.613  -81.717  -6.279 0.4000000060
8580  -25.370  -81.648  -6.740 0.4000000060
8581  -26.860  -82.153  -6.905 0.3000000119
8600  -26.800  -82.585  -9.173 0.4000000060
8601  -27.576  -82.338  -8.684 0.4000000060
8610  -24.092  -82.151  -10.585 0.4000000060
8618  -13.641  -81.991  -10.877 0.5000000000
8621  -16.557  -81.664  -10.695 0.6000000238
8627  -22.609  -82.096  -10.592 0.6000000238
9207  -29.507  -80.238  4.339 0.3000000119
9216  -27.505  -80.864  3.637 0.3000000119
9226  -27.378  -80.451  3.154 0.3000000119
9238  -26.573  -80.786  1.875 0.3000000119
9266  -28.322  -80.499  -0.681 0.3000000119
9281  -27.886  -80.660  -1.535 0.3000000119
9298  -26.536  -80.915  -2.175 0.4000000060
9302  -30.565  -80.673  -2.421 0.3000000119
9358  -10.179  -79.254  -7.831 0.5000000000
9365  -27.200  -81.901  -9.241 0.4000000060
9374  -14.244  -80.887  -10.090 0.5000000000
9379  -19.724  -79.988  -9.940 0.6000000238
9383  -23.200  -80.811  -10.141 0.5000000000
9386  -12.369  -81.368  -10.371 0.5000000000
9387  -13.155  -81.482  -10.586 0.5000000000
9389  -15.189  -81.699  -10.626 0.5000000000
9392  -17.949  -80.911  -10.555 0.6000000238
9397  -22.863  -81.536  -10.507 0.6000000238
10029  -29.315  -79.662  4.085 0.3000000119
10043  -29.424  -79.379  3.650 0.3000000119
10056  -28.565  -79.782  2.320 0.3000000119
10120  -14.319  -79.077  -2.670 0.5000000000
10129  -13.709  -79.311  -3.304 0.5000000000
10171  -11.059  -78.827  -7.855 0.5000000000
10172  -11.868  -78.563  -8.078 0.5000000000
10173  -29.649  -80.148  -7.787 0.4000000060
10175  -9.468  -79.506  -8.245 0.5000000000
10180  -14.860  -79.524  -8.657 0.5000000000
10184  -24.718  -79.395  -9.051 0.5000000000
10190  -11.479  -79.935  -8.940 0.5000000000
10191  -12.348  -80.190  -9.076 0.4000000060
10193  -14.570  -80.219  -9.360 0.5000000000
10199  -21.238  -79.531  -9.393 0.5000000000
10202  -23.621  -80.093  -9.611 0.5000000000
10884  -16.512  -78.082  2.714 0.5000000000
10887  -23.657  -78.696  2.627 0.6000000238
10904  -16.992  -77.660  1.949 0.5000000000
10905  -20.559  -77.936  0.691 0.6999999881
10906  -21.058  -78.262  1.352 0.6999999881
10909  -24.437  -78.479  1.898 0.5000000000
10923  -22.370  -79.178  0.748 0.5000000000
10924  -23.272  -79.037  0.894 0.6000000238
10935  -23.320  -79.012  -0.730 0.6000000238
10951  -24.042  -78.320  -1.017 0.6000000238
10962  -21.564  -78.538  -2.787 0.6000000238
10978  -21.800  -78.407  -3.976 0.6000000238
10980  -23.318  -78.356  -3.980 0.6000000238
11019  -12.748  -78.708  -7.050 0.5000000000
11020  -13.403  -78.689  -6.713 0.5000000000
11021  -14.814  -78.372  -7.070 0.5000000000
11022  -15.468  -78.202  -6.898 0.5000000000
11037  -15.080  -78.842  -8.096 0.5000000000
11039  -17.703  -78.349  -8.298 0.6999999881
11047  -24.947  -78.522  -8.633 0.5000000000
11049  -27.123  -78.770  -8.695 0.4000000060
11054  -22.622  -78.945  -9.149 0.5000000000
11723  -19.052  -77.068  4.087 0.4000000060
11726  -21.617  -77.249  4.388 0.6000000238
11728  -24.137  -77.967  4.053 0.6000000238
11749  -25.334  -77.232  3.436 0.5000000000
11755  -17.507  -77.577  2.552 0.6000000238
11758  -20.244  -77.293  2.677 0.5000000000
11769  -17.737  -77.416  1.871 0.6000000238
11772  -20.730  -77.778  2.061 0.6000000238
11780  -18.915  -76.926  0.944 0.6000000238
11793  -20.323  -77.758  -0.814 0.6999999881
11794  -24.418  -77.727  -0.560 0.5000000000
11806  -18.311  -77.256  -1.021 0.6000000238
11821  -18.469  -77.333  -2.248 0.6999999881
11823  -20.318  -77.670  -3.092 0.6000000238
11824  -24.032  -77.952  -2.551 0.6000000238
11838  -16.879  -78.109  -4.165 0.6000000238
11852  -17.279  -77.752  -4.841 0.5000000000
11857  -23.610  -77.659  -4.944 0.6000000238
11865  -17.843  -77.388  -5.493 0.6999999881
11869  -22.424  -78.317  -5.639 0.6000000238
11876  -17.028  -77.444  -6.650 0.6999999881
11878  -18.419  -77.071  -6.807 0.6000000238
11881  -22.125  -77.281  -6.929 0.5000000000
11884  -17.486  -77.433  -7.307 0.6999999881
11885  -18.246  -77.213  -7.273 0.6000000238
11888  -21.161  -77.437  -7.442 0.5000000000
11892  -18.694  -77.414  -7.662 0.6000000238
11893  -19.893  -77.563  -7.900 0.6000000238
11895  -22.207  -77.333  -8.108 0.5000000000
11897  -25.177  -77.641  -8.431 0.5000000000
11900  -28.423  -77.835  -8.471 0.5000000000
12594  -23.817  -76.301  6.043 0.6000000238
12604  -20.573  -76.423  5.412 0.6999999881
12622  -21.088  -76.857  4.999 0.6000000238
12624  -25.995  -76.354  4.310 0.5000000000
12639  -25.260  -77.078  2.509 0.5000000000
12650  -25.270  -76.132  1.954 0.5000000000
12723  -28.090  -76.258  -3.381 0.4000000060
12749  -33.170  -75.567  -5.981 0.4000000060
12755  -24.002  -76.037  -6.895 0.5000000000
12757  -31.980  -75.430  -7.309 0.5000000000
12759  -22.696  -77.071  -7.682 0.5000000000
12761  -24.132  -76.180  -7.413 0.5000000000
12762  -25.729  -75.861  -7.661 0.5000000000
12765  -29.261  -75.996  -8.080 0.5000000000
12767  -30.718  -75.943  -7.688 0.5000000000
12773  -28.829  -76.774  -8.355 0.5000000000
13475  -24.718  -74.983  7.172 0.6000000238
13485  -21.171  -75.598  6.295 0.6999999881
13487  -23.302  -75.520  6.812 0.6000000238
13489  -25.334  -75.616  6.600 0.6000000238
13498  -18.409  -75.283  5.574 0.4000000060
13499  -19.716  -75.299  6.102 0.5000000000
13501  -26.745  -75.764  5.494 0.5000000000
13528  -25.610  -75.632  2.314 0.5000000000
13542  -25.411  -75.534  1.534 0.5000000000
13558  -27.810  -75.282  0.395 0.6000000238
13559  -28.620  -75.198  0.269 0.4000000060
13575  -24.277  -75.435  -0.820 0.6000000238
13579  -28.322  -75.558  -0.353 0.4000000060
13596  -24.262  -74.994  -1.762 0.6999999881
13598  -27.100  -75.684  -2.055 0.5000000000
13634  -26.369  -75.610  -3.671 0.5000000000
13635  -27.316  -76.055  -3.837 0.5000000000
13651  -25.722  -75.336  -4.406 0.5000000000
13654  -30.345  -75.363  -5.767 0.4000000060
13673  -25.120  -75.266  -6.457 0.5000000000
13674  -25.955  -74.940  -6.710 0.5000000000
13675  -27.497  -75.230  -7.007 0.5000000000
13677  -30.010  -75.053  -7.306 0.5000000000
13683  -27.207  -75.420  -7.262 0.5000000000
13685  -29.723  -75.534  -7.670 0.5000000000
14379  -22.046  -73.673  7.016 0.5000000000
14381  -23.806  -74.110  7.490 0.6000000238
14390  -19.871  -74.419  6.269 0.5000000000
14391  -21.711  -74.369  6.919 0.6000000238
14393  -27.377  -74.718  6.423 0.6000000238
14399  -18.964  -74.566  5.892 0.5000000000
14475  -30.324  -74.773  -1.012 0.4000000060
15220  -24.175  -73.431  7.653 0.6000000238
15230  -20.152  -73.838  6.260 0.5000000000
15231  -21.436  -73.577  6.679 0.6000000238
15241  -18.824  -74.000  5.632 0.5000000000
15258  -18.585  -73.699  4.869 0.5000000000
15278  -21.184  -72.628  3.745 0.6000000238
15291  -18.712  -73.546  2.733 0.6000000238
15292  -19.716  -73.514  2.701 0.6000000238
15309  -20.319  -73.635  1.869 0.6000000238
15310  -21.002  -73.121  2.137 0.6000000238
15328  -20.660  -73.356  0.350 0.5000000000
15331  -29.155  -74.168  0.497 0.4000000060
15345  -20.458  -73.262  -0.975 0.5000000000
15347  -29.619  -74.154  -0.071 0.4000000060
15348  -30.096  -74.194  -0.725 0.4000000060
16091  -25.787  -72.371  8.171 0.5000000000
16101  -22.638  -73.432  7.154 0.5000000000
16102  -23.411  -73.194  7.396 0.5000000000
16117  -23.439  -72.319  6.901 0.6000000238
16132  -22.720  -71.971  5.486 0.6000000238
16208  -21.499  -72.630  1.596 0.6999999881
16209  -22.032  -71.849  1.929 0.6000000238
16231  -29.321  -73.039  -0.868 0.4000000060
17026  -25.553  -71.483  7.752 0.5000000000
17045  -24.660  -71.244  6.450 0.6000000238
17058  -22.831  -71.514  4.605 0.6000000238
17070  -22.968  -71.181  3.834 0.6999999881
17072  -24.259  -70.653  4.793 0.6000000238
17084  -23.353  -70.452  3.352 0.6999999881
17108  -22.605  -71.102  2.291 0.6999999881
17974  -25.868  -70.410  7.166 0.5000000000
17975  -26.422  -69.768  7.254 0.5000000000
17994  -26.120  -69.594  6.501 0.5000000000
18010  -24.898  -70.212  5.016 0.6000000238
18011  -25.495  -69.878  5.390 0.5000000000
18034  -23.690  -69.712  3.546 0.6999999881
18058  -23.205  -69.839  2.718 0.6999999881
18898  -18.203  -69.049  8.314 0.6000000238
18918  -16.689  -69.280  7.341 0.6999999881
18930  -16.906  -69.265  5.948 0.6000000238
18957  -24.040  -68.892  3.977 0.6000000238
19034  -21.803  -69.821  1.041 0.6999999881
19047  -21.095  -69.186  -0.858 0.5000000000
19852  -18.212  -67.993  10.231 0.5000000000
19854  -19.592  -67.610  9.992 0.5000000000
19898  -18.658  -68.615  8.943 0.6000000238
19927  -25.148  -68.690  6.484 0.5000000000
19928  -25.967  -68.808  6.496 0.5000000000
19943  -25.065  -68.724  5.482 0.5000000000
19951  -15.725  -68.332  5.611 0.6000000238
19952  -16.522  -68.719  5.376 0.6000000238
19953  -17.341  -69.017  5.183 0.6000000238
19954  -18.274  -69.220  5.095 0.6000000238
19955  -19.565  -69.098  5.767 0.6000000238
19971  -20.979  -68.518  3.946 0.6000000238
19973  -22.780  -68.675  4.244 0.6000000238
19991  -23.459  -68.808  3.743 0.6000000238
20007  -20.286  -68.328  1.960 0.6000000238
20008  -21.676  -68.677  2.421 0.6000000238
20010  -23.224  -68.953  3.239 0.6999999881
20041  -20.282  -67.848  0.151 0.6000000238
20836  -18.949  -66.900  11.231 0.4000000060
20851  -19.263  -67.311  10.613 0.5000000000
20875  -16.401  -67.533  9.602 0.6000000238
20876  -16.991  -67.793  10.021 0.5000000000
20878  -21.176  -67.574  9.676 0.5000000000
20900  -14.726  -66.850  8.108 0.6000000238
20902  -15.938  -67.974  9.040 0.6999999881
20915  -14.411  -67.104  7.427 0.6000000238
20936  -14.817  -67.777  5.967 0.6000000238
20993  -19.548  -67.137  1.127 0.6999999881
21009  -15.939  -66.836  -0.578 0.6000000238
21011  -19.556  -66.881  0.292 0.6999999881
21012  -19.892  -67.315  -0.041 0.6000000238
21846  -18.977  -65.928  12.213 0.4000000060
21858  -18.109  -66.129  11.244 0.5000000000
21880  -20.446  -66.766  10.959 0.4000000060
21898  -16.312  -66.717  9.636 0.5000000000
21899  -17.062  -65.543  9.839 0.5000000000
21917  -15.294  -66.569  8.607 0.6000000238
21937  -13.703  -66.146  6.524 0.6000000238
21938  -13.882  -66.605  6.980 0.6000000238
21946  -13.639  -65.997  5.807 0.5000000000
21972  -15.561  -66.380  2.981 0.5000000000
21996  -13.460  -65.895  0.542 0.5000000000
22001  -19.141  -66.289  0.027 0.6000000238
22016  -17.046  -65.381  -0.487 0.5000000000
22913  -18.701  -65.170  12.153 0.5000000000
22915  -20.172  -65.253  12.576 0.4000000060
22932  -20.651  -65.950  12.242 0.4000000060
22947  -17.863  -65.372  11.018 0.5000000000
22948  -21.598  -66.176  10.838 0.4000000060
22958  -22.591  -65.411  9.805 0.4000000060
22973  -15.644  -65.846  8.326 0.6999999881
22990  -17.421  -65.252  7.821 0.4000000060
23009  -13.497  -65.254  5.511 0.4000000060
23054  -11.535  -65.577  0.528 0.5000000000
23056  -17.275  -64.970  0.063 0.6000000238
23986  -19.638  -64.569  12.537 0.4000000060
24000  -21.841  -65.060  12.122 0.4000000060
24001  -23.129  -63.906  11.329 0.4000000060
24049  -18.533  -64.452  7.819 0.3000000119
24083  -13.736  -64.430  5.593 0.5000000000
25059  -19.453  -63.659  12.369 0.3000000119
25061  -21.266  -63.799  12.648 0.3000000119
25074  -19.047  -62.950  11.818 0.3000000119
25075  -22.701  -63.770  12.049 0.4000000060
25100  -18.631  -63.695  9.476 0.3000000119
25135  -18.424  -63.818  6.645 0.3000000119
25145  -14.203  -63.524  4.669 0.4000000060
25146  -15.795  -63.392  4.542 0.3000000119
25147  -16.860  -63.296  4.687 0.4000000060
26163  -19.346  -62.612  9.460 0.3000000119
26197  -18.390  -63.133  7.172 0.3000000119
26226  -16.765  -62.525  4.513 0.3000000119
27127  -13.199  -61.786  9.112 0.3000000119
27128  -13.852  -61.481  9.295 0.4000000060
27131  -16.578  -61.285  8.923 0.3000000119
27175  -14.330  -61.283  6.937 0.4000000060
28041  -13.428  -60.676  11.391 0.3000000119
28042  -14.133  -60.266  11.401 0.4000000060
28060  -14.573  -60.698  10.901 0.4000000060
28061  -15.331  -60.398  10.601 0.4000000060
28080  -18.706  -59.837  9.059 0.3000000119
28989  -15.251  -59.067  11.261 0.4000000060
29011  -15.641  -59.599  10.878 0.4000000060
29013  -17.075  -59.206  10.167 0.4000000060
29028  -17.590  -59.446  9.923 0.3000000119
29030  -21.769  -59.608  9.018 0.3000000119
29043  -21.098  -60.035  7.785 0.3000000119
29850  -13.908  -58.926  11.433 0.3000000119
29853  -16.326  -58.090  11.092 0.4000000060
29873  -16.826  -58.539  10.230 0.4000000060
29890  -18.253  -58.745  9.501 0.3000000119
30754  -15.634  -57.798  11.206 0.4000000060
30755  -16.095  -57.760  11.207 0.4000000060
30798  -15.597  -57.203  9.878 0.4000000060
30800  -16.995  -57.819  8.869 0.3000000119
30832  -16.633  -57.743  6.731 0.3000000119
31781  -12.534  -56.182  8.525 0.3000000119
122149  -20.419  -68.802  5.716 0.6000000238
122619  -24.253  -81.578  -1.984 0.4000000060
122793  -21.395  -68.589  7.264 0.5000000000
122965  -22.325  -68.802  7.141 0.6000000238
123100  -23.986  -81.715  -1.275 0.4000000060
123530  -23.145  -68.843  6.961 0.5000000000
123733  -25.669  -83.104  -9.787 0.4000000060
124034  -17.927  -77.337  -1.607 0.6000000238
124373  -21.809  -81.622  -3.562 0.5000000000
124534  -22.738  -79.175  -1.195 0.6000000238
125430  -16.930  -83.452  -8.281 0.6999999881
125573  -16.056  -68.938  7.857 0.6999999881
125722  -18.468  -77.265  -5.272 0.6999999881
125825  -17.902  -77.499  3.251 0.6000000238
125954  -15.015  -79.062  -4.291 0.5000000000
126354  -25.213  -81.380  -3.849 0.4000000060
126728  -24.747  -76.154  -7.784 0.5000000000
126885  -26.911  -80.708  0.297 0.3000000119
127049  -25.385  -76.522  5.313 0.6000000238
127061  -14.981  -79.024  -3.437 0.5000000000
127094  -28.455  -76.283  -4.254 0.5000000000
127121  -25.689  -73.817  7.867 0.6000000238
127272  -20.441  -68.457  7.318 0.6999999881
127288  -13.897  -61.236  7.646 0.3000000119
127772  -21.404  -73.059  6.261 0.6000000238
128033  -17.199  -82.653  -9.898 0.6999999881
128474  -13.912  -56.759  9.435 0.4000000060
128703  -24.423  -81.484  -2.765 0.4000000060
128740  -24.587  -75.527  -4.867 0.6000000238
128960  -18.290  -66.924  2.420 0.6000000238
129194  -19.955  -67.738  9.455 0.5000000000
129644  -28.257  -80.338  0.320 0.3000000119
129935  -27.789  -75.750  -1.104 0.4000000060
130240  -23.062  -81.528  -4.645 0.5000000000
130417  -23.099  -79.234  0.096 0.6000000238
130536  -17.685  -67.477  10.462 0.5000000000
130749  -26.100  -81.580  -6.392 0.3000000119
131201  -27.824  -80.916  -8.952 0.4000000060
131404  -19.237  -82.662  -6.437 0.5000000000
131529  -17.723  -82.760  -2.727 0.5000000000
131792  -15.889  -83.686  -7.753 0.6000000238
132113  -11.661  -80.520  -4.650 0.5000000000
133152  -17.318  -77.660  0.542 0.5000000000
134027  -23.579  -64.070  8.979 0.3000000119
134034  -23.713  -78.216  -3.217 0.6000000238
134103  -20.023  -67.816  1.384 0.6999999881
134370  -23.939  -82.695  -9.153 0.4000000060
135046  -18.923  -63.248  8.281 0.3000000119
135228  -28.099  -74.996  0.808 0.5000000000
135522  -14.900  -84.870  -1.733 0.5000000000
136029  -17.862  -65.233  0.580 0.5000000000
136034  -19.881  -73.152  4.330 0.6000000238
136879  -29.097  -80.524  -1.996 0.3000000119
137212  -26.355  -74.365  7.470 0.6000000238
137661  -24.532  -81.454  -3.578 0.4000000060
137958  -17.410  -79.069  -8.919 0.6000000238
138132  -17.064  -79.653  -9.676 0.6000000238
138185  -22.807  -68.638  4.916 0.6000000238
138261  -23.938  -81.099  -10.164 0.5000000000
138375  -22.322  -69.581  1.612 0.6999999881
138418  -21.498  -82.328  -10.289 0.6000000238
139960  -30.838  -81.379  -7.651 0.4000000060
140072  -22.982  -70.512  2.657 0.6999999881
140471  -16.759  -67.742  3.782 0.6000000238
141015  -20.038  -82.359  -1.542 0.4000000060
141122  -21.070  -82.016  -10.420 0.6000000238
141145  -18.603  -82.535  -1.968 0.5000000000
141159  -16.759  -80.375  -10.270 0.6000000238
141441  -25.646  -76.604  4.703 0.6000000238
141718  -22.029  -77.637  3.871 0.6000000238
141722  -19.386  -68.350  8.733 0.5000000000
142121  -20.736  -68.502  2.425 0.6999999881
142281  -19.589  -79.269  -9.217 0.6000000238
142366  -16.882  -83.663  -7.018 0.5000000000
142830  -24.986  -68.841  4.906 0.5000000000
143036  -20.634  -82.943  -9.231 0.6000000238
143079  -27.099  -80.489  2.441 0.3000000119
143252  -18.330  -64.228  6.282 0.3000000119
143444  -18.726  -58.464  6.830 0.3000000119
143602  -23.629  -77.431  4.705 0.6000000238
143640  -18.520  -65.755  0.228 0.6000000238
143728  -17.591  -58.559  9.768 0.3000000119
144456  -23.679  -76.911  5.245 0.6000000238
144508  -23.432  -78.188  -4.468 0.6000000238
144609  -16.733  -83.283  -2.830 0.6000000238
144623  -21.547  -72.589  4.999 0.6000000238
145000  -12.354  -79.130  -5.931 0.5000000000
145030  -30.624  -77.753  -6.248 0.4000000060
145061  -17.241  -77.817  -3.712 0.5000000000
145526  -18.042  -77.277  -0.433 0.6999999881
145731  -16.498  -81.033  -10.637 0.5000000000
145815  -23.551  -77.312  -5.544 0.6000000238
146469  -19.810  -77.407  -2.756 0.6999999881
146518  -26.078  -79.808  -9.133 0.4000000060
146612  -21.129  -74.892  6.645 0.6000000238
146809  -16.592  -69.209  6.618 0.6000000238
146861  -23.418  -78.063  3.944 0.6000000238
147073  -12.644  -63.587  4.086 0.5000000000
147118  -17.439  -69.142  8.452 0.6000000238
147758  -23.229  -63.376  11.813 0.3000000119
147761  -16.786  -66.532  2.633 0.6000000238
147849  -23.198  -81.513  -2.978 0.5000000000
