#!ascii label  , from subject sub-v1s7x0051326_ses-1 vox2ras=TkReg
1068
47112  26.355  -36.663  56.131 0.0000000000
67507  43.334  -16.207  48.599 0.0000000000
57643  37.608  -26.120  51.520 0.0000000000
36089  17.011  -47.334  72.722 0.0000000000
42811  23.487  -39.841  63.070 0.0000000000
61592  39.284  -22.373  51.880 0.0000000000
39836  19.651  -42.929  67.998 0.0000000000
38872  20.271  -45.396  70.741 0.0000000000
38955  21.425  -44.502  64.418 0.0000000000
67514  47.473  -16.667  47.547 0.0000000000
52000  29.160  -31.543  56.549 0.0000000000
53169  32.914  -30.705  53.206 0.0000000000
125744  32.947  -36.068  55.765 0.0000000000
71526  45.437  -12.843  47.747 0.0000000000
71541  48.846  -12.477  45.137 0.0000000000
68459  40.221  -15.976  51.677 0.0000000000
64398  43.915  -18.619  51.362 0.0000000000
63461  41.457  -20.611  49.654 0.0000000000
58675  42.866  -25.956  50.976 0.0000000000
40877  27.482  -41.973  58.720 0.0000000000
32323  21.530  -50.896  69.781 0.0000000000
30147  20.012  -53.569  72.607 0.0000000000
30090  15.890  -53.024  77.127 0.0000000000
45045  23.920  -37.954  60.046 0.0000000000
39012  24.342  -44.373  60.306 0.0000000000
57596  33.764  -25.936  53.847 0.0000000000
54256  37.856  -29.785  55.005 0.0000000000
74386  52.057  -9.194  44.065 0.0000000000
67505  44.942  -16.816  48.092 0.0000000000
66456  45.400  -17.586  49.639 0.0000000000
149617  27.363  -33.833  55.901 0.0000000000
50017  29.474  -33.419  54.187 0.0000000000
48150  29.454  -36.206  55.046 0.0000000000
69567  42.737  -14.175  49.759 0.0000000000
70548  45.051  -13.214  49.957 0.0000000000
69600  44.372  -14.631  47.539 0.0000000000
68506  45.674  -14.860  46.696 0.0000000000
30136  13.345  -53.383  73.219 0.0000000000
146431  40.538  -18.642  50.812 0.0000000000
64400  39.373  -19.631  51.491 0.0000000000
59644  38.107  -24.454  50.829 0.0000000000
59669  40.128  -24.525  49.668 0.0000000000
57657  40.745  -26.109  50.632 0.0000000000
56566  40.022  -27.454  52.923 0.0000000000
37973  17.759  -45.461  71.476 0.0000000000
37065  20.400  -47.038  72.564 0.0000000000
35075  19.664  -48.332  72.603 0.0000000000
34178  21.477  -49.103  71.381 0.0000000000
35090  18.459  -49.018  72.702 0.0000000000
32256  21.090  -52.303  73.820 0.0000000000
128969  17.975  -53.548  73.757 0.0000000000
45014  23.793  -39.052  61.385 0.0000000000
139469  23.235  -41.190  59.224 0.0000000000
40846  22.385  -42.511  61.299 0.0000000000
38031  21.962  -45.870  66.188 0.0000000000
125163  23.973  -46.449  65.179 0.0000000000
50973  35.565  -32.535  55.457 0.0000000000
53152  35.505  -30.703  53.891 0.0000000000
127853  39.555  -21.352  52.749 0.0000000000
60608  38.435  -23.143  52.841 0.0000000000
59629  36.935  -24.231  52.090 0.0000000000
38897  20.753  -45.014  68.331 0.0000000000
37989  21.377  -45.611  69.918 0.0000000000
38888  19.713  -44.505  69.679 0.0000000000
38882  17.998  -44.079  70.811 0.0000000000
149345  16.502  -44.515  72.410 0.0000000000
41781  21.660  -41.495  63.228 0.0000000000
41762  20.735  -41.471  65.326 0.0000000000
145307  20.427  -43.944  66.086 0.0000000000
54233  30.669  -29.877  56.831 0.0000000000
55460  31.456  -28.752  54.353 0.0000000000
52029  30.138  -31.069  54.253 0.0000000000
50014  32.787  -33.655  54.036 0.0000000000
73421  48.321  -10.608  45.498 0.0000000000
70591  46.750  -12.783  45.784 0.0000000000
69610  48.055  -14.500  46.186 0.0000000000
67494  41.504  -16.005  49.930 0.0000000000
66442  43.272  -17.733  50.638 0.0000000000
144352  41.359  -17.629  50.584 0.0000000000
63450  42.878  -20.088  49.994 0.0000000000
61600  44.703  -22.613  50.531 0.0000000000
62515  39.997  -22.015  50.355 0.0000000000
60655  42.767  -23.549  49.738 0.0000000000
45088  27.189  -38.806  57.115 0.0000000000
46140  29.291  -38.098  57.514 0.0000000000
69548  42.190  -14.166  52.116 0.0000000000
35064  16.542  -48.289  74.370 0.0000000000
32290  18.872  -51.063  72.893 0.0000000000
145177  20.624  -52.282  70.961 0.0000000000
30181  18.469  -53.480  69.504 0.0000000000
126538  16.885  -53.368  70.951 0.0000000000
31273  15.345  -52.742  73.265 0.0000000000
128248  13.162  -52.174  77.041 0.0000000000
30038  10.832  -53.642  79.866 0.0000000000
47092  24.540  -36.381  57.869 0.0000000000
44024  24.802  -39.877  57.428 0.0000000000
39922  26.165  -43.595  59.368 0.0000000000
38991  22.603  -44.191  62.376 0.0000000000
57623  36.185  -26.321  52.451 0.0000000000
55477  33.478  -28.290  52.846 0.0000000000
55475  35.619  -28.346  52.830 0.0000000000
131037  38.134  -27.653  53.188 0.0000000000
46137  32.142  -37.806  57.145 0.0000000000
74398  53.315  -9.549  42.812 0.0000000000
135652  50.134  -10.864  44.189 0.0000000000
72507  52.178  -11.558  43.200 0.0000000000
67506  44.079  -16.341  48.244 0.0000000000
66470  45.200  -17.421  48.673 0.0000000000
66471  44.332  -17.167  48.719 0.0000000000
49057  26.731  -35.015  55.949 0.0000000000
49056  27.987  -34.887  54.920 0.0000000000
47132  27.579  -36.373  55.454 0.0000000000
69577  42.565  -14.729  49.272 0.0000000000
70562  43.564  -14.120  48.643 0.0000000000
68485  43.482  -15.465  48.330 0.0000000000
138861  44.801  -15.444  47.402 0.0000000000
30123  12.300  -53.011  74.453 0.0000000000
65320  38.886  -18.542  52.379 0.0000000000
64392  38.933  -19.384  53.071 0.0000000000
58676  37.879  -25.428  50.838 0.0000000000
58691  39.361  -25.518  50.211 0.0000000000
57659  39.146  -26.121  50.691 0.0000000000
56588  40.865  -27.009  51.784 0.0000000000
57620  39.056  -27.091  51.898 0.0000000000
37965  17.051  -45.954  71.965 0.0000000000
37073  18.467  -47.155  72.000 0.0000000000
36088  17.918  -47.714  72.451 0.0000000000
150298  18.989  -48.658  72.542 0.0000000000
35091  17.875  -48.481  72.758 0.0000000000
42825  23.157  -40.027  62.231 0.0000000000
42840  22.946  -40.243  61.295 0.0000000000
42841  22.657  -40.689  61.838 0.0000000000
133311  22.509  -46.778  67.814 0.0000000000
56506  32.516  -27.580  56.387 0.0000000000
50972  36.199  -32.175  55.805 0.0000000000
60621  37.583  -23.593  52.305 0.0000000000
60610  36.633  -23.469  53.478 0.0000000000
38912  20.318  -44.327  67.839 0.0000000000
38898  20.296  -44.611  68.734 0.0000000000
39822  19.493  -43.350  68.736 0.0000000000
40759  18.046  -42.693  70.131 0.0000000000
40757  17.214  -42.669  71.457 0.0000000000
39805  17.292  -43.596  71.389 0.0000000000
42803  21.638  -40.750  64.396 0.0000000000
40787  19.623  -41.998  67.773 0.0000000000
40796  20.223  -42.169  66.547 0.0000000000
39835  19.968  -43.499  67.433 0.0000000000
38923  20.296  -44.138  66.869 0.0000000000
53137  30.101  -30.248  55.622 0.0000000000
52013  29.347  -31.517  55.533 0.0000000000
48171  31.223  -35.085  54.463 0.0000000000
50016  31.110  -33.766  53.717 0.0000000000
49055  32.873  -34.859  54.922 0.0000000000
49053  34.369  -34.330  55.628 0.0000000000
49041  34.065  -35.075  55.880 0.0000000000
141703  45.488  -12.847  48.596 0.0000000000
72498  47.096  -11.364  46.354 0.0000000000
139505  46.186  -12.690  46.480 0.0000000000
68496  47.008  -15.860  46.931 0.0000000000
68504  47.514  -15.113  46.555 0.0000000000
68495  48.013  -15.845  47.004 0.0000000000
67475  40.609  -16.014  51.024 0.0000000000
67482  41.812  -16.863  50.181 0.0000000000
66444  40.630  -17.342  50.889 0.0000000000
63451  41.147  -19.850  49.981 0.0000000000
64408  41.643  -19.122  50.310 0.0000000000
63460  42.308  -20.724  49.613 0.0000000000
62514  43.815  -21.237  50.053 0.0000000000
62521  42.538  -21.553  49.507 0.0000000000
62500  39.567  -21.932  52.357 0.0000000000
62507  39.511  -21.609  51.605 0.0000000000
128034  39.629  -22.158  51.114 0.0000000000
58701  41.301  -24.980  49.642 0.0000000000
60657  41.219  -23.806  49.514 0.0000000000
59656  42.773  -24.747  50.173 0.0000000000
59654  44.264  -24.210  50.635 0.0000000000
42929  27.163  -40.145  57.550 0.0000000000
44005  28.414  -39.626  58.381 0.0000000000
68442  40.571  -15.699  53.283 0.0000000000
139584  41.054  -15.007  52.155 0.0000000000
69569  41.640  -14.921  50.738 0.0000000000
37978  21.001  -45.366  70.729 0.0000000000
37970  20.906  -45.606  71.375 0.0000000000
33293  21.773  -50.090  70.090 0.0000000000
33305  22.924  -50.384  69.430 0.0000000000
32338  22.567  -51.109  68.996 0.0000000000
31317  21.373  -51.964  68.759 0.0000000000
34138  16.658  -49.057  74.738 0.0000000000
34150  17.513  -49.593  73.533 0.0000000000
33246  17.546  -50.276  74.038 0.0000000000
30145  21.054  -53.170  73.273 0.0000000000
32287  21.104  -52.452  72.819 0.0000000000
31299  20.251  -52.805  71.372 0.0000000000
31310  19.870  -52.509  70.344 0.0000000000
30168  19.224  -52.929  70.839 0.0000000000
30182  17.692  -53.858  69.544 0.0000000000
127428  18.159  -53.347  72.123 0.0000000000
30105  17.342  -53.561  75.170 0.0000000000
128198  16.941  -53.190  73.846 0.0000000000
31240  15.755  -52.634  74.810 0.0000000000
130225  14.823  -52.295  74.909 0.0000000000
31208  14.595  -52.482  77.584 0.0000000000
47039  24.966  -36.041  60.717 0.0000000000
48089  24.680  -35.743  59.122 0.0000000000
151149  24.124  -36.888  59.034 0.0000000000
147137  24.596  -38.460  57.360 0.0000000000
45068  23.887  -38.783  58.515 0.0000000000
40872  23.616  -43.080  59.409 0.0000000000
40881  23.963  -42.422  58.750 0.0000000000
39017  24.913  -44.172  59.846 0.0000000000
148640  21.009  -42.993  63.783 0.0000000000
39892  21.887  -43.429  62.423 0.0000000000
38972  22.438  -44.583  63.279 0.0000000000
126270  24.785  -46.393  63.905 0.0000000000
65332  43.632  -18.102  51.203 0.0000000000
66427  44.651  -17.702  51.321 0.0000000000
65331  44.330  -18.144  51.667 0.0000000000
58634  34.828  -24.914  53.948 0.0000000000
59618  35.511  -24.537  53.505 0.0000000000
57607  34.855  -25.984  52.836 0.0000000000
54287  31.426  -29.670  53.691 0.0000000000
55478  32.057  -28.512  53.730 0.0000000000
135685  33.385  -29.848  53.082 0.0000000000
54270  36.734  -29.746  54.000 0.0000000000
127139  35.598  -29.159  53.282 0.0000000000
55458  36.998  -29.060  53.767 0.0000000000
56549  36.449  -27.805  52.880 0.0000000000
55457  37.781  -28.727  54.010 0.0000000000
56532  39.219  -27.718  54.370 0.0000000000
46139  30.207  -38.109  57.688 0.0000000000
74392  52.681  -9.362  43.429 0.0000000000
72500  48.115  -11.770  45.318 0.0000000000
73420  49.003  -10.256  44.914 0.0000000000
71547  49.548  -12.069  44.624 0.0000000000
71552  51.039  -12.088  43.920 0.0000000000
70601  52.461  -13.428  43.798 0.0000000000
41734  19.426  -41.408  68.387 0.0000000000
40763  18.982  -42.906  69.179 0.0000000000
66475  46.663  -17.215  47.909 0.0000000000
66469  47.393  -17.498  48.432 0.0000000000
128287  46.221  -17.662  48.739 0.0000000000
50966  27.992  -32.796  56.565 0.0000000000
50976  28.674  -32.619  55.050 0.0000000000
128750  28.403  -34.029  54.722 0.0000000000
48173  29.544  -35.322  54.616 0.0000000000
47128  31.166  -36.375  55.288 0.0000000000
70532  44.469  -13.355  51.445 0.0000000000
70549  44.209  -13.483  49.629 0.0000000000
70560  44.808  -13.266  48.958 0.0000000000
70570  44.996  -13.400  47.481 0.0000000000
70582  45.180  -13.557  46.944 0.0000000000
69599  44.980  -14.746  47.020 0.0000000000
147128  45.403  -15.417  47.099 0.0000000000
134994  14.264  -53.909  72.052 0.0000000000
67463  39.921  -16.188  52.858 0.0000000000
66429  39.947  -17.544  51.440 0.0000000000
66416  39.208  -17.556  52.169 0.0000000000
64399  40.005  -19.231  50.998 0.0000000000
64409  40.362  -19.895  50.384 0.0000000000
60635  38.611  -23.531  51.103 0.0000000000
60634  39.366  -23.341  50.493 0.0000000000
59657  39.400  -24.740  49.944 0.0000000000
58702  40.536  -25.068  49.640 0.0000000000
57656  41.667  -25.973  50.625 0.0000000000
56587  41.605  -26.985  51.941 0.0000000000
56544  41.473  -27.438  53.315 0.0000000000
40857  28.120  -42.976  60.016 0.0000000000
37972  18.952  -45.915  71.360 0.0000000000
37971  20.046  -45.821  71.341 0.0000000000
141522  19.794  -46.482  71.886 0.0000000000
36086  19.886  -47.681  72.551 0.0000000000
35074  20.736  -48.403  73.225 0.0000000000
34161  20.476  -49.377  71.741 0.0000000000
34179  20.652  -50.153  71.291 0.0000000000
32259  18.563  -51.485  74.689 0.0000000000
30116  21.431  -52.999  74.395 0.0000000000
30132  19.886  -53.785  73.799 0.0000000000
30148  18.585  -53.645  72.981 0.0000000000
30118  19.483  -53.928  74.465 0.0000000000
28964  18.143  -53.939  75.581 0.0000000000
30073  17.297  -53.990  77.008 0.0000000000
45029  23.660  -38.816  60.455 0.0000000000
43984  23.602  -39.615  58.863 0.0000000000
139269  23.114  -40.242  60.358 0.0000000000
41812  23.005  -41.588  59.898 0.0000000000
39918  23.013  -43.645  60.742 0.0000000000
38045  21.701  -45.383  65.504 0.0000000000
38055  22.589  -45.459  64.540 0.0000000000
37153  22.703  -46.145  65.816 0.0000000000
63443  44.523  -20.158  51.048 0.0000000000
57597  33.192  -26.444  54.242 0.0000000000
51002  34.207  -32.073  53.782 0.0000000000
52043  34.618  -31.265  53.752 0.0000000000
52027  35.346  -31.530  54.363 0.0000000000
53136  36.785  -30.812  55.031 0.0000000000
74382  51.262  -8.754  45.187 0.0000000000
30078  9.927  -53.754  77.171 0.0000000000
62492  39.926  -22.184  53.105 0.0000000000
61585  39.578  -22.629  52.822 0.0000000000
60607  39.001  -22.914  52.407 0.0000000000
60620  38.321  -23.339  51.914 0.0000000000
60636  37.784  -23.994  51.557 0.0000000000
58677  37.257  -25.409  51.422 0.0000000000
38004  21.780  -46.250  68.354 0.0000000000
37988  21.828  -46.061  69.429 0.0000000000
38005  21.171  -45.591  68.974 0.0000000000
38887  20.374  -44.946  69.531 0.0000000000
38880  19.673  -44.900  70.273 0.0000000000
39814  19.078  -43.763  69.621 0.0000000000
39809  19.172  -44.320  69.985 0.0000000000
38881  18.864  -44.566  70.455 0.0000000000
38874  18.397  -44.997  70.993 0.0000000000
38868  16.855  -44.982  71.897 0.0000000000
37966  16.443  -45.306  72.661 0.0000000000
41780  22.098  -40.922  62.891 0.0000000000
42812  21.939  -40.774  63.629 0.0000000000
126280  21.397  -41.524  63.861 0.0000000000
143371  20.760  -43.131  64.501 0.0000000000
41753  20.454  -41.289  66.194 0.0000000000
40803  20.437  -42.269  65.820 0.0000000000
38938  20.652  -44.202  65.546 0.0000000000
38922  20.724  -44.746  66.225 0.0000000000
132971  21.291  -45.462  66.792 0.0000000000
55421  31.640  -28.913  57.022 0.0000000000
55432  32.045  -28.227  56.625 0.0000000000
54246  30.916  -29.104  55.661 0.0000000000
54272  30.665  -29.706  54.464 0.0000000000
137618  31.431  -30.994  53.455 0.0000000000
50039  30.000  -32.787  53.890 0.0000000000
51005  31.262  -32.351  53.485 0.0000000000
137528  32.758  -32.535  53.521 0.0000000000
50012  34.308  -33.230  54.636 0.0000000000
49998  35.007  -33.949  56.059 0.0000000000
73415  47.616  -10.795  46.812 0.0000000000
72501  47.399  -11.494  45.733 0.0000000000
135008  47.994  -12.526  45.440 0.0000000000
70581  46.424  -13.459  46.180 0.0000000000
139754  46.993  -13.445  45.790 0.0000000000
68465  42.102  -15.397  49.601 0.0000000000
67492  42.964  -16.664  49.134 0.0000000000
66459  42.614  -17.181  49.886 0.0000000000
66443  42.295  -17.642  50.456 0.0000000000
65342  42.893  -18.201  50.715 0.0000000000
65344  41.179  -18.468  50.582 0.0000000000
64407  42.596  -19.110  50.434 0.0000000000
64405  43.882  -19.413  50.991 0.0000000000
62513  44.462  -21.065  50.515 0.0000000000
62512  45.011  -21.828  50.686 0.0000000000
135782  39.257  -20.440  52.887 0.0000000000
63444  39.550  -20.823  51.273 0.0000000000
62523  40.929  -21.316  49.583 0.0000000000
61602  40.141  -22.508  49.929 0.0000000000
127103  41.242  -22.165  49.455 0.0000000000
137268  41.990  -22.018  49.372 0.0000000000
61609  43.151  -22.847  49.713 0.0000000000
46166  26.473  -37.348  56.305 0.0000000000
138023  28.062  -37.793  56.654 0.0000000000
46142  27.688  -38.193  57.010 0.0000000000
45066  28.934  -39.190  58.561 0.0000000000
69558  42.254  -14.395  51.213 0.0000000000
69568  42.053  -14.743  49.900 0.0000000000
37958  16.273  -45.747  73.509 0.0000000000
37058  16.233  -46.786  74.571 0.0000000000
36079  16.763  -47.621  73.297 0.0000000000
35077  17.343  -48.709  73.281 0.0000000000
34149  18.133  -49.732  72.899 0.0000000000
33259  20.190  -50.731  71.775 0.0000000000
32273  19.592  -51.621  73.338 0.0000000000
32288  20.855  -51.862  72.402 0.0000000000
32324  20.913  -51.637  70.783 0.0000000000
31318  20.573  -52.192  69.116 0.0000000000
30198  19.466  -53.583  68.693 0.0000000000
30172  15.640  -53.784  70.797 0.0000000000
30149  17.666  -53.331  72.707 0.0000000000
30150  16.648  -53.055  72.344 0.0000000000
30151  15.449  -53.089  72.246 0.0000000000
31274  14.544  -52.686  73.525 0.0000000000
31243  13.358  -52.261  75.479 0.0000000000
31227  11.917  -52.582  76.548 0.0000000000
31187  13.888  -52.805  79.143 0.0000000000
30050  11.764  -53.007  79.062 0.0000000000
137901  10.724  -53.368  78.361 0.0000000000
48113  25.808  -34.997  57.202 0.0000000000
48099  25.139  -35.160  58.712 0.0000000000
47113  25.668  -36.777  56.557 0.0000000000
138999  25.079  -38.191  56.861 0.0000000000
44023  25.683  -39.790  57.152 0.0000000000
41854  26.081  -41.262  57.596 0.0000000000
42910  24.111  -40.881  58.223 0.0000000000
41841  25.372  -41.851  57.907 0.0000000000
40878  26.522  -42.473  58.466 0.0000000000
125748  22.058  -41.978  61.857 0.0000000000
39905  22.435  -43.424  61.587 0.0000000000
142449  23.672  -44.585  61.459 0.0000000000
38069  22.944  -45.291  63.726 0.0000000000
38089  23.946  -45.282  62.539 0.0000000000
38102  24.605  -45.301  61.853 0.0000000000
66441  44.084  -17.579  50.584 0.0000000000
59602  35.908  -23.817  53.865 0.0000000000
138676  36.364  -24.682  52.376 0.0000000000
57622  36.921  -25.844  51.879 0.0000000000
141168  32.186  -27.527  54.885 0.0000000000
56533  32.882  -27.148  53.664 0.0000000000
56551  33.397  -27.466  52.984 0.0000000000
147409  34.285  -29.852  53.246 0.0000000000
55476  34.282  -28.519  52.779 0.0000000000
56571  34.564  -27.411  52.616 0.0000000000
131359  36.104  -27.025  52.560 0.0000000000
56569  36.901  -26.984  52.677 0.0000000000
57621  38.171  -26.833  52.074 0.0000000000
137764  39.324  -27.573  53.118 0.0000000000
47110  29.379  -37.399  56.208 0.0000000000
47108  31.064  -37.245  55.973 0.0000000000
46160  31.987  -37.307  56.333 0.0000000000
47071  34.010  -37.286  57.783 0.0000000000
48112  34.096  -36.193  56.810 0.0000000000
74391  54.118  -9.072  42.746 0.0000000000
74389  49.785  -9.709  44.964 0.0000000000
74393  51.181  -9.650  44.008 0.0000000000
136857  50.242  -11.620  44.305 0.0000000000
72509  50.707  -11.111  43.758 0.0000000000
125941  51.937  -9.867  43.499 0.0000000000
72514  52.653  -11.002  42.715 0.0000000000
72513  53.412  -11.396  42.413 0.0000000000
66472  43.642  -16.855  48.772 0.0000000000
47133  26.662  -36.014  55.785 0.0000000000
48152  27.349  -35.451  55.390 0.0000000000
68486  42.721  -15.628  48.885 0.0000000000
69588  43.074  -14.709  48.625 0.0000000000
30108  11.634  -53.054  75.202 0.0000000000
58692  38.646  -25.703  50.571 0.0000000000
57642  38.513  -26.354  51.169 0.0000000000
57641  39.512  -26.627  51.255 0.0000000000
37074  17.443  -46.870  72.163 0.0000000000
42826  22.714  -40.412  62.601 0.0000000000
131910  23.177  -47.204  68.370 0.0000000000
37125  23.461  -47.027  67.451 0.0000000000
56492  32.555  -27.955  57.093 0.0000000000
39821  19.882  -43.833  68.320 0.0000000000
40786  19.911  -42.553  67.201 0.0000000000
53124  29.713  -30.893  56.069 0.0000000000
48148  31.683  -35.705  54.924 0.0000000000
48170  32.056  -35.025  54.603 0.0000000000
48147  32.500  -35.540  55.226 0.0000000000
48146  33.296  -35.340  55.539 0.0000000000
146289  46.065  -12.561  49.003 0.0000000000
71525  46.015  -12.408  48.245 0.0000000000
71533  45.992  -12.414  47.327 0.0000000000
72497  46.511  -11.880  46.805 0.0000000000
67513  48.543  -16.372  47.537 0.0000000000
147145  15.829  -54.925  70.120 0.0000000000
67483  40.990  -16.629  50.545 0.0000000000
67484  40.334  -16.702  51.250 0.0000000000
58688  42.390  -25.483  50.418 0.0000000000
58700  42.044  -24.890  49.829 0.0000000000
58687  43.246  -25.285  50.655 0.0000000000
41839  27.662  -41.136  58.471 0.0000000000
42908  27.860  -40.307  58.211 0.0000000000
41825  28.197  -41.352  59.121 0.0000000000
68450  40.446  -15.574  52.329 0.0000000000
68458  40.902  -15.369  51.436 0.0000000000
33306  22.231  -50.551  69.479 0.0000000000
32339  21.855  -51.270  69.086 0.0000000000
32348  22.146  -51.791  68.594 0.0000000000
34137  17.104  -49.692  74.345 0.0000000000
30159  20.573  -53.139  72.212 0.0000000000
30160  19.703  -53.284  71.843 0.0000000000
140595  18.645  -53.223  71.478 0.0000000000
30161  19.110  -53.544  72.392 0.0000000000
30089  16.563  -53.358  76.618 0.0000000000
148968  16.423  -53.053  75.624 0.0000000000
30106  15.881  -52.815  76.349 0.0000000000
31224  15.075  -52.462  76.710 0.0000000000
31207  15.296  -52.777  77.545 0.0000000000
46088  24.300  -37.333  60.586 0.0000000000
47027  24.720  -36.793  61.046 0.0000000000
131119  24.142  -37.093  59.734 0.0000000000
47055  24.376  -36.379  59.486 0.0000000000
125778  23.993  -37.791  58.988 0.0000000000
39917  23.604  -43.844  60.057 0.0000000000
39924  24.309  -43.785  59.588 0.0000000000
39011  25.185  -44.591  60.350 0.0000000000
147580  24.754  -44.730  60.702 0.0000000000
39870  21.138  -43.718  64.045 0.0000000000
38973  21.704  -44.216  63.628 0.0000000000
58635  34.172  -25.303  54.342 0.0000000000
58649  34.445  -25.577  53.500 0.0000000000
53170  31.956  -30.276  53.422 0.0000000000
139369  32.629  -29.832  53.243 0.0000000000
53150  37.139  -30.142  54.628 0.0000000000
54269  37.464  -29.433  54.335 0.0000000000
54268  38.198  -29.044  54.680 0.0000000000
149355  52.364  -8.793  44.361 0.0000000000
75367  52.757  -8.803  44.046 0.0000000000
71548  48.827  -11.662  44.777 0.0000000000
41723  18.839  -41.665  69.107 0.0000000000
127110  19.292  -40.686  69.012 0.0000000000
67504  45.811  -17.128  47.941 0.0000000000
132950  28.219  -33.305  55.146 0.0000000000
50006  27.759  -33.978  55.245 0.0000000000
48151  28.688  -35.580  54.819 0.0000000000
49082  28.847  -34.664  54.577 0.0000000000
48149  30.281  -35.970  54.854 0.0000000000
47129  30.248  -36.718  55.440 0.0000000000
69557  42.926  -14.128  50.725 0.0000000000
70543  43.496  -13.683  50.156 0.0000000000
137824  44.065  -13.680  48.902 0.0000000000
70561  44.272  -13.760  48.025 0.0000000000
143611  44.939  -13.181  48.120 0.0000000000
70571  44.754  -13.988  47.199 0.0000000000
67517  44.665  -16.080  47.743 0.0000000000
67516  45.462  -16.190  47.491 0.0000000000
67515  46.432  -16.487  47.444 0.0000000000
30153  13.815  -53.715  72.604 0.0000000000
66404  39.399  -17.013  52.896 0.0000000000
126801  39.300  -18.948  51.640 0.0000000000
64410  39.708  -20.073  51.004 0.0000000000
60647  38.927  -24.159  50.377 0.0000000000
57658  39.884  -26.157  50.625 0.0000000000
58703  39.896  -25.117  49.788 0.0000000000
58690  40.217  -25.593  50.101 0.0000000000
58689  41.022  -25.539  50.063 0.0000000000
57639  41.263  -26.566  51.259 0.0000000000
56589  40.046  -27.210  51.972 0.0000000000
56565  40.927  -27.344  52.564 0.0000000000
56545  40.612  -27.483  53.558 0.0000000000
37963  18.997  -46.661  71.778 0.0000000000
36087  19.021  -47.761  72.365 0.0000000000
37072  19.484  -47.172  72.177 0.0000000000
140557  20.462  -48.819  72.751 0.0000000000
135482  19.254  -49.090  72.524 0.0000000000
34162  19.686  -49.854  72.001 0.0000000000
30117  21.148  -53.359  74.515 0.0000000000
30131  20.701  -53.495  73.724 0.0000000000
129641  20.417  -53.749  74.541 0.0000000000
28956  18.107  -54.177  76.492 0.0000000000
43950  24.099  -39.290  62.201 0.0000000000
45013  24.392  -38.595  61.892 0.0000000000
45028  24.045  -38.197  60.980 0.0000000000
43967  23.402  -39.546  59.922 0.0000000000
138389  23.348  -39.585  60.883 0.0000000000
42857  22.646  -41.026  61.160 0.0000000000
42856  22.851  -40.951  60.553 0.0000000000
41813  22.667  -41.860  60.670 0.0000000000
40858  23.002  -42.498  59.906 0.0000000000
40859  22.753  -42.853  60.574 0.0000000000
38044  22.302  -45.684  65.306 0.0000000000
57586  33.118  -26.437  55.301 0.0000000000
50987  34.568  -32.514  54.399 0.0000000000
52028  34.792  -31.910  54.198 0.0000000000
50986  35.199  -32.218  54.750 0.0000000000
51999  36.811  -31.775  56.183 0.0000000000
52011  36.473  -31.488  55.437 0.0000000000
52010  37.180  -31.151  55.755 0.0000000000
28947  9.314  -54.171  77.697 0.0000000000
60622  36.888  -23.665  52.728 0.0000000000
59645  37.389  -24.737  51.351 0.0000000000
38020  21.263  -45.564  67.843 0.0000000000
38899  19.817  -44.233  69.061 0.0000000000
38879  20.347  -45.168  70.136 0.0000000000
40764  18.410  -42.267  69.636 0.0000000000
39811  17.681  -43.146  70.721 0.0000000000
39810  18.485  -43.661  70.175 0.0000000000
38876  16.772  -44.074  71.908 0.0000000000
38875  17.475  -44.508  71.383 0.0000000000
42802  22.488  -40.209  64.211 0.0000000000
41761  21.168  -40.939  64.970 0.0000000000
41771  21.048  -41.530  64.580 0.0000000000
40814  20.987  -42.315  64.144 0.0000000000
40815  20.700  -42.328  64.959 0.0000000000
39845  20.212  -43.128  66.467 0.0000000000
39858  20.526  -43.300  65.444 0.0000000000
38911  20.749  -44.894  67.309 0.0000000000
54232  31.234  -29.753  57.441 0.0000000000
130313  31.055  -29.305  56.534 0.0000000000
134056  30.197  -30.249  54.765 0.0000000000
53153  30.588  -30.332  54.061 0.0000000000
53171  31.128  -30.318  53.622 0.0000000000
138202  30.738  -30.969  53.662 0.0000000000
50989  29.306  -32.518  54.435 0.0000000000
50015  31.966  -33.774  53.783 0.0000000000
50037  31.578  -33.090  53.569 0.0000000000
50036  32.390  -33.109  53.629 0.0000000000
51004  32.072  -32.430  53.488 0.0000000000
50035  33.160  -33.014  53.748 0.0000000000
50988  33.894  -32.786  54.011 0.0000000000
50013  33.568  -33.471  54.311 0.0000000000
49040  34.715  -34.688  56.333 0.0000000000
71509  45.815  -12.883  50.295 0.0000000000
73414  48.253  -10.303  47.301 0.0000000000
71543  46.730  -12.018  45.931 0.0000000000
71542  47.299  -12.225  45.586 0.0000000000
69613  45.303  -14.104  46.716 0.0000000000
131111  45.722  -13.466  46.601 0.0000000000
69612  46.063  -14.177  46.435 0.0000000000
69611  47.019  -14.220  46.190 0.0000000000
70580  47.692  -13.772  45.762 0.0000000000
67493  42.245  -16.297  49.556 0.0000000000
137960  40.620  -18.013  50.919 0.0000000000
64418  42.014  -19.908  49.912 0.0000000000
133318  43.307  -19.536  50.492 0.0000000000
63449  43.745  -20.341  50.337 0.0000000000
138138  44.261  -21.895  50.191 0.0000000000
62516  39.795  -21.445  50.819 0.0000000000
63452  40.022  -20.668  50.511 0.0000000000
143230  40.261  -21.309  50.033 0.0000000000
60646  39.684  -23.940  49.891 0.0000000000
61613  39.976  -23.143  49.913 0.0000000000
60658  40.509  -23.678  49.627 0.0000000000
60656  41.950  -23.524  49.492 0.0000000000
129452  41.214  -23.092  49.490 0.0000000000
61611  41.903  -22.675  49.404 0.0000000000
138742  42.472  -22.984  49.532 0.0000000000
61610  42.576  -22.331  49.502 0.0000000000
45101  26.766  -38.106  56.617 0.0000000000
43983  29.036  -39.850  59.082 0.0000000000
69547  43.002  -14.049  51.641 0.0000000000
146134  41.606  -15.298  50.083 0.0000000000
37976  22.043  -45.813  70.326 0.0000000000
37962  20.660  -46.219  71.999 0.0000000000
34195  22.597  -49.583  70.394 0.0000000000
38865  16.163  -44.882  73.521 0.0000000000
140289  16.311  -47.612  74.843 0.0000000000
36072  16.458  -47.455  73.957 0.0000000000
35078  16.799  -48.188  73.623 0.0000000000
33245  18.108  -50.512  73.409 0.0000000000
33261  18.587  -50.332  72.780 0.0000000000
33260  19.271  -50.488  72.377 0.0000000000
32258  19.519  -51.762  74.323 0.0000000000
32274  18.639  -51.305  73.743 0.0000000000
32272  20.724  -51.949  73.235 0.0000000000
31298  20.835  -52.520  71.789 0.0000000000
32305  20.990  -52.208  72.042 0.0000000000
31309  20.478  -52.007  69.993 0.0000000000
30180  19.101  -53.017  69.793 0.0000000000
140811  19.417  -53.020  69.150 0.0000000000
130494  18.961  -53.390  69.179 0.0000000000
30170  17.182  -53.514  70.253 0.0000000000
30183  16.768  -54.019  69.872 0.0000000000
30171  16.413  -53.669  70.526 0.0000000000
31256  16.032  -52.743  73.938 0.0000000000
30134  16.288  -52.923  73.106 0.0000000000
31286  14.777  -52.947  72.872 0.0000000000
31242  14.340  -52.133  75.823 0.0000000000
31258  13.957  -52.274  74.875 0.0000000000
31225  13.533  -52.122  76.272 0.0000000000
31226  12.683  -52.314  76.185 0.0000000000
134705  12.427  -52.373  76.929 0.0000000000
145013  14.849  -53.092  79.246 0.0000000000
30035  13.941  -53.391  80.419 0.0000000000
30049  12.414  -53.104  79.751 0.0000000000
133925  11.558  -53.334  79.756 0.0000000000
150783  11.354  -53.096  78.515 0.0000000000
30051  11.043  -53.337  79.121 0.0000000000
28940  10.179  -53.738  79.126 0.0000000000
49029  26.175  -34.369  57.649 0.0000000000
48100  24.741  -35.748  58.296 0.0000000000
48115  24.931  -35.897  57.598 0.0000000000
47091  24.941  -36.485  57.159 0.0000000000
46143  24.995  -37.321  56.862 0.0000000000
45090  24.307  -39.110  57.743 0.0000000000
133713  25.116  -39.083  57.056 0.0000000000
42930  26.383  -40.362  57.385 0.0000000000
42931  25.451  -40.526  57.417 0.0000000000
42882  23.272  -40.338  59.469 0.0000000000
42911  23.614  -40.616  58.670 0.0000000000
40871  24.507  -43.135  58.964 0.0000000000
40880  24.774  -42.374  58.417 0.0000000000
40870  25.569  -43.040  58.762 0.0000000000
40879  25.623  -42.404  58.274 0.0000000000
40869  26.587  -43.073  58.957 0.0000000000
39921  27.288  -43.262  59.497 0.0000000000
40837  21.755  -41.924  62.551 0.0000000000
41791  22.233  -41.213  62.173 0.0000000000
39005  23.105  -44.172  61.481 0.0000000000
38990  23.421  -44.657  62.103 0.0000000000
38054  23.237  -45.695  64.341 0.0000000000
37179  24.316  -45.839  63.339 0.0000000000
37188  25.261  -46.303  63.066 0.0000000000
38088  24.733  -45.697  62.580 0.0000000000
66458  43.581  -17.313  49.554 0.0000000000
58663  35.580  -25.703  52.643 0.0000000000
59631  35.766  -24.880  52.742 0.0000000000
58662  36.296  -25.497  52.317 0.0000000000
137615  36.708  -26.299  52.280 0.0000000000
55446  31.389  -28.568  55.195 0.0000000000
55445  31.949  -27.934  55.627 0.0000000000
55459  31.829  -28.104  54.623 0.0000000000
56552  32.768  -27.977  53.286 0.0000000000
56534  32.314  -27.657  54.075 0.0000000000
53167  34.721  -30.470  53.542 0.0000000000
54284  35.148  -29.895  53.460 0.0000000000
148823  34.999  -28.669  52.917 0.0000000000
55492  34.813  -28.049  52.662 0.0000000000
56570  35.393  -27.442  52.581 0.0000000000
56548  37.425  -27.656  53.165 0.0000000000
56568  37.783  -27.249  52.702 0.0000000000
56567  38.670  -27.450  52.707 0.0000000000
46164  28.811  -37.639  56.660 0.0000000000
46138  31.171  -37.994  57.390 0.0000000000
46162  30.599  -37.692  56.794 0.0000000000
46161  31.401  -37.619  56.714 0.0000000000
47089  33.647  -36.872  57.108 0.0000000000
125828  53.991  -9.898  42.313 0.0000000000
74376  48.719  -9.832  46.751 0.0000000000
73423  49.853  -10.279  44.482 0.0000000000
74388  50.430  -9.716  44.484 0.0000000000
73428  50.530  -10.303  43.980 0.0000000000
131352  51.721  -12.065  43.529 0.0000000000
72508  51.460  -11.322  43.478 0.0000000000
73427  51.261  -10.436  43.580 0.0000000000
73426  52.006  -10.670  43.219 0.0000000000
66457  44.538  -17.438  49.528 0.0000000000
147105  26.910  -34.139  56.287 0.0000000000
49042  27.317  -34.569  55.548 0.0000000000
138684  27.987  -35.785  55.069 0.0000000000
47131  28.567  -36.505  55.349 0.0000000000
69576  42.978  -14.221  49.043 0.0000000000
69587  43.732  -14.618  48.081 0.0000000000
68484  44.139  -15.441  47.813 0.0000000000
30122  12.870  -53.088  73.811 0.0000000000
134968  38.948  -17.768  52.898 0.0000000000
65307  38.955  -18.436  53.405 0.0000000000
130407  38.976  -19.705  52.127 0.0000000000
59658  38.611  -25.024  50.304 0.0000000000
57640  40.399  -26.636  51.257 0.0000000000
145066  39.434  -27.399  52.505 0.0000000000
37964  18.081  -46.375  71.700 0.0000000000
134363  18.640  -48.315  72.555 0.0000000000
28973  19.894  -53.980  75.268 0.0000000000
43951  23.516  -39.653  61.807 0.0000000000
41801  22.399  -41.530  61.475 0.0000000000
38019  21.847  -46.203  67.257 0.0000000000
37126  22.777  -46.566  66.704 0.0000000000
56520  32.536  -27.204  55.500 0.0000000000
50964  35.899  -32.856  56.155 0.0000000000
50963  36.546  -32.505  56.502 0.0000000000
60609  37.428  -23.238  53.156 0.0000000000
133518  19.438  -43.790  69.270 0.0000000000
41743  20.084  -41.650  67.057 0.0000000000
53123  30.216  -30.349  56.515 0.0000000000
53138  29.741  -30.876  55.122 0.0000000000
49080  30.687  -34.414  54.104 0.0000000000
140900  30.263  -33.634  53.897 0.0000000000
49079  31.569  -34.416  54.123 0.0000000000
49078  32.415  -34.324  54.331 0.0000000000
49077  33.236  -34.168  54.606 0.0000000000
49054  33.638  -34.618  55.277 0.0000000000
71517  45.620  -12.882  49.441 0.0000000000
72496  47.039  -11.264  47.331 0.0000000000
68505  46.544  -15.007  46.567 0.0000000000
68503  48.492  -15.155  46.638 0.0000000000
68466  41.120  -15.673  50.553 0.0000000000
132192  40.821  -19.179  50.449 0.0000000000
63459  43.159  -20.942  49.717 0.0000000000
62520  43.390  -21.923  49.708 0.0000000000
63440  39.230  -20.868  52.064 0.0000000000
59668  40.858  -24.410  49.532 0.0000000000
59667  41.628  -24.316  49.585 0.0000000000
59666  42.377  -24.199  49.747 0.0000000000
59665  43.018  -24.122  50.023 0.0000000000
59655  43.507  -24.512  50.409 0.0000000000
44022  26.604  -39.525  57.162 0.0000000000
44021  27.629  -39.534  57.651 0.0000000000
42907  28.515  -40.198  58.800 0.0000000000
68441  41.221  -15.346  53.738 0.0000000000
68449  41.087  -15.172  52.883 0.0000000000
69559  41.551  -14.646  51.688 0.0000000000
38878  20.930  -45.348  70.116 0.0000000000
37977  21.577  -45.501  70.629 0.0000000000
37969  21.623  -45.585  71.307 0.0000000000
34196  21.947  -49.507  70.557 0.0000000000
33292  22.447  -49.887  69.904 0.0000000000
31325  22.492  -52.458  68.405 0.0000000000
30196  21.319  -53.470  68.278 0.0000000000
35055  16.420  -48.370  75.159 0.0000000000
35063  16.884  -48.964  73.949 0.0000000000
31272  21.234  -52.803  73.283 0.0000000000
32271  21.107  -52.351  73.280 0.0000000000
31285  21.064  -52.828  72.650 0.0000000000
30169  18.178  -53.229  70.259 0.0000000000
128513  17.664  -53.281  71.107 0.0000000000
30121  17.426  -53.470  74.431 0.0000000000
143309  16.676  -53.118  74.637 0.0000000000
31257  15.140  -52.464  74.088 0.0000000000
31241  15.393  -52.488  75.697 0.0000000000
127010  14.088  -52.144  76.850 0.0000000000
28927  10.771  -54.005  80.514 0.0000000000
46121  24.217  -37.130  58.179 0.0000000000
46144  24.543  -37.712  57.396 0.0000000000
136957  24.140  -38.157  57.959 0.0000000000
41826  23.315  -42.109  59.168 0.0000000000
39923  25.159  -43.687  59.369 0.0000000000
39016  25.706  -44.204  59.839 0.0000000000
40825  21.355  -42.355  63.326 0.0000000000
145164  21.582  -42.770  62.666 0.0000000000
39882  21.450  -43.363  63.225 0.0000000000
39881  22.021  -43.964  62.990 0.0000000000
37152  24.718  -46.856  65.233 0.0000000000
37163  24.420  -46.445  64.569 0.0000000000
37151  25.095  -46.863  64.559 0.0000000000
66428  43.963  -17.811  51.215 0.0000000000
59604  34.587  -24.678  54.770 0.0000000000
58648  35.124  -25.246  53.143 0.0000000000
55479  31.577  -29.079  53.817 0.0000000000
54286  32.076  -29.378  53.507 0.0000000000
54285  32.830  -28.976  53.091 0.0000000000
53151  36.382  -30.434  54.264 0.0000000000
53166  35.994  -29.926  53.671 0.0000000000
141828  36.352  -29.333  53.587 0.0000000000
55474  36.365  -28.671  53.313 0.0000000000
55473  37.181  -28.320  53.490 0.0000000000
55472  38.017  -28.076  53.625 0.0000000000
56547  38.780  -27.687  53.655 0.0000000000
55456  38.577  -28.203  54.376 0.0000000000
45086  29.606  -38.429  58.181 0.0000000000
46119  30.981  -38.275  58.239 0.0000000000
144971  31.740  -38.198  57.857 0.0000000000
143508  53.533  -8.791  43.526 0.0000000000
72504  48.497  -11.047  44.917 0.0000000000
72503  49.390  -11.093  44.489 0.0000000000
70602  51.693  -12.784  43.855 0.0000000000
71551  52.321  -12.441  43.384 0.0000000000
40772  19.293  -42.368  68.510 0.0000000000
41744  19.872  -41.119  67.676 0.0000000000
52001  28.575  -32.230  56.550 0.0000000000
52014  28.864  -32.104  55.757 0.0000000000
50965  28.312  -32.691  55.810 0.0000000000
50018  28.792  -33.306  54.567 0.0000000000
135084  28.987  -33.950  54.376 0.0000000000
49081  29.713  -34.347  54.293 0.0000000000
48172  30.388  -35.144  54.487 0.0000000000
135749  30.948  -35.706  54.740 0.0000000000
47127  32.127  -36.237  55.487 0.0000000000
70542  44.344  -13.404  50.532 0.0000000000
70550  43.461  -13.834  49.312 0.0000000000
71534  45.512  -13.016  47.036 0.0000000000
68497  46.084  -15.686  46.970 0.0000000000
29000  14.502  -54.399  71.517 0.0000000000
148749  39.959  -16.010  52.188 0.0000000000
146583  39.706  -16.613  52.028 0.0000000000
65333  39.962  -18.421  51.261 0.0000000000
65334  39.328  -18.186  51.723 0.0000000000
145870  40.654  -20.576  49.896 0.0000000000
60619  38.866  -22.939  51.673 0.0000000000
141351  39.261  -22.766  51.153 0.0000000000
130889  41.698  -25.382  50.047 0.0000000000
148094  42.307  -25.999  50.817 0.0000000000
57619  42.494  -26.978  52.198 0.0000000000
56564  41.765  -27.259  52.602 0.0000000000
126308  42.278  -27.351  53.009 0.0000000000
40868  28.008  -42.297  59.486 0.0000000000
40856  28.712  -42.303  60.374 0.0000000000
38873  19.390  -45.307  70.807 0.0000000000
35089  19.995  -48.713  72.629 0.0000000000
149232  19.809  -49.202  72.328 0.0000000000
34197  21.238  -49.696  70.844 0.0000000000
143496  19.441  -51.773  75.125 0.0000000000
31254  21.279  -52.684  73.885 0.0000000000
30130  21.229  -53.147  73.849 0.0000000000
143210  20.163  -53.656  73.221 0.0000000000
129361  19.476  -53.739  73.123 0.0000000000
30133  19.028  -53.793  73.748 0.0000000000
30119  18.717  -53.843  74.363 0.0000000000
28974  18.920  -54.109  75.049 0.0000000000
30120  18.107  -53.801  74.723 0.0000000000
30088  17.307  -53.641  76.074 0.0000000000
30074  16.587  -53.593  77.532 0.0000000000
46068  24.529  -37.640  61.411 0.0000000000
45046  23.707  -38.720  59.476 0.0000000000
146318  23.085  -40.859  59.920 0.0000000000
130151  23.150  -43.271  60.058 0.0000000000
38056  21.838  -45.176  64.817 0.0000000000
38043  23.148  -45.985  65.076 0.0000000000
130425  23.447  -46.504  65.887 0.0000000000
64397  44.496  -19.101  51.675 0.0000000000
58636  33.602  -25.780  54.745 0.0000000000
52044  33.650  -31.459  53.453 0.0000000000
53168  33.943  -30.603  53.345 0.0000000000
52012  35.800  -31.838  55.112 0.0000000000
52026  36.079  -31.172  54.631 0.0000000000
74387  51.478  -9.102  44.492 0.0000000000
144387  49.234  -13.199  45.372 0.0000000000
71540  49.737  -12.903  44.975 0.0000000000
30092  10.572  -53.397  76.479 0.0000000000
63435  39.891  -21.251  53.386 0.0000000000
37113  22.352  -46.822  68.870 0.0000000000
151315  20.862  -45.359  69.589 0.0000000000
38886  20.660  -45.136  69.087 0.0000000000
39815  18.550  -43.081  69.698 0.0000000000
37075  16.601  -46.449  72.769 0.0000000000
136874  22.836  -40.134  63.496 0.0000000000
38956  20.816  -43.993  64.824 0.0000000000
38937  21.155  -44.804  65.305 0.0000000000
38032  21.303  -45.321  65.988 0.0000000000
55433  31.440  -28.611  56.129 0.0000000000
54257  30.942  -29.121  54.819 0.0000000000
54247  30.528  -29.708  56.074 0.0000000000
54258  30.474  -29.620  55.224 0.0000000000
54271  31.121  -29.316  54.134 0.0000000000
136819  32.158  -31.094  53.376 0.0000000000
50975  29.065  -32.037  55.029 0.0000000000
52030  29.535  -31.636  54.677 0.0000000000
51007  29.945  -31.957  54.034 0.0000000000
50038  30.761  -32.993  53.616 0.0000000000
51006  30.542  -32.214  53.663 0.0000000000
52047  30.995  -31.633  53.486 0.0000000000
52046  31.763  -31.709  53.431 0.0000000000
52045  32.687  -31.754  53.376 0.0000000000
51003  33.416  -32.291  53.568 0.0000000000
50974  34.941  -32.885  55.085 0.0000000000
50005  34.024  -33.956  54.918 0.0000000000
50004  34.659  -33.593  55.366 0.0000000000
50003  35.315  -33.248  55.749 0.0000000000
73417  48.182  -10.380  46.308 0.0000000000
73418  47.673  -10.877  45.967 0.0000000000
132293  47.967  -11.120  45.471 0.0000000000
70590  47.450  -12.998  45.560 0.0000000000
70589  48.396  -13.269  45.521 0.0000000000
64406  43.383  -18.764  50.872 0.0000000000
65343  42.009  -18.323  50.493 0.0000000000
62506  45.175  -20.960  51.113 0.0000000000
144659  39.297  -20.210  51.609 0.0000000000
61603  39.732  -22.649  50.512 0.0000000000
61612  40.586  -22.751  49.659 0.0000000000
145810  40.497  -21.994  49.730 0.0000000000
62522  41.726  -21.382  49.468 0.0000000000
61601  43.955  -22.720  50.054 0.0000000000
60645  43.605  -23.622  50.124 0.0000000000
60644  44.442  -23.384  50.506 0.0000000000
47111  27.010  -36.963  55.809 0.0000000000
46165  27.305  -37.655  56.311 0.0000000000
46141  28.511  -38.147  57.345 0.0000000000
45067  28.223  -38.836  57.772 0.0000000000
45087  28.984  -38.560  58.082 0.0000000000
140152  42.264  -14.454  50.423 0.0000000000
37968  22.254  -45.746  71.209 0.0000000000
37066  16.352  -46.582  73.728 0.0000000000
127440  16.575  -47.096  73.271 0.0000000000
36078  17.288  -47.995  73.007 0.0000000000
35076  17.815  -49.112  72.964 0.0000000000
34163  18.831  -49.765  72.556 0.0000000000
33294  21.219  -50.629  70.559 0.0000000000
33234  17.911  -50.942  74.263 0.0000000000
32289  19.840  -51.318  72.498 0.0000000000
137864  20.811  -51.269  71.299 0.0000000000
32340  21.181  -51.569  69.544 0.0000000000
31327  20.851  -52.695  68.542 0.0000000000
31319  19.860  -52.553  69.483 0.0000000000
31328  19.997  -52.814  68.804 0.0000000000
30197  20.394  -53.455  68.424 0.0000000000
29008  16.037  -54.270  70.275 0.0000000000
128111  17.190  -53.198  71.739 0.0000000000
149272  17.146  -53.204  73.164 0.0000000000
30162  16.191  -53.297  71.367 0.0000000000
30163  15.397  -53.507  71.410 0.0000000000
28999  15.041  -53.940  71.131 0.0000000000
126256  14.799  -53.635  71.701 0.0000000000
30152  14.518  -53.365  72.384 0.0000000000
30135  14.094  -53.117  73.040 0.0000000000
142407  14.310  -52.428  74.235 0.0000000000
149815  13.766  -52.484  74.346 0.0000000000
31275  13.700  -52.762  73.781 0.0000000000
31259  13.183  -52.580  74.540 0.0000000000
143095  11.995  -52.618  75.843 0.0000000000
30091  11.370  -52.963  76.107 0.0000000000
30075  15.866  -53.256  77.973 0.0000000000
30061  15.107  -52.880  78.291 0.0000000000
139952  14.283  -52.629  78.408 0.0000000000
31194  13.478  -52.507  78.419 0.0000000000
30036  13.070  -53.368  80.504 0.0000000000
31188  13.052  -52.728  79.084 0.0000000000
31195  12.749  -52.516  78.343 0.0000000000
31196  11.977  -52.718  78.227 0.0000000000
30062  11.300  -53.032  77.810 0.0000000000
30076  11.264  -52.978  76.958 0.0000000000
30077  10.611  -53.364  77.483 0.0000000000
49991  26.709  -33.823  57.091 0.0000000000
49043  26.376  -34.581  56.743 0.0000000000
48130  26.151  -35.415  56.455 0.0000000000
49030  25.734  -34.824  57.742 0.0000000000
48131  25.487  -35.814  56.974 0.0000000000
139920  26.028  -36.127  56.332 0.0000000000
45102  25.808  -37.749  56.585 0.0000000000
45089  26.042  -38.708  56.781 0.0000000000
141297  25.852  -39.294  56.958 0.0000000000
42909  27.073  -40.864  57.765 0.0000000000
41840  26.871  -41.669  58.079 0.0000000000
140530  24.066  -40.024  58.052 0.0000000000
42932  24.642  -40.682  57.748 0.0000000000
148423  24.233  -41.986  58.441 0.0000000000
41842  24.554  -41.516  58.124 0.0000000000
41855  25.188  -41.188  57.665 0.0000000000
140194  26.119  -42.020  57.924 0.0000000000
130252  27.234  -42.664  58.978 0.0000000000
40836  21.880  -42.692  62.000 0.0000000000
148811  22.637  -43.124  61.042 0.0000000000
39013  23.625  -44.296  60.817 0.0000000000
38954  22.137  -44.899  64.049 0.0000000000
38971  23.144  -44.927  62.875 0.0000000000
37180  23.683  -45.723  63.881 0.0000000000
38068  23.594  -45.423  63.268 0.0000000000
38989  23.972  -44.937  61.813 0.0000000000
39004  24.281  -44.807  61.119 0.0000000000
38087  25.558  -45.835  62.008 0.0000000000
130984  44.793  -17.495  50.417 0.0000000000
64391  44.884  -18.419  52.266 0.0000000000
60596  36.434  -23.397  54.237 0.0000000000
59630  36.220  -24.107  52.915 0.0000000000
58661  36.752  -25.017  51.780 0.0000000000
56519  32.608  -26.988  54.599 0.0000000000
57609  33.514  -26.684  53.356 0.0000000000
146475  33.800  -29.117  52.911 0.0000000000
140517  34.688  -29.203  53.106 0.0000000000
55493  34.051  -27.784  52.687 0.0000000000
56550  33.992  -27.032  52.748 0.0000000000
57608  34.146  -26.277  53.072 0.0000000000
57625  34.694  -26.755  52.641 0.0000000000
57624  35.452  -26.519  52.579 0.0000000000
136858  37.357  -26.568  52.250 0.0000000000
56546  39.721  -27.563  53.843 0.0000000000
134360  27.984  -37.267  55.838 0.0000000000
146619  28.830  -37.203  55.860 0.0000000000
47130  29.433  -36.945  55.618 0.0000000000
46163  29.716  -37.719  56.858 0.0000000000
47109  30.074  -37.372  56.089 0.0000000000
144788  31.805  -36.842  55.772 0.0000000000
47107  32.518  -36.705  56.066 0.0000000000
46118  32.546  -38.194  57.968 0.0000000000
46136  33.136  -37.601  57.441 0.0000000000
47090  32.826  -37.181  56.703 0.0000000000
47106  33.304  -36.477  56.426 0.0000000000
48129  33.685  -35.768  56.179 0.0000000000
48128  34.437  -35.459  56.561 0.0000000000
74384  49.320  -9.714  45.462 0.0000000000
128319  50.465  -9.215  45.133 0.0000000000
127360  50.941  -9.265  44.633 0.0000000000
73433  52.587  -10.103  42.914 0.0000000000
73432  53.316  -10.448  42.509 0.0000000000
71556  52.802  -11.938  42.775 0.0000000000
27949  15.525  -55.646  70.416 0.0000000000
30047  14.204  -53.202  79.772 0.0000000000
30048  13.420  -53.103  79.784 0.0000000000
30103  21.442  -53.050  75.041 0.0000000000
30107  12.507  -52.587  75.262 0.0000000000
30146  20.661  -53.360  72.931 0.0000000000
30199  18.608  -54.004  68.988 0.0000000000
31189  12.382  -52.775  78.903 0.0000000000
31209  13.786  -52.304  77.686 0.0000000000
31210  12.548  -52.420  77.598 0.0000000000
31211  11.888  -52.628  77.337 0.0000000000
31255  21.243  -52.555  74.550 0.0000000000
32257  20.573  -52.051  74.057 0.0000000000
37164  23.785  -46.046  64.512 0.0000000000
39916  26.760  -44.109  59.870 0.0000000000
41843  23.796  -41.556  58.602 0.0000000000
47040  24.495  -36.539  60.254 0.0000000000
47072  24.366  -36.340  58.658 0.0000000000
48114  25.299  -35.258  57.811 0.0000000000
49999  27.765  -33.284  55.865 0.0000000000
50000  27.348  -33.399  56.651 0.0000000000
54288  30.924  -29.826  53.913 0.0000000000
130638  13.133  -52.315  77.810 0.0000000000
137966  24.197  -46.075  64.048 0.0000000000
140580  24.569  -36.966  57.459 0.0000000000
148385  11.913  -53.369  80.165 0.0000000000
151059  30.459  -31.568  53.771 0.0000000000
151286  23.931  -39.374  58.262 0.0000000000
