#!ascii label  , from subject sub-v1s7x0051326_ses-1 vox2ras=TkReg
1233
89772  54.101  6.544  53.214 0.0000000000
90799  55.524  7.841  40.063 0.0000000000
100282  54.096  17.318  38.962 0.0000000000
92724  52.280  9.072  28.589 0.0000000000
141436  49.359  2.967  46.212 0.0000000000
98515  53.067  15.521  41.639 0.0000000000
94708  54.054  11.450  32.385 0.0000000000
140183  44.173  15.070  37.711 0.0000000000
95519  56.623  12.425  45.667 0.0000000000
90753  54.718  7.809  47.480 0.0000000000
87955  51.585  4.146  40.447 0.0000000000
97561  49.015  14.090  41.805 0.0000000000
97658  49.835  15.282  34.535 0.0000000000
125325  58.467  13.757  38.753 0.0000000000
99527  55.516  16.721  30.865 0.0000000000
95599  43.777  12.663  40.635 0.0000000000
134546  56.042  10.297  50.517 0.0000000000
89788  54.392  7.448  49.838 0.0000000000
86953  51.027  3.919  43.595 0.0000000000
100980  52.841  20.076  42.380 0.0000000000
100245  49.562  17.311  43.541 0.0000000000
98527  51.491  15.700  40.425 0.0000000000
95631  49.623  12.544  37.852 0.0000000000
150550  53.093  14.166  36.493 0.0000000000
125142  57.700  9.981  43.190 0.0000000000
96492  58.393  13.580  43.256 0.0000000000
93636  57.913  10.279  39.336 0.0000000000
94725  55.536  11.165  29.403 0.0000000000
96672  56.600  14.572  31.713 0.0000000000
95721  54.320  13.024  27.784 0.0000000000
98667  51.240  15.441  29.014 0.0000000000
93743  50.821  10.185  27.844 0.0000000000
90896  47.745  6.716  30.309 0.0000000000
86892  50.936  3.081  52.102 0.0000000000
141194  51.410  4.818  49.662 0.0000000000
100987  55.915  19.815  41.258 0.0000000000
91744  52.334  7.955  36.743 0.0000000000
93678  54.857  10.362  36.365 0.0000000000
91767  53.008  8.981  33.754 0.0000000000
92688  57.148  9.486  31.377 0.0000000000
93606  52.465  10.358  43.232 0.0000000000
93552  54.165  11.154  47.758 0.0000000000
92567  56.980  9.964  46.901 0.0000000000
89843  54.942  7.349  43.863 0.0000000000
87921  51.894  5.056  46.782 0.0000000000
88879  52.786  5.358  43.477 0.0000000000
89860  52.919  6.331  40.545 0.0000000000
87973  51.217  4.907  37.579 0.0000000000
84985  51.323  1.254  53.628 0.0000000000
98463  47.042  15.931  45.089 0.0000000000
95558  46.133  12.666  43.111 0.0000000000
95611  46.745  12.358  39.657 0.0000000000
97630  47.022  15.486  36.641 0.0000000000
97672  47.321  15.255  32.987 0.0000000000
95574  55.203  13.135  41.739 0.0000000000
98513  57.548  15.944  42.094 0.0000000000
99429  57.484  16.941  38.530 0.0000000000
95654  57.283  12.716  35.560 0.0000000000
98584  58.242  15.925  34.972 0.0000000000
98585  55.811  16.197  35.197 0.0000000000
98635  52.307  15.670  32.253 0.0000000000
97688  48.940  15.239  31.122 0.0000000000
95559  42.384  12.371  41.700 0.0000000000
94600  43.698  11.382  42.540 0.0000000000
91626  55.463  8.491  51.623 0.0000000000
141523  54.562  7.342  51.845 0.0000000000
100262  53.426  18.414  40.289 0.0000000000
100264  51.900  17.337  40.956 0.0000000000
99420  52.576  16.507  39.728 0.0000000000
128372  52.585  14.233  38.204 0.0000000000
98545  53.519  15.669  38.183 0.0000000000
90790  56.379  8.316  41.551 0.0000000000
92607  57.847  9.838  41.549 0.0000000000
91716  57.022  9.186  39.304 0.0000000000
143150  54.414  9.948  28.800 0.0000000000
140034  54.726  12.395  28.119 0.0000000000
93740  53.635  10.849  27.871 0.0000000000
95715  52.422  12.309  27.991 0.0000000000
92744  51.231  9.665  27.632 0.0000000000
90909  49.686  8.181  28.412 0.0000000000
90900  50.945  8.172  28.843 0.0000000000
85932  49.897  3.046  50.889 0.0000000000
100979  54.415  19.926  42.587 0.0000000000
100251  54.653  17.790  41.590 0.0000000000
90843  51.938  7.222  35.692 0.0000000000
147847  52.256  8.230  35.521 0.0000000000
90852  53.448  7.384  34.213 0.0000000000
91776  56.916  8.371  32.650 0.0000000000
90878  58.052  8.617  31.235 0.0000000000
91804  56.926  9.084  30.375 0.0000000000
91652  55.940  8.752  48.614 0.0000000000
92548  56.621  9.946  48.515 0.0000000000
91673  55.800  8.586  46.819 0.0000000000
90770  56.153  8.053  45.209 0.0000000000
90782  55.144  7.259  45.178 0.0000000000
134558  50.206  3.712  47.980 0.0000000000
87912  51.845  5.104  47.731 0.0000000000
86937  50.967  3.958  46.846 0.0000000000
86960  51.154  3.377  42.714 0.0000000000
87938  52.226  4.756  43.797 0.0000000000
87945  52.318  4.850  41.871 0.0000000000
88881  53.136  6.121  42.361 0.0000000000
88886  52.445  5.454  41.034 0.0000000000
88902  51.762  5.797  39.091 0.0000000000
135975  51.455  4.308  39.546 0.0000000000
86045  53.381  2.844  37.805 0.0000000000
99384  48.948  16.035  42.755 0.0000000000
98486  48.281  16.446  43.996 0.0000000000
98502  47.845  15.170  43.258 0.0000000000
97507  46.728  14.690  44.222 0.0000000000
96521  47.593  13.296  42.506 0.0000000000
95580  46.461  11.946  41.601 0.0000000000
95578  48.204  12.483  40.908 0.0000000000
96633  50.141  13.764  35.772 0.0000000000
97608  48.183  14.191  36.949 0.0000000000
98588  48.214  16.133  35.176 0.0000000000
99472  47.162  17.096  34.560 0.0000000000
99507  48.126  16.646  33.157 0.0000000000
94566  54.330  11.008  44.294 0.0000000000
94593  53.536  11.376  42.434 0.0000000000
95538  55.258  12.237  43.325 0.0000000000
96533  58.568  13.129  41.151 0.0000000000
97538  58.097  14.947  42.555 0.0000000000
97568  58.473  14.978  40.935 0.0000000000
99406  57.740  17.181  40.801 0.0000000000
98544  58.201  15.547  38.520 0.0000000000
94680  54.929  11.246  35.141 0.0000000000
94661  56.478  11.229  36.326 0.0000000000
95670  55.977  12.654  34.376 0.0000000000
97693  56.244  15.785  30.655 0.0000000000
137467  58.047  15.550  32.627 0.0000000000
99502  57.461  16.880  32.302 0.0000000000
151032  57.116  16.752  34.808 0.0000000000
98614  55.947  16.069  33.341 0.0000000000
97669  54.345  15.047  33.864 0.0000000000
98646  54.006  16.293  31.440 0.0000000000
95705  50.770  13.432  30.006 0.0000000000
98657  49.953  15.714  29.977 0.0000000000
95698  49.790  13.303  31.540 0.0000000000
96674  48.990  13.856  31.947 0.0000000000
97540  51.721  14.752  42.518 0.0000000000
135022  42.675  13.916  40.083 0.0000000000
96574  44.083  13.732  39.478 0.0000000000
94494  53.313  11.390  50.411 0.0000000000
93488  55.207  10.769  51.468 0.0000000000
91634  55.761  8.676  50.806 0.0000000000
89797  54.319  7.344  48.853 0.0000000000
86948  50.145  3.177  44.606 0.0000000000
100243  51.218  18.183  42.385 0.0000000000
99397  50.414  16.386  41.794 0.0000000000
97559  50.337  15.015  41.042 0.0000000000
96571  49.775  12.931  39.910 0.0000000000
96569  50.976  13.511  38.957 0.0000000000
96603  51.258  13.034  37.426 0.0000000000
97642  51.481  14.052  35.040 0.0000000000
93594  57.841  10.857  44.956 0.0000000000
95518  57.448  12.990  44.961 0.0000000000
93613  58.415  11.433  43.135 0.0000000000
94624  58.467  11.266  40.465 0.0000000000
95607  58.486  12.164  39.213 0.0000000000
128503  54.698  11.460  30.742 0.0000000000
95688  55.237  12.893  32.552 0.0000000000
95703  54.765  12.457  29.864 0.0000000000
96694  55.264  14.195  29.471 0.0000000000
98666  55.011  15.995  29.131 0.0000000000
99550  53.474  16.650  29.213 0.0000000000
97710  53.283  14.647  28.248 0.0000000000
94727  51.854  11.926  29.277 0.0000000000
93724  50.754  10.204  29.541 0.0000000000
127407  48.260  6.687  29.292 0.0000000000
88799  52.945  5.078  52.839 0.0000000000
148670  52.609  5.857  51.110 0.0000000000
87883  50.991  4.047  50.941 0.0000000000
86911  50.241  3.627  49.737 0.0000000000
85953  48.990  3.071  48.042 0.0000000000
102424  53.364  20.800  43.518 0.0000000000
101720  54.538  20.402  41.805 0.0000000000
101005  55.036  19.459  40.111 0.0000000000
91731  53.815  7.993  38.228 0.0000000000
91742  55.264  8.910  38.200 0.0000000000
91754  53.697  9.014  36.910 0.0000000000
93689  53.397  10.112  34.880 0.0000000000
93702  53.443  10.369  33.237 0.0000000000
90863  54.647  7.925  33.426 0.0000000000
91790  54.955  9.058  32.366 0.0000000000
125151  54.261  10.379  31.828 0.0000000000
93721  56.187  10.485  29.972 0.0000000000
91805  56.114  9.217  29.944 0.0000000000
91807  53.749  8.292  30.174 0.0000000000
89947  52.283  7.310  30.603 0.0000000000
93584  52.960  10.029  45.296 0.0000000000
94555  54.903  11.380  46.368 0.0000000000
94507  55.028  12.179  48.828 0.0000000000
94524  55.861  12.020  47.508 0.0000000000
94538  56.802  11.932  46.553 0.0000000000
130814  56.803  9.330  45.262 0.0000000000
91697  55.930  8.176  43.292 0.0000000000
90795  55.536  7.799  41.516 0.0000000000
88823  53.067  6.303  49.688 0.0000000000
88836  53.027  6.279  48.711 0.0000000000
88859  52.992  6.092  46.888 0.0000000000
87936  51.610  4.132  44.963 0.0000000000
88873  52.496  5.191  45.374 0.0000000000
89837  53.841  6.427  45.493 0.0000000000
89848  53.889  6.354  43.593 0.0000000000
89850  54.330  7.063  42.293 0.0000000000
90800  54.649  7.515  40.027 0.0000000000
89870  52.840  6.835  39.106 0.0000000000
89882  51.611  6.605  36.964 0.0000000000
87990  52.194  5.139  36.251 0.0000000000
86047  51.493  3.380  37.993 0.0000000000
87028  52.911  4.094  36.743 0.0000000000
87869  52.625  4.386  53.442 0.0000000000
143988  51.296  2.829  52.817 0.0000000000
142127  49.959  -0.826  52.110 0.0000000000
99353  47.916  17.596  46.218 0.0000000000
98456  45.435  15.784  46.640 0.0000000000
94614  45.074  11.562  42.045 0.0000000000
95612  45.238  12.617  39.848 0.0000000000
97593  45.276  14.445  38.114 0.0000000000
95622  48.287  12.610  38.380 0.0000000000
96608  46.976  14.026  37.755 0.0000000000
98555  45.436  15.870  37.081 0.0000000000
97557  53.306  14.538  41.053 0.0000000000
96494  56.702  13.532  43.355 0.0000000000
148378  55.818  14.766  41.283 0.0000000000
98526  54.617  15.835  40.807 0.0000000000
100260  56.296  17.787  41.360 0.0000000000
101003  56.631  19.048  40.154 0.0000000000
100280  55.907  17.860  38.808 0.0000000000
92646  56.633  9.839  38.052 0.0000000000
94646  58.068  11.396  37.401 0.0000000000
95638  58.367  12.854  36.679 0.0000000000
95679  56.609  13.303  33.846 0.0000000000
96629  57.991  13.836  35.012 0.0000000000
97624  58.608  14.484  36.313 0.0000000000
99440  57.855  16.319  36.634 0.0000000000
99442  56.608  16.811  37.005 0.0000000000
99444  54.981  16.527  37.504 0.0000000000
97625  54.545  15.162  35.892 0.0000000000
97655  52.897  14.454  34.414 0.0000000000
98600  51.232  15.257  33.690 0.0000000000
99540  52.131  16.552  29.928 0.0000000000
99519  50.646  16.330  31.501 0.0000000000
99505  49.450  16.573  32.343 0.0000000000
97682  47.952  15.327  32.261 0.0000000000
90870  48.236  7.444  32.018 0.0000000000
129857  43.141  11.274  43.195 0.0000000000
126794  43.427  11.417  44.131 0.0000000000
90710  55.067  7.721  53.446 0.0000000000
131901  55.134  7.904  52.424 0.0000000000
89780  53.984  6.668  52.253 0.0000000000
100273  53.690  17.868  39.629 0.0000000000
100274  52.939  17.403  39.934 0.0000000000
99419  53.309  16.903  39.279 0.0000000000
98536  52.965  15.866  39.027 0.0000000000
99433  53.786  16.437  38.585 0.0000000000
91707  56.448  8.517  40.570 0.0000000000
91706  56.958  9.172  40.216 0.0000000000
134950  56.467  8.625  39.765 0.0000000000
92723  53.533  9.400  28.923 0.0000000000
92734  53.556  10.089  28.325 0.0000000000
92735  52.543  9.631  28.155 0.0000000000
142439  51.925  9.767  27.772 0.0000000000
91827  51.602  9.325  27.903 0.0000000000
91820  51.281  8.769  28.207 0.0000000000
90899  51.946  8.455  29.210 0.0000000000
98483  51.883  15.667  42.865 0.0000000000
99381  52.841  16.964  42.745 0.0000000000
100242  53.497  17.765  42.611 0.0000000000
98499  53.363  16.701  42.040 0.0000000000
89894  52.937  6.112  35.109 0.0000000000
89907  52.367  7.278  35.056 0.0000000000
89906  52.978  6.773  34.667 0.0000000000
142108  58.769  8.164  31.715 0.0000000000
89935  58.250  7.589  31.570 0.0000000000
89936  57.448  7.820  31.159 0.0000000000
99446  44.128  16.495  36.678 0.0000000000
90744  55.326  8.401  48.101 0.0000000000
91664  55.794  8.742  47.765 0.0000000000
90752  55.214  8.261  47.134 0.0000000000
90762  55.375  7.978  46.219 0.0000000000
90763  54.803  7.587  46.556 0.0000000000
137680  50.396  3.482  47.194 0.0000000000
87923  50.775  4.105  47.634 0.0000000000
86940  50.402  3.573  46.385 0.0000000000
87946  51.679  4.167  41.336 0.0000000000
87942  51.672  4.231  42.268 0.0000000000
88887  52.037  4.659  41.006 0.0000000000
88894  51.932  4.842  40.239 0.0000000000
148880  49.155  14.654  42.015 0.0000000000
128642  48.447  15.273  42.733 0.0000000000
97543  48.691  14.584  42.311 0.0000000000
97544  47.902  14.391  42.741 0.0000000000
96520  48.360  13.684  42.165 0.0000000000
96540  47.967  12.780  41.821 0.0000000000
96539  48.707  13.202  41.425 0.0000000000
97644  49.585  14.754  35.289 0.0000000000
97645  48.785  15.169  35.561 0.0000000000
98587  49.029  15.763  34.843 0.0000000000
98603  48.482  16.510  34.353 0.0000000000
98602  49.223  16.189  34.107 0.0000000000
94565  55.184  11.495  44.845 0.0000000000
94578  54.819  11.567  43.805 0.0000000000
129097  56.306  12.427  44.942 0.0000000000
142832  58.483  13.556  39.552 0.0000000000
96553  58.551  13.872  40.485 0.0000000000
130413  58.451  14.359  39.700 0.0000000000
146148  58.251  15.438  39.780 0.0000000000
97589  58.376  14.652  38.716 0.0000000000
94692  54.521  11.393  34.211 0.0000000000
94691  55.403  11.994  34.827 0.0000000000
94700  55.007  12.100  33.851 0.0000000000
98656  55.888  16.434  30.661 0.0000000000
98645  56.871  16.367  31.314 0.0000000000
99517  56.954  16.845  31.754 0.0000000000
129920  56.746  16.796  32.499 0.0000000000
128420  56.169  16.699  31.587 0.0000000000
98632  55.670  16.352  32.276 0.0000000000
99518  55.126  16.616  31.425 0.0000000000
94721  51.040  11.942  30.574 0.0000000000
96681  50.225  13.517  30.771 0.0000000000
135523  50.516  12.627  31.160 0.0000000000
95690  50.259  12.355  31.957 0.0000000000
95584  43.062  12.655  41.201 0.0000000000
147468  42.401  13.268  41.212 0.0000000000
96559  42.896  13.506  40.620 0.0000000000
96575  43.317  13.977  39.488 0.0000000000
96558  43.550  13.565  40.086 0.0000000000
93489  53.913  11.220  51.666 0.0000000000
93477  54.665  10.687  52.078 0.0000000000
90718  55.093  7.952  51.349 0.0000000000
90717  55.464  8.250  50.881 0.0000000000
90726  55.027  7.984  50.439 0.0000000000
90734  54.938  7.948  49.452 0.0000000000
101714  52.526  20.261  43.108 0.0000000000
100972  51.607  19.623  43.496 0.0000000000
100981  51.816  19.324  42.703 0.0000000000
99410  51.577  16.479  40.708 0.0000000000
99396  51.174  16.802  41.381 0.0000000000
98528  50.823  15.890  41.077 0.0000000000
98516  50.008  15.570  41.662 0.0000000000
146884  50.939  15.215  40.609 0.0000000000
97581  50.984  13.957  39.808 0.0000000000
97571  51.453  14.855  40.053 0.0000000000
97607  52.835  14.215  37.215 0.0000000000
96602  52.131  13.564  37.387 0.0000000000
96616  52.425  13.658  36.452 0.0000000000
96617  51.578  13.253  36.450 0.0000000000
96631  52.004  13.488  35.632 0.0000000000
92596  57.540  10.113  44.272 0.0000000000
93604  58.072  10.856  43.987 0.0000000000
132792  58.170  10.693  43.069 0.0000000000
93628  57.980  10.149  40.203 0.0000000000
93627  58.260  10.575  40.705 0.0000000000
93635  58.284  10.702  39.829 0.0000000000
94630  58.438  11.388  39.516 0.0000000000
93644  58.218  10.857  38.956 0.0000000000
94719  54.847  11.728  29.945 0.0000000000
95697  54.636  12.062  30.852 0.0000000000
140006  54.972  11.928  29.260 0.0000000000
95714  54.768  13.089  28.244 0.0000000000
96695  54.976  13.580  28.814 0.0000000000
136519  54.550  13.920  28.338 0.0000000000
97701  55.323  15.094  29.291 0.0000000000
97702  54.765  15.003  28.714 0.0000000000
97709  54.106  14.803  28.272 0.0000000000
96702  53.871  13.870  27.878 0.0000000000
93742  51.596  10.737  27.923 0.0000000000
95716  52.128  12.611  28.683 0.0000000000
93731  51.526  10.861  28.764 0.0000000000
94720  51.454  11.357  29.808 0.0000000000
93732  50.680  10.137  28.578 0.0000000000
92737  49.712  8.872  28.442 0.0000000000
90902  49.277  7.640  28.593 0.0000000000
89958  48.840  7.531  28.794 0.0000000000
87874  51.768  4.196  52.250 0.0000000000
87881  52.154  4.866  52.056 0.0000000000
86900  51.196  3.808  51.784 0.0000000000
86912  49.730  3.118  50.080 0.0000000000
85946  49.101  2.962  48.939 0.0000000000
86932  49.700  3.359  48.424 0.0000000000
85947  48.272  2.717  48.634 0.0000000000
100240  54.789  19.154  42.010 0.0000000000
100978  54.757  20.343  41.930 0.0000000000
101719  55.185  20.185  41.308 0.0000000000
100997  54.668  19.801  40.566 0.0000000000
101726  55.229  20.118  40.792 0.0000000000
90829  52.744  7.726  37.794 0.0000000000
129133  54.313  8.573  37.776 0.0000000000
91743  53.281  8.333  37.379 0.0000000000
91768  52.634  8.515  34.496 0.0000000000
92671  53.006  9.521  35.393 0.0000000000
146870  52.888  9.399  34.388 0.0000000000
93696  53.338  10.189  33.949 0.0000000000
92681  53.308  9.760  33.482 0.0000000000
90850  55.157  7.315  33.694 0.0000000000
90861  56.750  7.754  33.253 0.0000000000
91788  57.702  8.989  31.866 0.0000000000
91789  56.416  9.014  32.094 0.0000000000
92689  55.846  9.622  31.600 0.0000000000
92690  54.426  9.779  32.074 0.0000000000
92700  55.176  10.184  31.256 0.0000000000
93714  56.052  10.448  30.520 0.0000000000
93713  56.772  9.940  30.593 0.0000000000
90890  55.966  8.346  30.424 0.0000000000
91806  54.960  8.597  29.897 0.0000000000
90891  54.596  7.811  30.558 0.0000000000
89946  53.369  7.428  30.822 0.0000000000
147659  52.736  9.972  46.804 0.0000000000
92568  52.357  9.920  46.084 0.0000000000
93570  53.232  10.334  46.318 0.0000000000
93583  53.923  10.742  45.826 0.0000000000
93568  54.792  11.550  47.186 0.0000000000
94478  54.848  11.783  50.532 0.0000000000
94493  54.214  11.717  50.099 0.0000000000
94477  55.395  11.759  50.078 0.0000000000
92559  56.707  9.892  47.769 0.0000000000
139125  56.670  10.651  48.098 0.0000000000
93550  56.901  10.851  47.495 0.0000000000
94523  56.530  11.671  47.168 0.0000000000
137250  57.102  11.167  46.801 0.0000000000
93567  57.233  10.527  46.139 0.0000000000
92577  56.816  9.622  45.960 0.0000000000
90781  55.470  7.569  44.681 0.0000000000
91689  55.945  8.247  44.270 0.0000000000
90791  55.874  7.902  42.357 0.0000000000
139834  55.100  7.507  42.281 0.0000000000
146385  51.746  5.188  50.200 0.0000000000
88824  52.350  5.771  50.202 0.0000000000
88838  51.876  5.368  49.585 0.0000000000
88849  52.405  5.685  48.226 0.0000000000
88860  52.483  5.572  47.275 0.0000000000
88848  52.992  6.207  47.765 0.0000000000
134869  50.519  3.563  44.035 0.0000000000
86947  50.785  3.797  44.806 0.0000000000
140111  51.022  4.063  44.285 0.0000000000
87935  52.115  4.552  44.713 0.0000000000
88876  52.704  5.277  44.387 0.0000000000
88872  53.305  5.824  44.929 0.0000000000
89845  54.046  6.446  44.515 0.0000000000
88875  53.428  5.795  44.009 0.0000000000
88885  53.008  6.201  41.529 0.0000000000
89854  53.634  6.628  41.933 0.0000000000
131168  53.504  6.669  41.181 0.0000000000
89853  54.109  7.080  41.368 0.0000000000
89859  53.837  7.017  40.474 0.0000000000
90811  53.709  7.222  39.560 0.0000000000
126237  53.182  6.753  39.860 0.0000000000
88909  51.243  5.295  38.484 0.0000000000
89877  51.409  5.994  38.424 0.0000000000
88915  51.333  5.774  37.409 0.0000000000
88920  51.701  5.960  36.427 0.0000000000
87980  51.609  5.122  36.889 0.0000000000
86037  51.821  2.682  38.415 0.0000000000
87014  53.126  3.477  37.275 0.0000000000
87027  53.857  3.822  36.707 0.0000000000
87860  52.952  4.208  54.315 0.0000000000
85895  51.766  1.919  54.083 0.0000000000
85906  51.778  2.718  53.614 0.0000000000
85907  51.142  1.988  53.174 0.0000000000
84991  50.268  1.549  52.785 0.0000000000
142380  50.337  0.599  52.842 0.0000000000
99371  47.662  16.207  44.523 0.0000000000
99360  48.083  17.345  45.516 0.0000000000
145211  47.513  17.073  45.897 0.0000000000
100212  46.937  17.461  47.349 0.0000000000
146231  46.432  16.631  46.585 0.0000000000
99355  45.782  16.438  46.913 0.0000000000
98464  46.346  15.665  45.620 0.0000000000
96479  46.328  13.930  44.027 0.0000000000
95543  45.581  12.456  43.455 0.0000000000
94582  44.893  11.928  43.587 0.0000000000
94598  45.519  11.917  42.775 0.0000000000
95597  46.660  12.135  40.592 0.0000000000
95598  45.761  12.085  40.652 0.0000000000
134474  45.938  12.608  39.517 0.0000000000
96573  45.407  13.198  39.187 0.0000000000
96572  46.215  12.977  38.981 0.0000000000
95608  49.774  12.702  38.945 0.0000000000
95609  49.098  12.528  39.528 0.0000000000
95632  48.848  12.638  37.891 0.0000000000
97629  47.757  15.056  36.424 0.0000000000
96607  47.771  13.675  37.514 0.0000000000
97610  46.613  14.936  37.370 0.0000000000
98554  46.260  15.775  36.887 0.0000000000
99458  45.828  16.589  36.233 0.0000000000
146413  46.321  16.869  35.546 0.0000000000
98622  46.776  16.083  33.311 0.0000000000
93616  52.110  10.697  42.462 0.0000000000
95555  53.906  11.913  41.876 0.0000000000
94612  53.138  11.687  41.839 0.0000000000
95575  54.136  12.766  41.331 0.0000000000
138327  52.798  13.773  41.205 0.0000000000
96554  54.657  13.686  41.091 0.0000000000
95535  58.275  13.355  44.145 0.0000000000
95536  57.395  13.428  44.358 0.0000000000
96493  58.073  13.951  44.088 0.0000000000
98498  58.050  15.578  42.340 0.0000000000
97539  57.487  15.211  42.372 0.0000000000
97554  56.608  15.428  41.699 0.0000000000
97555  55.539  15.626  40.872 0.0000000000
98525  56.715  16.318  41.510 0.0000000000
99407  55.955  16.799  41.118 0.0000000000
99393  56.932  17.280  41.457 0.0000000000
99418  57.598  17.320  39.801 0.0000000000
100259  57.466  18.013  40.692 0.0000000000
100278  57.088  17.656  38.980 0.0000000000
100270  56.588  18.263  39.306 0.0000000000
100279  56.580  17.587  38.550 0.0000000000
92648  54.809  9.295  37.442 0.0000000000
92647  55.774  9.589  37.819 0.0000000000
93661  56.364  10.161  37.362 0.0000000000
94678  56.910  11.939  35.947 0.0000000000
94660  57.324  11.508  36.592 0.0000000000
94659  57.886  11.817  36.796 0.0000000000
94658  58.223  12.143  37.025 0.0000000000
95639  58.149  12.520  36.428 0.0000000000
96673  55.795  13.675  32.163 0.0000000000
96663  56.112  13.503  33.013 0.0000000000
132759  56.595  14.126  32.518 0.0000000000
97652  58.265  15.409  33.565 0.0000000000
138302  58.065  14.546  34.215 0.0000000000
97638  58.266  14.384  35.004 0.0000000000
97637  58.547  14.315  35.675 0.0000000000
98583  58.525  15.198  35.729 0.0000000000
98567  58.386  15.470  36.501 0.0000000000
98568  58.173  16.113  35.829 0.0000000000
99487  56.642  16.571  34.644 0.0000000000
99470  56.522  16.503  35.522 0.0000000000
98569  55.636  16.206  35.985 0.0000000000
99443  55.824  16.649  37.251 0.0000000000
98570  54.891  15.913  36.295 0.0000000000
131303  55.079  15.814  35.587 0.0000000000
98616  53.891  15.249  33.025 0.0000000000
97670  53.353  14.832  33.751 0.0000000000
98617  52.809  15.140  32.939 0.0000000000
97671  52.287  14.861  33.657 0.0000000000
126062  51.760  15.476  32.994 0.0000000000
99560  51.922  16.057  28.814 0.0000000000
131115  53.021  16.649  29.679 0.0000000000
136594  51.688  16.365  29.387 0.0000000000
97695  49.480  15.245  30.367 0.0000000000
99542  50.057  16.207  30.314 0.0000000000
99531  49.929  16.426  31.063 0.0000000000
99520  49.701  16.494  31.788 0.0000000000
99532  49.314  16.420  31.419 0.0000000000
99533  48.820  16.600  31.865 0.0000000000
148367  48.523  15.443  31.683 0.0000000000
95682  49.235  12.555  33.164 0.0000000000
95692  48.702  13.425  32.726 0.0000000000
91810  48.653  8.109  30.312 0.0000000000
90883  47.740  6.831  31.398 0.0000000000
144708  42.037  11.772  42.211 0.0000000000
94616  43.284  11.822  41.747 0.0000000000
95583  43.720  12.060  41.281 0.0000000000
92516  55.107  9.817  52.576 0.0000000000
91619  55.306  8.850  52.594 0.0000000000
89779  54.459  7.450  50.824 0.0000000000
100999  53.221  19.046  40.919 0.0000000000
100252  52.392  18.370  41.272 0.0000000000
100263  52.653  17.880  40.590 0.0000000000
99409  52.257  16.957  40.333 0.0000000000
98537  52.110  15.591  39.720 0.0000000000
146094  51.890  14.936  39.523 0.0000000000
97591  52.929  15.126  38.438 0.0000000000
97606  53.553  14.740  36.938 0.0000000000
91703  57.087  8.920  41.994 0.0000000000
92604  57.549  9.570  42.234 0.0000000000
131797  57.484  9.335  41.535 0.0000000000
92610  57.637  9.566  40.758 0.0000000000
92625  57.518  9.796  38.900 0.0000000000
93738  55.321  11.050  28.817 0.0000000000
94726  54.992  11.747  28.742 0.0000000000
138231  54.518  10.643  28.486 0.0000000000
94730  54.537  11.548  28.146 0.0000000000
95722  53.796  12.498  27.649 0.0000000000
95723  53.056  12.390  27.752 0.0000000000
93754  52.769  10.950  27.690 0.0000000000
92743  51.835  10.308  27.739 0.0000000000
91835  50.671  9.566  27.793 0.0000000000
92736  50.286  9.480  28.163 0.0000000000
91828  50.811  9.127  27.784 0.0000000000
90901  50.069  7.735  28.619 0.0000000000
149253  50.176  7.248  29.167 0.0000000000
85921  50.163  2.708  51.792 0.0000000000
86901  50.561  3.444  51.380 0.0000000000
85922  49.458  2.156  51.377 0.0000000000
100971  53.466  19.232  43.904 0.0000000000
100232  53.872  18.972  43.112 0.0000000000
146873  54.195  18.699  42.485 0.0000000000
100250  55.461  18.903  41.622 0.0000000000
90837  51.811  7.289  36.432 0.0000000000
91755  52.361  8.440  35.966 0.0000000000
90842  52.209  7.975  35.158 0.0000000000
90853  52.681  7.700  34.554 0.0000000000
139900  53.113  8.179  34.046 0.0000000000
146083  57.703  8.115  32.943 0.0000000000
91775  58.279  8.500  32.303 0.0000000000
91787  58.360  8.547  31.726 0.0000000000
92687  57.790  9.105  31.240 0.0000000000
91796  57.595  9.207  30.769 0.0000000000
90879  57.248  8.554  30.657 0.0000000000
133878  56.428  7.827  30.866 0.0000000000
93553  53.231  10.614  48.013 0.0000000000
92541  56.306  9.623  49.871 0.0000000000
92540  56.112  10.954  49.852 0.0000000000
134486  56.420  9.255  48.979 0.0000000000
91663  56.267  9.245  48.189 0.0000000000
91672  56.343  9.194  47.354 0.0000000000
127607  56.411  9.025  46.463 0.0000000000
91681  56.034  8.238  45.969 0.0000000000
90771  55.613  7.685  45.515 0.0000000000
89844  54.764  7.031  44.570 0.0000000000
87914  50.614  4.193  48.482 0.0000000000
88850  51.688  5.160  48.781 0.0000000000
87913  51.204  4.621  48.149 0.0000000000
87922  51.374  4.536  47.245 0.0000000000
87929  51.461  4.477  46.382 0.0000000000
87939  51.623  4.324  43.203 0.0000000000
87941  52.314  4.790  42.845 0.0000000000
88878  53.295  5.927  43.156 0.0000000000
88882  52.757  5.460  42.619 0.0000000000
89871  52.467  6.280  39.561 0.0000000000
88893  52.202  5.613  39.977 0.0000000000
88903  51.622  5.076  39.351 0.0000000000
87966  51.034  4.550  38.152 0.0000000000
86036  52.694  2.448  38.330 0.0000000000
86044  54.326  2.753  37.934 0.0000000000
99383  49.547  16.729  42.853 0.0000000000
145696  48.955  17.230  44.252 0.0000000000
99376  48.910  16.605  43.442 0.0000000000
98487  47.739  15.741  43.826 0.0000000000
98474  47.168  15.456  44.370 0.0000000000
97496  46.482  15.190  44.872 0.0000000000
97506  47.324  14.984  43.772 0.0000000000
97522  46.903  14.284  43.593 0.0000000000
96522  46.843  12.946  42.806 0.0000000000
146876  46.353  12.198  42.428 0.0000000000
140324  47.195  12.429  42.172 0.0000000000
95579  47.368  12.286  41.280 0.0000000000
95610  47.687  12.357  39.498 0.0000000000
96605  49.801  12.879  37.078 0.0000000000
147503  49.220  12.921  37.421 0.0000000000
97627  49.291  14.209  35.990 0.0000000000
97628  48.502  14.608  36.237 0.0000000000
98573  47.478  16.011  35.812 0.0000000000
98589  46.963  16.784  35.334 0.0000000000
142227  47.556  16.627  35.088 0.0000000000
99490  47.407  17.139  34.001 0.0000000000
98621  47.550  16.138  32.860 0.0000000000
93605  53.371  10.666  43.764 0.0000000000
93615  53.051  10.810  42.816 0.0000000000
94579  53.936  11.149  43.284 0.0000000000
94592  54.413  11.692  42.754 0.0000000000
95554  54.808  12.360  42.209 0.0000000000
142321  58.564  12.875  42.222 0.0000000000
142707  58.285  14.118  42.832 0.0000000000
138891  58.578  14.315  41.601 0.0000000000
97553  58.561  15.124  41.903 0.0000000000
98511  58.367  15.704  41.740 0.0000000000
98524  57.925  16.423  41.378 0.0000000000
98523  58.276  15.842  40.946 0.0000000000
99417  57.865  16.296  39.190 0.0000000000
144836  57.915  16.272  38.201 0.0000000000
93688  54.364  10.611  35.486 0.0000000000
93677  55.940  10.569  36.697 0.0000000000
93687  55.423  10.974  35.988 0.0000000000
94679  55.932  11.649  35.625 0.0000000000
94690  56.367  12.423  35.273 0.0000000000
97687  56.021  14.828  30.899 0.0000000000
97681  57.427  14.820  32.329 0.0000000000
97680  57.633  15.842  31.732 0.0000000000
98630  57.889  16.485  32.277 0.0000000000
98613  58.143  16.341  33.099 0.0000000000
99468  57.628  16.713  34.530 0.0000000000
99503  57.370  16.910  33.129 0.0000000000
99504  56.761  16.706  33.684 0.0000000000
98598  55.917  16.106  34.315 0.0000000000
98599  55.169  15.484  34.018 0.0000000000
98615  54.980  15.520  33.140 0.0000000000
98633  54.516  15.933  32.229 0.0000000000
98634  53.388  15.629  32.225 0.0000000000
150243  51.062  13.616  29.551 0.0000000000
98668  50.560  15.550  29.523 0.0000000000
96697  50.719  14.214  29.673 0.0000000000
96688  50.105  14.352  30.277 0.0000000000
96682  49.337  14.318  31.022 0.0000000000
95691  49.469  12.925  32.337 0.0000000000
132333  52.335  15.322  42.273 0.0000000000
95585  41.756  13.237  41.513 0.0000000000
97595  43.231  14.338  38.423 0.0000000000
147477  43.861  14.562  38.170 0.0000000000
94479  54.091  11.530  50.926 0.0000000000
93499  55.464  11.122  50.750 0.0000000000
92525  55.411  10.053  51.850 0.0000000000
93487  55.718  10.180  51.152 0.0000000000
92532  55.977  9.436  50.663 0.0000000000
132746  55.958  8.905  50.169 0.0000000000
90745  54.795  7.934  48.454 0.0000000000
89810  54.171  7.326  47.863 0.0000000000
86941  49.873  3.138  45.934 0.0000000000
85976  49.501  2.815  44.417 0.0000000000
85983  49.866  2.764  43.710 0.0000000000
86954  50.752  2.911  43.301 0.0000000000
86961  50.617  2.851  41.872 0.0000000000
86967  51.135  3.557  41.657 0.0000000000
86978  51.176  3.528  40.730 0.0000000000
86988  51.184  3.425  39.692 0.0000000000
100973  50.798  19.018  43.992 0.0000000000
100244  50.312  17.526  42.857 0.0000000000
100253  51.554  17.757  41.640 0.0000000000
100254  50.768  17.211  42.048 0.0000000000
99382  50.147  16.759  42.381 0.0000000000
98517  49.699  16.120  42.278 0.0000000000
97560  49.606  14.656  41.547 0.0000000000
96538  49.424  13.674  41.182 0.0000000000
96555  50.326  13.608  40.230 0.0000000000
96570  50.379  13.263  39.444 0.0000000000
96585  50.833  12.930  38.200 0.0000000000
97580  51.654  14.291  39.239 0.0000000000
96584  51.750  13.555  38.371 0.0000000000
96604  50.371  12.706  37.553 0.0000000000
96618  50.574  13.064  36.553 0.0000000000
97643  50.503  14.379  35.139 0.0000000000
97657  50.811  14.876  34.393 0.0000000000
95503  57.133  12.336  45.932 0.0000000000
135053  57.179  12.759  45.451 0.0000000000
95502  57.695  12.624  45.192 0.0000000000
94562  58.234  12.655  44.497 0.0000000000
95534  58.499  12.512  43.524 0.0000000000
93614  57.989  10.183  42.294 0.0000000000
128548  58.294  10.894  42.290 0.0000000000
94591  58.503  11.908  42.386 0.0000000000
95573  58.523  12.030  41.288 0.0000000000
134724  58.520  12.936  39.916 0.0000000000
96568  58.460  12.955  38.930 0.0000000000
94714  54.388  11.358  31.529 0.0000000000
95681  54.629  12.186  32.905 0.0000000000
95689  54.646  12.104  31.961 0.0000000000
95696  55.105  12.876  31.574 0.0000000000
96680  55.624  13.793  31.229 0.0000000000
95710  54.904  12.638  28.842 0.0000000000
96687  54.894  13.281  29.657 0.0000000000
136513  55.419  13.972  30.304 0.0000000000
97694  55.753  15.019  30.000 0.0000000000
98665  55.652  15.916  29.889 0.0000000000
99537  55.262  16.508  29.949 0.0000000000
99538  54.884  16.778  30.235 0.0000000000
148295  54.449  16.246  28.930 0.0000000000
98676  53.566  15.623  28.436 0.0000000000
97711  52.414  14.534  28.495 0.0000000000
96711  52.667  12.979  28.111 0.0000000000
96704  52.213  13.684  28.601 0.0000000000
96696  51.447  13.791  29.176 0.0000000000
95711  51.415  12.967  29.425 0.0000000000
95704  51.234  12.397  29.943 0.0000000000
92709  50.490  9.979  30.312 0.0000000000
90895  48.241  7.367  29.828 0.0000000000
91821  49.212  8.418  28.757 0.0000000000
91822  48.676  8.014  29.267 0.0000000000
90904  47.933  6.675  29.654 0.0000000000
88807  53.394  5.996  52.563 0.0000000000
88816  52.672  5.563  51.897 0.0000000000
88825  51.942  5.280  51.082 0.0000000000
87892  51.405  4.626  50.532 0.0000000000
132251  50.429  3.643  50.535 0.0000000000
138136  50.899  4.163  49.933 0.0000000000
87905  50.582  4.084  49.222 0.0000000000
86931  50.132  3.769  48.853 0.0000000000
86938  49.803  3.193  47.533 0.0000000000
85960  49.053  2.793  46.955 0.0000000000
101708  52.362  20.449  43.799 0.0000000000
100970  54.051  20.013  43.167 0.0000000000
101721  53.794  20.532  42.119 0.0000000000
100990  53.057  19.629  41.617 0.0000000000
100998  54.018  19.610  40.636 0.0000000000
101006  54.209  18.918  40.117 0.0000000000
100272  54.518  18.290  39.508 0.0000000000
90810  55.169  7.992  39.400 0.0000000000
91729  55.660  8.527  38.894 0.0000000000
91730  54.763  8.285  38.629 0.0000000000
92663  54.351  9.703  36.677 0.0000000000
92665  52.876  9.026  36.042 0.0000000000
92664  53.500  9.504  36.198 0.0000000000
92670  53.845  10.022  35.857 0.0000000000
94693  53.743  10.826  33.617 0.0000000000
93708  53.633  10.872  32.796 0.0000000000
134521  53.977  6.640  34.356 0.0000000000
90851  54.339  7.242  33.925 0.0000000000
91779  53.696  8.478  33.500 0.0000000000
91777  55.520  8.445  32.839 0.0000000000
92680  53.725  9.281  32.938 0.0000000000
92691  53.675  10.215  32.619 0.0000000000
93707  53.948  10.835  32.037 0.0000000000
93715  54.680  10.823  31.100 0.0000000000
93722  55.608  11.098  30.136 0.0000000000
137438  56.751  9.410  30.289 0.0000000000
92708  56.610  9.797  30.198 0.0000000000
93730  55.841  10.658  29.332 0.0000000000
92722  55.000  9.420  29.279 0.0000000000
91819  54.052  8.894  29.581 0.0000000000
126108  53.033  8.693  29.456 0.0000000000
91808  52.655  8.035  30.109 0.0000000000
93597  52.730  10.220  44.236 0.0000000000
93596  53.706  10.546  44.788 0.0000000000
93595  54.670  11.038  45.346 0.0000000000
133150  55.442  11.584  45.759 0.0000000000
93531  52.839  10.872  48.981 0.0000000000
93530  53.624  11.214  48.638 0.0000000000
94525  54.478  11.817  48.493 0.0000000000
94491  55.566  11.859  49.271 0.0000000000
94506  55.626  12.041  48.333 0.0000000000
93551  55.068  12.124  47.893 0.0000000000
94539  55.478  11.812  47.060 0.0000000000
138865  56.183  11.899  46.739 0.0000000000
95488  56.605  12.112  46.225 0.0000000000
93566  57.285  11.536  46.166 0.0000000000
92587  57.339  10.063  45.274 0.0000000000
142825  57.161  9.534  43.696 0.0000000000
91680  56.468  8.777  45.641 0.0000000000
132038  56.577  8.847  43.716 0.0000000000
92597  57.243  9.109  42.893 0.0000000000
130138  56.599  8.461  42.619 0.0000000000
91708  55.798  8.078  40.742 0.0000000000
88815  53.271  6.176  51.622 0.0000000000
143870  53.156  6.272  50.680 0.0000000000
89789  53.747  6.902  50.232 0.0000000000
88837  52.409  5.755  49.181 0.0000000000
89798  53.704  6.848  49.250 0.0000000000
89811  53.657  6.756  48.285 0.0000000000
89820  53.612  6.647  47.345 0.0000000000
89819  54.282  7.049  46.938 0.0000000000
86944  50.423  3.552  45.475 0.0000000000
86943  50.943  4.153  45.997 0.0000000000
87928  51.976  4.785  45.943 0.0000000000
136526  51.615  4.326  44.131 0.0000000000
87932  51.958  4.415  45.306 0.0000000000
88868  52.600  5.466  46.358 0.0000000000
145399  53.106  5.916  46.379 0.0000000000
89828  53.608  6.441  46.405 0.0000000000
89827  54.357  6.982  46.050 0.0000000000
89836  54.570  6.904  45.253 0.0000000000
89847  54.426  6.822  43.811 0.0000000000
89851  53.735  6.506  42.771 0.0000000000
137083  54.216  6.790  43.134 0.0000000000
90792  54.684  7.219  43.077 0.0000000000
90796  54.815  7.440  41.493 0.0000000000
127589  55.149  7.691  40.762 0.0000000000
90821  54.247  7.761  39.120 0.0000000000
90822  53.289  7.417  38.674 0.0000000000
129413  51.966  6.437  38.731 0.0000000000
89876  52.255  7.094  38.274 0.0000000000
90830  51.894  7.259  37.352 0.0000000000
89887  51.720  6.722  36.242 0.0000000000
88930  51.904  6.481  35.847 0.0000000000
88929  52.419  5.796  35.666 0.0000000000
87001  51.223  3.907  38.772 0.0000000000
150721  51.207  3.811  38.239 0.0000000000
87016  51.269  4.146  37.760 0.0000000000
86046  52.347  3.053  37.805 0.0000000000
87015  52.062  3.856  37.327 0.0000000000
87972  51.621  4.514  37.260 0.0000000000
131200  52.127  4.516  36.732 0.0000000000
87989  52.966  4.958  35.771 0.0000000000
89762  54.390  6.258  53.941 0.0000000000
88798  53.686  5.778  53.497 0.0000000000
145175  52.327  4.484  52.703 0.0000000000
86890  52.005  3.937  53.004 0.0000000000
86885  52.336  3.532  53.861 0.0000000000
145982  51.735  3.332  53.173 0.0000000000
85913  50.607  2.356  52.486 0.0000000000
83113  50.425  -0.513  52.721 0.0000000000
84092  49.878  0.000  52.161 0.0000000000
83123  49.799  -0.582  51.308 0.0000000000
98457  44.706  15.528  46.897 0.0000000000
97488  45.151  15.148  46.258 0.0000000000
97489  44.432  14.835  46.544 0.0000000000
149224  44.188  11.770  44.051 0.0000000000
94599  44.615  11.473  42.722 0.0000000000
95582  44.480  11.908  41.234 0.0000000000
94597  45.844  11.718  42.096 0.0000000000
95581  45.439  11.824  41.370 0.0000000000
128173  44.788  12.316  40.555 0.0000000000
138968  44.733  13.332  39.469 0.0000000000
96591  44.762  13.930  38.843 0.0000000000
97594  44.456  14.508  38.191 0.0000000000
96557  49.082  12.789  40.519 0.0000000000
135613  48.417  12.425  39.164 0.0000000000
145334  47.794  12.569  38.829 0.0000000000
96606  48.552  13.325  37.398 0.0000000000
96588  47.449  13.045  38.120 0.0000000000
96589  46.563  13.474  38.353 0.0000000000
97592  46.162  14.344  37.997 0.0000000000
97611  45.801  15.106  37.551 0.0000000000
98556  44.582  15.807  37.209 0.0000000000
98575  44.944  16.550  36.537 0.0000000000
99473  46.365  17.266  34.777 0.0000000000
94594  52.697  11.255  42.175 0.0000000000
96517  51.923  13.783  41.839 0.0000000000
97558  52.486  14.628  41.756 0.0000000000
95537  56.300  12.762  44.041 0.0000000000
95553  55.702  12.946  42.800 0.0000000000
96515  57.582  14.459  42.723 0.0000000000
96516  56.110  13.645  42.310 0.0000000000
96535  55.549  13.973  41.472 0.0000000000
97556  55.060  14.541  40.887 0.0000000000
97569  54.647  15.080  40.733 0.0000000000
98514  53.871  16.139  41.279 0.0000000000
99394  54.591  16.725  41.119 0.0000000000
100261  55.419  17.519  41.295 0.0000000000
100249  56.137  18.710  41.388 0.0000000000
99392  57.416  17.467  41.234 0.0000000000
100985  56.894  18.978  41.099 0.0000000000
101718  56.245  19.790  41.040 0.0000000000
150134  55.597  19.449  40.024 0.0000000000
100271  55.333  18.601  39.497 0.0000000000
100281  54.988  17.586  38.849 0.0000000000
91728  56.445  8.760  39.069 0.0000000000
92626  56.977  9.367  38.608 0.0000000000
93646  57.353  10.086  38.237 0.0000000000
93676  56.933  10.723  36.884 0.0000000000
93660  57.118  10.428  37.590 0.0000000000
93659  57.754  10.719  37.813 0.0000000000
94645  58.371  11.784  37.743 0.0000000000
95619  58.500  12.316  38.270 0.0000000000
133941  58.597  13.135  37.987 0.0000000000
95680  55.556  12.801  33.450 0.0000000000
95669  56.912  13.141  34.799 0.0000000000
96662  57.034  14.087  33.250 0.0000000000
96646  57.512  13.864  34.223 0.0000000000
95653  58.016  13.044  35.753 0.0000000000
95652  58.414  13.069  36.120 0.0000000000
96601  58.495  13.337  37.117 0.0000000000
129734  58.595  14.050  37.735 0.0000000000
142752  58.500  14.935  37.884 0.0000000000
98552  58.208  15.752  37.456 0.0000000000
99428  57.590  16.609  37.507 0.0000000000
99469  57.175  16.715  35.343 0.0000000000
99441  57.221  16.832  36.770 0.0000000000
99430  57.044  17.256  37.790 0.0000000000
100286  56.313  17.130  37.892 0.0000000000
99431  55.485  16.965  38.126 0.0000000000
99432  54.621  16.746  38.316 0.0000000000
99445  54.224  16.170  37.830 0.0000000000
98571  54.255  15.320  36.619 0.0000000000
97626  53.786  14.478  36.074 0.0000000000
97653  54.620  15.190  34.527 0.0000000000
97640  54.126  14.662  35.414 0.0000000000
96630  52.893  13.852  35.771 0.0000000000
127789  52.457  13.918  34.996 0.0000000000
97656  51.849  14.531  34.337 0.0000000000
98601  50.093  15.756  33.718 0.0000000000
99539  53.875  16.804  29.998 0.0000000000
99528  53.489  16.529  30.754 0.0000000000
98647  52.902  16.005  31.500 0.0000000000
99541  50.977  16.356  29.944 0.0000000000
99530  51.396  16.265  30.706 0.0000000000
98648  51.789  16.011  31.500 0.0000000000
98636  51.236  16.065  32.320 0.0000000000
98618  50.751  16.005  33.066 0.0000000000
98620  49.298  16.403  33.471 0.0000000000
99506  48.903  16.613  32.837 0.0000000000
98639  47.997  16.262  32.407 0.0000000000
96675  48.247  14.245  32.386 0.0000000000
96676  47.653  14.506  32.879 0.0000000000
90892  51.658  7.745  29.809 0.0000000000
90893  50.754  7.459  29.465 0.0000000000
82216  50.121  -1.439  52.612 0.0000000000
83124  49.284  -0.378  50.856 0.0000000000
84077  50.974  0.720  53.320 0.0000000000
84990  50.740  1.260  53.161 0.0000000000
85002  49.786  1.862  52.163 0.0000000000
86891  51.472  3.530  52.518 0.0000000000
86924  49.723  3.275  49.289 0.0000000000
86945  49.755  2.929  45.172 0.0000000000
87882  51.552  4.469  51.440 0.0000000000
87904  51.045  4.507  49.044 0.0000000000
87933  51.600  4.334  45.569 0.0000000000
87967  50.984  5.284  37.930 0.0000000000
88867  53.195  5.830  45.842 0.0000000000
89771  54.712  7.165  52.888 0.0000000000
89895  52.397  6.612  35.333 0.0000000000
89953  49.623  7.100  28.953 0.0000000000
89954  48.861  6.905  28.838 0.0000000000
90725  55.524  8.422  50.053 0.0000000000
90733  55.459  8.376  49.027 0.0000000000
90772  55.012  7.410  45.752 0.0000000000
90788  55.297  7.678  43.095 0.0000000000
90862  55.823  7.845  33.329 0.0000000000
90871  47.812  6.946  32.505 0.0000000000
90882  48.211  7.389  30.886 0.0000000000
90894  50.308  6.765  29.781 0.0000000000
90903  48.471  7.387  29.166 0.0000000000
90908  50.371  8.561  28.224 0.0000000000
90910  49.182  7.921  28.529 0.0000000000
91618  55.485  9.274  52.044 0.0000000000
91688  56.521  8.740  44.790 0.0000000000
91704  57.117  8.856  41.107 0.0000000000
91717  55.941  8.190  39.532 0.0000000000
91762  52.512  8.727  35.231 0.0000000000
91778  54.436  8.595  33.005 0.0000000000
91829  49.441  8.421  28.509 0.0000000000
91830  48.910  7.988  28.656 0.0000000000
92517  54.324  10.163  52.868 0.0000000000
92524  55.719  9.286  51.377 0.0000000000
92588  56.934  9.476  44.501 0.0000000000
92613  57.488  9.743  39.767 0.0000000000
92627  56.146  9.188  38.475 0.0000000000
92662  55.376  9.954  37.096 0.0000000000
92698  57.323  9.613  30.903 0.0000000000
92699  56.664  10.060  31.009 0.0000000000
92707  57.110  9.549  30.537 0.0000000000
92721  55.967  10.021  29.602 0.0000000000
93500  53.259  11.315  51.228 0.0000000000
93515  53.432  11.361  49.520 0.0000000000
93529  56.319  11.108  48.763 0.0000000000
93569  54.142  10.831  46.800 0.0000000000
93582  57.554  10.917  45.648 0.0000000000
93620  58.163  10.398  41.521 0.0000000000
93645  57.878  10.434  38.528 0.0000000000
93675  57.556  11.082  37.168 0.0000000000
93695  53.992  10.730  34.535 0.0000000000
93723  51.248  10.660  29.489 0.0000000000
93739  55.330  10.309  28.993 0.0000000000
93741  52.685  10.226  27.834 0.0000000000
93755  51.075  10.097  27.619 0.0000000000
94466  54.671  11.302  51.247 0.0000000000
94492  54.956  12.102  49.732 0.0000000000
94505  56.352  11.505  47.898 0.0000000000
94508  54.311  11.792  49.232 0.0000000000
94553  57.665  11.754  45.525 0.0000000000
94554  56.108  11.957  46.062 0.0000000000
94563  58.116  11.782  44.784 0.0000000000
94564  55.920  11.989  45.336 0.0000000000
94576  58.347  11.719  43.958 0.0000000000
94577  55.654  12.087  44.429 0.0000000000
94583  44.044  11.391  43.409 0.0000000000
94595  51.932  11.310  42.014 0.0000000000
94611  58.393  11.127  41.421 0.0000000000
94613  52.457  11.819  41.721 0.0000000000
94615  44.162  11.603  41.912 0.0000000000
94637  58.400  11.530  38.584 0.0000000000
94638  58.232  11.040  38.108 0.0000000000
94677  57.674  12.258  36.225 0.0000000000
94701  54.119  11.499  33.259 0.0000000000
94710  49.990  11.992  32.766 0.0000000000
94715  50.794  11.651  31.370 0.0000000000
94731  52.603  11.709  27.754 0.0000000000
94732  52.078  11.699  27.993 0.0000000000
94740  54.298  12.259  27.760 0.0000000000
94741  53.554  11.735  27.697 0.0000000000
95517  57.959  13.306  44.679 0.0000000000
95523  45.345  12.740  44.108 0.0000000000
95542  45.923  13.170  43.721 0.0000000000
95576  53.106  12.305  41.407 0.0000000000
95594  58.545  12.106  40.232 0.0000000000
95595  48.365  12.347  40.003 0.0000000000
95596  47.530  12.206  40.316 0.0000000000
95613  44.325  13.056  39.996 0.0000000000
95620  50.105  12.579  38.216 0.0000000000
95621  49.113  12.460  38.565 0.0000000000
95623  47.064  12.772  38.891 0.0000000000
95630  58.436  12.569  37.416 0.0000000000
95668  57.573  13.402  35.130 0.0000000000
95702  54.951  13.016  30.577 0.0000000000
96496  47.215  13.826  43.076 0.0000000000
96497  46.556  13.491  43.395 0.0000000000
96513  58.539  13.840  42.320 0.0000000000
96514  58.070  14.241  43.101 0.0000000000
96534  56.553  14.512  42.135 0.0000000000
96556  50.019  14.153  40.854 0.0000000000
96586  50.392  12.973  38.730 0.0000000000
96587  48.160  12.976  37.825 0.0000000000
96590  45.711  13.745  38.577 0.0000000000
96592  43.949  14.257  38.849 0.0000000000
96615  58.558  13.605  36.292 0.0000000000
96619  49.767  13.425  36.399 0.0000000000
96620  49.043  13.637  36.787 0.0000000000
96628  58.368  13.656  35.624 0.0000000000
96632  51.071  13.517  35.700 0.0000000000
96661  57.817  14.664  33.332 0.0000000000
96703  52.987  13.772  28.143 0.0000000000
96710  53.488  13.087  27.744 0.0000000000
97497  45.706  14.905  45.484 0.0000000000
97498  44.887  14.473  45.832 0.0000000000
97521  47.439  14.548  43.290 0.0000000000
97537  58.358  14.650  42.422 0.0000000000
97542  49.240  15.268  42.225 0.0000000000
97570  54.184  14.425  40.727 0.0000000000
97572  50.684  14.470  40.454 0.0000000000
97579  52.336  14.898  39.006 0.0000000000
97590  53.254  14.897  37.756 0.0000000000
97605  58.432  14.749  37.099 0.0000000000
97609  47.397  14.612  37.153 0.0000000000
97612  44.941  15.092  37.627 0.0000000000
97639  54.588  15.197  35.171 0.0000000000
97641  53.409  14.225  35.205 0.0000000000
97654  53.953  14.680  34.614 0.0000000000
97686  56.937  15.475  31.235 0.0000000000
97689  48.625  14.705  31.715 0.0000000000
97703  50.881  14.805  29.296 0.0000000000
97704  50.177  15.033  29.786 0.0000000000
97712  51.627  14.582  28.857 0.0000000000
98455  46.144  16.029  46.340 0.0000000000
98497  58.321  15.404  42.211 0.0000000000
98500  52.554  16.117  42.451 0.0000000000
98501  48.333  15.905  43.315 0.0000000000
98512  58.117  16.050  42.069 0.0000000000
98553  54.543  16.101  37.011 0.0000000000
98572  48.134  15.435  35.841 0.0000000000
98574  46.667  16.295  36.096 0.0000000000
98586  55.133  15.720  34.835 0.0000000000
98597  58.289  16.258  33.995 0.0000000000
98619  49.773  16.362  32.978 0.0000000000
98631  57.465  16.618  31.836 0.0000000000
98637  50.232  16.349  32.342 0.0000000000
98638  48.361  16.142  31.928 0.0000000000
98649  49.232  15.879  30.861 0.0000000000
98650  48.807  16.023  31.432 0.0000000000
98658  49.585  15.889  30.393 0.0000000000
98675  54.342  15.740  28.638 0.0000000000
98677  52.646  15.461  28.502 0.0000000000
98678  51.900  15.251  28.682 0.0000000000
99343  45.588  16.690  47.540 0.0000000000
99354  47.075  17.203  46.563 0.0000000000
99361  47.584  16.649  45.282 0.0000000000
99362  46.873  16.472  45.900 0.0000000000
99370  48.241  16.895  44.787 0.0000000000
99395  54.042  16.978  41.545 0.0000000000
99405  57.990  16.441  40.375 0.0000000000
99408  55.192  16.426  40.876 0.0000000000
99421  52.010  16.241  40.194 0.0000000000
99455  56.852  16.717  36.133 0.0000000000
99456  56.145  16.484  36.426 0.0000000000
99457  55.295  16.383  36.707 0.0000000000
99471  47.796  16.794  34.478 0.0000000000
99485  57.801  16.859  33.575 0.0000000000
99486  57.292  16.997  34.063 0.0000000000
99488  48.634  16.637  33.629 0.0000000000
99489  47.932  16.867  33.813 0.0000000000
99491  46.031  17.234  34.234 0.0000000000
99508  47.368  16.867  33.447 0.0000000000
99521  49.024  16.735  32.044 0.0000000000
99522  48.459  16.570  32.451 0.0000000000
99523  47.900  16.574  32.873 0.0000000000
99526  56.317  16.621  31.308 0.0000000000
99529  52.448  16.289  30.765 0.0000000000
99543  49.585  16.208  30.774 0.0000000000
99549  54.442  16.593  29.418 0.0000000000
99551  52.519  16.536  29.197 0.0000000000
99552  51.086  16.012  29.366 0.0000000000
99553  50.444  16.018  29.786 0.0000000000
99558  53.896  16.358  28.779 0.0000000000
99559  52.992  16.279  28.711 0.0000000000
100241  54.042  17.797  41.969 0.0000000000
100247  57.215  18.424  41.085 0.0000000000
100248  56.882  18.370  41.295 0.0000000000
100269  57.208  18.317  39.970 0.0000000000
100982  50.934  18.612  43.171 0.0000000000
100986  56.483  19.296  41.150 0.0000000000
100988  55.305  19.990  41.573 0.0000000000
100989  53.998  20.159  41.339 0.0000000000
100991  52.107  18.895  41.964 0.0000000000
100994  57.089  18.825  40.737 0.0000000000
100995  56.511  19.506  40.851 0.0000000000
100996  56.048  19.630  40.378 0.0000000000
101004  56.020  18.925  39.642 0.0000000000
101706  53.628  20.658  43.319 0.0000000000
101707  52.962  20.755  43.375 0.0000000000
101712  54.112  20.641  42.625 0.0000000000
101713  53.534  20.637  42.784 0.0000000000
101725  55.850  19.998  40.899 0.0000000000
101727  54.704  20.244  41.098 0.0000000000
101731  55.562  19.858  40.506 0.0000000000
102425  52.932  20.878  43.901 0.0000000000
102429  53.704  20.733  43.082 0.0000000000
125006  54.541  16.743  30.725 0.0000000000
127356  56.907  12.886  45.024 0.0000000000
127659  57.542  16.484  41.582 0.0000000000
127924  57.651  14.015  43.541 0.0000000000
128112  56.073  8.095  40.079 0.0000000000
129437  56.022  8.785  49.442 0.0000000000
129670  51.304  4.598  38.808 0.0000000000
129874  53.883  15.544  37.377 0.0000000000
130660  46.813  17.222  34.045 0.0000000000
131565  57.449  16.601  35.966 0.0000000000
131869  51.458  6.518  37.906 0.0000000000
131992  50.073  8.910  28.152 0.0000000000
132733  53.914  15.240  40.850 0.0000000000
132823  53.014  16.593  30.204 0.0000000000
133338  53.377  10.409  47.211 0.0000000000
134044  50.744  12.800  30.483 0.0000000000
134307  46.054  12.206  39.985 0.0000000000
134722  52.724  5.629  41.909 0.0000000000
138313  55.069  14.354  28.844 0.0000000000
138919  51.936  11.545  28.340 0.0000000000
139984  55.397  7.886  43.851 0.0000000000
140424  58.400  14.972  35.144 0.0000000000
140495  58.322  15.235  34.422 0.0000000000
140870  50.547  16.331  30.687 0.0000000000
141245  53.703  13.643  40.835 0.0000000000
141542  49.903  3.043  46.725 0.0000000000
143110  58.532  13.989  36.869 0.0000000000
143357  58.029  10.079  40.938 0.0000000000
143752  56.969  14.012  42.771 0.0000000000
144262  49.734  13.403  40.561 0.0000000000
144663  52.006  7.888  35.864 0.0000000000
144718  57.674  16.472  35.295 0.0000000000
144978  51.082  5.804  38.012 0.0000000000
145552  52.721  4.592  36.297 0.0000000000
145882  50.692  2.586  42.662 0.0000000000
145931  53.868  6.782  51.242 0.0000000000
146066  53.237  13.023  41.025 0.0000000000
146412  54.540  7.374  40.816 0.0000000000
146455  51.126  4.069  45.351 0.0000000000
146510  52.857  8.587  36.613 0.0000000000
147194  53.809  7.819  33.805 0.0000000000
147655  58.282  11.137  43.549 0.0000000000
147993  56.503  10.127  49.218 0.0000000000
147997  50.083  3.367  50.299 0.0000000000
148227  55.653  11.752  46.420 0.0000000000
148271  52.107  14.213  38.711 0.0000000000
148616  45.772  15.474  46.081 0.0000000000
148912  52.121  11.072  27.819 0.0000000000
148916  43.082  13.870  40.123 0.0000000000
149025  49.646  12.517  38.348 0.0000000000
149365  58.564  12.726  42.870 0.0000000000
149870  55.395  16.663  30.429 0.0000000000
149901  57.312  15.169  31.664 0.0000000000
150363  58.263  8.119  31.347 0.0000000000
151202  51.620  10.951  42.286 0.0000000000
151208  57.764  16.797  32.819 0.0000000000
