#!ascii label  , from subject sub-v1s7x0051326_ses-1 vox2ras=TkReg
1028
76916  19.568  -7.914  -1.889 0.2500000000
76915  19.945  -8.223  -2.758 0.2500000000
75900  20.213  -8.918  -2.602 0.7500000000
79914  19.155  -4.639  -2.934 0.2500000000
78904  19.476  -5.613  -2.749 0.1250000000
78917  19.461  -5.144  -3.591 0.3750000000
143478  19.689  -6.462  -3.047 0.2500000000
129143  19.325  -7.189  -1.848 0.2500000000
76934  20.444  -7.761  -3.542 0.7500000000
76935  19.670  -7.311  -2.759 0.3750000000
75922  20.682  -8.557  -3.291 0.8750000000
148497  21.213  -8.790  -3.589 0.8750000000
77909  19.681  -6.080  -3.775 0.3750000000
77922  20.206  -6.349  -4.261 0.8750000000
77908  19.898  -6.933  -3.781 0.7500000000
76945  22.228  -7.304  -3.881 1.0000000000
76946  21.602  -7.121  -4.035 1.0000000000
76947  20.689  -7.086  -4.103 0.8750000000
76933  21.904  -8.054  -3.894 1.0000000000
137309  21.159  -7.699  -3.992 0.8750000000
75920  22.604  -8.867  -3.898 1.0000000000
79922  19.138  -4.414  -3.507 0.2500000000
78932  19.891  -5.522  -4.296 0.8750000000
147139  22.146  -6.458  -4.335 1.0000000000
77921  21.237  -6.371  -4.350 1.0000000000
76931  23.354  -7.829  -3.672 1.0000000000
77907  22.701  -7.089  -3.797 1.0000000000
76932  22.705  -8.016  -3.830 1.0000000000
79915  18.971  -4.073  -2.613 0.1250000000
79934  21.158  -4.953  -5.127 1.0000000000
79936  19.622  -4.530  -4.272 0.8750000000
78931  20.777  -5.643  -4.580 1.0000000000
78916  23.594  -6.049  -3.976 1.0000000000
77920  22.832  -6.269  -4.354 1.0000000000
78930  21.675  -5.691  -4.824 1.0000000000
77906  23.432  -6.893  -3.647 1.0000000000
77904  25.025  -7.419  -3.557 1.0000000000
76930  24.173  -7.566  -3.505 1.0000000000
127400  17.734  0.155  -2.658 0.2500000000
79923  18.650  -3.881  -3.084 0.2500000000
80886  18.495  -3.417  -3.239 0.3750000000
80885  18.929  -3.882  -3.766 0.5000000000
80898  20.270  -3.665  -4.853 1.0000000000
80899  19.418  -3.654  -4.431 0.6250000000
79935  20.407  -4.388  -4.834 1.0000000000
79947  22.302  -4.499  -5.462 1.0000000000
79949  21.035  -4.079  -5.317 1.0000000000
78927  23.856  -5.222  -4.157 1.0000000000
78928  23.014  -5.443  -4.774 1.0000000000
80907  22.918  -4.135  -5.338 1.0000000000
79921  24.725  -5.041  -3.528 1.0000000000
137779  25.298  -6.621  -3.456 1.0000000000
148926  25.616  -4.856  -3.126 1.0000000000
78914  25.496  -5.735  -3.272 1.0000000000
83661  18.161  -0.475  -3.175 0.5000000000
82712  18.441  -1.380  -3.440 0.3750000000
81836  18.748  -2.257  -3.744 0.5000000000
82724  19.194  -1.409  -4.015 0.5000000000
81849  20.048  -2.186  -4.787 0.8750000000
81834  20.205  -2.947  -4.902 1.0000000000
81859  21.069  -1.800  -5.955 1.0000000000
80908  22.398  -3.572  -5.694 1.0000000000
80910  20.900  -3.233  -5.365 1.0000000000
80896  24.264  -3.433  -4.243 1.0000000000
80897  23.554  -3.802  -4.826 1.0000000000
128206  26.414  -3.421  -2.805 1.0000000000
150287  24.938  -4.381  -3.402 1.0000000000
129217  26.376  -5.490  -3.297 0.8750000000
84630  18.216  0.532  -3.162 0.5000000000
83672  18.968  -0.609  -3.841 0.5000000000
135447  19.482  0.002  -4.464 0.6250000000
83683  20.054  -0.666  -4.838 0.6250000000
145807  20.484  -1.448  -5.274 1.0000000000
82723  19.809  -1.420  -4.582 0.7500000000
81858  21.655  -1.941  -6.373 1.0000000000
82721  25.455  -1.331  -3.684 1.0000000000
143685  24.313  -1.858  -4.744 1.0000000000
81845  23.822  -2.369  -5.041 1.0000000000
132290  22.753  -2.755  -5.918 1.0000000000
81819  25.829  -2.268  -3.201 1.0000000000
81820  25.087  -3.048  -3.514 1.0000000000
81833  23.715  -3.008  -4.841 1.0000000000
81818  26.922  -2.433  -2.735 0.8750000000
80895  27.301  -4.227  -3.121 0.8750000000
84643  18.754  0.295  -3.789 0.5000000000
84652  20.153  0.121  -5.123 0.8750000000
83693  23.090  0.036  -6.492 1.0000000000
83694  22.449  -0.702  -6.590 1.0000000000
82722  24.750  -1.208  -4.436 1.0000000000
83680  24.152  -0.559  -5.790 1.0000000000
81857  22.874  -1.976  -6.395 1.0000000000
84626  25.637  0.060  -3.903 1.0000000000
82710  27.395  -1.626  -2.829 1.0000000000
82711  26.397  -1.495  -3.119 1.0000000000
83669  25.212  -0.525  -4.181 1.0000000000
83658  27.851  -0.923  -3.088 1.0000000000
85574  18.492  1.288  -3.630 0.5000000000
131472  19.191  0.899  -4.369 0.8750000000
131471  20.257  0.870  -5.363 1.0000000000
85582  23.546  1.766  -6.180 1.0000000000
84659  22.434  0.614  -6.514 1.0000000000
84661  21.154  0.445  -6.273 1.0000000000
86514  26.289  2.265  -3.819 1.0000000000
85571  25.118  1.120  -4.733 1.0000000000
128655  27.637  1.223  -3.473 1.0000000000
85570  26.202  1.561  -3.832 1.0000000000
140061  25.761  0.885  -4.015 1.0000000000
84624  27.465  0.449  -3.408 1.0000000000
134156  26.712  1.007  -3.576 1.0000000000
133079  28.347  -0.183  -3.392 0.8750000000
89366  20.817  5.503  -7.015 1.0000000000
88406  19.826  4.985  -5.334 0.3750000000
88430  21.355  4.824  -7.202 0.8750000000
86534  22.172  2.899  -6.902 1.0000000000
86515  25.695  2.826  -4.286 1.0000000000
86516  24.817  2.507  -4.735 1.0000000000
90327  20.119  6.877  -7.463 0.8750000000
129208  21.957  6.183  -6.870 1.0000000000
89365  21.434  5.623  -7.166 1.0000000000
89378  21.911  4.914  -7.308 1.0000000000
89348  22.740  5.917  -6.254 1.0000000000
87513  23.088  3.652  -6.124 1.0000000000
87486  25.760  3.742  -3.922 1.0000000000
87485  26.574  3.120  -3.577 1.0000000000
91235  19.896  7.567  -7.230 0.7500000000
90315  22.929  6.406  -5.439 1.0000000000
89337  23.070  5.552  -5.008 1.0000000000
89325  25.918  5.075  -3.487 1.0000000000
88386  24.794  4.787  -4.244 1.0000000000
127505  25.094  4.107  -4.343 1.0000000000
90316  22.433  6.945  -6.241 1.0000000000
90303  23.396  6.491  -4.721 1.0000000000
89336  24.609  5.647  -4.199 1.0000000000
97007  21.448  13.580  -3.941 0.1250000000
97041  22.365  13.799  -5.858 0.2500000000
97025  22.244  14.207  -4.767 0.1250000000
96027  22.613  13.357  -6.166 0.3750000000
96019  23.234  13.281  -6.000 0.5000000000
97023  23.765  14.010  -5.420 0.2500000000
97005  22.137  14.906  -4.723 0.2500000000
138677  23.200  15.005  -6.132 0.2500000000
147961  22.502  15.124  -5.983 0.2500000000
98043  22.618  15.574  -5.550 0.2500000000
138844  24.617  14.471  -5.186 0.2500000000
98041  24.900  15.270  -5.020 0.2500000000
98040  25.729  14.597  -4.992 0.3750000000
98042  23.680  15.441  -5.595 0.2500000000
98057  26.547  15.071  -5.211 0.3750000000
98058  25.757  15.311  -5.024 0.2500000000
78892  19.277  -5.768  -1.851 0.1250000000
145056  24.087  -8.328  -3.550 1.0000000000
84651  20.684  0.279  -5.749 0.8750000000
84649  24.664  0.867  -5.365 1.0000000000
75885  19.422  -8.602  -1.215 0.1250000000
74909  21.153  -9.957  -2.806 0.7500000000
78905  19.234  -4.880  -2.256 0.1250000000
73961  21.880  -9.956  -3.559 1.0000000000
74927  22.571  -9.646  -3.887 1.0000000000
75919  23.450  -8.784  -3.739 1.0000000000
76929  24.957  -8.290  -3.701 1.0000000000
80872  18.140  -3.159  -2.826 0.3750000000
82713  17.455  -1.562  -2.914 0.2500000000
139995  17.906  -2.096  -3.128 0.2500000000
78926  26.924  -6.132  -4.132 0.8750000000
81830  28.271  -3.188  -3.421 0.8750000000
81816  28.666  -2.393  -3.369 0.8750000000
88389  18.428  4.939  -4.258 0.1250000000
88388  18.887  4.596  -4.700 0.1250000000
86528  19.674  2.120  -5.049 0.6250000000
133352  28.606  -1.033  -3.315 0.8750000000
90317  20.087  6.260  -7.091 0.5000000000
90326  20.919  6.512  -7.323 0.8750000000
132958  19.695  3.945  -5.219 0.3750000000
87515  20.839  3.594  -6.714 0.8750000000
86502  26.999  2.436  -3.465 1.0000000000
87463  28.544  3.596  -3.465 1.0000000000
87464  27.399  3.744  -3.308 1.0000000000
91233  21.436  6.943  -6.842 1.0000000000
88374  26.233  4.499  -3.483 1.0000000000
91222  21.367  7.880  -6.459 0.8750000000
142725  23.207  7.961  -5.116 1.0000000000
90302  24.387  6.632  -4.207 1.0000000000
90288  26.027  5.787  -3.459 1.0000000000
95992  23.003  12.194  -2.498 0.1250000000
95034  20.980  12.141  -4.247 0.1250000000
147005  22.582  11.789  -5.655 0.6250000000
96017  25.395  12.734  -4.494 0.5000000000
97006  21.459  14.169  -4.078 0.2500000000
97021  25.800  13.575  -4.760 0.5000000000
129793  21.944  14.367  -3.534 0.2500000000
97040  26.647  14.126  -5.153 0.5000000000
98959  23.171  16.123  -5.507 0.1250000000
98977  26.125  15.853  -5.227 0.2500000000
128612  27.387  14.789  -5.614 0.3750000000
99820  26.727  16.445  -5.891 0.2500000000
147157  19.717  -8.588  -2.014 0.3750000000
77893  19.353  -6.503  -2.227 0.1250000000
131268  21.067  -9.255  -3.192 0.7500000000
136780  21.208  -8.334  -3.759 0.8750000000
75921  21.773  -9.020  -3.811 1.0000000000
149793  19.926  -4.055  -4.601 0.8750000000
78915  24.506  -5.870  -3.591 1.0000000000
78929  22.347  -5.672  -4.857 1.0000000000
78942  22.448  -5.121  -5.158 1.0000000000
77905  24.311  -6.714  -3.532 1.0000000000
81802  17.981  -2.870  -3.072 0.3750000000
80900  18.772  -3.194  -3.850 0.5000000000
81835  19.373  -2.842  -4.503 0.8750000000
80909  21.665  -3.552  -5.717 1.0000000000
79933  23.353  -4.641  -4.795 1.0000000000
79932  24.180  -4.324  -4.106 1.0000000000
79920  26.465  -4.555  -2.952 1.0000000000
136181  19.423  -2.035  -4.348 0.6250000000
83671  19.522  -0.806  -4.338 0.6250000000
81847  21.377  -2.613  -5.875 1.0000000000
82748  21.350  -1.175  -6.320 1.0000000000
129263  23.129  -3.202  -5.407 1.0000000000
80919  22.149  -2.653  -6.194 1.0000000000
80884  24.770  -3.813  -3.613 1.0000000000
80883  27.506  -3.286  -2.882 0.8750000000
79931  27.134  -5.184  -3.583 0.8750000000
83696  21.039  -0.413  -6.120 1.0000000000
82746  22.535  -1.402  -6.581 1.0000000000
83660  25.985  -0.640  -3.545 1.0000000000
81831  24.914  -2.026  -3.955 1.0000000000
149822  23.862  -1.810  -5.342 1.0000000000
82734  24.244  -1.206  -5.253 1.0000000000
81817  27.897  -2.451  -2.881 0.8750000000
84658  23.794  0.800  -6.313 1.0000000000
129289  22.266  0.023  -6.552 1.0000000000
83692  24.031  0.071  -6.257 1.0000000000
83681  23.595  -0.567  -6.241 1.0000000000
83670  24.688  -0.500  -5.047 1.0000000000
82735  23.582  -1.344  -5.910 1.0000000000
84641  25.085  0.298  -4.727 1.0000000000
84625  26.518  0.122  -3.517 1.0000000000
130801  27.404  -0.248  -3.291 1.0000000000
85584  19.719  1.326  -4.923 0.6250000000
85593  21.289  1.409  -6.423 1.0000000000
85592  22.137  1.315  -6.523 1.0000000000
125196  22.636  2.008  -6.550 1.0000000000
85591  22.963  1.094  -6.473 1.0000000000
137600  23.090  2.788  -6.428 1.0000000000
86526  23.789  2.488  -5.733 1.0000000000
132042  24.131  1.910  -5.666 1.0000000000
85558  26.906  1.764  -3.523 1.0000000000
85572  24.643  1.681  -5.109 1.0000000000
85581  24.238  1.285  -5.872 1.0000000000
89349  20.414  5.315  -6.307 0.7500000000
88429  21.769  4.370  -7.313 1.0000000000
88405  20.492  4.295  -5.921 0.7500000000
143696  21.174  2.259  -6.533 1.0000000000
87502  23.563  3.152  -5.786 1.0000000000
86549  21.311  3.013  -7.056 1.0000000000
87514  22.560  3.633  -6.846 1.0000000000
87501  24.107  3.075  -5.066 1.0000000000
88428  22.259  4.386  -7.185 1.0000000000
89363  22.968  4.999  -6.004 1.0000000000
88403  24.272  4.102  -4.767 1.0000000000
88417  23.136  4.267  -5.808 1.0000000000
137331  26.585  3.916  -3.448 1.0000000000
88387  24.008  5.083  -4.672 1.0000000000
135897  23.861  5.873  -4.569 1.0000000000
91211  23.676  7.456  -4.480 1.0000000000
137637  23.040  7.179  -5.243 1.0000000000
95997  21.927  12.628  -3.401 0.1250000000
97026  21.440  13.732  -4.185 0.1250000000
96007  21.435  12.906  -4.032 0.1250000000
97024  22.550  14.384  -6.166 0.2500000000
96020  21.468  12.828  -4.380 0.3750000000
96028  22.358  13.131  -5.823 0.5000000000
97022  24.871  13.518  -4.902 0.5000000000
96018  24.371  13.004  -4.943 0.7500000000
98957  25.270  15.983  -4.903 0.2500000000
98976  26.963  15.726  -5.539 0.2500000000
74885  19.445  -9.092  -0.893 0.1250000000
74900  19.506  -9.261  -1.076 0.1250000000
74910  20.450  -9.601  -2.319 0.6250000000
87488  19.119  3.552  -4.573 0.5000000000
85573  19.095  1.750  -4.381 0.6250000000
86536  20.836  1.940  -6.096 0.8750000000
86527  20.328  2.458  -5.654 0.7500000000
87504  19.661  2.996  -5.165 0.8750000000
130528  20.822  2.735  -6.415 1.0000000000
87525  21.880  3.702  -7.246 1.0000000000
137280  22.560  7.942  -5.833 1.0000000000
91201  24.978  8.184  -3.786 1.0000000000
90300  26.179  6.698  -3.435 1.0000000000
95042  21.036  12.203  -4.741 0.3750000000
95041  23.295  11.609  -5.289 0.7500000000
95047  22.942  12.527  -5.948 0.7500000000
95048  22.520  12.536  -5.828 0.5000000000
95040  23.800  12.310  -5.196 0.7500000000
98975  27.442  15.684  -5.980 0.2500000000
98064  27.722  14.816  -6.359 0.3750000000
71110  22.580  -13.970  -1.236 0.7500000000
71108  24.168  -14.078  -1.431 0.7500000000
71111  21.587  -13.343  -1.481 0.7500000000
72076  21.186  -12.693  -1.754 0.7500000000
72074  23.841  -13.176  -2.027 0.7500000000
72075  22.652  -13.181  -2.046 0.7500000000
130359  21.761  -12.766  -2.089 0.7500000000
72089  23.242  -12.427  -2.518 0.7500000000
72090  22.378  -12.253  -2.438 0.7500000000
73057  21.291  -11.151  -2.313 0.7500000000
73944  20.757  -10.452  -2.116 0.6250000000
143439  22.927  -11.731  -2.900 0.7500000000
73056  22.195  -11.288  -2.749 0.8750000000
72088  24.113  -12.288  -2.386 0.7500000000
73055  23.628  -11.552  -2.765 0.7500000000
144713  23.124  -10.920  -3.519 0.8750000000
73960  22.664  -10.275  -3.761 0.8750000000
73941  24.832  -10.963  -2.951 0.7500000000
130736  24.057  -10.798  -2.966 0.7500000000
148519  23.849  -10.368  -3.573 0.8750000000
73957  25.332  -10.164  -3.639 0.7500000000
74926  24.429  -9.866  -3.684 0.8750000000
145147  23.779  -9.488  -3.774 0.8750000000
75916  26.266  -9.058  -4.410 0.8750000000
75917  25.478  -8.974  -4.070 0.8750000000
76928  25.938  -8.391  -4.245 0.8750000000
148632  25.456  -7.894  -3.811 0.8750000000
76954  27.964  -7.139  -5.590 0.3750000000
77918  27.452  -7.301  -5.466 0.6250000000
77919  26.809  -7.223  -4.780 0.7500000000
77903  25.953  -7.463  -3.887 0.7500000000
77917  28.579  -6.842  -5.627 0.5000000000
146995  27.862  -6.868  -5.595 0.5000000000
77928  27.956  -6.400  -5.675 0.7500000000
78925  27.589  -5.854  -4.682 0.7500000000
78947  29.046  -5.457  -6.764 0.1250000000
78948  28.794  -5.255  -6.703 0.3750000000
78924  28.072  -5.660  -5.612 0.6250000000
79930  27.838  -4.806  -4.225 0.6250000000
139595  30.625  -4.435  -6.799 0.1250000000
124972  29.560  -4.723  -6.980 0.1250000000
79959  28.610  -4.613  -7.426 0.1250000000
79977  27.928  -4.143  -8.162 0.1250000000
81844  28.783  -3.314  -5.594 0.6250000000
81829  28.747  -3.064  -4.311 0.6250000000
80927  29.022  -4.316  -8.234 0.1250000000
81879  29.433  -2.713  -9.103 0.1250000000
81855  28.748  -2.715  -7.174 0.1250000000
81843  29.052  -2.566  -5.919 0.5000000000
81815  29.042  -2.204  -3.957 0.6250000000
82707  29.339  -1.601  -4.192 0.7500000000
127688  29.977  -3.751  -8.139 0.1250000000
82733  29.422  -1.856  -6.188 0.5000000000
83679  29.909  -0.944  -5.332 0.5000000000
83668  29.648  -1.056  -4.500 0.6250000000
83657  29.289  -0.634  -3.780 0.7500000000
139348  20.420  8.181  -6.730 0.6250000000
93049  20.857  9.772  -6.611 0.5000000000
92139  21.752  8.845  -6.037 0.7500000000
84657  30.104  0.576  -5.922 0.6250000000
134000  29.508  1.241  -3.933 0.6250000000
85569  28.665  1.327  -3.575 0.8750000000
85590  30.172  1.381  -5.884 0.5000000000
136037  30.000  1.094  -4.863 0.6250000000
85568  29.640  2.042  -4.414 0.6250000000
86513  29.154  2.218  -3.727 0.7500000000
133419  20.713  9.786  -6.023 0.7500000000
85557  27.920  2.098  -3.485 0.8750000000
88373  27.142  4.513  -3.289 0.8750000000
89324  26.795  5.294  -3.371 0.8750000000
86512  29.731  2.925  -3.972 0.7500000000
88371  29.020  4.361  -3.627 0.8750000000
88372  28.149  4.431  -3.308 0.8750000000
89322  28.784  5.158  -3.631 0.8750000000
90298  28.821  6.084  -3.828 0.8750000000
146471  30.292  1.968  -6.611 0.3750000000
127979  29.980  2.806  -5.949 0.5000000000
87483  29.580  3.442  -4.479 0.6250000000
86547  30.307  2.088  -7.950 0.2500000000
133648  29.872  2.791  -7.001 0.3750000000
87512  29.706  3.537  -6.343 0.5000000000
128016  21.541  10.294  -5.568 0.6250000000
93041  22.455  10.189  -5.068 0.7500000000
92138  22.860  8.719  -5.438 0.8750000000
93047  23.105  9.421  -4.919 0.7500000000
92129  23.624  8.547  -4.553 0.8750000000
90301  25.277  6.210  -3.673 0.8750000000
91207  27.260  7.216  -3.478 0.7500000000
131027  28.603  6.873  -3.830 0.8750000000
88383  29.469  4.233  -4.795 0.6250000000
88384  29.422  4.722  -3.954 0.7500000000
127689  29.439  5.743  -5.577 0.7500000000
86548  29.978  2.877  -7.938 0.2500000000
94063  22.069  10.982  -5.354 0.6250000000
93035  23.703  9.465  -3.984 0.8750000000
138068  24.981  8.931  -3.648 0.8750000000
91200  25.916  8.099  -3.432 0.8750000000
93033  25.583  9.496  -3.516 0.7500000000
92126  27.941  8.139  -3.583 0.8750000000
91221  28.878  7.353  -5.169 0.7500000000
89362  29.470  5.415  -6.640 0.5000000000
88458  28.795  4.341  -10.480 0.2500000000
89386  29.397  4.964  -8.377 0.5000000000
88416  29.543  4.374  -6.715 0.5000000000
87545  29.755  3.447  -9.845 0.2500000000
135272  22.045  11.689  -5.414 0.5000000000
94058  23.473  10.854  -4.459 0.6250000000
94051  23.950  10.263  -3.842 0.7500000000
94049  25.939  10.387  -3.582 0.7500000000
94047  27.222  10.156  -3.766 0.7500000000
93046  28.454  9.562  -5.319 0.7500000000
143796  27.351  9.497  -3.666 0.7500000000
94056  27.070  10.907  -3.996 0.7500000000
135957  28.492  8.904  -4.980 0.7500000000
92137  28.596  8.173  -5.059 0.7500000000
92147  28.625  8.838  -5.915 0.7500000000
91254  29.209  6.795  -8.018 0.5000000000
91255  28.744  7.374  -8.569 0.3750000000
146001  28.828  7.575  -6.765 0.6250000000
89398  28.944  5.054  -10.054 0.2500000000
138359  28.676  5.725  -9.926 0.3750000000
90350  28.824  6.421  -8.986 0.3750000000
95039  24.891  12.039  -4.397 0.6250000000
94057  24.247  11.232  -4.268 0.7500000000
95032  26.307  11.106  -3.780 0.7500000000
95037  28.113  10.768  -4.935 0.7500000000
127368  28.517  10.066  -7.053 0.7500000000
93054  28.514  9.201  -6.943 0.6250000000
90363  27.303  6.712  -10.841 0.3750000000
92176  28.264  7.961  -9.121 0.3750000000
88479  27.980  4.497  -11.514 0.1250000000
89439  26.561  5.043  -12.439 0.1250000000
90370  27.348  5.906  -11.359 0.2500000000
138766  25.866  11.894  -4.072 0.6250000000
95038  26.755  11.705  -4.227 0.7500000000
95045  28.243  11.308  -5.636 0.6250000000
94068  28.545  10.648  -6.358 0.7500000000
92177  27.833  8.662  -9.301 0.3750000000
93063  28.559  9.617  -7.682 0.3750000000
90376  25.972  6.025  -12.363 0.2500000000
91276  27.460  7.481  -10.355 0.3750000000
92160  28.653  8.777  -7.855 0.6250000000
88507  24.916  4.632  -14.470 0.1250000000
89455  25.150  5.009  -13.112 0.1250000000
88489  25.971  3.964  -12.656 0.1250000000
96016  26.329  12.564  -4.448 0.6250000000
137604  28.599  12.172  -7.012 0.3750000000
95046  27.862  12.212  -5.359 0.3750000000
95064  28.547  11.171  -8.032 0.3750000000
130820  26.228  7.899  -11.588 0.2500000000
92183  27.363  8.940  -9.812 0.3750000000
94071  28.584  10.326  -7.849 0.3750000000
90389  24.713  5.821  -13.039 0.1250000000
91286  26.356  6.977  -11.895 0.3750000000
91277  26.781  7.535  -11.033 0.3750000000
89478  24.158  4.800  -16.495 0.1250000000
97049  27.938  14.069  -6.051 0.3750000000
97020  26.863  13.200  -4.894 0.3750000000
96015  27.213  12.351  -4.714 0.3750000000
138436  28.533  12.060  -7.776 0.3750000000
96037  28.504  12.908  -6.670 0.3750000000
93094  26.686  10.080  -10.509 0.3750000000
134247  27.782  10.976  -8.747 0.3750000000
95056  28.598  11.552  -7.359 0.3750000000
92193  26.388  8.641  -11.043 0.3750000000
139572  26.813  9.223  -10.399 0.3750000000
94085  27.501  10.362  -9.369 0.3750000000
124777  20.414  6.044  -17.337 0.1250000000
90390  24.057  6.452  -13.506 0.1250000000
90378  24.356  6.705  -13.066 0.2500000000
124771  21.728  4.393  -16.637 0.1250000000
97065  28.055  13.487  -8.729 0.2500000000
96070  27.470  12.439  -9.710 0.2500000000
96060  27.860  12.589  -8.976 0.3750000000
96048  28.560  12.794  -7.432 0.3750000000
92202  25.349  8.420  -12.558 0.1250000000
95079  27.378  11.655  -10.020 0.3750000000
95073  27.564  11.751  -9.163 0.3750000000
92194  25.899  8.565  -11.857 0.1250000000
93107  26.343  9.534  -10.886 0.2500000000
141908  20.625  6.966  -16.188 0.1250000000
91296  24.965  7.406  -12.739 0.1250000000
147266  28.110  14.261  -6.668 0.3750000000
98069  28.349  13.991  -7.251 0.3750000000
139651  27.249  13.002  -10.067 0.2500000000
94114  25.728  10.079  -12.074 0.1250000000
95086  26.190  11.460  -11.236 0.1250000000
92203  24.564  8.399  -13.125 0.1250000000
95087  25.768  10.934  -12.021 0.1250000000
141879  19.585  7.766  -17.573 0.1250000000
124722  20.941  8.395  -15.248 0.1250000000
140075  25.625  12.786  -12.012 0.1250000000
142000  22.738  8.632  -13.889 0.1250000000
144146  25.334  10.561  -12.461 0.1250000000
124724  20.645  9.883  -17.592 0.1250000000
141918  19.680  8.713  -17.887 0.1250000000
73959  23.349  -10.069  -3.864 0.8750000000
75937  26.685  -8.523  -4.974 0.6250000000
131837  30.188  0.046  -5.026 0.6250000000
87484  29.509  3.792  -3.847 0.8750000000
88402  29.483  4.852  -5.706 0.5000000000
87537  29.785  3.351  -8.627 0.3750000000
94059  22.791  10.934  -4.973 0.6250000000
93040  23.195  10.173  -4.397 0.8750000000
93034  24.515  9.549  -3.644 0.8750000000
94050  24.908  10.363  -3.648 0.7500000000
92121  25.577  8.711  -3.509 0.8750000000
92119  27.215  8.889  -3.521 0.7500000000
92125  28.397  8.545  -4.197 0.7500000000
91206  28.672  7.630  -4.069 0.7500000000
148797  29.409  5.475  -7.560 0.5000000000
90340  29.282  6.153  -7.282 0.5000000000
90325  29.414  6.374  -6.335 0.7500000000
89387  29.130  5.482  -9.191 0.5000000000
141907  21.615  6.543  -14.923 0.1250000000
95080  26.772  11.560  -10.541 0.2500000000
93124  24.956  9.195  -12.923 0.1250000000
124849  19.700  8.802  -16.654 0.1250000000
80918  28.567  -4.250  -6.639 0.5000000000
80906  28.555  -4.105  -5.344 0.6250000000
80894  27.874  -3.867  -3.529 0.7500000000
132594  30.008  -0.401  -6.190 0.3750000000
85612  30.629  1.181  -8.598 0.2500000000
90297  29.139  5.955  -4.631 0.7500000000
126342  23.691  6.970  -13.422 0.1250000000
86568  30.528  2.192  -9.936 0.1250000000
70139  23.076  -14.740  -0.869 0.7500000000
70140  22.145  -14.576  -0.673 0.7500000000
71095  20.957  -13.628  -0.757 0.7500000000
72061  20.774  -12.912  -1.206 0.7500000000
70138  23.874  -14.763  -0.955 0.7500000000
73040  20.762  -11.366  -1.664 0.6250000000
72091  21.392  -12.033  -2.162 0.7500000000
145787  24.577  -12.779  -2.069 0.6250000000
73054  24.473  -11.516  -2.647 0.7500000000
73053  25.310  -11.496  -2.698 0.6250000000
74940  26.914  -9.052  -4.739 0.5000000000
75915  27.529  -8.829  -4.538 0.3750000000
75936  27.294  -8.475  -5.201 0.5000000000
78940  29.461  -5.947  -6.281 0.1250000000
143540  29.693  -5.256  -6.408 0.1250000000
79957  31.373  -4.049  -6.988 0.1250000000
80925  32.080  -3.446  -8.277 0.1250000000
80935  31.550  -2.926  -8.923 0.1250000000
81878  30.658  -2.573  -9.310 0.1250000000
92148  20.584  8.961  -6.285 0.3750000000
81896  29.739  -2.139  -9.578 0.1250000000
82765  28.950  -1.760  -9.229 0.1250000000
83701  29.872  -0.232  -8.064 0.1250000000
84673  30.339  0.584  -7.659 0.2500000000
85606  30.451  1.316  -7.592 0.2500000000
94065  20.898  10.731  -5.584 0.5000000000
130432  29.464  3.421  -10.802 0.1250000000
140003  30.106  2.882  -9.622 0.2500000000
88478  28.216  4.003  -12.275 0.1250000000
89438  27.049  4.115  -12.517 0.1250000000
150132  25.528  3.787  -13.333 0.1250000000
143950  25.457  3.934  -14.128 0.1250000000
88521  23.346  4.722  -17.342 0.1250000000
125082  23.859  4.640  -17.108 0.1250000000
141920  20.572  6.711  -18.228 0.1250000000
142083  22.269  8.570  -20.200 0.1250000000
96996  23.247  14.005  -3.079 0.1250000000
98084  27.667  14.729  -8.889 0.2500000000
98093  27.326  14.718  -9.659 0.1250000000
98094  26.731  14.803  -10.328 0.1250000000
125020  24.378  9.373  -13.493 0.1250000000
149262  25.192  12.464  -12.392 0.1250000000
147709  21.201  9.236  -14.439 0.1250000000
141859  21.222  9.773  -19.210 0.1250000000
141952  21.005  10.396  -14.900 0.1250000000
78913  26.214  -6.460  -3.637 0.7500000000
84623  28.268  0.668  -3.475 0.7500000000
84640  29.092  0.464  -3.644 0.7500000000
90318  19.515  7.118  -6.997 0.3750000000
90286  27.605  5.787  -3.412 0.8750000000
75918  24.540  -9.108  -3.760 0.8750000000
73943  21.594  -10.567  -2.825 0.7500000000
73942  22.349  -10.611  -3.411 0.8750000000
145659  23.148  -9.414  -3.918 0.8750000000
86501  28.499  2.786  -3.528 0.8750000000
91210  24.496  7.499  -4.047 0.8750000000
91208  26.317  7.483  -3.426 0.8750000000
90287  26.983  6.206  -3.441 0.8750000000
97039  27.478  13.700  -5.466 0.3750000000
98995  27.446  15.899  -7.844 0.1250000000
130937  27.638  15.022  -8.096 0.2500000000
71094  21.665  -13.973  -0.870 0.7500000000
71109  23.371  -13.771  -1.637 0.7500000000
70152  23.483  -14.329  -1.299 0.7500000000
73958  24.686  -10.425  -3.341 0.7500000000
74925  25.579  -9.567  -3.929 0.7500000000
74924  26.508  -9.601  -4.193 0.6250000000
146900  26.504  -7.984  -4.827 0.7500000000
76942  28.249  -7.547  -5.227 0.2500000000
76943  27.631  -7.814  -5.453 0.5000000000
76944  26.968  -7.935  -5.458 0.6250000000
134092  27.458  -6.707  -5.173 0.7500000000
77927  28.241  -6.608  -5.893 0.5000000000
77926  28.815  -6.290  -6.358 0.2500000000
77916  29.283  -6.501  -5.872 0.1250000000
79958  28.701  -4.714  -7.599 0.2500000000
79945  28.432  -5.115  -6.386 0.3750000000
79929  28.379  -4.787  -5.127 0.6250000000
79968  30.058  -4.199  -7.533 0.1250000000
80926  31.115  -3.695  -7.765 0.1250000000
79970  28.347  -4.548  -8.121 0.1250000000
81856  28.628  -3.485  -6.928 0.5000000000
81867  27.880  -3.532  -8.023 0.1250000000
81881  28.000  -3.589  -8.270 0.1250000000
80937  29.213  -3.451  -8.491 0.1250000000
81866  28.436  -2.822  -8.284 0.1250000000
82744  29.318  -1.956  -7.344 0.1250000000
82720  29.562  -1.750  -5.064 0.6250000000
83691  29.686  -0.944  -7.456 0.1250000000
84639  29.736  0.307  -4.201 0.6250000000
86524  29.541  2.786  -4.989 0.6250000000
89334  29.283  5.438  -4.002 0.7500000000
90314  29.233  6.573  -5.390 0.7500000000
149328  29.540  4.116  -5.791 0.5000000000
135448  28.247  7.306  -3.634 0.7500000000
88427  29.586  4.211  -7.870 0.3750000000
92127  26.863  8.119  -3.438 0.7500000000
91243  28.927  6.920  -7.019 0.6250000000
135064  28.953  7.929  -6.001 0.7500000000
89377  29.491  4.900  -7.402 0.5000000000
88469  28.339  4.089  -11.192 0.1250000000
88457  29.306  3.969  -10.185 0.2500000000
88468  28.785  3.741  -10.971 0.1250000000
95033  25.368  11.176  -3.837 0.7500000000
94054  28.140  10.061  -4.792 0.7500000000
91232  28.623  8.313  -6.875 0.6250000000
90356  28.334  6.527  -9.800 0.3750000000
91267  28.000  7.337  -9.754 0.3750000000
89411  28.292  4.886  -10.623 0.1250000000
89412  27.714  5.248  -11.037 0.3750000000
95051  28.506  11.452  -6.628 0.3750000000
90371  26.900  5.972  -12.039 0.3750000000
89425  27.478  5.003  -12.005 0.1250000000
89440  25.460  5.107  -12.732 0.1250000000
88506  25.249  4.479  -13.530 0.1250000000
92184  27.077  8.339  -10.394 0.3750000000
92168  27.697  9.471  -9.131 0.3750000000
89479  23.595  5.811  -16.203 0.1250000000
87580  22.654  4.529  -17.039 0.1250000000
89465  24.805  5.638  -13.845 0.1250000000
128359  27.538  12.906  -5.243 0.3750000000
91295  25.670  6.896  -12.415 0.2500000000
124856  22.048  4.882  -16.242 0.1250000000
144984  22.706  6.394  -16.099 0.1250000000
89467  23.255  6.728  -15.457 0.1250000000
97038  28.087  13.117  -5.887 0.3750000000
94100  26.512  10.841  -10.673 0.3750000000
93093  27.225  9.802  -9.919 0.3750000000
124799  21.224  4.807  -17.023 0.1250000000
124720  21.632  6.129  -16.334 0.1250000000
141917  19.931  6.926  -17.173 0.1250000000
124780  20.094  7.707  -18.189 0.1250000000
142010  22.620  7.109  -14.385 0.1250000000
89492  22.165  5.499  -17.919 0.1250000000
89498  21.702  5.871  -18.462 0.1250000000
140497  27.630  14.016  -9.275 0.2500000000
151031  27.859  14.102  -8.780 0.2500000000
96078  27.106  12.359  -10.338 0.2500000000
91297  24.050  7.572  -13.270 0.1250000000
140077  26.755  13.150  -10.573 0.1250000000
96089  26.115  12.356  -11.564 0.1250000000
96090  25.637  11.906  -12.172 0.1250000000
124871  21.753  8.080  -14.274 0.1250000000
142058  20.599  8.688  -18.701 0.1250000000
124723  22.607  7.605  -14.007 0.1250000000
144624  25.836  14.233  -11.369 0.1250000000
97084  26.471  14.062  -10.781 0.1250000000
69081  22.588  -15.304  -0.437 0.7500000000
69080  23.426  -15.328  -0.466 0.7500000000
70141  21.213  -14.390  -0.255 0.7500000000
69082  21.795  -15.078  -0.232 0.7500000000
73940  25.641  -10.860  -3.317 0.6250000000
82777  29.377  -1.708  -9.475 0.1250000000
82776  30.362  -1.598  -9.826 0.1250000000
83702  29.422  -1.093  -8.670 0.1250000000
88487  27.501  3.484  -12.704 0.1250000000
150873  21.718  6.906  -19.339 0.1250000000
142061  20.922  7.440  -19.126 0.1250000000
69067  22.942  -16.043  -0.040 0.6250000000
69079  24.124  -15.154  -0.312 0.3750000000
71080  25.074  -14.080  -0.174 0.2500000000
71093  24.919  -13.893  -1.051 0.3750000000
74923  27.167  -9.462  -4.105 0.3750000000
133493  21.062  10.271  -6.429 0.3750000000
95043  21.021  11.584  -5.201 0.2500000000
95049  22.098  12.452  -5.059 0.2500000000
72072  25.267  -12.642  -1.615 0.5000000000
73052  26.054  -11.355  -2.742 0.3750000000
69065  24.339  -15.430  0.517 0.5000000000
73956  26.095  -10.241  -3.816 0.5000000000
67022  22.434  -17.177  0.627 0.6250000000
125277  20.544  -13.109  -0.305 0.3750000000
70132  20.539  -14.403  0.502 0.3750000000
140656  22.884  -16.665  0.443 0.6250000000
69068  22.012  -15.766  0.056 0.6250000000
70131  21.136  -15.203  0.378 0.6250000000
67982  23.986  -16.698  1.225 0.3750000000
67999  24.055  -16.058  0.709 0.5000000000
72062  20.533  -12.454  -0.639 0.2500000000
70120  24.831  -14.918  1.161 0.3750000000
71092  25.425  -13.409  -0.440 0.2500000000
72060  25.211  -13.208  -1.105 0.2500000000
73039  25.681  -11.899  -2.068 0.3750000000
74908  26.826  -10.090  -3.670 0.2500000000
82686  17.155  -2.386  -2.640 0.1250000000
84631  17.828  1.188  -2.931 0.2500000000
75914  28.206  -8.428  -3.935 0.2500000000
87467  18.614  3.024  -4.059 0.3750000000
86518  18.505  2.211  -3.814 0.2500000000
89350  19.620  6.099  -5.880 0.2500000000
95035  20.410  11.557  -4.605 0.2500000000
83662  17.600  -0.845  -2.651 0.1250000000
81803  17.334  -2.806  -2.699 0.2500000000
74899  20.064  -9.798  -1.407 0.2500000000
86517  19.111  2.629  -4.463 0.3750000000
72087  24.933  -12.186  -2.344 0.5000000000
71096  20.584  -13.773  0.068 0.5000000000
138571  24.509  -14.534  -0.744 0.5000000000
72073  24.659  -13.307  -1.573 0.5000000000
75899  27.746  -8.996  -3.518 0.2500000000
147289  20.639  -12.425  -1.176 0.3750000000
72077  20.799  -12.277  -1.570 0.3750000000
73930  20.452  -10.533  -1.355 0.2500000000
125111  20.532  -11.895  -1.065 0.3750000000
73939  26.411  -10.692  -3.219 0.2500000000
68000  23.475  -16.403  0.515 0.6250000000
69066  23.748  -15.771  0.100 0.5000000000
70130  24.664  -14.719  0.198 0.2500000000
71079  25.611  -13.556  0.444 0.2500000000
69051  24.531  -15.786  1.442 0.3750000000
73021  26.093  -12.197  -1.218 0.2500000000
144584  26.624  -10.886  -2.427 0.2500000000
81788  17.366  -2.691  -2.720 0.1250000000
67983  21.075  -17.049  1.256 0.5000000000
67008  23.495  -17.469  1.473 0.2500000000
65962  22.961  -18.054  1.792 0.3750000000
67009  22.704  -17.723  1.050 0.5000000000
67023  21.795  -17.004  0.674 0.5000000000
67011  20.351  -17.479  1.774 0.3750000000
67984  20.528  -16.140  1.378 0.5000000000
68002  21.406  -16.174  0.742 0.5000000000
66995  19.388  -17.440  2.814 0.1250000000
135316  20.383  -14.914  1.055 0.2500000000
64892  19.405  -20.164  3.193 0.1250000000
65951  19.661  -18.307  2.515 0.2500000000
65949  21.164  -18.840  1.664 0.3750000000
64917  21.943  -18.968  1.616 0.3750000000
145884  21.670  -18.419  1.379 0.5000000000
65933  19.167  -18.324  3.162 0.1250000000
65950  20.319  -18.402  1.934 0.3750000000
67969  19.459  -16.478  2.727 0.1250000000
69053  19.545  -15.113  1.961 0.1250000000
147922  30.449  0.857  -8.105 0.1250000000
67021  23.218  -17.109  0.777 0.3750000000
68001  22.251  -16.498  0.374 0.5000000000
70121  20.107  -14.256  1.257 0.2500000000
131527  20.234  -13.820  0.780 0.2500000000
67007  24.219  -17.240  1.990 0.2500000000
65964  21.072  -18.013  1.472 0.5000000000
67010  21.848  -17.768  0.957 0.5000000000
65963  22.264  -18.331  1.354 0.3750000000
143898  20.221  -16.723  1.705 0.2500000000
67985  19.676  -16.040  1.977 0.1250000000
69052  20.016  -15.391  1.524 0.1250000000
69069  20.718  -15.564  1.036 0.1250000000
66980  19.284  -17.644  3.592 0.1250000000
143134  19.878  -17.709  2.250 0.2500000000
67957  19.386  -16.844  3.394 0.1250000000
67012  19.797  -16.958  2.226 0.1250000000
145526  19.851  -14.745  1.590 0.1250000000
65934  18.974  -19.179  3.520 0.1250000000
64905  19.617  -19.198  2.728 0.1250000000
148258  19.985  -18.836  2.286 0.3750000000
65948  22.570  -18.722  1.964 0.2500000000
64904  20.514  -19.387  2.106 0.2500000000
64903  21.548  -19.510  1.998 0.2500000000
73023  20.477  -10.947  -0.808 0.2500000000
65947  23.232  -18.434  2.470 0.2500000000
64890  21.189  -20.106  2.533 0.1250000000
73008  20.480  -10.995  -0.108 0.1250000000
92149  20.269  8.284  -6.651 0.1250000000
91236  19.649  7.772  -6.940 0.1250000000
93056  20.528  9.079  -6.126 0.1250000000
93051  19.762  9.257  -5.386 0.1250000000
93043  18.774  9.432  -4.392 0.1250000000
94060  20.047  10.989  -5.087 0.1250000000
93050  20.486  10.043  -5.755 0.1250000000
93027  18.248  10.141  -2.135 0.1250000000
93042  19.100  10.409  -5.004 0.1250000000
91223  19.265  7.723  -6.109 0.1250000000
94052  19.505  10.880  -4.129 0.1250000000
94030  20.332  10.160  -2.201 0.1250000000
139295  19.062  6.316  -4.836 0.1250000000
90304  19.103  6.987  -5.557 0.1250000000
85562  17.555  1.636  -3.019 0.1250000000
71081  20.299  -13.254  0.600 0.1250000000
73007  20.460  -11.753  0.495 0.1250000000
87468  17.643  3.586  -2.921 0.1250000000
89339  18.143  5.974  -4.334 0.1250000000
91212  18.857  7.715  -4.820 0.1250000000
92130  18.572  8.516  -3.981 0.1250000000
93028  17.885  9.177  -1.698 0.1250000000
93018  21.110  10.054  -1.766 0.1250000000
94029  21.425  10.329  -1.746 0.1250000000
94041  21.089  10.920  -2.689 0.1250000000
89338  18.984  5.545  -4.846 0.1250000000
74911  19.763  -9.164  -1.739 0.1250000000
73022  20.480  -11.740  -0.259 0.1250000000
72042  20.398  -12.496  0.335 0.1250000000
86506  18.052  2.388  -3.432 0.1250000000
73931  20.205  -10.156  -0.914 0.1250000000
73901  20.430  -10.431  -0.279 0.1250000000
92141  19.151  8.508  -5.146 0.1250000000
93037  18.233  9.240  -2.922 0.1250000000
135235  19.151  10.289  -2.955 0.1250000000
93020  18.607  9.624  -1.313 0.1250000000
95022  20.438  11.389  -3.766 0.1250000000
94042  19.862  10.660  -2.869 0.1250000000
92111  18.721  9.436  -0.997 0.1250000000
94022  21.952  10.177  -1.002 0.1250000000
67968  24.565  -16.471  2.064 0.1250000000
69050  25.154  -15.196  1.993 0.1250000000
70129  25.238  -14.235  0.789 0.1250000000
72041  25.969  -12.929  0.078 0.1250000000
72059  25.729  -12.795  -0.772 0.1250000000
73038  26.484  -11.408  -1.669 0.1250000000
73916  27.657  -10.642  -0.480 0.1250000000
73929  27.210  -10.617  -1.629 0.1250000000
74897  28.231  -9.235  -1.464 0.1250000000
73938  27.064  -10.364  -2.764 0.1250000000
75884  28.550  -8.506  -1.749 0.1250000000
74906  27.977  -9.121  -2.472 0.1250000000
75898  28.408  -8.475  -2.832 0.1250000000
65932  22.786  -19.093  2.620 0.1250000000
64902  22.235  -19.292  2.106 0.1250000000
65946  23.904  -18.237  2.795 0.1250000000
69043  24.942  -15.829  2.245 0.1250000000
70119  25.525  -14.506  1.668 0.1250000000
70118  25.918  -13.801  1.335 0.1250000000
72040  26.579  -12.507  0.506 0.1250000000
72058  26.336  -12.346  -0.317 0.1250000000
73019  27.285  -11.326  -0.144 0.1250000000
75868  28.755  -8.741  -0.975 0.1250000000
76914  28.742  -7.789  -3.202 0.1250000000
76913  29.273  -7.160  -2.599 0.1250000000
76895  28.816  -7.704  -2.060 0.1250000000
76927  28.586  -7.799  -4.325 0.1250000000
74907  27.437  -9.721  -3.176 0.1250000000
66994  23.700  -17.826  2.240 0.1250000000
136756  24.682  -16.972  2.562 0.1250000000
73020  26.667  -11.691  -0.652 0.1250000000
73037  27.039  -11.118  -0.895 0.1250000000
74884  27.833  -9.879  -1.014 0.1250000000
74898  27.623  -9.821  -2.074 0.1250000000
75883  29.258  -8.033  -1.051 0.1250000000
64888  22.921  -19.446  3.232 0.1250000000
130404  23.545  -18.833  3.235 0.1250000000
70109  25.935  -14.885  2.375 0.1250000000
76912  30.044  -6.860  -2.300 0.1250000000
75935  28.011  -8.321  -5.002 0.2500000000
76941  28.868  -7.160  -4.708 0.1250000000
78939  30.491  -4.777  -6.267 0.1250000000
78941  28.321  -6.045  -6.316 0.6250000000
78943  21.957  -5.114  -5.294 1.0000000000
79946  22.776  -4.806  -5.176 1.0000000000
79948  21.711  -4.416  -5.503 1.0000000000
79969  29.162  -4.775  -7.915 0.1250000000
79971  28.148  -4.482  -8.021 0.1250000000
80893  28.349  -3.961  -4.266 0.7500000000
80928  27.949  -4.000  -7.871 0.1250000000
80936  30.608  -3.201  -8.572 0.1250000000
80938  28.261  -3.959  -8.313 0.1250000000
81821  17.142  -2.411  -2.629 0.2500000000
81828  29.203  -2.420  -4.758 0.6250000000
81832  24.346  -2.611  -4.403 1.0000000000
81846  23.352  -2.317  -5.677 1.0000000000
81848  20.698  -2.391  -5.374 1.0000000000
81880  28.580  -2.888  -8.517 0.1250000000
81897  28.917  -2.215  -9.238 0.1250000000
82708  28.952  -1.601  -3.497 0.7500000000
82709  28.317  -1.692  -3.012 1.0000000000
82736  20.895  -1.092  -5.932 1.0000000000
82745  23.073  -1.038  -6.530 1.0000000000
82747  21.963  -1.276  -6.563 1.0000000000
82757  29.187  -1.900  -8.392 0.1250000000
83659  26.906  -0.778  -3.144 1.0000000000
83682  20.568  -0.533  -5.522 1.0000000000
83690  30.232  0.091  -6.981 0.2500000000
83695  21.673  -0.372  -6.480 1.0000000000
84642  24.527  0.134  -5.609 1.0000000000
84650  24.306  0.652  -5.980 1.0000000000
84660  21.776  0.575  -6.491 1.0000000000
85561  17.822  1.900  -3.248 0.2500000000
85580  29.907  2.040  -5.449 0.6250000000
85583  20.292  1.641  -5.517 0.7500000000
85589  30.418  1.016  -6.737 0.2500000000
85594  20.765  1.113  -5.982 1.0000000000
86525  24.293  2.326  -5.249 1.0000000000
86535  21.784  2.167  -6.635 1.0000000000
86559  30.585  1.852  -9.036 0.1250000000
86560  30.196  2.521  -8.874 0.2500000000
87487  24.956  3.387  -4.554 1.0000000000
87500  29.563  3.506  -5.399 0.5000000000
87503  20.410  3.344  -5.782 0.8750000000
87524  29.693  3.528  -7.377 0.3750000000
87526  21.288  3.993  -7.175 1.0000000000
88385  25.478  4.565  -3.795 1.0000000000
88404  23.446  4.608  -5.204 1.0000000000
88418  22.751  4.367  -6.532 1.0000000000
88419  20.907  4.570  -6.790 0.7500000000
88443  29.468  4.079  -9.028 0.2500000000
88500  25.449  4.163  -12.952 0.1250000000
88513  24.651  4.839  -15.593 0.1250000000
88514  22.768  4.579  -16.639 0.1250000000
88517  23.023  4.506  -16.956 0.1250000000
88525  23.122  5.248  -17.886 0.1250000000
89323  27.824  5.167  -3.318 0.8750000000
89333  29.377  5.167  -4.725 0.7500000000
89335  25.299  5.320  -3.697 1.0000000000
89364  22.390  5.221  -6.956 1.0000000000
89397  29.255  4.666  -9.587 0.2500000000
89466  24.203  5.633  -14.908 0.1250000000
89491  22.857  5.369  -18.664 0.1250000000
89497  22.252  5.685  -18.926 0.1250000000
90285  28.287  5.754  -3.527 0.8750000000
90299  28.073  6.490  -3.520 0.8750000000
90349  29.280  5.908  -8.210 0.3750000000
90357  27.797  6.651  -10.307 0.3750000000
90362  28.065  5.828  -10.418 0.3750000000
90364  26.943  6.625  -11.442 0.2500000000
90377  25.101  6.270  -12.695 0.1250000000
90391  23.139  6.896  -13.714 0.1250000000
90402  23.625  6.414  -14.185 0.1250000000
91209  25.361  7.257  -3.640 0.8750000000
91213  18.376  7.741  -3.686 0.1250000000
91231  29.295  7.194  -6.113 0.6250000000
91234  20.493  7.276  -7.247 0.8750000000
91244  28.899  7.727  -7.707 0.6250000000
91266  28.458  7.149  -9.253 0.3750000000
91287  25.763  7.708  -12.171 0.2500000000
92118  27.854  9.024  -3.846 0.7500000000
92120  26.338  8.845  -3.436 0.8750000000
92122  24.242  8.782  -3.824 0.8750000000
92128  24.155  8.078  -4.094 1.0000000000
92140  20.743  9.026  -6.443 0.3750000000
92150  19.913  8.379  -6.031 0.1250000000
92167  28.218  8.771  -8.674 0.3750000000
93031  27.697  9.741  -4.158 0.7500000000
93032  26.660  9.682  -3.530 0.7500000000
93036  18.857  10.000  -3.628 0.1250000000
93039  28.210  9.314  -4.532 0.7500000000
93048  22.043  9.577  -5.532 0.7500000000
93055  20.628  9.122  -6.348 0.3750000000
93071  28.331  9.651  -8.313 0.3750000000
93108  25.979  9.401  -11.527 0.1250000000
93123  25.582  9.266  -12.306 0.1250000000
93137  24.510  10.003  -13.124 0.1250000000
94048  26.668  10.453  -3.662 0.7500000000
94055  27.622  10.501  -4.398 0.7500000000
94062  28.407  10.371  -5.521 0.7500000000
94064  21.392  10.876  -5.484 0.5000000000
94076  28.308  10.457  -8.299 0.3750000000
94099  27.210  10.770  -10.161 0.3750000000
94113  26.125  10.333  -11.209 0.3750000000
95096  25.087  11.231  -12.580 0.1250000000
96026  28.233  12.183  -6.213 0.3750000000
96029  22.277  13.356  -4.820 0.2500000000
96059  28.360  12.723  -8.232 0.3750000000
96079  26.488  12.344  -10.885 0.2500000000
97048  28.371  13.658  -6.567 0.3750000000
97055  28.547  13.395  -7.125 0.3750000000
97064  28.352  13.434  -7.813 0.3750000000
97074  27.590  13.232  -9.498 0.2500000000
97083  27.106  13.847  -10.033 0.1250000000
97096  26.214  13.239  -11.359 0.1250000000
98070  27.790  14.684  -7.288 0.3750000000
98077  27.961  14.197  -8.141 0.2500000000
98958  24.189  15.985  -5.273 0.1250000000
98988  27.460  15.408  -6.935 0.2500000000
124721  21.343  4.794  -16.632 0.1250000000
124826  23.270  7.641  -13.733 0.1250000000
124876  22.325  4.731  -17.233 0.1250000000
124894  23.831  8.754  -13.864 0.1250000000
125090  28.889  6.740  -4.404 0.7500000000
126406  19.826  -9.613  -0.861 0.1250000000
128024  18.371  5.366  -4.339 0.1250000000
128926  18.704  4.039  -4.322 0.1250000000
129833  28.618  10.866  -7.236 0.3750000000
130992  29.710  -1.208  -6.477 0.5000000000
131165  28.571  9.788  -6.178 0.7500000000
132184  27.673  8.137  -9.787 0.3750000000
133123  22.092  14.791  -3.473 0.2500000000
133599  20.607  6.230  -7.260 0.8750000000
133796  20.356  -5.015  -4.659 1.0000000000
134039  29.201  3.076  -3.706 0.7500000000
135496  27.841  10.173  -8.733 0.3750000000
135621  27.467  11.089  -9.517 0.3750000000
135899  25.523  1.846  -4.421 1.0000000000
136028  25.533  -3.999  -3.081 1.0000000000
136171  28.762  -2.312  -8.848 0.1250000000
136358  22.238  -1.886  -6.506 1.0000000000
136520  28.606  8.133  -8.397 0.3750000000
137192  23.605  3.801  -5.437 1.0000000000
138809  28.136  11.887  -8.482 0.3750000000
139498  27.621  11.414  -4.684 0.6250000000
139504  25.149  9.946  -12.646 0.1250000000
139980  19.038  10.259  -1.982 0.1250000000
141582  27.613  2.955  -3.418 1.0000000000
141858  22.056  7.404  -20.033 0.1250000000
141909  21.171  5.814  -18.021 0.1250000000
141934  22.157  4.433  -16.861 0.1250000000
142004  19.743  6.902  -17.770 0.1250000000
142009  20.532  5.573  -16.821 0.1250000000
142059  21.372  6.336  -19.000 0.1250000000
142063  20.680  9.575  -18.360 0.1250000000
143142  17.535  -0.580  -2.409 0.1250000000
143466  27.638  6.041  -10.771 0.2500000000
144111  27.763  4.228  -12.266 0.1250000000
145727  19.769  0.667  -4.843 0.8750000000
146948  23.692  4.626  -16.857 0.1250000000
147786  29.842  -0.428  -4.478 0.6250000000
147978  23.481  -2.714  -5.252 1.0000000000
148377  19.789  -3.289  -4.675 1.0000000000
148652  20.557  8.447  -2.124 0.1250000000
148658  22.018  -4.066  -5.674 1.0000000000
149148  18.183  9.090  -1.227 0.1250000000
149587  27.559  15.215  -7.541 0.1250000000
