#!ascii label  , from subject sub-v1s7x0051326_ses-1 vox2ras=TkReg
1559
137172  34.020  -79.106  -2.072 0.5000000000
11357  22.607  -73.197  -2.774 0.6000000238
12228  22.117  -72.237  -2.488 0.6000000238
12229  21.450  -71.859  -2.694 0.6000000238
13116  22.264  -71.561  -1.834 0.6999999881
13132  21.772  -71.194  -2.178 0.6000000238
12192  22.073  -72.068  -0.129 0.6999999881
13095  22.200  -71.244  -1.048 0.6000000238
7755  22.430  -78.448  4.000 0.5000000000
8351  25.742  -78.171  5.721 0.6000000238
8365  25.263  -77.655  5.013 0.6000000238
7742  23.469  -78.475  4.786 0.5000000000
7731  27.233  -78.508  6.189 0.5000000000
7732  26.422  -78.414  6.093 0.4000000060
7740  25.155  -78.454  5.243 0.5000000000
7741  24.333  -78.504  4.944 0.6000000238
7193  18.863  -80.013  -3.449 0.5000000000
7780  31.546  -78.518  1.685 0.4000000060
7873  19.321  -79.126  -4.305 0.5000000000
7848  18.531  -79.055  -3.208 0.5000000000
130771  19.701  -78.332  -4.270 0.6000000238
9864  21.123  -76.078  -3.937 0.6000000238
10595  22.719  -74.141  -3.672 0.6000000238
11340  23.171  -74.019  -2.564 0.6999999881
138934  22.054  -73.668  -3.499 0.6000000238
11341  22.877  -73.501  -2.160 0.6999999881
128313  23.267  -74.576  0.105 0.6000000238
136886  22.728  -74.099  -0.372 0.6999999881
10526  24.371  -74.400  1.517 0.6000000238
10541  22.990  -74.431  1.064 0.6000000238
11313  22.535  -74.004  0.428 0.6999999881
10512  24.150  -74.364  2.361 0.6999999881
14050  21.623  -70.177  -1.358 0.6000000238
131406  22.209  -78.718  1.524 0.5000000000
8386  23.038  -77.610  3.628 0.6000000238
8407  22.895  -77.663  2.863 0.5000000000
8350  26.248  -77.612  6.146 0.6000000238
8364  25.799  -77.262  5.297 0.6999999881
8366  23.987  -77.846  4.575 0.6000000238
7730  28.186  -78.473  5.953 0.4000000060
7206  21.258  -79.881  -4.381 0.5000000000
7191  19.969  -80.397  -4.180 0.5000000000
7152  32.823  -78.665  -0.439 0.5000000000
137584  20.018  -79.042  -4.463 0.5000000000
9146  22.301  -76.857  -4.380 0.6999999881
147960  21.059  -77.588  -4.310 0.6000000238
9862  23.028  -75.351  -4.336 0.6999999881
9863  21.802  -75.990  -4.146 0.6000000238
9147  21.296  -76.861  -4.195 0.6000000238
143604  22.645  -74.724  -4.036 0.6999999881
140929  22.023  -74.467  -3.818 0.6000000238
10594  23.428  -74.430  -3.636 0.6999999881
10557  23.919  -74.678  -0.615 0.6000000238
10570  23.799  -74.583  -2.039 0.6000000238
135978  24.176  -74.647  0.140 0.6000000238
10571  23.225  -74.248  -1.677 0.6000000238
10525  25.078  -74.106  1.227 0.6000000238
11284  24.827  -73.999  2.521 0.6999999881
12179  21.571  -72.017  1.470 0.6999999881
13082  21.039  -70.892  0.648 0.5000000000
10514  22.819  -74.301  1.863 0.6999999881
133647  21.940  -73.009  1.680 0.6999999881
12193  21.593  -71.490  0.503 0.6000000238
8426  23.987  -77.484  1.798 0.5000000000
8427  23.002  -77.568  2.009 0.5000000000
7782  22.561  -78.036  1.326 0.5000000000
8405  25.270  -77.195  3.215 0.6999999881
8406  23.636  -77.448  2.866 0.6000000238
9029  26.312  -76.752  5.723 0.5000000000
9047  26.285  -76.599  4.632 0.6999999881
8383  25.747  -77.046  4.083 0.6999999881
8384  24.740  -77.423  4.162 0.6000000238
137478  24.406  -77.349  3.343 0.6000000238
8349  28.657  -77.831  6.317 0.4000000060
7718  27.716  -77.868  6.509 0.4000000060
7719  26.874  -77.756  6.510 0.5000000000
6606  21.922  -80.114  -4.041 0.5000000000
7870  22.846  -78.908  -4.764 0.5000000000
136284  22.156  -79.387  -4.514 0.5000000000
140413  21.382  -79.215  -4.543 0.5000000000
9861  23.791  -75.883  -4.538 0.6000000238
8498  21.677  -77.732  -4.439 0.5000000000
149320  24.339  -75.521  -4.455 0.6999999881
10592  25.171  -74.746  -3.358 0.6000000238
10608  24.531  -74.973  -4.211 0.6999999881
150133  23.844  -74.722  -4.053 0.6999999881
11355  25.742  -74.075  -2.107 0.6000000238
10569  25.173  -74.506  -2.272 0.6000000238
10584  24.495  -74.698  -2.556 0.6999999881
12200  25.878  -72.811  -0.191 0.6999999881
148130  25.280  -74.411  -1.521 0.6000000238
127799  24.551  -74.630  -1.390 0.6000000238
13066  26.343  -71.559  1.517 0.6000000238
12191  25.977  -72.651  0.693 0.6999999881
11312  25.519  -73.582  0.487 0.6999999881
13961  27.040  -71.010  3.206 0.6000000238
13055  26.132  -72.069  2.296 0.6000000238
137338  25.592  -73.265  1.362 0.6999999881
13058  19.663  -71.359  2.618 0.6000000238
139260  25.669  -72.922  2.142 0.6999999881
12163  21.634  -72.363  2.384 0.6999999881
13068  20.743  -71.217  1.482 0.6000000238
143420  26.530  -71.614  4.579 0.6999999881
13041  26.134  -72.185  3.203 0.6000000238
12150  25.606  -72.969  3.591 0.8000000119
134760  24.523  -74.001  3.315 0.6999999881
10499  23.514  -74.245  3.000 0.6999999881
148109  22.393  -73.775  2.068 0.6999999881
8443  23.312  -77.702  1.083 0.6000000238
8404  26.193  -76.988  2.914 0.6999999881
127322  25.712  -77.346  2.279 0.6999999881
139502  24.688  -77.367  2.501 0.6000000238
9767  26.689  -76.079  5.146 0.5000000000
9065  26.592  -76.636  3.574 0.6999999881
9017  28.088  -76.522  7.163 0.4000000060
8338  27.442  -77.097  6.798 0.5000000000
7178  22.189  -79.841  -3.371 0.5000000000
7165  21.875  -79.798  -2.296 0.5000000000
7204  23.426  -79.415  -4.524 0.5000000000
8496  23.607  -78.309  -4.731 0.6000000238
9143  25.426  -76.462  -4.684 0.6000000238
9144  23.969  -77.098  -4.616 0.6999999881
134122  23.116  -77.324  -4.524 0.6999999881
9859  25.843  -75.678  -4.578 0.6999999881
9860  24.582  -76.263  -4.590 0.6999999881
11354  26.388  -73.509  -2.755 0.6000000238
10591  25.939  -74.375  -4.033 0.6000000238
140764  25.018  -75.597  -4.456 0.6999999881
13115  26.575  -71.301  -1.605 0.6999999881
12199  26.350  -72.047  -0.858 0.6999999881
11338  26.169  -73.281  -1.912 0.6999999881
13026  19.104  -71.859  4.398 0.6000000238
146491  26.511  -70.336  0.185 0.6000000238
137008  26.515  -71.099  -0.736 0.6999999881
12213  25.977  -73.056  -1.076 0.6999999881
14878  28.431  -69.518  4.547 0.6000000238
13960  27.512  -70.365  3.696 0.6000000238
13978  27.318  -70.357  2.772 0.6000000238
13989  26.631  -70.767  1.475 0.6000000238
12190  26.234  -71.743  0.067 0.6999999881
13025  20.023  -71.967  4.129 0.6000000238
13944  27.526  -70.540  4.646 0.6000000238
13979  26.752  -70.817  2.368 0.6000000238
11264  22.816  -73.295  4.724 0.6999999881
12139  22.073  -72.861  4.716 0.6000000238
12152  21.729  -72.501  3.315 0.6999999881
13042  21.128  -71.955  2.872 0.6000000238
14865  28.386  -69.457  5.593 0.5000000000
13931  27.455  -70.490  5.590 0.6000000238
13009  26.463  -71.546  5.560 0.8000000119
129753  25.989  -72.204  5.069 0.8000000119
11261  25.110  -73.352  4.985 0.8000000119
126924  24.284  -73.884  4.180 0.8000000119
133896  23.057  -73.675  4.119 0.6999999881
12151  22.380  -73.069  3.875 0.6999999881
13024  26.063  -72.238  4.103 0.8000000119
11269  24.994  -73.526  4.144 0.8000000119
8425  25.068  -77.466  1.585 0.6999999881
8459  24.843  -77.734  0.062 0.6999999881
7818  24.389  -78.027  -0.707 0.6999999881
7798  22.793  -78.147  0.436 0.6000000238
9076  27.067  -76.720  2.634 0.6999999881
7819  23.193  -78.429  -0.614 0.6000000238
9046  26.965  -76.135  4.137 0.6000000238
7164  22.594  -79.063  -1.457 0.5000000000
7177  22.966  -79.238  -2.683 0.5000000000
16800  16.284  -67.823  7.743 0.6000000238
130137  23.877  -79.413  -3.471 0.5000000000
15810  16.063  -68.713  7.419 0.5000000000
7203  24.449  -79.246  -4.690 0.5000000000
13892  17.576  -70.140  8.737 0.6000000238
7878  25.724  -78.660  -5.269 0.6999999881
7868  24.383  -78.847  -4.978 0.6000000238
9142  26.284  -76.605  -4.904 0.6999999881
8503  25.421  -78.108  -5.206 0.6999999881
12985  18.428  -71.864  7.439 0.6000000238
11364  26.631  -73.728  -3.766 0.6999999881
134563  26.309  -74.882  -4.416 0.6000000238
14060  26.820  -70.545  -2.311 0.6999999881
12226  27.413  -72.028  -3.027 0.6999999881
12227  26.748  -72.594  -2.520 0.6999999881
12128  19.522  -72.435  5.802 0.6000000238
12094  18.617  -72.271  6.879 0.6000000238
14034  26.589  -70.313  -0.544 0.6000000238
13131  26.913  -71.604  -2.391 0.6999999881
147499  20.554  -72.639  6.100 0.6000000238
13012  18.326  -72.017  5.609 0.6000000238
14906  28.305  -69.150  2.103 0.6000000238
14007  27.033  -70.113  1.023 0.6000000238
132315  21.220  -72.819  6.425 0.6999999881
12126  21.700  -72.788  5.517 0.6000000238
12141  20.540  -72.303  4.783 0.6000000238
15880  28.610  -69.169  3.701 0.6000000238
12087  25.191  -72.275  7.459 0.6000000238
11217  24.092  -73.065  7.092 0.6000000238
11235  23.578  -73.343  6.419 0.6999999881
12125  22.482  -73.078  5.472 0.6000000238
12153  20.969  -72.265  3.854 0.6000000238
12996  25.805  -71.869  7.072 0.6000000238
11234  24.458  -73.366  6.356 0.8000000119
12995  26.337  -71.361  6.570 0.6000000238
12110  25.418  -72.599  6.604 0.6999999881
11263  23.673  -73.736  4.707 0.8000000119
8440  26.341  -77.725  0.602 0.6999999881
8458  25.790  -77.969  0.011 0.6999999881
131021  25.236  -77.897  -0.560 0.6999999881
9801  27.746  -76.308  2.025 0.6999999881
9089  26.593  -77.282  2.036 0.6999999881
7836  24.528  -78.375  -1.626 0.6000000238
7837  23.546  -78.714  -1.634 0.6000000238
18813  17.016  -65.419  7.434 0.6000000238
18830  16.528  -65.020  6.628 0.6000000238
138783  16.667  -67.130  8.025 0.6000000238
16827  16.112  -66.987  7.381 0.6000000238
146480  24.583  -79.164  -3.196 0.6000000238
16772  16.859  -67.713  8.460 0.5000000000
7866  26.788  -78.807  -5.123 0.6999999881
7202  25.465  -79.071  -4.993 0.6999999881
14809  18.165  -69.179  9.374 0.4000000060
14828  17.041  -69.284  8.638 0.5000000000
146897  27.048  -76.711  -5.063 0.6999999881
8501  27.203  -77.950  -5.433 0.8000000119
13891  18.350  -70.381  8.976 0.5000000000
9858  27.195  -75.282  -4.565 0.6000000238
9151  25.858  -77.375  -5.168 0.6999999881
126145  18.872  -70.894  8.653 0.6000000238
11363  27.491  -73.239  -4.038 0.6999999881
11378  27.165  -73.966  -4.298 0.6999999881
12064  20.760  -72.305  8.257 0.6999999881
12093  19.184  -72.111  7.630 0.6000000238
14059  27.408  -70.123  -2.585 0.6999999881
13130  27.273  -70.958  -3.048 0.6999999881
151119  21.486  -72.506  8.086 0.5000000000
12092  20.099  -72.497  7.540 0.6000000238
15947  27.702  -68.099  -1.052 0.6000000238
14959  27.307  -69.107  -0.609 0.6000000238
14960  26.984  -69.743  -1.053 0.6999999881
12091  20.961  -72.718  7.414 0.6999999881
15915  27.721  -68.818  0.645 0.6000000238
14939  27.204  -69.403  0.355 0.6000000238
12089  23.685  -72.627  7.774 0.5000000000
130458  21.955  -72.830  7.321 0.6000000238
14889  28.254  -69.448  2.983 0.6000000238
12983  25.399  -71.481  7.777 0.6000000238
12984  24.749  -71.844  8.081 0.5000000000
12112  22.815  -73.060  6.851 0.6999999881
13903  26.153  -70.140  7.572 0.6000000238
8439  27.063  -77.692  0.404 0.6999999881
8457  26.595  -78.117  -0.148 0.6999999881
7835  25.532  -78.440  -1.733 0.6000000238
7846  24.989  -78.715  -2.521 0.6000000238
18829  17.391  -64.681  6.849 0.4000000060
19835  16.920  -64.163  6.039 0.5000000000
7845  25.925  -78.904  -2.585 0.6000000238
17785  18.617  -66.429  8.449 0.5000000000
18842  16.177  -64.653  5.703 0.6000000238
127666  27.036  -79.087  -3.348 0.6999999881
7855  26.917  -79.024  -4.270 0.6999999881
7189  24.595  -79.565  -3.983 0.6000000238
16754  18.154  -67.977  9.302 0.5000000000
9149  27.784  -77.241  -5.422 0.6999999881
14807  19.691  -69.439  9.518 0.4000000060
12250  29.132  -72.771  -4.109 0.6999999881
11376  28.927  -73.750  -4.333 0.6999999881
10604  28.691  -74.888  -4.567 0.6999999881
13874  20.164  -70.244  9.418 0.6000000238
14063  29.104  -70.601  -3.185 0.6999999881
12239  29.415  -71.990  -3.672 0.6999999881
11377  28.007  -73.855  -4.373 0.6999999881
10605  27.655  -74.659  -4.493 0.6999999881
13873  21.107  -70.425  9.317 0.5000000000
13890  19.798  -71.056  8.946 0.5000000000
14968  28.471  -69.099  -2.153 0.6000000238
13129  28.170  -70.595  -3.096 0.6999999881
13139  28.772  -71.305  -3.483 0.6999999881
12241  27.841  -72.424  -3.700 0.6999999881
12942  21.156  -71.236  9.173 0.5000000000
150734  28.607  -67.999  0.994 0.5000000000
15951  28.180  -67.998  -1.367 0.6000000238
14965  27.471  -69.000  -1.448 0.6000000238
8456  27.294  -77.928  -0.503 0.6999999881
7815  27.244  -78.434  -1.353 0.6999999881
19834  17.737  -64.016  6.040 0.4000000060
138808  27.679  -77.868  -1.271 0.6999999881
19851  17.341  -63.214  5.020 0.4000000060
7833  27.246  -78.837  -2.020 0.6999999881
19852  16.468  -63.733  5.065 0.6000000238
7864  28.363  -78.281  -4.464 0.8000000119
7853  28.141  -78.374  -3.224 0.6999999881
9139  29.355  -77.157  -4.851 0.6000000238
142281  28.828  -77.554  -5.077 0.6000000238
21863  15.126  -62.198  3.858 0.6000000238
10603  29.715  -74.650  -4.509 0.6999999881
9856  29.573  -75.773  -4.757 0.6999999881
137596  29.207  -76.628  -4.935 0.6000000238
12249  30.099  -72.659  -3.969 0.6000000238
14057  29.503  -69.992  -2.791 0.6000000238
20840  13.233  -63.019  6.226 0.5000000000
15950  28.658  -68.383  -1.701 0.6000000238
131285  28.930  -69.456  -2.596 0.6999999881
144345  28.805  -67.470  -1.010 0.5000000000
8477  28.499  -77.713  -2.701 0.6999999881
20855  17.966  -62.296  4.735 0.4000000060
7852  28.866  -77.853  -3.757 0.8000000119
20864  16.561  -62.847  4.390 0.5000000000
126277  30.037  -77.089  -4.515 0.8000000119
22832  16.359  -61.630  4.936 0.4000000060
144187  17.239  -61.950  4.638 0.4000000060
8492  29.234  -77.458  -4.734 0.6999999881
22815  15.777  -61.764  5.897 0.4000000060
129080  15.982  -61.934  4.276 0.5000000000
12238  30.542  -71.878  -3.654 0.6000000238
11375  29.874  -73.563  -4.280 0.6000000238
10602  30.514  -75.513  -4.665 0.6999999881
21822  15.186  -62.092  7.039 0.4000000060
13128  30.530  -71.111  -3.300 0.6000000238
13138  29.679  -71.223  -3.398 0.6000000238
20821  13.015  -63.110  7.176 0.4000000060
136272  14.822  -62.294  4.763 0.6000000238
15948  29.613  -68.861  -2.108 0.6000000238
14958  29.524  -68.631  -1.266 0.5000000000
16953  29.149  -67.399  -0.445 0.5000000000
146743  17.861  -61.890  4.871 0.4000000060
8476  29.332  -77.363  -3.209 0.8000000119
22831  17.228  -61.620  5.054 0.4000000060
8483  29.730  -77.470  -4.185 0.6999999881
22814  16.596  -61.509  5.971 0.4000000060
137509  31.449  -75.133  -4.637 0.6000000238
137628  30.146  -76.516  -4.686 0.6999999881
12248  30.972  -72.513  -4.072 0.6000000238
11373  31.697  -73.826  -4.647 0.6000000238
136211  15.467  -61.886  7.871 0.4000000060
21823  14.409  -62.442  7.182 0.4000000060
14048  30.571  -70.142  -2.164 0.6000000238
20806  12.973  -62.983  8.915 0.4000000060
14963  30.119  -69.325  -1.839 0.4000000060
22812  18.286  -61.545  6.521 0.4000000060
9128  30.667  -77.019  -4.148 0.6999999881
22797  17.619  -61.478  7.414 0.4000000060
9854  32.031  -75.840  -4.473 0.6999999881
9138  30.914  -76.631  -4.379 0.6000000238
22784  16.089  -61.606  8.091 0.4000000060
12237  31.655  -72.135  -4.095 0.6000000238
21805  13.900  -62.715  9.050 0.4000000060
126077  31.120  -70.596  -2.568 0.6000000238
20791  13.588  -63.425  9.396 0.3000000119
14033  30.711  -70.129  -1.177 0.4000000060
14957  30.244  -69.328  -0.670 0.4000000060
14032  31.629  -70.484  -0.890 0.4000000060
21803  16.334  -61.783  8.943 0.4000000060
21779  15.804  -62.411  9.371 0.4000000060
12225  32.534  -72.088  -3.492 0.6000000238
13126  32.146  -71.430  -3.107 0.6000000238
129711  32.964  -71.738  -2.817 0.6000000238
135601  32.663  -70.566  -0.664 0.4000000060
129755  33.222  -70.821  -1.255 0.5000000000
14955  32.120  -69.942  -0.085 0.4000000060
18750  13.310  -66.113  12.349 0.3000000119
14006  33.030  -70.222  0.257 0.4000000060
128588  19.037  -62.889  10.200 0.4000000060
19766  14.854  -65.037  12.604 0.3000000119
18763  10.585  -65.605  11.300 0.4000000060
21757  19.850  -63.276  10.633 0.4000000060
20759  18.187  -63.386  11.299 0.4000000060
20747  15.374  -64.404  12.770 0.3000000119
19764  16.249  -64.448  12.198 0.3000000119
19769  12.151  -65.014  12.822 0.3000000119
19768  13.168  -65.244  12.702 0.3000000119
19776  11.350  -64.920  12.419 0.3000000119
138022  19.159  -62.853  11.841 0.4000000060
21743  18.464  -63.100  12.008 0.4000000060
20760  17.727  -63.508  12.040 0.4000000060
128348  13.705  -63.555  13.074 0.3000000119
20749  12.755  -64.138  12.845 0.3000000119
21807  9.351  -62.567  8.271 0.4000000060
22802  8.913  -62.341  6.131 0.3000000119
22817  9.238  -61.733  5.826 0.3000000119
20750  11.684  -64.152  12.608 0.3000000119
20763  10.521  -63.869  11.526 0.3000000119
132138  17.906  -62.760  12.726 0.4000000060
21723  17.155  -62.894  13.068 0.4000000060
127782  15.901  -63.592  13.032 0.3000000119
20748  14.795  -63.550  13.196 0.3000000119
21727  13.141  -62.492  13.090 0.3000000119
20793  9.489  -63.607  9.325 0.3000000119
21728  12.280  -62.461  12.743 0.3000000119
21824  9.044  -62.531  7.051 0.3000000119
21744  11.480  -62.587  12.287 0.3000000119
22800  10.047  -61.486  7.193 0.4000000060
22816  9.984  -61.378  5.815 0.3000000119
23756  10.713  -61.113  6.397 0.3000000119
23768  10.518  -60.788  5.804 0.3000000119
131004  16.501  -62.227  13.392 0.4000000060
130512  15.503  -61.927  13.376 0.4000000060
130511  14.533  -61.747  13.300 0.3000000119
22768  9.807  -62.000  9.012 0.4000000060
22729  12.675  -61.652  12.794 0.3000000119
21781  10.131  -62.278  10.004 0.3000000119
22785  10.153  -61.482  8.551 0.4000000060
22767  10.387  -61.561  9.586 0.4000000060
23754  12.079  -60.275  5.834 0.3000000119
22726  15.948  -61.202  13.309 0.4000000060
22727  15.013  -60.988  13.271 0.4000000060
22728  14.072  -60.859  13.060 0.4000000060
130488  13.162  -60.900  12.712 0.4000000060
22730  11.893  -61.746  12.323 0.3000000119
142465  11.687  -60.870  11.048 0.3000000119
22766  11.032  -61.146  10.097 0.3000000119
23725  11.432  -60.744  9.392 0.3000000119
23724  11.937  -60.509  8.322 0.5000000000
139940  11.191  -60.807  8.470 0.4000000060
23741  11.329  -60.804  7.247 0.4000000060
24756  12.429  -59.902  5.242 0.3000000119
142778  14.720  -60.055  12.827 0.4000000060
23687  13.717  -60.167  12.468 0.4000000060
23699  12.913  -60.363  12.067 0.3000000119
24700  12.798  -59.957  10.141 0.3000000119
24710  13.474  -59.537  9.489 0.3000000119
128371  14.359  -59.237  8.705 0.3000000119
22746  11.703  -61.209  11.733 0.3000000119
24687  12.819  -60.062  11.192 0.3000000119
23709  12.155  -60.411  9.664 0.3000000119
24726  13.466  -59.763  8.140 0.3000000119
24740  14.206  -59.630  7.286 0.3000000119
23710  11.650  -60.766  10.291 0.3000000119
24727  12.683  -60.250  7.512 0.3000000119
141637  12.571  -60.269  6.347 0.3000000119
138881  12.991  -59.389  5.271 0.3000000119
133205  17.840  -59.939  12.742 0.3000000119
24671  16.739  -59.431  12.762 0.3000000119
24672  15.681  -59.693  12.869 0.3000000119
25716  14.674  -58.651  11.673 0.3000000119
25726  14.619  -58.503  10.669 0.3000000119
25741  15.764  -58.349  9.081 0.3000000119
24684  15.045  -59.128  12.450 0.3000000119
24698  13.977  -58.989  11.221 0.3000000119
24709  14.123  -59.069  10.081 0.3000000119
25742  14.873  -58.652  9.554 0.3000000119
24725  15.093  -59.249  7.534 0.3000000119
131981  14.776  -59.433  6.448 0.3000000119
24741  13.351  -60.032  6.537 0.3000000119
142997  14.075  -59.916  6.073 0.3000000119
24742  12.889  -60.129  5.495 0.3000000119
150559  13.885  -59.781  5.018 0.3000000119
24669  19.378  -59.370  12.387 0.3000000119
25702  17.032  -58.557  12.384 0.3000000119
25704  15.804  -58.970  12.587 0.3000000119
137203  15.171  -58.032  11.167 0.3000000119
26729  15.969  -57.647  9.795 0.3000000119
25770  16.641  -58.644  7.049 0.3000000119
25771  15.867  -59.262  6.404 0.3000000119
24766  14.574  -59.239  5.562 0.3000000119
25784  13.743  -58.685  5.470 0.3000000119
127017  16.468  -58.002  9.192 0.3000000119
25740  16.629  -58.348  8.279 0.3000000119
25781  16.308  -58.519  5.898 0.3000000119
26786  15.614  -58.268  5.224 0.3000000119
24767  14.208  -59.176  5.245 0.3000000119
25783  14.921  -58.328  5.639 0.3000000119
140786  17.205  -57.937  8.855 0.3000000119
26750  17.421  -58.042  7.660 0.3000000119
26765  16.872  -57.949  6.527 0.3000000119
125958  17.523  -57.333  9.465 0.3000000119
27759  18.514  -57.099  8.634 0.3000000119
26764  17.410  -57.509  7.010 0.3000000119
26776  16.797  -57.233  6.423 0.3000000119
26777  16.238  -57.602  5.289 0.3000000119
26778  15.795  -57.422  4.891 0.3000000119
26766  14.371  -57.642  6.174 0.3000000119
7151  33.355  -78.926  -1.150 0.5000000000
127150  32.194  -79.154  -0.331 0.5000000000
7796  31.824  -78.579  0.950 0.4000000060
12201  22.389  -72.313  -1.145 0.6999999881
147060  21.815  -72.310  0.850 0.6999999881
7738  29.388  -78.690  4.859 0.4000000060
7142  32.292  -78.575  0.276 0.5000000000
10555  25.174  -74.465  -0.791 0.6000000238
7869  23.622  -79.071  -4.853 0.5000000000
11327  25.556  -73.865  -0.435 0.6000000238
7876  27.436  -78.321  -5.290 0.8000000119
7175  26.247  -79.267  -3.622 0.6999999881
9857  28.085  -75.609  -4.744 0.6000000238
15946  28.251  -67.741  -0.536 0.5000000000
12240  28.551  -72.131  -3.762 0.6999999881
21840  13.827  -62.721  6.671 0.4000000060
16940  29.383  -67.143  0.147 0.5000000000
13127  31.321  -71.138  -3.132 0.6000000238
15929  29.903  -68.059  -0.251 0.4000000060
10601  32.282  -74.882  -4.564 0.6000000238
11361  32.473  -73.054  -4.272 0.6000000238
20790  14.410  -63.218  9.603 0.3000000119
14047  31.424  -70.462  -1.926 0.4000000060
13114  32.574  -71.155  -2.464 0.4000000060
150700  19.353  -63.179  11.117 0.4000000060
132797  16.338  -60.403  13.140 0.3000000119
24670  18.532  -59.460  12.491 0.3000000119
9826  32.664  -75.563  -2.549 0.5000000000
9840  31.786  -76.179  -3.361 0.5000000000
134698  30.278  -76.447  -2.885 0.6999999881
9829  29.860  -75.733  -2.014 0.6999999881
8468  28.191  -77.451  -1.729 0.6000000238
9847  32.467  -76.419  -3.974 0.5000000000
9127  31.630  -76.570  -4.081 0.6000000238
9119  29.583  -76.641  -2.576 0.6000000238
9098  27.984  -76.550  0.664 0.6000000238
9099  27.425  -77.152  0.933 0.6000000238
9819  30.107  -74.980  -1.214 0.6999999881
148583  28.931  -75.704  -0.298 0.6000000238
127526  28.203  -76.637  -0.042 0.6000000238
9820  29.322  -75.506  -0.882 0.6999999881
9106  28.616  -76.213  -0.677 0.6000000238
8438  27.664  -77.232  0.142 0.6000000238
9838  33.742  -75.819  -3.779 0.5000000000
10538  29.656  -74.722  0.496 0.6999999881
9799  29.078  -75.258  0.893 0.6999999881
10524  28.952  -75.107  1.788 0.6000000238
9800  28.341  -75.878  1.321 0.6000000238
10553  30.468  -74.463  -0.553 0.6000000238
10554  29.798  -74.859  -0.329 0.6999999881
135383  31.157  -74.115  -0.617 0.6000000238
9837  34.224  -75.340  -3.787 0.5000000000
9853  32.910  -75.756  -4.294 0.5000000000
10522  30.222  -74.089  0.884 0.6999999881
10523  29.552  -74.574  1.349 0.6000000238
9790  27.666  -75.938  2.822 0.6000000238
10580  34.701  -74.845  -3.281 0.5000000000
10600  33.440  -75.313  -4.214 0.5000000000
11352  35.423  -73.330  -2.779 0.5000000000
135368  33.975  -74.353  -3.890 0.5000000000
13124  34.936  -72.222  -2.535 0.4000000060
12230  20.448  -71.937  -2.732 0.4000000060
11366  21.453  -73.197  -3.263 0.4000000060
12243  20.964  -72.627  -3.003 0.4000000060
10596  21.098  -74.109  -3.571 0.5000000000
134978  21.303  -75.212  -3.830 0.5000000000
131630  20.242  -75.010  -3.518 0.5000000000
12235  33.758  -73.379  -3.645 0.5000000000
9849  20.453  -75.864  -3.702 0.5000000000
8470  18.375  -77.797  -2.113 0.6000000238
12223  34.426  -72.881  -3.132 0.4000000060
8484  20.369  -77.398  -4.129 0.5000000000
8485  19.234  -77.499  -3.925 0.5000000000
134743  18.225  -78.255  -3.009 0.5000000000
12244  19.909  -72.772  -3.026 0.5000000000
137582  19.912  -74.208  -3.309 0.5000000000
11369  18.360  -73.675  -3.208 0.5000000000
137670  19.126  -74.903  -3.395 0.5000000000
10598  18.114  -74.546  -3.149 0.5000000000
9850  19.453  -75.780  -3.524 0.5000000000
9851  18.324  -75.657  -3.281 0.5000000000
144650  17.987  -77.380  -3.057 0.5000000000
13125  33.942  -71.909  -2.722 0.5000000000
8486  18.462  -77.488  -3.526 0.5000000000
14043  35.897  -71.025  -1.577 0.4000000060
13112  34.466  -71.367  -2.100 0.4000000060
14044  34.976  -70.931  -1.503 0.4000000060
13069  19.930  -71.064  1.733 0.5000000000
11370  17.377  -73.773  -3.026 0.5000000000
130030  32.858  -72.833  -3.803 0.5000000000
13113  33.393  -71.148  -2.100 0.4000000060
13044  19.383  -71.620  3.490 0.5000000000
13962  17.844  -71.198  3.018 0.5000000000
13963  17.234  -70.843  3.366 0.5000000000
13980  19.100  -70.830  2.040 0.5000000000
14045  34.032  -70.878  -1.381 0.4000000060
13027  18.162  -71.770  4.772 0.5000000000
13046  17.567  -71.429  3.919 0.5000000000
13013  17.612  -71.873  5.633 0.5000000000
13029  16.379  -71.500  4.824 0.5000000000
129271  16.696  -70.657  3.623 0.5000000000
14891  16.835  -69.984  2.914 0.4000000060
13014  16.636  -71.752  5.772 0.5000000000
13030  15.561  -71.451  4.753 0.6000000238
13964  16.232  -70.304  3.554 0.6000000238
12997  18.086  -72.071  6.281 0.5000000000
12987  16.576  -71.426  6.731 0.5000000000
13015  15.756  -71.572  5.524 0.5000000000
137053  15.086  -71.573  5.353 0.6000000238
13948  15.310  -70.849  4.188 0.6000000238
14893  14.942  -69.281  3.242 0.6000000238
15882  15.164  -68.453  2.762 0.5000000000
15901  13.582  -67.734  2.437 0.5000000000
132705  12.639  -67.571  2.218 0.5000000000
12986  17.262  -71.385  7.197 0.5000000000
13907  16.619  -70.853  7.420 0.5000000000
130060  15.998  -70.325  7.358 0.5000000000
13000  15.061  -71.390  6.049 0.5000000000
149753  14.685  -70.436  6.530 0.6000000238
13016  14.021  -71.518  4.987 0.6000000238
13967  13.392  -70.581  4.082 0.6000000238
14894  13.999  -69.585  3.441 0.6000000238
15885  12.766  -68.700  2.717 0.5000000000
17887  8.346  -65.511  3.592 0.5000000000
15904  10.137  -68.344  2.164 0.5000000000
12966  18.081  -70.853  8.349 0.5000000000
14841  16.394  -69.448  7.813 0.5000000000
14842  15.824  -69.521  7.309 0.6000000238
14857  14.572  -69.484  6.506 0.6000000238
15851  14.206  -68.456  6.020 0.6000000238
14868  13.201  -70.382  5.747 0.6000000238
15852  13.314  -68.778  5.688 0.6000000238
13951  12.643  -70.783  4.562 0.6000000238
14869  12.390  -70.102  5.359 0.6000000238
13968  12.359  -70.405  3.876 0.6000000238
13969  11.622  -70.271  3.853 0.5000000000
14912  11.133  -69.018  2.853 0.5000000000
140672  10.254  -69.711  3.856 0.5000000000
15870  9.802  -68.800  4.385 0.5000000000
14898  9.606  -69.065  3.278 0.5000000000
15871  8.829  -68.484  4.073 0.5000000000
16801  15.684  -67.921  6.875 0.6000000238
148105  14.729  -67.919  6.067 0.6000000238
16851  14.574  -67.415  5.619 0.6000000238
17866  13.583  -66.242  4.330 0.6000000238
16852  13.752  -67.801  5.379 0.6000000238
16853  12.819  -68.122  5.251 0.6000000238
16869  12.232  -67.404  4.761 0.6000000238
15854  11.684  -69.468  5.096 0.5000000000
16870  11.191  -67.696  4.649 0.5000000000
14880  11.100  -70.112  4.198 0.5000000000
17869  10.542  -66.634  4.158 0.5000000000
17884  11.067  -65.469  3.593 0.6000000238
129604  9.271  -68.027  4.306 0.5000000000
17870  9.415  -66.684  3.863 0.5000000000
18885  9.657  -64.689  3.479 0.5000000000
19856  8.753  -64.642  4.563 0.5000000000
17865  14.295  -66.150  4.567 0.6000000238
18864  14.056  -65.393  3.852 0.6000000238
18865  12.990  -65.287  3.460 0.6000000238
17868  11.629  -66.544  4.149 0.6000000238
18884  10.567  -64.618  3.480 0.6000000238
19884  9.515  -64.388  3.603 0.5000000000
18863  14.600  -64.466  3.522 0.6000000238
149122  12.315  -64.814  3.193 0.6000000238
19868  11.023  -63.759  3.637 0.6000000238
128177  9.488  -64.333  4.479 0.5000000000
21875  14.729  -62.599  3.358 0.6000000238
141272  15.278  -63.616  3.568 0.6000000238
20877  14.216  -62.742  2.774 0.6000000238
19894  12.993  -62.889  2.478 0.6000000238
19882  11.897  -63.490  3.040 0.6000000238
20858  11.359  -63.420  3.884 0.5000000000
21876  14.276  -62.532  3.165 0.6000000238
142474  13.536  -62.556  3.345 0.6000000238
20866  13.571  -62.794  4.452 0.6000000238
20868  11.860  -63.132  3.163 0.6000000238
20857  12.163  -63.568  4.929 0.6000000238
19837  11.172  -64.511  6.611 0.5000000000
20841  12.438  -63.485  6.408 0.4000000060
8455  28.003  -77.153  -0.761 0.6000000238
9112  29.077  -76.239  -1.636 0.6999999881
11372  32.566  -73.839  -4.490 0.5000000000
11360  33.103  -73.640  -4.099 0.5000000000
10579  35.393  -74.454  -2.617 0.5000000000
11359  34.730  -74.043  -3.438 0.5000000000
9132  17.829  -75.835  -2.991 0.6000000238
13923  14.468  -71.052  6.141 0.6000000238
14867  13.644  -69.571  6.104 0.6000000238
13952  11.909  -70.493  4.373 0.6000000238
128277  10.814  -68.891  4.787 0.5000000000
18881  13.670  -64.301  2.948 0.6000000238
18882  12.581  -64.017  2.764 0.6000000238
131865  12.028  -63.021  3.602 0.6000000238
19855  11.194  -64.048  5.140 0.6000000238
145881  35.061  -79.163  -2.598 0.4000000060
139209  37.210  -78.655  -1.214 0.5000000000
7811  37.132  -78.373  -1.101 0.5000000000
7829  36.869  -78.739  -1.783 0.4000000060
129156  36.035  -78.614  -1.791 0.4000000060
7813  35.148  -78.457  -1.041 0.4000000060
7832  34.215  -78.718  -1.394 0.4000000060
8434  37.160  -77.917  0.106 0.5000000000
7140  37.300  -78.623  -0.636 0.5000000000
7794  35.925  -77.952  -0.415 0.5000000000
7795  34.533  -78.104  -0.060 0.5000000000
7814  33.814  -78.490  -0.621 0.4000000060
8418  37.048  -77.403  0.825 0.5000000000
8419  36.050  -77.556  1.121 0.5000000000
8420  34.870  -77.818  1.497 0.5000000000
8437  34.111  -77.923  0.860 0.5000000000
7778  33.226  -78.126  0.268 0.4000000060
8422  32.845  -77.730  1.767 0.4000000060
8399  36.665  -77.162  1.666 0.5000000000
8400  35.528  -77.447  2.084 0.5000000000
8379  35.071  -77.400  3.043 0.5000000000
8401  34.457  -77.627  2.373 0.5000000000
8402  33.436  -77.558  2.499 0.5000000000
7765  32.072  -77.939  1.775 0.4000000060
9766  27.326  -75.452  4.691 0.5000000000
9754  26.732  -76.150  6.112 0.4000000060
9740  27.441  -75.572  6.979 0.4000000060
9009  28.383  -75.784  7.348 0.4000000060
8336  28.924  -77.021  6.634 0.4000000060
8348  29.727  -77.580  5.959 0.4000000060
8380  34.081  -77.386  3.192 0.5000000000
8347  30.672  -77.479  5.130 0.4000000060
139716  31.171  -77.692  4.287 0.4000000060
7753  31.075  -78.300  3.041 0.4000000060
9062  33.723  -76.987  3.910 0.4000000060
8381  33.125  -77.245  3.301 0.5000000000
7766  31.600  -78.101  2.475 0.4000000060
8403  32.402  -77.620  2.671 0.4000000060
10477  27.387  -74.983  5.620 0.4000000060
9016  29.048  -76.175  7.100 0.4000000060
9028  29.870  -76.642  6.483 0.4000000060
9042  34.185  -76.530  4.425 0.4000000060
9045  31.551  -77.134  4.762 0.4000000060
144351  31.577  -77.768  3.404 0.4000000060
9043  33.399  -76.556  4.539 0.4000000060
9063  32.909  -76.889  4.034 0.4000000060
9044  32.255  -76.966  4.383 0.4000000060
8361  32.340  -77.302  3.634 0.4000000060
9779  27.600  -75.698  3.680 0.5000000000
10489  27.726  -74.708  4.868 0.4000000060
10476  28.016  -74.269  5.637 0.4000000060
11232  28.565  -73.872  6.858 0.4000000060
9726  29.800  -74.683  7.401 0.4000000060
9015  30.776  -76.268  6.242 0.4000000060
9752  31.659  -76.059  5.914 0.4000000060
9026  31.219  -76.729  5.484 0.4000000060
9751  32.511  -75.859  5.719 0.4000000060
128266  32.021  -75.479  6.290 0.4000000060
9025  32.164  -76.555  5.178 0.4000000060
134412  28.216  -75.253  3.156 0.5000000000
10498  28.754  -74.443  3.539 0.5000000000
10511  28.792  -74.793  2.615 0.6000000238
10488  28.412  -74.324  4.549 0.5000000000
10448  29.074  -74.376  7.346 0.4000000060
10447  30.501  -74.215  7.463 0.4000000060
10462  31.106  -74.645  7.259 0.4000000060
10461  31.970  -74.781  6.973 0.4000000060
141223  29.400  -73.457  4.835 0.4000000060
11282  29.791  -73.832  2.675 0.5000000000
11247  29.272  -73.347  5.639 0.4000000060
12086  29.924  -73.326  7.254 0.4000000060
12137  29.972  -72.997  5.050 0.5000000000
12122  30.465  -72.499  5.737 0.4000000060
12109  29.762  -73.052  6.960 0.4000000060
12085  30.490  -72.752  7.278 0.4000000060
11281  30.485  -73.483  2.440 0.6000000238
10509  30.017  -73.970  1.841 0.6000000238
12136  30.805  -72.543  4.686 0.5000000000
12121  31.075  -72.160  5.439 0.4000000060
9828  30.557  -75.266  -1.927 0.5000000000
16828  15.574  -66.904  6.506 0.5000000000
17844  15.137  -66.104  5.303 0.5000000000
20865  15.759  -62.748  3.806 0.5000000000
17825  15.524  -66.108  5.979 0.5000000000
142507  15.216  -64.703  4.229 0.5000000000
16850  15.155  -66.801  5.743 0.5000000000
8435  36.607  -77.697  0.195 0.5000000000
7812  36.545  -78.274  -1.196 0.5000000000
10450  27.838  -75.031  7.258 0.4000000060
9727  28.975  -75.236  7.404 0.4000000060
11248  28.584  -73.716  6.097 0.4000000060
11231  29.182  -73.431  6.546 0.4000000060
10463  30.528  -74.918  7.254 0.4000000060
10487  29.481  -73.808  3.469 0.5000000000
11214  30.505  -73.448  7.483 0.4000000060
11259  29.789  -73.417  4.188 0.5000000000
11267  30.859  -72.836  3.725 0.6000000238
13008  30.966  -72.085  6.323 0.5000000000
147973  30.850  -73.064  2.984 0.5000000000
129500  38.428  -71.469  1.008 0.3000000119
12172  37.095  -72.162  0.736 0.3000000119
12188  36.800  -72.817  0.281 0.3000000119
12187  37.675  -72.730  -0.096 0.3000000119
13078  39.157  -72.014  0.186 0.3000000119
13986  40.086  -71.135  0.878 0.3000000119
146104  39.761  -71.551  0.330 0.3000000119
13064  36.463  -71.821  1.589 0.3000000119
12173  35.742  -72.393  1.490 0.4000000060
148133  35.369  -73.246  0.680 0.4000000060
13063  37.443  -71.548  1.251 0.3000000119
11307  35.703  -73.571  -0.127 0.4000000060
11306  36.498  -73.325  -0.187 0.4000000060
10581  34.242  -75.239  -2.940 0.4000000060
9825  33.432  -75.591  -2.807 0.4000000060
144926  38.715  -70.877  1.547 0.3000000119
11321  37.702  -73.750  -1.695 0.3000000119
10563  35.830  -74.638  -2.075 0.4000000060
13108  38.699  -71.985  -1.256 0.3000000119
11335  37.898  -73.774  -2.035 0.3000000119
124927  34.339  -72.793  2.011 0.4000000060
12175  33.436  -72.952  1.888 0.4000000060
11310  32.376  -73.560  0.796 0.4000000060
10536  31.556  -73.735  0.191 0.4000000060
129229  36.048  -71.310  2.316 0.4000000060
12174  35.072  -72.981  1.341 0.4000000060
11294  34.149  -73.268  1.262 0.4000000060
129907  33.108  -73.770  0.423 0.4000000060
10551  32.911  -74.576  -0.937 0.4000000060
13051  36.989  -71.236  2.132 0.3000000119
11308  34.837  -73.482  0.578 0.4000000060
11325  33.439  -74.176  -0.246 0.4000000060
10567  31.889  -74.962  -1.900 0.4000000060
13975  37.360  -70.511  2.419 0.3000000119
10550  33.929  -74.673  -1.076 0.4000000060
10566  32.778  -75.075  -1.858 0.4000000060
13974  39.082  -70.334  1.979 0.3000000119
10564  34.977  -74.813  -2.464 0.4000000060
127158  36.090  -74.031  -2.546 0.4000000060
13039  32.719  -71.892  3.810 0.4000000060
11280  32.013  -72.742  2.602 0.4000000060
13038  34.189  -71.225  3.772 0.4000000060
12160  33.712  -72.459  2.537 0.4000000060
129669  32.825  -72.622  2.558 0.4000000060
125049  31.322  -73.141  2.241 0.4000000060
14888  36.556  -69.536  3.529 0.3000000119
13977  35.606  -70.941  3.102 0.4000000060
14886  38.136  -69.200  3.060 0.3000000119
14905  37.744  -69.830  2.724 0.3000000119
146152  31.575  -74.437  -1.150 0.4000000060
14885  38.968  -69.053  2.768 0.3000000119
12149  31.437  -72.724  3.149 0.4000000060
12148  32.249  -72.362  3.366 0.4000000060
13123  35.943  -72.510  -2.341 0.3000000119
136725  36.364  -71.811  -1.917 0.3000000119
144806  37.111  -72.842  -2.275 0.3000000119
10568  30.955  -74.681  -1.404 0.4000000060
11311  30.911  -73.712  0.781 0.4000000060
11296  30.720  -73.604  1.566 0.4000000060
12135  31.498  -72.030  4.805 0.4000000060
126564  36.378  -72.416  0.993 0.3000000119
12196  38.381  -72.566  -1.382 0.3000000119
13093  39.532  -71.528  -0.699 0.3000000119
12159  35.072  -72.353  2.167 0.4000000060
11322  36.809  -73.966  -1.241 0.4000000060
11324  34.889  -74.019  -0.320 0.4000000060
11323  35.819  -74.259  -1.214 0.4000000060
10565  33.666  -75.137  -1.873 0.4000000060
11336  37.283  -74.128  -2.012 0.4000000060
146029  34.771  -71.974  2.745 0.4000000060
11279  32.367  -73.094  1.770 0.4000000060
125362  33.230  -73.423  1.117 0.4000000060
13976  36.504  -70.688  2.686 0.3000000119
11309  33.977  -73.830  0.401 0.4000000060
13957  36.938  -70.016  2.976 0.3000000119
13959  34.874  -70.785  3.705 0.4000000060
13958  35.438  -70.222  3.699 0.3000000119
14887  37.346  -69.375  3.320 0.3000000119
132704  33.704  -80.917  1.796 0.3000000119
5915  32.954  -81.341  0.951 0.3000000119
5894  34.884  -81.281  2.446 0.3000000119
147616  33.280  -80.818  2.490 0.3000000119
128164  34.693  -81.011  1.183 0.3000000119
5914  33.726  -81.137  0.494 0.3000000119
125784  35.570  -81.567  3.132 0.3000000119
5879  35.103  -81.787  3.574 0.3000000119
5895  33.950  -81.036  3.088 0.3000000119
5892  35.972  -81.512  3.215 0.3000000119
5893  35.639  -81.097  1.995 0.3000000119
150412  34.460  -80.990  0.062 0.3000000119
7161  37.095  -79.170  -1.864 0.3000000119
5236  35.587  -82.510  5.077 0.3000000119
136114  35.093  -82.574  5.114 0.3000000119
5877  36.155  -81.885  4.015 0.3000000119
5858  35.883  -82.294  4.580 0.3000000119
5255  34.319  -81.937  4.170 0.3000000119
6545  36.112  -80.589  0.799 0.3000000119
7141  37.169  -79.457  -0.146 0.3000000119
6554  37.094  -80.243  -0.926 0.3000000119
6515  36.337  -81.306  3.416 0.3000000119
6533  36.153  -80.794  2.212 0.3000000119
7122  36.470  -79.992  1.837 0.3000000119
7131  36.929  -79.309  1.025 0.3000000119
144844  36.804  -80.258  -0.151 0.3000000119
7130  37.287  -78.506  0.186 0.3000000119
9074  37.217  -76.793  2.300 0.4000000060
8417  37.292  -77.608  1.003 0.4000000060
5242  29.779  -82.902  5.107 0.3000000119
4571  28.657  -83.367  5.378 0.3000000119
5880  33.228  -81.288  3.928 0.3000000119
126828  31.905  -81.192  2.746 0.3000000119
5836  32.995  -82.061  6.475 0.3000000119
5204  32.299  -82.275  6.099 0.3000000119
5225  30.918  -82.289  5.687 0.3000000119
5241  30.407  -82.429  4.966 0.3000000119
4570  29.275  -83.260  5.089 0.3000000119
5834  35.181  -82.099  6.329 0.3000000119
144193  33.580  -82.509  5.295 0.3000000119
5224  31.755  -82.303  5.599 0.3000000119
5257  30.041  -82.242  4.064 0.3000000119
5258  29.783  -82.783  4.552 0.3000000119
5237  34.437  -82.522  4.934 0.3000000119
5238  33.517  -82.239  4.732 0.3000000119
5861  31.539  -81.566  4.397 0.3000000119
147307  30.546  -81.755  3.910 0.3000000119
5881  32.153  -81.038  3.782 0.3000000119
5256  31.154  -81.445  3.613 0.3000000119
5913  35.466  -80.891  0.455 0.3000000119
147334  36.289  -80.709  -0.532 0.3000000119
5202  34.810  -82.460  5.855 0.3000000119
6544  36.512  -80.081  0.935 0.3000000119
5207  29.777  -82.435  6.434 0.3000000119
5269  31.146  -82.271  2.360 0.3000000119
5203  33.876  -82.425  5.832 0.3000000119
5205  31.444  -82.254  6.332 0.3000000119
5239  32.068  -82.266  4.999 0.3000000119
5240  31.205  -82.179  4.987 0.3000000119
5270  30.492  -82.239  3.285 0.3000000119
7777  37.454  -77.877  0.875 0.3000000119
12079  36.243  -72.164  7.432 0.3000000119
12106  36.745  -72.763  6.926 0.3000000119
11227  36.216  -73.498  6.624 0.3000000119
10473  36.097  -74.674  5.666 0.4000000060
9748  35.698  -75.284  5.255 0.4000000060
9041  35.007  -76.424  4.288 0.3000000119
9061  34.606  -77.012  3.792 0.3000000119
12080  35.237  -72.281  7.652 0.3000000119
11209  34.825  -73.083  7.471 0.4000000060
10459  34.795  -74.359  6.525 0.4000000060
10460  33.812  -74.380  6.783 0.4000000060
9750  33.425  -75.588  5.668 0.3000000119
10445  32.387  -73.994  7.489 0.4000000060
128127  32.922  -74.577  6.823 0.4000000060
9737  32.725  -75.230  6.274 0.3000000119
11212  31.948  -73.167  7.956 0.3000000119
12076  39.180  -72.361  7.396 0.3000000119
12077  38.143  -72.195  7.322 0.3000000119
11226  37.168  -73.329  6.342 0.4000000060
133519  36.900  -74.520  5.457 0.4000000060
9747  36.492  -75.118  5.116 0.3000000119
9040  35.831  -76.206  4.148 0.3000000119
9059  36.553  -76.464  3.380 0.3000000119
12976  37.604  -71.644  7.963 0.3000000119
12977  36.661  -71.468  7.837 0.3000000119
12978  35.644  -71.497  7.944 0.3000000119
12081  34.291  -72.446  8.048 0.3000000119
11229  34.390  -73.765  7.157 0.4000000060
12956  35.005  -70.779  8.453 0.3000000119
141754  33.574  -70.449  8.372 0.3000000119
12979  34.648  -71.612  8.231 0.3000000119
11230  33.655  -73.767  7.413 0.4000000060
12958  32.888  -70.770  8.250 0.3000000119
12059  32.774  -71.606  8.371 0.4000000060
12083  32.403  -72.455  8.232 0.4000000060
12992  32.114  -71.110  6.448 0.3000000119
12980  32.036  -71.078  7.436 0.4000000060
12981  31.596  -71.727  7.671 0.4000000060
150774  31.158  -72.326  7.558 0.4000000060
13943  32.975  -70.840  5.104 0.3000000119
13007  31.627  -71.667  5.736 0.4000000060
13023  32.002  -71.579  4.892 0.3000000119
140615  42.622  -74.498  6.468 0.3000000119
10469  42.846  -74.029  5.032 0.3000000119
9758  41.703  -74.987  4.454 0.3000000119
10482  41.669  -74.515  4.311 0.3000000119
12075  40.370  -72.342  7.211 0.3000000119
12102  41.057  -72.569  6.233 0.3000000119
12120  40.497  -73.034  5.758 0.3000000119
10483  40.869  -74.706  3.863 0.3000000119
12952  38.993  -71.372  8.801 0.3000000119
12057  39.712  -71.963  8.271 0.3000000119
12103  39.838  -72.703  6.549 0.3000000119
11224  39.341  -73.123  5.960 0.3000000119
11244  38.301  -73.905  5.319 0.3000000119
10471  38.347  -74.403  4.796 0.3000000119
128633  37.693  -75.506  3.960 0.3000000119
9778  37.185  -75.887  3.666 0.3000000119
9073  37.896  -76.551  2.609 0.3000000119
9085  37.558  -77.144  1.966 0.3000000119
12953  38.090  -71.204  8.629 0.3000000119
13901  33.011  -69.988  7.553 0.3000000119
13902  32.603  -70.574  7.852 0.3000000119
14852  33.451  -69.533  7.207 0.3000000119
13918  32.495  -70.469  7.081 0.3000000119
13929  33.697  -70.236  5.347 0.3000000119
13022  33.545  -70.961  4.454 0.3000000119
132680  32.699  -71.403  4.510 0.3000000119
10443  42.223  -74.760  7.178 0.3000000119
10457  43.224  -73.821  5.918 0.3000000119
11240  42.743  -73.331  4.953 0.3000000119
10481  42.306  -73.875  4.565 0.3000000119
12074  41.737  -72.257  6.850 0.3000000119
11241  42.087  -73.204  4.843 0.3000000119
8416  37.571  -77.332  1.884 0.3000000119
10436  42.152  -74.667  7.924 0.3000000119
148882  43.244  -74.050  6.562 0.3000000119
10456  43.703  -73.586  6.728 0.3000000119
12100  43.441  -72.795  5.906 0.3000000119
12118  42.694  -72.786  5.395 0.3000000119
12056  40.884  -72.080  8.026 0.3000000119
10435  43.145  -74.358  8.232 0.3000000119
10441  44.062  -73.937  7.688 0.3000000119
12099  43.955  -72.978  6.558 0.3000000119
12101  42.836  -72.394  6.106 0.3000000119
9086  37.136  -77.241  1.360 0.3000000119
9075  36.110  -77.127  2.742 0.3000000119
9060  35.527  -76.856  3.609 0.3000000119
9749  34.885  -75.455  5.358 0.3000000119
9736  33.440  -74.998  6.299 0.4000000060
12994  30.932  -72.095  7.164 0.4000000060
13942  34.297  -70.556  4.350 0.3000000119
12078  37.203  -72.112  7.325 0.3000000119
12107  35.781  -72.946  7.194 0.3000000119
12105  37.708  -72.663  6.729 0.3000000119
11228  35.285  -73.658  6.880 0.4000000060
10474  35.248  -74.872  5.868 0.4000000060
10475  34.272  -75.088  6.011 0.4000000060
12082  33.331  -72.498  8.274 0.4000000060
12975  38.581  -71.869  8.137 0.3000000119
12104  38.718  -72.705  6.655 0.3000000119
10472  37.657  -74.445  5.159 0.3000000119
11225  38.220  -73.240  5.997 0.3000000119
147140  37.162  -74.927  4.978 0.4000000060
9761  36.987  -75.452  4.466 0.3000000119
12954  37.135  -70.810  8.485 0.3000000119
12955  36.046  -70.746  8.315 0.3000000119
146405  33.356  -71.063  8.441 0.4000000060
13930  32.797  -70.658  6.005 0.3000000119
11255  41.447  -73.885  4.395 0.3000000119
11243  39.904  -73.500  5.216 0.3000000119
10485  38.818  -74.738  4.216 0.3000000119
14863  34.366  -69.581  5.504 0.3000000119
7874  18.842  -78.347  -4.051 0.4000000060
4580  29.417  -83.287  4.619 0.3000000119
5220  35.830  -82.456  5.520 0.3000000119
5221  35.292  -82.525  5.442 0.3000000119
5222  34.570  -82.553  5.398 0.3000000119
5223  32.628  -82.392  5.396 0.3000000119
5859  35.250  -82.345  4.526 0.3000000119
5860  32.541  -81.790  4.552 0.3000000119
5862  30.728  -81.765  4.323 0.3000000119
5878  35.749  -81.986  3.889 0.3000000119
6514  36.759  -80.928  3.767 0.3000000119
6532  36.603  -80.487  2.790 0.3000000119
6613  21.365  -80.231  -4.180 0.5000000000
7085  27.729  -79.065  5.516 0.5000000000
7176  25.303  -79.260  -3.410 0.6000000238
7188  25.365  -79.392  -4.352 0.6999999881
7190  23.012  -79.696  -3.931 0.5000000000
7192  19.303  -79.927  -4.079 0.5000000000
7201  26.157  -79.172  -4.754 0.6999999881
7205  21.862  -79.856  -4.286 0.5000000000
7207  20.495  -80.044  -4.377 0.5000000000
7208  19.902  -79.713  -4.390 0.5000000000
7209  25.008  -78.894  -5.008 0.6000000238
7729  29.125  -78.339  5.627 0.4000000060
7739  28.641  -78.942  5.203 0.4000000060
7743  22.802  -78.453  4.529 0.5000000000
7776  37.758  -77.598  2.178 0.3000000119
7779  32.431  -78.091  1.035 0.5000000000
7783  22.522  -78.103  2.386 0.5000000000
7793  37.198  -78.234  -0.141 0.5000000000
7797  23.788  -77.872  0.168 0.6999999881
7810  37.159  -78.292  -0.550 0.5000000000
7816  26.790  -78.408  -0.836 0.6999999881
7817  25.989  -78.256  -0.843 0.6000000238
7831  35.084  -78.736  -2.015 0.4000000060
7834  26.567  -78.694  -1.664 0.6999999881
7843  27.476  -78.861  -2.766 0.6999999881
7844  26.819  -79.075  -2.602 0.6999999881
7847  24.083  -78.898  -2.508 0.6000000238
7854  27.595  -78.735  -3.794 0.6999999881
7856  18.817  -79.138  -3.897 0.5000000000
7865  27.572  -78.622  -4.836 0.6999999881
7867  26.125  -78.905  -5.233 0.6999999881
7871  21.935  -78.673  -4.597 0.5000000000
7872  20.643  -79.438  -4.485 0.5000000000
7875  28.118  -78.247  -5.203 0.8000000119
7877  26.566  -78.489  -5.318 0.6999999881
8337  28.126  -77.294  6.752 0.4000000060
8339  26.772  -76.869  6.554 0.5000000000
8362  31.787  -77.371  4.089 0.4000000060
8367  23.186  -77.824  4.350 0.5000000000
8368  22.700  -77.939  4.062 0.5000000000
8382  30.801  -78.220  3.768 0.4000000060
8385  23.760  -77.493  3.872 0.6000000238
8387  22.617  -77.972  3.401 0.5000000000
8421  33.802  -77.768  1.697 0.5000000000
8423  26.842  -77.475  1.213 0.6999999881
8424  26.054  -77.501  1.410 0.6999999881
8433  37.207  -78.074  0.135 0.5000000000
8436  35.327  -77.858  0.547 0.5000000000
8441  25.438  -77.600  0.737 0.6999999881
8442  24.404  -77.618  0.886 0.6999999881
8454  37.004  -77.973  -0.598 0.5000000000
8469  27.783  -78.317  -2.103 0.6999999881
8493  28.702  -77.890  -5.069 0.6000000238
8494  24.976  -77.283  -4.746 0.6000000238
8495  24.592  -78.170  -4.874 0.6999999881
8497  22.591  -78.014  -4.572 0.5000000000
8499  28.663  -77.245  -5.190 0.6000000238
8500  28.184  -77.846  -5.386 0.8000000119
8502  26.251  -78.063  -5.468 0.6999999881
9010  27.823  -75.747  7.293 0.4000000060
9018  27.417  -76.323  6.977 0.4000000060
9024  33.021  -76.227  5.138 0.4000000060
9027  30.480  -76.958  5.863 0.4000000060
9058  37.443  -76.309  2.984 0.3000000119
9064  27.183  -76.237  3.334 0.6000000238
9087  27.740  -76.578  1.331 0.6000000238
9088  27.253  -77.034  1.727 0.6999999881
9113  28.803  -76.951  -2.230 0.6000000238
9118  30.950  -76.646  -3.566 0.6000000238
9120  17.828  -76.303  -2.849 0.6000000238
9126  32.365  -76.269  -4.164 0.6999999881
9129  19.830  -76.617  -3.745 0.5000000000
9130  18.800  -76.628  -3.539 0.5000000000
9131  18.015  -76.591  -3.198 0.5000000000
9137  31.668  -76.307  -4.318 0.6999999881
9140  28.418  -76.566  -5.100 0.6000000238
9141  27.566  -76.250  -4.898 0.6000000238
9145  23.107  -76.353  -4.471 0.6999999881
9148  20.636  -76.548  -3.926 0.5000000000
9150  26.762  -77.394  -5.313 0.6999999881
9728  28.225  -75.292  7.384 0.4000000060
9734  42.645  -74.438  5.661 0.3000000119
9738  31.175  -75.414  6.702 0.4000000060
9739  30.061  -75.659  7.021 0.4000000060
9741  27.104  -76.114  6.653 0.4000000060
9753  27.176  -75.527  6.317 0.4000000060
9762  35.335  -75.806  4.744 0.3000000119
9763  34.559  -75.971  4.855 0.3000000119
9764  33.803  -76.094  5.012 0.4000000060
9765  28.054  -75.021  4.070 0.5000000000
9773  41.183  -75.111  3.952 0.3000000119
9789  28.316  -75.565  2.291 0.5000000000
9809  29.241  -75.322  0.046 0.6999999881
9810  28.617  -75.910  0.277 0.6000000238
9827  31.314  -75.416  -2.300 0.5000000000
9839  32.909  -76.094  -3.517 0.5000000000
9841  30.781  -75.943  -2.701 0.6999999881
9842  17.712  -75.245  -2.641 0.6000000238
9845  33.718  -75.780  -4.046 0.5000000000
9846  33.124  -76.173  -4.046 0.5000000000
9848  22.224  -75.229  -4.114 0.6000000238
9852  17.797  -75.144  -2.987 0.5000000000
9855  31.183  -76.093  -4.609 0.6000000238
10442  43.114  -74.287  7.227 0.3000000119
10444  33.156  -74.033  7.304 0.4000000060
10446  31.356  -73.889  7.566 0.4000000060
10449  28.409  -74.712  7.329 0.4000000060
10458  35.712  -74.212  6.302 0.4000000060
10464  28.090  -74.382  7.073 0.4000000060
10465  27.613  -74.780  6.632 0.4000000060
10470  42.213  -74.470  4.654 0.3000000119
10484  39.852  -74.634  3.916 0.3000000119
10486  37.849  -74.977  4.514 0.3000000119
10497  29.222  -74.210  2.867 0.5000000000
10510  29.419  -74.428  2.191 0.6000000238
10513  23.314  -74.401  2.323 0.6999999881
10527  23.550  -74.497  1.691 0.6999999881
10537  30.704  -73.988  0.107 0.6000000238
10539  24.955  -74.329  0.146 0.6000000238
10540  23.814  -74.569  0.907 0.6000000238
10549  34.889  -74.571  -1.352 0.4000000060
10552  31.952  -74.088  -0.685 0.4000000060
10556  24.553  -74.590  -0.494 0.6000000238
10558  23.259  -74.357  -0.826 0.6000000238
10562  36.496  -74.304  -2.150 0.4000000060
10582  32.105  -75.682  -2.695 0.5000000000
10583  25.906  -74.384  -3.007 0.6000000238
10585  23.715  -74.381  -3.007 0.6000000238
10588  34.856  -74.541  -3.235 0.5000000000
10589  34.468  -74.860  -3.642 0.5000000000
10590  34.055  -75.221  -4.038 0.5000000000
10593  24.224  -74.686  -3.538 0.6999999881
10597  18.951  -74.190  -3.332 0.5000000000
10606  26.559  -74.217  -4.195 0.6999999881
10607  25.432  -74.947  -4.289 0.6999999881
10609  23.225  -74.684  -4.082 0.6999999881
11210  33.919  -73.198  7.790 0.4000000060
11211  32.959  -73.343  7.911 0.4000000060
11213  31.138  -72.942  7.728 0.4000000060
11215  29.220  -73.698  7.155 0.4000000060
11216  28.619  -74.178  7.183 0.4000000060
11218  23.418  -73.010  7.160 0.6999999881
11222  43.597  -73.184  6.045 0.3000000119
11223  43.193  -73.243  5.434 0.3000000119
11233  25.086  -73.189  6.278 0.8000000119
11236  22.871  -73.207  6.134 0.6999999881
11242  41.035  -73.318  4.944 0.3000000119
11245  37.463  -73.885  5.715 0.3000000119
11246  36.594  -74.028  6.030 0.3000000119
11249  24.846  -73.468  5.654 0.8000000119
11250  24.075  -73.639  5.620 0.8000000119
11251  23.255  -73.429  5.520 0.6999999881
11256  40.417  -73.995  4.432 0.3000000119
11257  39.222  -74.058  4.726 0.3000000119
11258  30.362  -73.051  4.202 0.5000000000
11260  28.775  -73.763  5.146 0.5000000000
11262  24.515  -73.645  4.885 0.8000000119
11268  30.246  -73.356  3.384 0.5000000000
11270  23.634  -74.060  3.822 0.8000000119
11271  22.863  -73.837  3.403 0.6999999881
11283  25.303  -73.456  2.849 0.8000000119
11285  22.767  -74.092  2.598 0.6999999881
11295  31.524  -73.469  1.239 0.4000000060
11297  25.205  -73.684  2.021 0.6000000238
11298  24.757  -74.145  1.945 0.6999999881
11299  22.420  -73.840  1.321 0.6999999881
11320  37.894  -73.181  -2.169 0.3000000119
11326  32.537  -73.897  -0.092 0.4000000060
11328  22.752  -73.547  -1.240 0.6999999881
11334  38.192  -73.493  -1.913 0.3000000119
11337  36.575  -74.391  -1.879 0.4000000060
11339  25.702  -74.047  -1.278 0.6000000238
11349  37.943  -73.362  -2.181 0.3000000119
11350  37.198  -73.871  -2.195 0.3000000119
11351  35.321  -74.147  -2.942 0.5000000000
11353  27.191  -72.959  -3.225 0.6999999881
11356  23.021  -73.881  -3.243 0.6999999881
11362  28.289  -72.947  -4.172 0.6999999881
11365  22.524  -73.541  -3.258 0.6000000238
11367  20.486  -73.411  -3.239 0.4000000060
11368  19.406  -73.533  -3.266 0.5000000000
11371  33.341  -74.534  -4.194 0.5000000000
11374  30.800  -73.278  -4.321 0.6000000238
12058  33.718  -71.705  8.406 0.4000000060
12060  32.046  -71.818  8.169 0.4000000060
12063  22.259  -72.412  8.323 0.5000000000
12065  19.940  -71.933  8.326 0.6000000238
12073  43.582  -72.582  6.597 0.3000000119
12084  31.657  -72.366  7.996 0.4000000060
12088  24.452  -72.503  7.678 0.5000000000
12090  22.878  -72.715  7.652 0.6000000238
12108  30.348  -72.537  6.726 0.5000000000
12111  24.814  -72.897  6.938 0.6000000238
12113  20.367  -72.742  6.755 0.6000000238
12114  19.490  -72.570  6.716 0.6000000238
12119  41.684  -72.810  5.437 0.3000000119
12123  29.789  -72.919  6.172 0.4000000060
12124  25.461  -72.921  5.628 0.6999999881
12127  20.933  -72.569  5.509 0.6000000238
12129  18.810  -72.351  6.093 0.6000000238
12134  32.100  -71.954  4.232 0.4000000060
12138  25.549  -72.897  4.581 0.8000000119
12140  21.327  -72.552  4.722 0.6000000238
12142  19.720  -72.205  4.983 0.6000000238
12147  33.168  -72.147  3.191 0.4000000060
12161  25.799  -72.729  2.811 0.6999999881
12162  22.265  -73.193  2.782 0.6999999881
12176  26.321  -71.924  0.900 0.6000000238
12177  26.031  -72.403  1.493 0.6999999881
12178  22.108  -73.113  0.661 0.6999999881
12185  39.080  -72.058  -0.705 0.3000000119
12186  38.474  -72.480  -0.458 0.3000000119
12189  35.930  -72.982  0.709 0.4000000060
12198  37.314  -73.364  -0.677 0.3000000119
12212  26.447  -72.288  -1.741 0.6999999881
12214  22.588  -72.578  -2.080 0.6000000238
12224  33.394  -72.457  -3.278 0.5000000000
12236  32.203  -72.388  -4.118 0.6000000238
12242  22.137  -73.029  -3.045 0.6000000238
12246  17.756  -73.029  -3.070 0.5000000000
12247  32.106  -72.908  -4.431 0.6000000238
12943  20.597  -70.902  9.224 0.5000000000
12957  34.078  -70.938  8.513 0.3000000119
12959  32.256  -71.207  8.041 0.3000000119
12963  21.530  -71.945  8.846 0.5000000000
12964  20.636  -71.608  8.859 0.5000000000
12965  19.265  -71.521  8.330 0.6000000238
12967  17.318  -70.810  7.954 0.5000000000
12982  26.027  -71.035  7.441 0.6000000238
12993  31.426  -71.535  6.901 0.4000000060
12998  17.317  -71.832  6.444 0.5000000000
12999  15.845  -71.392  6.357 0.5000000000
13001  14.462  -71.448  5.530 0.6000000238
13006  32.363  -71.205  5.425 0.3000000119
13010  25.939  -72.101  6.085 0.6000000238
13011  18.907  -72.206  5.252 0.6000000238
13028  17.214  -71.576  4.854 0.5000000000
13031  14.729  -71.472  4.842 0.6000000238
13037  34.839  -71.468  3.212 0.4000000060
13040  26.554  -71.593  3.657 0.6999999881
13043  20.329  -71.738  3.231 0.6000000238
13045  18.420  -71.562  3.708 0.5000000000
13052  35.334  -71.675  2.622 0.4000000060
13053  34.057  -71.843  3.062 0.4000000060
13054  26.512  -71.494  2.792 0.6000000238
13056  21.207  -71.712  1.992 0.6999999881
13057  20.524  -71.539  2.322 0.6000000238
13059  18.709  -71.286  2.820 0.5000000000
13065  35.684  -71.844  1.999 0.4000000060
13067  21.268  -71.456  1.241 0.6000000238
13076  40.122  -71.213  -0.324 0.3000000119
13077  39.743  -71.638  -0.273 0.3000000119
13079  38.087  -72.113  0.461 0.3000000119
13080  26.487  -71.101  0.700 0.6999999881
13081  21.848  -71.160  -0.389 0.6000000238
13094  26.437  -70.851  -0.045 0.6999999881
13096  21.876  -70.498  -0.933 0.6000000238
13111  35.415  -71.594  -1.998 0.4000000060
13117  21.939  -70.725  -1.574 0.6000000238
13137  31.883  -71.686  -3.798 0.6000000238
13140  27.964  -71.516  -3.451 0.6999999881
13875  19.113  -70.190  9.374 0.5000000000
13876  18.261  -69.797  9.288 0.4000000060
13886  33.209  -70.136  8.106 0.3000000119
13889  21.826  -71.170  9.153 0.5000000000
13893  16.784  -70.163  8.046 0.5000000000
13917  33.128  -69.980  6.601 0.3000000119
13921  15.983  -71.058  7.037 0.5000000000
13922  15.303  -70.831  6.646 0.5000000000
13924  13.973  -70.466  6.206 0.6000000238
13933  13.688  -71.144  5.549 0.6000000238
13934  12.833  -70.836  5.242 0.6000000238
13935  12.218  -70.574  4.955 0.6000000238
13945  27.069  -71.056  4.127 0.6999999881
13946  16.894  -71.243  4.087 0.5000000000
13947  16.190  -71.149  4.070 0.6000000238
13949  14.186  -71.120  4.528 0.6000000238
13950  13.405  -71.187  4.810 0.6000000238
13965  15.549  -69.838  3.485 0.6000000238
13966  14.559  -70.233  3.886 0.6000000238
13982  17.580  -70.326  2.601 0.5000000000
13987  37.809  -70.899  1.691 0.3000000119
13988  27.151  -70.207  1.901 0.6000000238
13990  20.299  -70.599  0.854 0.5000000000
14002  40.605  -70.886  0.285 0.3000000119
14003  40.144  -71.350  0.096 0.3000000119
14008  26.667  -70.474  0.728 0.6000000238
14009  20.747  -70.100  -0.117 0.5000000000
14035  21.359  -69.991  -0.833 0.6000000238
14046  32.433  -70.764  -1.701 0.4000000060
14049  26.647  -70.346  -1.453 0.6999999881
14055  31.877  -70.852  -2.539 0.6000000238
14056  30.397  -70.463  -2.809 0.6000000238
14058  28.220  -69.807  -2.575 0.6999999881
14062  29.845  -70.610  -3.152 0.6000000238
14808  18.820  -69.330  9.514 0.4000000060
14827  17.702  -69.433  9.129 0.4000000060
14836  26.404  -69.248  7.591 0.6000000238
14856  15.238  -69.996  6.963 0.6000000238
14864  33.890  -69.535  6.308 0.3000000119
14870  11.690  -70.166  4.834 0.6000000238
14879  28.026  -70.084  5.133 0.5000000000
14881  9.566  -69.203  4.072 0.5000000000
14890  28.076  -69.746  3.729 0.6000000238
14895  12.996  -69.752  3.358 0.6000000238
14896  11.923  -69.626  3.217 0.5000000000
14897  11.018  -69.816  3.597 0.5000000000
14904  38.595  -69.705  2.482 0.3000000119
14907  27.715  -69.753  2.392 0.6000000238
14913  10.377  -69.146  3.004 0.5000000000
14922  27.624  -69.472  1.394 0.6000000238
14940  26.749  -69.805  -0.194 0.6000000238
14964  28.049  -68.713  -1.662 0.6000000238
14966  29.945  -69.641  -2.356 0.6000000238
14967  29.450  -69.314  -2.428 0.6000000238
14969  27.703  -69.435  -2.052 0.6000000238
14970  26.883  -69.682  -2.009 0.6999999881
15757  18.488  -68.598  9.430 0.5000000000
15758  17.677  -68.646  9.197 0.5000000000
15783  17.075  -68.369  8.782 0.5000000000
15809  16.587  -68.554  8.153 0.5000000000
15833  15.442  -69.002  6.872 0.6000000238
15834  14.979  -68.392  6.401 0.6000000238
15853  12.472  -69.138  5.448 0.6000000238
15869  11.815  -68.509  5.140 0.6000000238
15883  14.369  -68.623  2.826 0.5000000000
15884  13.563  -68.961  2.906 0.5000000000
15886  8.823  -68.721  3.461 0.5000000000
15902  11.834  -68.183  2.377 0.5000000000
15903  10.894  -68.026  2.231 0.5000000000
15914  28.214  -68.687  1.250 0.6000000238
15930  28.243  -68.183  0.378 0.5000000000
15931  27.696  -68.495  -0.186 0.6000000238
15945  29.129  -67.730  -1.116 0.5000000000
15949  29.115  -68.271  -1.669 0.6000000238
15952  29.121  -68.808  -2.185 0.6000000238
16829  15.141  -67.551  6.181 0.6000000238
16867  14.085  -66.907  4.946 0.6000000238
16868  13.211  -67.127  4.865 0.6000000238
16871  10.126  -67.892  4.490 0.5000000000
16941  28.863  -67.435  0.240 0.5000000000
16954  28.359  -67.562  -1.085 0.6000000238
16959  28.718  -67.755  -1.330 0.5000000000
17786  17.490  -66.891  8.482 0.6000000238
17806  17.809  -65.989  7.887 0.5000000000
17807  16.782  -66.342  7.808 0.6000000238
17824  16.023  -65.936  7.003 0.6000000238
17845  14.693  -66.500  5.131 0.6000000238
17867  12.640  -66.394  4.171 0.6000000238
17883  12.048  -65.535  3.495 0.6000000238
17885  10.015  -65.440  3.519 0.6000000238
17886  9.106  -65.370  3.476 0.5000000000
18751  12.489  -65.863  12.636 0.3000000119
18831  15.877  -65.398  6.175 0.6000000238
18843  14.812  -65.571  4.511 0.5000000000
18845  8.117  -65.005  4.781 0.5000000000
18883  11.666  -64.460  3.324 0.6000000238
19767  13.888  -64.663  12.785 0.3000000119
19777  10.709  -64.843  11.808 0.4000000060
19784  10.154  -64.773  10.977 0.4000000060
19853  15.771  -64.267  4.662 0.5000000000
19854  11.720  -63.947  6.103 0.5000000000
19867  16.013  -63.412  4.172 0.5000000000
19869  9.933  -63.988  3.829 0.5000000000
19870  9.097  -64.391  3.826 0.5000000000
19879  14.301  -63.298  2.692 0.6000000238
19880  13.293  -63.279  2.439 0.6000000238
19881  12.619  -63.199  2.573 0.6000000238
19883  10.217  -64.194  3.615 0.5000000000
19893  13.650  -62.893  2.474 0.6000000238
20746  16.912  -63.613  12.582 0.4000000060
20762  11.135  -63.462  12.255 0.3000000119
20792  9.888  -63.088  9.891 0.3000000119
20856  13.081  -63.207  5.286 0.6000000238
20867  12.626  -62.690  2.924 0.6000000238
20876  14.922  -62.806  3.215 0.6000000238
20878  13.538  -62.691  2.682 0.6000000238
20879  12.382  -62.997  2.661 0.6000000238
21724  16.517  -63.072  13.177 0.4000000060
21725  15.120  -62.697  13.342 0.4000000060
21726  14.116  -62.599  13.248 0.3000000119
21729  11.962  -63.306  12.705 0.3000000119
21756  20.713  -63.372  11.005 0.4000000060
21758  18.747  -63.187  11.141 0.4000000060
21780  14.872  -62.547  9.223 0.4000000060
21782  9.631  -62.728  9.230 0.4000000060
21804  15.492  -61.981  8.727 0.4000000060
21806  13.628  -62.782  7.938 0.4000000060
21808  8.707  -63.092  7.699 0.4000000060
21838  18.087  -61.705  5.401 0.4000000060
21839  14.807  -62.274  5.966 0.4000000060
21849  16.651  -61.858  4.577 0.4000000060
21850  15.584  -61.882  4.796 0.6000000238
21851  13.971  -62.742  5.375 0.6000000238
21861  16.385  -62.141  4.267 0.5000000000
21862  15.444  -62.383  3.816 0.5000000000
21864  14.287  -62.491  4.058 0.6000000238
22745  12.356  -61.013  12.292 0.3000000119
22756  11.180  -61.422  10.963 0.3000000119
22757  10.654  -61.691  10.357 0.3000000119
22786  9.601  -61.954  7.851 0.4000000060
22798  16.754  -61.533  7.166 0.4000000060
22799  15.956  -61.673  7.031 0.4000000060
22801  9.476  -62.006  6.456 0.3000000119
22813  17.448  -61.468  6.171 0.4000000060
23686  15.522  -60.433  13.144 0.3000000119
23700  12.243  -60.620  11.583 0.3000000119
23726  10.757  -61.076  9.090 0.4000000060
23740  11.988  -60.523  6.784 0.3000000119
23742  10.665  -61.112  7.875 0.4000000060
23755  11.302  -60.573  6.174 0.3000000119
23769  9.619  -61.181  5.627 0.3000000119
23770  8.896  -61.426  5.764 0.3000000119
24711  12.724  -59.989  8.927 0.3000000119
24753  15.134  -59.104  5.832 0.3000000119
24754  14.280  -59.676  5.540 0.3000000119
24755  13.192  -59.935  4.979 0.3000000119
24768  13.405  -59.634  5.026 0.3000000119
24769  12.868  -59.775  4.994 0.3000000119
25703  16.239  -58.477  12.323 0.3000000119
25725  15.304  -58.072  10.150 0.3000000119
25757  15.888  -58.800  7.828 0.3000000119
25758  15.200  -58.852  8.570 0.3000000119
25772  12.757  -58.566  5.959 0.3000000119
25782  15.890  -58.996  5.537 0.3000000119
25785  12.365  -59.515  5.281 0.3000000119
25794  15.945  -58.396  5.051 0.3000000119
25795  15.535  -58.767  5.546 0.3000000119
25796  15.021  -58.809  5.652 0.3000000119
26749  17.932  -57.620  8.579 0.3000000119
27760  17.856  -57.301  7.737 0.3000000119
125149  12.968  -69.637  5.731 0.6000000238
125480  37.354  -78.564  1.165 0.3000000119
126085  29.137  -73.870  4.268 0.5000000000
126087  17.895  -71.914  7.004 0.5000000000
126672  10.634  -63.681  4.049 0.5000000000
126917  30.195  -77.094  -3.518 0.6999999881
127665  38.181  -70.291  2.105 0.3000000119
128438  22.171  -72.964  6.291 0.6999999881
128701  15.207  -57.368  5.529 0.3000000119
129087  28.506  -76.760  -1.399 0.6000000238
129259  34.409  -72.312  2.516 0.4000000060
129535  17.911  -71.399  7.662 0.6000000238
129585  33.400  -71.582  3.790 0.4000000060
129650  36.125  -70.143  3.228 0.3000000119
129765  21.435  -70.641  -0.197 0.6000000238
129879  18.600  -71.469  8.024 0.6000000238
129985  36.512  -75.933  4.082 0.3000000119
130142  13.564  -61.655  13.137 0.3000000119
130546  20.228  -72.425  5.559 0.6000000238
130780  34.412  -75.003  -1.928 0.4000000060
130810  32.842  -80.763  3.030 0.3000000119
131208  27.778  -69.948  3.116 0.6000000238
131433  31.500  -72.434  4.004 0.4000000060
131739  14.543  -64.272  12.956 0.3000000119
131941  21.728  -72.584  4.084 0.6000000238
132266  34.189  -75.638  5.374 0.3000000119
132688  36.123  -75.629  4.642 0.3000000119
132861  14.680  -62.328  8.193 0.4000000060
132886  26.392  -71.273  2.093 0.6000000238
132975  20.845  -78.435  -4.443 0.6000000238
133306  25.141  -78.031  -1.148 0.6000000238
133417  17.604  -59.179  12.497 0.3000000119
133441  36.415  -73.404  -2.471 0.4000000060
133450  18.462  -78.274  -3.459 0.5000000000
133586  29.017  -77.758  -4.561 0.6999999881
133747  22.395  -73.214  -0.286 0.6999999881
133762  22.573  -79.600  -4.342 0.5000000000
133785  10.377  -69.542  4.363 0.5000000000
133969  16.853  -61.298  13.329 0.4000000060
133984  31.283  -71.566  -3.597 0.6000000238
134140  23.749  -74.585  -1.276 0.6000000238
134634  12.213  -60.422  10.701 0.3000000119
134834  27.034  -71.065  5.087 0.6000000238
135041  28.814  -67.430  -0.568 0.5000000000
135580  34.217  -74.295  -0.455 0.4000000060
135768  22.493  -75.909  -4.323 0.6000000238
136590  38.975  -73.523  5.437 0.3000000119
137701  27.908  -70.046  4.335 0.6000000238
137827  8.617  -66.156  3.549 0.5000000000
138207  12.828  -62.921  4.078 0.6000000238
138211  10.977  -64.218  12.220 0.3000000119
138260  27.022  -75.617  5.578 0.4000000060
138463  15.498  -65.318  5.202 0.5000000000
139901  30.702  -74.346  -4.558 0.6999999881
140350  42.077  -72.493  5.889 0.3000000119
140480  37.347  -79.379  -1.109 0.5000000000
140506  28.125  -74.157  6.536 0.4000000060
140853  11.113  -69.700  4.671 0.5000000000
140905  32.911  -74.852  -4.367 0.5000000000
141106  31.526  -72.870  -4.348 0.6000000238
141119  23.890  -79.552  -4.180 0.5000000000
141217  24.694  -77.915  4.866 0.6000000238
141285  10.070  -60.966  5.543 0.3000000119
141305  15.930  -62.742  13.358 0.3000000119
141359  42.184  -74.877  5.093 0.3000000119
141411  11.099  -64.053  3.515 0.6000000238
141561  23.789  -75.143  -4.304 0.6999999881
141632  28.771  -70.083  -2.879 0.6999999881
141656  29.787  -73.903  7.413 0.4000000060
141794  26.709  -75.894  -4.678 0.6999999881
142754  24.516  -74.440  0.803 0.6000000238
143538  12.757  -63.178  12.919 0.3000000119
144764  12.811  -63.186  8.093 0.4000000060
144769  28.843  -75.955  -4.854 0.6000000238
144925  27.818  -68.364  -1.350 0.6000000238
144955  33.233  -77.871  1.111 0.4000000060
145318  21.689  -72.575  -2.903 0.4000000060
145738  26.688  -70.012  0.379 0.6000000238
145799  16.103  -56.880  5.710 0.3000000119
145901  20.026  -72.587  6.199 0.6000000238
146092  25.044  -78.613  -5.047 0.6999999881
146508  13.652  -60.087  5.323 0.3000000119
146640  15.443  -58.443  12.032 0.3000000119
147262  26.940  -74.538  -4.390 0.6999999881
147647  17.444  -63.230  12.629 0.4000000060
147974  36.679  -71.198  -1.624 0.3000000119
148427  36.466  -81.583  4.130 0.3000000119
148698  32.859  -82.432  5.029 0.3000000119
149039  31.933  -78.226  1.315 0.4000000060
149185  32.754  -76.630  4.659 0.4000000060
149294  23.932  -78.392  -1.118 0.6000000238
149487  32.183  -74.590  -1.279 0.4000000060
149703  15.512  -57.863  5.162 0.3000000119
150241  33.072  -82.358  5.775 0.3000000119
150299  17.115  -62.357  4.576 0.4000000060
150355  22.957  -79.240  -4.635 0.5000000000
150381  11.389  -61.036  10.621 0.3000000119
150629  15.917  -56.877  4.868 0.3000000119
150667  37.196  -79.912  -0.625 0.3000000119
150815  30.165  -74.419  0.134 0.6000000238
150896  25.138  -73.522  3.472 0.8000000119
