#!ascii label  , from subject sub-v1s7x0051326_ses-1 vox2ras=TkReg
1983
3415  23.182  -85.528  3.556 0.6999999881
2826  22.514  -86.150  3.579 0.8000000119
2820  21.344  -86.061  4.243 0.8000000119
2829  20.069  -86.439  3.380 0.6999999881
3433  23.665  -85.555  2.166 0.6000000238
2837  23.039  -86.166  3.043 0.6000000238
134973  20.820  -86.636  3.082 0.6000000238
3988  24.334  -84.355  1.457 0.6000000238
3402  20.995  -85.404  4.550 0.8000000119
3403  20.211  -85.296  4.536 0.6999999881
3951  19.942  -84.552  4.809 0.6999999881
4585  18.803  -83.491  4.363 0.6999999881
3974  23.932  -85.070  2.941 0.6000000238
3400  22.422  -85.524  4.127 0.6999999881
149136  18.983  -84.851  4.089 0.6999999881
4638  24.512  -83.730  0.539 0.6000000238
4651  24.872  -82.864  0.001 0.6000000238
3999  24.343  -84.464  -0.144 0.6000000238
4665  25.484  -83.209  -1.610 0.6000000238
4666  24.884  -83.568  -1.292 0.6000000238
4600  20.778  -83.701  4.134 0.8000000119
5246  20.352  -82.719  4.856 0.8000000119
4574  20.035  -82.726  5.209 0.6999999881
5849  20.253  -80.975  5.234 0.6999999881
5867  18.817  -80.743  5.235 0.6999999881
4599  21.361  -84.227  4.039 0.8000000119
4584  20.319  -83.574  4.927 0.6999999881
5866  19.472  -81.725  5.147 0.6999999881
3948  22.522  -84.365  4.237 0.6999999881
3950  20.528  -84.688  4.661 0.8000000119
5247  19.231  -82.648  4.822 0.6999999881
3399  22.767  -84.801  4.149 0.6999999881
126897  24.489  -84.114  2.590 0.6999999881
5298  24.720  -82.872  0.772 0.6000000238
4625  24.605  -83.430  1.539 0.6000000238
4650  25.309  -82.910  -0.830 0.6000000238
140525  24.688  -83.604  -0.458 0.6000000238
4664  26.330  -83.128  -1.923 0.6000000238
4679  27.250  -82.959  -4.628 0.6999999881
4680  26.344  -83.325  -4.141 0.6000000238
5360  28.674  -83.015  -5.892 0.5000000000
4686  27.254  -83.125  -5.845 0.6000000238
4693  28.433  -83.688  -6.432 0.5000000000
5884  20.494  -82.127  3.430 0.8999999762
5865  20.449  -81.673  4.695 0.8000000119
6507  20.440  -80.562  4.844 0.6999999881
4614  21.137  -84.026  2.989 0.6999999881
5273  20.707  -83.473  2.737 0.8999999762
6493  19.703  -80.288  5.409 0.6999999881
5260  22.545  -83.131  4.197 0.8000000119
4598  22.048  -83.992  3.469 0.8000000119
4582  23.443  -83.204  4.408 0.8000000119
5259  24.301  -82.170  4.018 0.6999999881
4597  23.806  -83.849  3.886 0.6999999881
131407  24.713  -83.036  2.376 0.8000000119
5921  24.801  -82.053  2.296 0.8000000119
5297  25.280  -82.210  0.459 0.6999999881
5313  25.465  -82.412  -0.278 0.6999999881
5330  26.850  -82.840  -1.097 0.6000000238
125455  27.001  -83.130  -3.396 0.6999999881
5356  28.833  -82.629  -5.162 0.6999999881
5904  20.341  -82.539  2.093 0.8999999762
6523  20.457  -80.911  3.904 0.8000000119
7104  20.148  -78.826  5.026 0.6999999881
4612  21.769  -83.869  2.254 0.8000000119
4626  21.144  -83.899  1.893 0.8000000119
5272  22.402  -83.362  2.986 0.6999999881
5863  23.522  -81.648  4.636 0.6999999881
5864  22.918  -81.713  4.829 0.6000000238
5243  23.714  -82.565  4.436 0.8000000119
5902  24.637  -81.621  3.095 0.8000000119
5920  25.286  -81.636  1.717 0.8000000119
5938  26.225  -81.836  0.629 0.6999999881
5311  27.495  -82.581  -0.501 0.8000000119
126325  26.714  -82.387  -0.482 0.6999999881
5310  28.348  -82.638  -0.563 0.8000000119
129090  29.017  -82.543  -3.103 0.6999999881
143184  28.422  -82.781  -2.609 0.6999999881
4663  27.310  -83.062  -1.821 0.6999999881
5349  28.948  -82.467  -4.177 0.6999999881
5341  28.309  -82.688  -3.424 0.6999999881
13073  13.947  -70.646  1.261 0.6000000238
14946  13.813  -69.002  0.202 0.6000000238
142975  12.058  -70.116  0.259 0.6000000238
125722  10.596  -69.502  0.849 0.6999999881
6541  20.346  -81.236  2.661 0.8999999762
7117  20.420  -80.040  4.256 0.6999999881
129872  22.364  -81.309  3.881 0.6000000238
139941  23.031  -80.812  4.968 0.6000000238
129069  22.725  -80.973  4.667 0.6000000238
5882  24.318  -81.142  3.916 0.6999999881
6537  26.174  -80.798  2.882 0.6999999881
6539  24.761  -80.916  3.065 0.6999999881
132295  18.054  -77.078  1.264 0.6999999881
8428  17.659  -77.225  2.056 0.6999999881
5900  25.738  -81.187  2.217 0.8000000119
5901  24.962  -81.249  2.393 0.8000000119
9107  18.006  -76.350  -0.060 0.6000000238
145595  17.695  -76.516  0.871 0.6000000238
140308  16.485  -76.570  1.871 0.6999999881
5919  26.264  -81.514  1.453 0.6999999881
9091  16.931  -76.128  1.323 0.5000000000
9802  15.908  -75.993  1.792 0.6999999881
5294  27.987  -82.241  0.089 0.8000000119
5295  27.048  -81.960  0.088 0.8000000119
9821  17.537  -75.678  -0.492 0.5000000000
9822  16.928  -75.183  0.051 0.5000000000
5340  28.928  -82.713  -2.125 0.6999999881
141127  16.836  -74.266  -0.966 0.5000000000
11342  16.816  -73.483  -1.496 0.6000000238
11329  16.424  -73.814  -0.438 0.5000000000
11314  15.915  -73.271  0.289 0.6000000238
11315  15.643  -73.072  1.288 0.6999999881
13060  14.810  -71.656  2.289 0.6999999881
149994  15.991  -72.467  -0.076 0.5000000000
12180  15.899  -72.288  0.944 0.6000000238
12181  15.494  -72.100  1.876 0.6000000238
13995  14.641  -70.058  1.174 0.6000000238
12216  16.926  -72.521  -1.432 0.6000000238
13070  15.856  -71.277  1.271 0.6000000238
148885  15.026  -69.688  1.061 0.6000000238
13098  16.811  -71.395  -0.153 0.5000000000
12194  16.136  -71.755  0.217 0.5000000000
14925  14.718  -69.142  0.556 0.6000000238
14947  12.939  -68.982  0.277 0.6000000238
137253  11.621  -68.338  0.653 0.6999999881
14926  9.755  -69.044  1.400 0.6000000238
14927  8.572  -69.082  1.600 0.6999999881
13993  15.824  -70.386  1.076 0.6000000238
131228  15.392  -68.256  0.425 0.6000000238
15936  13.291  -67.975  0.275 0.6000000238
16945  12.658  -67.130  0.579 0.6999999881
16909  11.029  -67.835  1.718 0.5000000000
6524  20.312  -79.964  3.161 0.8999999762
5903  22.496  -82.418  2.754 0.6000000238
5284  21.496  -83.430  1.216 0.6999999881
131138  20.085  -78.995  3.100 0.8000000119
7744  19.671  -78.091  5.050 0.6999999881
7769  19.518  -78.505  2.600 0.6999999881
7784  19.449  -78.680  1.684 0.8000000119
6504  23.702  -80.531  4.592 0.6999999881
134625  18.680  -77.565  0.782 0.8000000119
127988  18.410  -77.587  1.661 0.6000000238
8444  18.734  -77.768  -0.157 0.6999999881
148995  18.304  -77.156  -1.425 0.6000000238
5936  28.443  -81.809  0.808 0.8000000119
5898  28.255  -81.365  1.711 0.8000000119
5935  29.350  -81.654  0.581 0.8000000119
9114  18.056  -76.304  -1.167 0.5000000000
5309  29.188  -82.504  -0.735 0.8000000119
9831  17.128  -74.978  -0.945 0.5000000000
10599  17.500  -74.396  -2.879 0.5000000000
11358  17.069  -73.240  -3.105 0.6000000238
10572  16.907  -74.375  -1.871 0.6000000238
12234  17.072  -72.845  -2.541 0.6000000238
13122  17.154  -71.797  -1.143 0.6000000238
129961  8.212  -68.342  3.493 0.5000000000
14040  17.336  -70.235  0.160 0.5000000000
15905  9.214  -68.509  2.311 0.5000000000
140065  7.983  -68.689  1.900 0.6000000238
14945  16.392  -68.342  0.537 0.6000000238
16943  14.877  -66.794  0.528 0.6999999881
16926  13.256  -66.547  0.906 0.6999999881
16928  11.638  -67.562  1.303 0.6999999881
14011  17.789  -69.153  0.199 0.6000000238
16927  12.296  -67.116  1.157 0.6000000238
16922  17.042  -67.434  0.955 0.6999999881
17901  14.900  -66.066  1.129 0.6000000238
128626  13.991  -66.620  1.949 0.5000000000
5285  20.930  -83.421  0.878 0.6999999881
5925  20.246  -82.553  1.225 0.6999999881
6550  20.030  -80.919  0.862 0.6999999881
7136  19.887  -79.623  1.071 0.8000000119
7801  19.176  -78.304  0.330 0.6999999881
7800  19.452  -78.753  0.909 0.6999999881
16872  8.576  -67.382  3.843 0.5000000000
12245  18.792  -72.840  -3.209 0.5000000000
12233  17.351  -72.469  -2.877 0.6000000238
15872  7.922  -67.803  3.567 0.5000000000
13135  18.743  -71.312  -2.527 0.5000000000
12231  19.290  -72.001  -2.918 0.5000000000
13136  17.881  -71.718  -2.435 0.6000000238
13097  17.698  -71.010  -0.543 0.6000000238
16908  11.578  -67.501  1.711 0.5000000000
13119  19.466  -70.612  -1.890 0.5000000000
13120  18.484  -70.950  -1.916 0.6000000238
14039  18.240  -69.837  -0.177 0.6000000238
14038  18.822  -70.005  -0.522 0.6000000238
5300  20.791  -83.042  0.298 0.6999999881
129545  19.755  -81.509  0.150 0.6999999881
6559  19.621  -80.498  0.210 0.6999999881
16902  16.974  -67.487  1.285 0.5000000000
13133  21.070  -71.004  -2.443 0.5000000000
15900  14.758  -67.422  2.427 0.5000000000
14052  20.173  -69.991  -1.178 0.5000000000
14942  18.311  -69.241  0.324 0.5000000000
14943  17.922  -68.792  0.412 0.5000000000
16903  16.155  -67.266  1.695 0.5000000000
14910  16.794  -68.860  2.480 0.5000000000
14911  15.717  -68.922  2.929 0.5000000000
13991  19.444  -70.429  1.147 0.5000000000
14909  17.428  -69.223  2.159 0.5000000000
15899  15.778  -67.912  2.453 0.5000000000
14010  19.880  -69.976  0.232 0.5000000000
14923  18.258  -69.363  1.122 0.5000000000
14924  17.931  -68.541  1.375 0.5000000000
14051  21.087  -69.900  -1.399 0.5000000000
14961  19.260  -69.641  -0.096 0.5000000000
13981  18.296  -70.612  2.312 0.5000000000
18846  7.463  -65.348  4.589 0.6000000238
17871  6.114  -66.148  4.334 0.6000000238
18866  8.872  -64.816  3.547 0.5000000000
17846  7.843  -65.613  5.418 0.6999999881
17847  6.891  -65.983  5.313 0.6000000238
15856  5.772  -67.748  4.953 0.6000000238
142231  6.595  -69.052  5.738 0.6999999881
141315  8.443  -66.087  6.046 0.6000000238
16854  7.174  -66.837  5.816 0.6999999881
15855  6.252  -67.669  5.458 0.6999999881
14872  5.854  -68.719  4.847 0.6999999881
133521  7.432  -69.105  6.368 0.8000000119
18834  9.568  -65.466  5.863 0.5000000000
18844  9.263  -64.793  5.214 0.5000000000
15838  7.726  -68.402  6.413 0.8000000119
16833  8.657  -67.047  6.446 0.6000000238
13911  8.875  -70.471  7.556 0.6999999881
18832  10.594  -65.194  6.618 0.5000000000
128854  10.343  -64.198  4.750 0.5000000000
14847  8.391  -69.766  7.008 0.6999999881
13925  7.377  -70.329  6.458 0.6999999881
15815  8.708  -68.868  6.775 0.6999999881
16832  9.595  -67.172  6.571 0.6999999881
128823  8.605  -71.219  7.735 0.6999999881
131881  9.297  -69.697  7.334 0.6999999881
149395  10.518  -66.475  6.781 0.6000000238
15836  9.370  -67.984  6.736 0.8000000119
15746  7.322  -69.052  10.010 0.6999999881
14774  8.420  -70.162  11.275 0.8000000119
20822  12.341  -63.614  7.631 0.4000000060
12067  9.578  -72.215  8.997 0.6999999881
19815  11.534  -64.722  7.447 0.5000000000
12988  9.275  -71.146  8.092 0.6999999881
18815  11.156  -65.314  7.288 0.6000000238
16830  10.928  -66.942  6.928 0.6000000238
15814  9.746  -68.884  7.089 0.6999999881
16831  10.259  -67.555  6.753 0.8000000119
15835  10.234  -68.264  6.933 0.8000000119
23673  5.600  -60.883  13.868 0.5000000000
22733  6.101  -61.056  13.226 0.5000000000
22713  6.905  -61.374  13.473 0.5000000000
18817  4.856  -64.890  7.508 0.5000000000
17791  6.540  -66.464  8.282 0.6000000238
18796  6.730  -65.548  7.924 0.6000000238
19804  4.038  -64.442  7.980 0.6000000238
20778  6.074  -63.424  10.189 0.6000000238
16777  6.410  -67.194  8.672 0.6999999881
129063  5.838  -65.940  8.002 0.6999999881
15763  6.855  -68.384  9.566 0.6999999881
16759  5.573  -67.736  9.686 0.6999999881
12045  11.207  -72.323  9.760 0.6999999881
12031  11.809  -72.165  11.048 0.6999999881
13845  11.079  -70.902  11.775 0.8000000119
19814  11.905  -64.413  8.112 0.5000000000
12066  10.456  -71.842  8.919 0.6999999881
18814  11.685  -65.409  7.916 0.6000000238
13896  10.776  -71.078  8.400 0.8000000119
16803  11.089  -67.948  7.133 0.6999999881
13908  11.713  -70.117  8.057 0.8000000119
14846  10.270  -69.622  7.558 0.8000000119
131581  4.764  -60.410  13.747 0.5000000000
125225  5.315  -60.581  13.086 0.6000000238
24689  5.003  -59.323  11.558 0.5000000000
23690  5.184  -60.156  12.171 0.6000000238
22732  6.660  -61.266  12.467 0.6000000238
22731  7.328  -61.919  11.909 0.6000000238
22748  6.735  -61.372  11.363 0.6000000238
22747  7.194  -62.080  11.074 0.5000000000
19816  6.647  -64.091  7.123 0.5000000000
19818  4.541  -64.208  7.278 0.5000000000
18795  7.750  -65.364  8.368 0.6000000238
20827  4.131  -63.588  7.642 0.6000000238
20794  4.192  -63.496  9.045 0.6999999881
20777  6.827  -63.262  10.544 0.6000000238
17789  8.227  -66.056  8.875 0.6000000238
16757  7.272  -67.587  9.072 0.6999999881
17792  4.958  -66.537  8.772 0.6999999881
17793  4.662  -65.780  8.610 0.6999999881
138806  4.368  -64.702  9.600 0.8000000119
20779  4.682  -63.413  9.302 0.6999999881
16756  8.287  -67.528  9.284 0.6999999881
15762  7.822  -68.345  9.486 0.6999999881
15761  8.754  -68.155  9.756 0.6999999881
14789  8.830  -69.613  10.420 0.8000000119
13860  11.025  -70.243  11.055 0.8000000119
13861  10.240  -70.027  10.822 0.8000000119
17808  12.248  -66.334  8.217 0.5000000000
16773  13.681  -68.110  8.913 0.6000000238
12944  12.386  -71.797  10.147 0.8000000119
13844  11.782  -70.952  11.092 0.8000000119
140004  12.274  -67.176  7.853 0.6000000238
16774  12.919  -67.939  8.140 0.6999999881
137879  12.403  -71.130  8.835 0.8000000119
15811  12.540  -68.704  8.023 0.6999999881
14844  12.144  -69.499  8.008 0.6999999881
14845  11.211  -69.528  7.698 0.8000000119
145742  3.578  -59.132  13.439 0.4000000060
24673  4.542  -59.371  12.460 0.5000000000
24688  5.719  -59.413  10.955 0.4000000060
23702  5.677  -60.082  11.278 0.5000000000
23711  6.269  -60.968  10.085 0.5000000000
19802  7.241  -64.697  7.734 0.5000000000
21828  5.232  -62.755  7.068 0.6000000238
21809  4.671  -62.331  7.957 0.6000000238
22769  6.070  -61.654  9.692 0.6000000238
18794  8.608  -65.222  8.918 0.6000000238
21785  4.229  -62.906  8.796 0.6999999881
21764  5.442  -62.937  9.568 0.6999999881
17770  8.985  -65.882  9.408 0.6000000238
14788  9.802  -69.506  10.339 0.8000000119
15759  14.030  -68.905  9.568 0.6999999881
142547  13.339  -70.173  8.870 0.6999999881
13878  12.879  -70.994  9.940 0.8000000119
145453  11.916  -69.784  10.636 0.8000000119
15785  13.277  -68.638  8.467 0.6999999881
24674  4.041  -58.638  12.814 0.4000000060
25692  3.496  -58.408  13.424 0.4000000060
25682  3.003  -58.335  14.041 0.4000000060
25717  5.122  -58.482  11.208 0.5000000000
26706  4.543  -57.795  11.795 0.4000000060
26668  2.634  -58.266  14.888 0.5000000000
23712  6.070  -60.192  10.463 0.5000000000
144956  5.958  -60.331  8.792 0.5000000000
23744  5.462  -60.837  9.086 0.5000000000
23743  6.888  -60.543  8.128 0.5000000000
22770  5.162  -61.595  9.097 0.6999999881
16755  9.175  -67.283  9.726 0.6000000238
131091  11.233  -68.831  10.441 0.8000000119
125511  13.799  -68.431  10.339 0.6000000238
15741  13.278  -68.785  10.714 0.6000000238
16743  11.647  -68.200  10.793 0.6999999881
16744  10.723  -67.973  10.225 0.6999999881
13858  13.353  -70.113  10.106 0.6999999881
26642  2.523  -57.157  16.081 0.3000000119
26705  5.854  -57.254  11.734 0.4000000060
27685  5.020  -57.047  12.088 0.3000000119
146329  4.649  -56.893  12.769 0.4000000060
26678  3.612  -57.551  13.616 0.4000000060
26667  3.317  -57.456  14.459 0.4000000060
26655  2.942  -57.462  15.338 0.5000000000
25728  6.147  -58.809  10.882 0.4000000060
132288  3.248  -56.953  15.782 0.3000000119
135825  6.137  -59.455  10.335 0.4000000060
145125  5.946  -61.160  8.076 0.5000000000
24712  6.381  -59.555  9.785 0.4000000060
23759  6.786  -61.253  7.242 0.6000000238
25744  6.524  -58.807  10.114 0.4000000060
23758  7.503  -60.958  6.781 0.4000000060
24730  6.425  -59.777  9.028 0.5000000000
15760  9.745  -67.965  9.928 0.6999999881
15742  12.346  -68.970  10.711 0.6999999881
26656  2.123  -57.929  15.678 0.4000000060
138304  4.640  -56.879  15.122 0.4000000060
26641  5.057  -57.212  16.539 0.3000000119
26717  6.994  -57.863  11.132 0.3000000119
25762  6.975  -59.094  9.302 0.4000000060
24728  8.686  -59.208  7.949 0.4000000060
132377  7.846  -59.206  8.629 0.4000000060
27664  6.373  -57.145  13.282 0.3000000119
27665  4.787  -56.847  13.541 0.3000000119
129470  4.989  -56.875  14.402 0.4000000060
26666  5.688  -57.433  15.292 0.3000000119
26654  5.321  -57.545  16.125 0.3000000119
27683  6.723  -57.027  12.608 0.3000000119
125029  7.216  -57.817  10.366 0.3000000119
136162  8.353  -58.540  8.650 0.3000000119
26736  7.798  -57.709  9.765 0.3000000119
25760  9.013  -58.276  8.244 0.3000000119
26677  5.886  -57.282  14.197 0.3000000119
26653  6.385  -57.645  16.118 0.3000000119
26676  7.053  -57.690  14.311 0.3000000119
26665  6.725  -57.787  15.267 0.3000000119
26735  8.361  -57.004  9.722 0.3000000119
131129  9.020  -56.929  9.228 0.3000000119
138100  9.924  -57.411  8.265 0.3000000119
27639  3.191  -56.628  16.497 0.3000000119
27663  7.328  -57.498  13.388 0.3000000119
26675  8.067  -57.937  14.256 0.3000000119
27745  9.602  -56.774  9.651 0.3000000119
9811  16.506  -75.389  0.952 0.6000000238
10543  15.813  -73.869  1.037 0.6999999881
10529  15.502  -74.233  1.813 0.6999999881
12164  14.885  -72.599  2.484 0.6999999881
24731  6.032  -60.198  9.654 0.4000000060
22787  5.005  -61.613  8.561 0.6000000238
144833  5.880  -57.086  16.684 0.3000000119
2838  22.326  -86.460  2.727 0.6999999881
5262  18.173  -82.492  3.887 0.6999999881
3973  24.324  -83.801  3.407 0.8000000119
4671  26.150  -83.422  -2.961 0.6000000238
139292  26.917  -83.196  -2.518 0.6999999881
5883  22.668  -81.968  4.507 0.6000000238
150814  19.941  -78.417  4.515 0.6999999881
5937  27.059  -81.702  0.913 0.8000000119
4662  28.151  -82.920  -1.897 0.6999999881
5327  29.457  -82.542  -1.540 0.8000000119
14949  10.592  -68.593  1.246 0.6999999881
10542  16.071  -74.227  0.299 0.5000000000
13072  14.651  -70.881  1.726 0.6000000238
14928  7.490  -69.156  1.531 0.6000000238
16942  16.277  -67.012  0.793 0.6999999881
7770  18.858  -78.088  2.119 0.8000000119
8471  18.075  -76.767  -2.229 0.5000000000
133610  17.862  -75.835  -2.062 0.6000000238
14054  18.401  -70.706  -0.929 0.6000000238
12969  11.688  -71.669  8.985 0.8000000119
2348  31.479  -87.477  0.409 0.4000000060
2344  31.827  -87.509  1.337 0.4000000060
2881  31.369  -86.310  -2.066 0.3000000119
2356  31.003  -87.452  -0.413 0.4000000060
2349  30.590  -88.006  0.111 0.4000000060
1902  30.953  -88.020  1.004 0.4000000060
4021  33.738  -84.325  -2.116 0.4000000060
4015  33.742  -84.494  -1.367 0.5000000000
3449  33.386  -85.159  -0.867 0.5000000000
4022  33.142  -84.718  -2.435 0.3000000119
3457  32.961  -85.402  -1.384 0.4000000060
2867  32.595  -86.188  -0.365 0.4000000060
3463  31.886  -85.682  -2.377 0.3000000119
2868  32.125  -86.345  -0.922 0.3000000119
2355  31.975  -86.819  -0.194 0.3000000119
2891  30.986  -85.964  -2.765 0.3000000119
4026  33.602  -84.150  -3.014 0.4000000060
4669  34.175  -83.742  -2.616 0.4000000060
4661  34.381  -83.465  -1.868 0.5000000000
4677  33.808  -83.194  -3.588 0.3000000119
3469  32.330  -85.048  -2.746 0.3000000119
3478  30.272  -85.260  -4.420 0.4000000060
4028  31.818  -84.712  -3.558 0.3000000119
4039  29.955  -83.933  -5.608 0.4000000060
4035  29.777  -84.899  -5.320 0.4000000060
4040  29.244  -84.308  -6.067 0.4000000060
134696  34.586  -82.988  -3.084 0.4000000060
5346  34.212  -82.297  -3.982 0.4000000060
5351  33.442  -82.433  -4.426 0.4000000060
5991  33.563  -81.720  -4.558 0.4000000060
147692  33.524  -80.605  -3.717 0.5000000000
4684  32.282  -83.202  -4.582 0.4000000060
5993  32.096  -81.936  -4.849 0.4000000060
4034  30.463  -84.492  -4.942 0.4000000060
4685  30.729  -83.621  -5.207 0.5000000000
5354  31.178  -82.214  -5.038 0.4000000060
4692  29.319  -83.379  -5.968 0.4000000060
4687  26.480  -83.301  -5.273 0.6000000238
5361  27.950  -83.182  -6.149 0.4000000060
7174  33.463  -79.866  -2.453 0.6000000238
6591  32.208  -80.981  -2.139 0.6000000238
5987  32.225  -81.621  -4.216 0.6000000238
5975  32.234  -81.231  -3.230 0.6000000238
5976  31.399  -81.673  -3.452 0.6000000238
5338  30.674  -81.976  -2.521 0.6999999881
126568  30.453  -82.104  -4.704 0.5000000000
5347  30.535  -81.950  -3.675 0.6000000238
5326  30.115  -82.228  -1.784 0.6999999881
134911  31.800  -79.760  -0.265 0.6999999881
6555  31.305  -80.141  0.178 0.6999999881
6578  32.013  -80.553  -1.387 0.6000000238
5948  31.548  -80.512  -0.667 0.6999999881
6557  29.863  -81.022  1.077 0.6999999881
5917  29.132  -81.396  1.440 0.6999999881
5899  26.714  -81.136  2.229 0.6999999881
5962  30.766  -81.787  -1.447 0.6999999881
5950  29.669  -81.974  -0.211 0.6999999881
5308  29.975  -82.247  -0.999 0.6999999881
7123  30.481  -79.453  2.378 0.5000000000
7124  29.782  -80.039  2.557 0.6000000238
6556  30.621  -80.521  0.704 0.6999999881
6547  29.625  -80.675  1.908 0.6000000238
6535  28.408  -80.905  2.499 0.6999999881
6517  28.493  -80.469  3.212 0.6999999881
5949  30.447  -81.648  -0.508 0.6999999881
129510  27.877  -80.792  2.973 0.6999999881
6536  27.134  -80.819  2.975 0.6000000238
6534  29.106  -80.543  2.624 0.6000000238
7112  28.436  -79.961  3.971 0.6000000238
6518  27.631  -80.415  3.691 0.6000000238
7113  27.712  -79.956  4.416 0.6000000238
6522  22.417  -80.100  4.265 0.5000000000
4601  18.107  -83.207  3.188 0.6000000238
3426  18.355  -84.758  2.553 0.6000000238
7099  26.100  -79.974  4.316 0.6000000238
7114  25.141  -79.759  4.271 0.6000000238
7101  23.782  -79.116  4.925 0.5000000000
7102  23.050  -79.199  4.914 0.5000000000
145245  17.102  -81.519  3.670 0.6000000238
127769  18.340  -81.211  4.653 0.6000000238
5263  17.522  -81.876  3.593 0.6000000238
6503  26.989  -80.095  4.446 0.6000000238
7100  24.878  -79.096  4.992 0.5000000000
7115  24.187  -79.649  4.614 0.5000000000
6481  17.327  -80.013  7.083 0.6000000238
150964  18.492  -79.452  6.136 0.6000000238
7089  17.932  -79.962  6.290 0.6000000238
5851  17.339  -81.025  5.276 0.6000000238
5868  17.800  -80.924  4.677 0.6000000238
126432  19.205  -79.430  5.649 0.6000000238
6494  18.685  -79.988  5.631 0.6000000238
5299  21.124  -83.152  0.345 0.6000000238
138911  25.705  -79.477  4.893 0.6000000238
7721  17.248  -78.411  7.124 0.6000000238
131063  17.869  -77.275  4.720 0.6000000238
7734  18.768  -78.191  6.000 0.6000000238
8388  18.474  -77.551  3.977 0.6000000238
139860  18.438  -77.503  5.423 0.6000000238
8409  17.485  -77.324  2.781 0.5000000000
7745  19.355  -77.918  4.245 0.6000000238
7757  18.923  -77.885  3.141 0.5000000000
6482  16.572  -80.481  7.067 0.6999999881
7714  16.637  -78.947  7.449 0.6000000238
8341  17.575  -77.685  6.423 0.6000000238
9048  16.954  -76.863  4.144 0.6000000238
9066  16.845  -76.975  3.149 0.6000000238
8391  13.431  -76.984  3.613 0.6000000238
8342  16.645  -77.786  6.621 0.6000000238
8354  16.811  -77.318  5.883 0.6000000238
9067  16.324  -76.304  3.624 0.5000000000
9031  15.917  -76.821  5.374 0.6000000238
9769  15.009  -75.499  4.374 0.6000000238
9051  13.703  -76.250  4.106 0.6000000238
9068  12.966  -76.179  3.590 0.6000000238
8355  15.947  -77.452  6.054 0.6000000238
134294  16.277  -76.485  2.551 0.6000000238
9049  16.252  -76.402  4.541 0.6000000238
9768  15.745  -75.753  4.068 0.5000000000
9780  15.209  -75.145  3.777 0.6000000238
10490  13.880  -74.878  4.060 0.5000000000
10502  13.282  -74.551  3.620 0.5000000000
136695  15.864  -75.121  1.542 0.6000000238
10515  15.038  -74.462  2.702 0.6000000238
10501  14.082  -74.388  3.724 0.6000000238
11272  13.665  -73.631  3.383 0.6000000238
12167  12.646  -72.965  2.081 0.6999999881
11301  12.428  -73.910  1.961 0.6999999881
11317  12.848  -73.455  0.905 0.6999999881
11316  13.234  -72.753  -0.323 0.6999999881
11287  14.349  -73.051  3.103 0.6000000238
12154  13.741  -72.865  3.064 0.6999999881
12182  13.298  -71.488  1.186 0.6999999881
12183  12.944  -72.410  0.975 0.6999999881
13099  12.873  -71.968  0.223 0.6999999881
12203  13.167  -72.169  -0.784 0.6000000238
143599  13.977  -71.584  2.100 0.6000000238
7116  22.279  -79.169  3.702 0.5000000000
6540  22.361  -80.162  2.970 0.5000000000
7145  21.843  -79.437  0.758 0.5000000000
7135  22.166  -79.745  1.721 0.5000000000
7146  21.805  -80.857  0.865 0.6000000238
7820  22.301  -78.916  -0.647 0.6000000238
7154  21.867  -79.294  -0.117 0.6000000238
140420  21.674  -80.233  0.101 0.6000000238
6558  21.441  -81.551  -0.199 0.6000000238
147457  21.177  -82.608  -0.077 0.6000000238
127884  21.925  -79.569  -1.117 0.5000000000
138354  21.428  -80.496  -1.595 0.6000000238
5952  20.261  -82.160  -0.751 0.6000000238
6593  20.564  -80.956  -3.335 0.6000000238
5978  19.244  -81.356  -2.796 0.5000000000
126314  19.475  -81.700  -1.328 0.6000000238
6568  19.456  -81.224  -0.483 0.6000000238
6609  19.361  -80.818  -3.597 0.5000000000
6569  19.158  -81.093  -1.245 0.6000000238
8460  18.592  -77.873  -1.059 0.5000000000
7838  18.508  -78.811  -2.368 0.5000000000
7147  19.458  -79.343  0.207 0.6000000238
7157  19.064  -80.050  -1.237 0.6000000238
5359  29.483  -82.806  -5.513 0.6000000238
5339  29.770  -82.331  -2.618 0.6999999881
6549  22.272  -80.817  1.903 0.5000000000
9791  15.712  -75.663  3.026 0.6000000238
12166  13.439  -72.473  2.506 0.6999999881
5922  22.150  -82.168  1.579 0.6000000238
7156  19.314  -80.190  -0.523 0.6000000238
137129  18.645  -78.560  -1.562 0.6000000238
2364  31.304  -86.883  -0.970 0.3000000119
2873  32.265  -85.926  -1.600 0.3000000119
3450  32.806  -85.785  -0.879 0.4000000060
3470  31.453  -85.357  -3.117 0.3000000119
4027  32.714  -84.426  -3.267 0.4000000060
4033  31.213  -84.302  -4.451 0.4000000060
138821  34.455  -81.390  -4.171 0.4000000060
5352  32.806  -82.031  -4.853 0.3000000119
5986  33.091  -81.004  -4.120 0.5000000000
6590  33.017  -80.602  -2.993 0.6000000238
129954  31.555  -83.352  -4.878 0.5000000000
5988  31.314  -81.882  -4.505 0.5000000000
5358  30.314  -82.517  -5.226 0.5000000000
5961  31.518  -81.144  -1.424 0.6000000238
6546  30.307  -80.361  1.412 0.6999999881
9030  16.934  -76.932  5.104 0.6000000238
12218  13.073  -72.499  -1.252 0.6000000238
6592  21.429  -80.410  -3.355 0.5000000000
5963  20.602  -81.891  -1.158 0.6000000238
6579  21.035  -80.762  -2.506 0.5000000000
141021  20.698  -81.337  -1.778 0.6000000238
6607  21.082  -80.680  -3.995 0.5000000000
6594  18.883  -80.882  -2.827 0.5000000000
7179  18.672  -79.853  -2.609 0.5000000000
4464  26.672  -82.943  14.488 0.4000000060
4463  27.662  -83.004  14.445 0.4000000060
4480  27.294  -83.720  13.814 0.5000000000
3834  24.243  -84.235  14.928 0.5000000000
3256  23.507  -85.411  15.352 0.5000000000
2230  21.439  -87.229  15.224 0.5000000000
3851  24.278  -84.444  14.188 0.5000000000
4466  25.208  -83.375  14.932 0.5000000000
4478  29.138  -83.812  14.076 0.4000000060
3832  30.023  -83.985  14.171 0.4000000060
140017  29.514  -84.452  13.600 0.5000000000
137391  29.758  -89.228  4.424 0.3000000119
1871  27.974  -88.886  4.249 0.3000000119
1476  30.311  -89.592  4.198 0.3000000119
1492  31.151  -88.961  3.210 0.3000000119
4443  25.332  -83.542  15.330 0.4000000060
3255  23.992  -85.051  15.479 0.5000000000
131294  23.223  -85.992  15.502 0.5000000000
4442  25.983  -83.035  15.587 0.4000000060
5118  26.281  -82.654  15.041 0.4000000060
5115  29.015  -82.569  15.102 0.3000000119
5738  27.967  -81.784  16.023 0.3000000119
3281  30.712  -85.415  13.238 0.4000000060
4461  30.479  -83.451  14.714 0.3000000119
3831  31.015  -84.223  14.313 0.4000000060
3845  30.410  -84.690  13.683 0.5000000000
4440  31.742  -83.548  15.129 0.3000000119
1887  27.893  -88.223  3.919 0.3000000119
1479  27.032  -89.235  4.620 0.3000000119
1870  30.263  -88.686  4.093 0.3000000119
1885  31.401  -88.165  3.381 0.3000000119
1501  30.993  -89.003  2.349 0.3000000119
3802  25.954  -83.510  15.829 0.3000000119
3254  25.428  -84.990  15.639 0.4000000060
4425  27.093  -82.858  16.663 0.3000000119
5097  31.780  -82.851  15.785 0.3000000119
3268  32.821  -85.488  14.132 0.4000000060
3280  31.674  -85.979  13.373 0.4000000060
3830  32.023  -84.803  14.383 0.4000000060
4439  32.537  -83.667  15.473 0.3000000119
2816  27.189  -86.739  4.315 0.4000000060
2326  27.474  -87.615  4.006 0.4000000060
2327  26.558  -87.571  4.453 0.4000000060
1859  25.664  -87.991  5.627 0.4000000060
2297  25.850  -87.740  6.696 0.4000000060
2296  26.163  -87.728  6.953 0.5000000000
2336  28.976  -87.320  3.633 0.3000000119
142629  28.993  -88.386  4.058 0.3000000119
2334  30.932  -88.050  3.693 0.3000000119
1892  31.552  -88.234  2.764 0.3000000119
2347  32.270  -86.888  0.760 0.3000000119
3801  26.765  -83.668  16.376 0.3000000119
3827  34.360  -84.937  14.554 0.3000000119
3278  33.453  -85.714  13.602 0.3000000119
2733  33.114  -86.322  12.262 0.4000000060
2752  32.551  -86.882  11.933 0.4000000060
4424  32.828  -83.143  16.094 0.3000000119
3814  34.029  -84.737  15.340 0.3000000119
4438  33.420  -83.999  15.784 0.3000000119
4459  32.337  -84.199  14.906 0.3000000119
2292  31.040  -87.371  7.544 0.5000000000
142444  31.836  -87.046  7.548 0.5000000000
3936  27.200  -84.515  5.448 0.3000000119
3385  26.877  -85.305  5.183 0.3000000119
3946  27.784  -84.919  4.813 0.3000000119
3398  26.574  -86.129  4.923 0.3000000119
2817  26.397  -86.832  4.772 0.4000000060
3364  27.746  -86.042  7.663 0.5000000000
2294  28.997  -87.379  6.923 0.5000000000
3397  27.463  -85.794  4.590 0.3000000119
2317  25.732  -87.267  5.522 0.4000000060
2791  25.633  -86.869  6.702 0.4000000060
2790  26.329  -86.917  7.124 0.5000000000
2789  27.365  -86.772  7.101 0.5000000000
128009  30.723  -87.153  3.523 0.3000000119
138042  31.434  -87.369  3.288 0.3000000119
2341  32.216  -86.879  2.384 0.3000000119
2343  32.400  -86.895  1.637 0.3000000119
2859  32.651  -86.277  1.026 0.4000000060
3277  34.198  -85.327  13.220 0.3000000119
3310  33.772  -85.785  11.762 0.4000000060
4408  34.022  -83.142  17.120 0.3000000119
4437  34.372  -84.318  15.973 0.3000000119
3813  34.934  -84.648  15.270 0.3000000119
2751  33.190  -86.441  11.358 0.4000000060
4423  33.716  -83.548  16.412 0.3000000119
2275  32.367  -87.276  8.980 0.4000000060
142462  32.198  -87.297  8.165 0.5000000000
3341  32.484  -85.765  8.020 0.4000000060
2774  32.637  -86.532  8.285 0.5000000000
5209  27.453  -82.638  6.892 0.3000000119
2786  30.426  -86.634  7.406 0.5000000000
2785  31.457  -86.586  7.478 0.5000000000
3928  25.858  -84.370  6.432 0.3000000119
3344  29.158  -85.219  8.020 0.4000000060
137179  30.127  -85.173  8.005 0.5000000000
3935  28.078  -84.031  5.125 0.3000000119
3938  25.656  -85.111  6.200 0.4000000060
150716  25.461  -85.349  6.609 0.4000000060
3345  28.200  -85.376  8.192 0.5000000000
2787  29.396  -86.604  7.202 0.5000000000
3396  28.376  -85.455  4.243 0.3000000119
3387  25.514  -85.862  6.098 0.4000000060
3377  25.476  -85.993  6.801 0.5000000000
129471  25.801  -86.472  7.285 0.5000000000
2824  30.326  -86.295  3.457 0.3000000119
3411  31.528  -85.961  2.915 0.4000000060
3424  31.904  -85.784  2.507 0.3000000119
2835  32.180  -86.317  2.448 0.4000000060
3423  32.452  -85.872  1.938 0.4000000060
3465  22.140  -85.376  -2.847 0.5000000000
2858  33.000  -85.637  -0.140 0.3000000119
5060  35.300  -83.169  18.093 0.3000000119
145644  35.446  -84.021  16.805 0.3000000119
3309  34.481  -85.166  11.232 0.3000000119
4407  34.933  -83.540  17.344 0.3000000119
3328  34.448  -84.829  9.536 0.3000000119
3902  33.109  -85.305  8.620 0.5000000000
3886  31.997  -84.328  9.040 0.4000000060
3885  32.984  -84.600  8.980 0.3000000119
5194  27.583  -81.997  7.381 0.3000000119
3905  30.541  -84.618  8.574 0.5000000000
4573  26.662  -84.090  6.067 0.3000000119
141528  28.593  -84.785  8.524 0.4000000060
3929  25.465  -84.718  6.795 0.4000000060
3348  25.597  -84.880  7.921 0.4000000060
3347  26.185  -85.224  8.293 0.4000000060
3907  27.722  -84.770  8.737 0.4000000060
3945  28.756  -84.540  4.408 0.3000000119
3961  29.522  -84.623  3.774 0.3000000119
3366  25.700  -85.684  7.629 0.4000000060
3346  27.150  -85.376  8.311 0.5000000000
3960  31.137  -85.315  2.814 0.3000000119
3972  31.328  -84.767  2.270 0.4000000060
3971  32.223  -85.378  1.806 0.4000000060
3459  22.228  -85.987  -1.211 0.5000000000
3432  32.691  -85.462  1.203 0.4000000060
3986  32.592  -84.842  1.115 0.5000000000
3473  22.464  -84.976  -3.658 0.5000000000
4406  35.973  -83.733  17.364 0.3000000119
5250  16.624  -81.798  4.068 0.5000000000
4529  31.588  -83.661  9.569 0.3000000119
4528  32.560  -83.861  9.487 0.3000000119
5264  17.030  -82.145  3.034 0.5000000000
146290  16.366  -82.459  5.587 0.6000000238
145216  28.575  -81.674  7.581 0.3000000119
132234  26.810  -82.273  7.405 0.3000000119
132827  28.384  -82.361  6.937 0.3000000119
5210  26.449  -82.861  7.102 0.3000000119
5186  25.781  -82.806  8.093 0.3000000119
3888  30.090  -83.985  9.132 0.4000000060
3887  31.039  -84.055  9.044 0.4000000060
2830  19.326  -86.126  3.278 0.5000000000
5214  14.463  -82.876  6.461 0.5000000000
3910  25.536  -84.239  7.974 0.3000000119
3891  26.496  -83.974  9.023 0.3000000119
3890  27.323  -84.117  9.160 0.3000000119
139402  28.780  -83.447  9.482 0.3000000119
2840  20.083  -86.720  2.502 0.5000000000
3944  29.315  -83.853  4.185 0.3000000119
129607  29.794  -83.917  3.566 0.3000000119
2851  21.521  -86.576  1.937 0.5000000000
129529  30.484  -84.267  2.929 0.3000000119
2869  21.951  -86.209  -0.261 0.5000000000
4624  31.260  -83.654  1.734 0.4000000060
3452  22.829  -85.999  -0.288 0.6000000238
5281  31.681  -82.760  1.417 0.4000000060
4623  32.029  -83.831  1.135 0.5000000000
140463  23.161  -85.686  -1.093 0.5000000000
5292  32.698  -82.577  0.197 0.4000000060
139084  33.479  -84.461  -0.049 0.3000000119
3431  33.054  -85.258  0.445 0.4000000060
4024  23.738  -84.725  -2.547 0.6000000238
5931  35.083  -81.101  -0.674 0.3000000119
5946  34.800  -81.631  -1.284 0.4000000060
5291  34.013  -83.031  -0.962 0.4000000060
4006  33.654  -84.673  -0.747 0.3000000119
4029  24.077  -84.267  -3.300 0.6000000238
4030  23.253  -84.608  -3.458 0.5000000000
5945  35.977  -81.130  -1.627 0.3000000119
5960  35.459  -81.838  -2.222 0.5000000000
4668  34.439  -83.413  -2.357 0.4000000060
4036  24.204  -84.126  -4.319 0.6000000238
6565  36.696  -80.518  -1.387 0.3000000119
5973  36.112  -81.108  -2.612 0.5000000000
5974  35.490  -81.676  -2.976 0.4000000060
5345  34.940  -82.101  -3.468 0.4000000060
6589  36.437  -80.297  -2.971 0.4000000060
5984  35.798  -80.888  -3.346 0.5000000000
5985  35.248  -81.353  -3.663 0.4000000060
6604  35.114  -80.686  -3.922 0.5000000000
5211  16.307  -82.000  6.307 0.6000000238
5229  15.912  -82.632  6.331 0.6000000238
6470  29.242  -81.077  8.115 0.3000000119
141605  27.592  -81.445  7.826 0.3000000119
5811  26.446  -81.602  8.439 0.3000000119
135548  26.127  -82.316  7.843 0.3000000119
5840  16.077  -81.267  6.721 0.6000000238
5213  14.949  -82.171  6.735 0.6000000238
5193  29.306  -82.227  7.067 0.3000000119
125483  26.031  -82.209  8.562 0.3000000119
5176  27.296  -82.748  9.824 0.3000000119
5842  14.776  -81.420  6.548 0.6000000238
5838  31.074  -82.144  7.030 0.3000000119
4534  25.969  -83.224  8.800 0.3000000119
4533  26.812  -83.384  9.407 0.3000000119
5870  14.043  -81.113  5.157 0.6000000238
4594  29.993  -83.101  3.348 0.3000000119
7105  14.888  -79.500  4.107 0.6000000238
6525  14.602  -80.345  4.120 0.6000000238
127548  14.574  -80.668  3.234 0.6000000238
6542  15.090  -80.129  2.372 0.5000000000
149332  32.716  -81.860  0.524 0.4000000060
5947  33.846  -81.911  -0.917 0.4000000060
7830  36.123  -78.989  -2.557 0.4000000060
7172  35.509  -79.555  -3.131 0.5000000000
6452  29.789  -80.433  8.415 0.3000000119
6453  28.877  -80.374  8.534 0.3000000119
5809  28.110  -80.908  8.245 0.3000000119
6454  27.353  -80.500  8.799 0.3000000119
5163  26.447  -81.422  9.190 0.3000000119
5162  26.927  -81.807  10.082 0.3000000119
5161  27.855  -82.314  10.317 0.3000000119
149223  16.617  -80.923  6.662 0.5000000000
5826  29.719  -81.685  7.581 0.3000000119
5839  30.211  -82.185  7.087 0.3000000119
7078  15.748  -79.762  7.129 0.5000000000
6484  15.028  -80.779  6.622 0.6000000238
5825  30.641  -81.661  7.526 0.3000000119
4516  28.266  -82.887  9.865 0.3000000119
133045  14.904  -80.074  6.162 0.6000000238
5824  31.502  -81.572  7.405 0.3000000119
129693  14.728  -79.994  5.343 0.6000000238
5896  32.655  -81.128  1.979 0.3000000119
5897  31.852  -81.800  1.862 0.3000000119
7127  15.260  -79.080  2.596 0.6000000238
7786  15.192  -78.950  0.693 0.6000000238
7090  14.996  -79.285  5.645 0.6000000238
7724  15.186  -78.708  6.025 0.5000000000
135070  14.505  -77.759  4.596 0.6000000238
7758  14.694  -78.537  4.224 0.6000000238
7771  14.558  -78.292  3.199 0.6000000238
7787  15.244  -78.903  1.604 0.6000000238
8445  14.448  -77.839  0.607 0.6000000238
132924  14.786  -78.281  2.120 0.6000000238
8462  14.383  -77.780  -0.279 0.5000000000
7723  15.641  -78.675  6.740 0.5000000000
8370  14.773  -77.351  5.165 0.5000000000
8390  14.159  -77.644  3.889 0.5000000000
141307  13.336  -77.229  2.153 0.6000000238
9115  13.635  -75.728  -2.212 0.5000000000
145047  12.530  -73.039  -1.478 0.6000000238
10574  12.947  -74.215  -1.689 0.6000000238
9833  12.808  -74.837  -2.411 0.5000000000
10575  12.095  -74.489  -1.952 0.6000000238
9834  11.952  -75.011  -2.411 0.6000000238
8371  14.148  -77.019  4.451 0.5000000000
148086  12.803  -76.375  1.822 0.5000000000
135805  13.231  -76.034  0.677 0.5000000000
8446  13.867  -77.293  0.435 0.6000000238
9813  13.048  -75.230  0.734 0.6000000238
9812  13.368  -75.613  -0.343 0.5000000000
9108  13.716  -76.182  -1.172 0.5000000000
10560  13.415  -74.155  -0.659 0.6000000238
13084  13.066  -71.000  0.589 0.6000000238
10573  13.383  -74.096  -1.301 0.6000000238
10577  10.248  -74.410  -1.810 0.5000000000
10432  7.069  -74.472  9.152 0.5000000000
9032  15.000  -76.734  5.160 0.5000000000
9078  12.865  -76.704  3.084 0.5000000000
9804  12.590  -75.263  1.717 0.6000000238
129305  5.856  -72.415  9.789 0.5000000000
12933  5.067  -71.296  10.562 0.6000000238
12048  6.374  -72.979  10.077 0.6000000238
11197  7.549  -73.844  9.621 0.6000000238
11199  5.809  -73.351  9.290 0.5000000000
11204  7.935  -74.259  9.001 0.5000000000
10451  7.634  -74.979  7.758 0.5000000000
10561  7.826  -74.102  -1.260 0.5000000000
11348  8.454  -73.930  -1.630 0.5000000000
13835  9.879  -71.203  12.296 0.6000000238
13847  9.087  -70.707  12.107 0.6999999881
13836  9.194  -71.565  12.530 0.6000000238
132933  8.308  -71.272  12.607 0.6999999881
12902  5.957  -71.322  12.886 0.6000000238
12919  4.846  -71.386  12.575 0.6000000238
12916  8.556  -72.015  12.733 0.6000000238
12917  7.729  -71.766  12.719 0.6000000238
12914  10.983  -72.037  12.222 0.6000000238
141624  9.731  -72.494  12.149 0.6000000238
12023  7.602  -72.516  12.013 0.6000000238
12017  6.268  -72.247  12.382 0.5000000000
12926  4.830  -71.585  11.791 0.6000000238
12021  10.274  -72.700  11.418 0.6000000238
12022  8.310  -72.693  11.856 0.6000000238
12036  6.703  -72.595  10.862 0.5000000000
136071  5.534  -71.968  11.287 0.6000000238
12033  9.415  -72.858  10.686 0.6000000238
12035  7.589  -72.729  11.087 0.6000000238
12046  9.487  -72.670  9.722 0.6000000238
12047  8.711  -73.088  10.038 0.6000000238
11196  8.258  -73.549  9.473 0.6000000238
11219  8.479  -73.549  7.716 0.5000000000
10478  8.074  -74.681  6.344 0.5000000000
11252  7.750  -73.891  5.581 0.5000000000
11265  7.483  -73.976  4.869 0.5000000000
11274  7.382  -74.077  3.987 0.5000000000
13838  6.374  -70.734  12.829 0.6000000238
13839  5.729  -70.180  13.032 0.6999999881
138052  10.225  -72.382  9.512 0.5000000000
147203  8.607  -72.896  8.118 0.6000000238
12096  8.379  -72.479  7.242 0.6000000238
125851  8.432  -73.360  6.903 0.5000000000
12115  8.012  -72.686  6.352 0.6000000238
12131  7.008  -72.362  5.038 0.5000000000
13018  6.914  -71.520  5.382 0.6000000238
12143  7.211  -73.113  4.214 0.6000000238
17758  10.525  -66.357  10.713 0.4000000060
15747  5.587  -68.239  10.381 0.6999999881
17749  4.581  -66.567  12.013 0.5000000000
17739  4.577  -66.899  12.903 0.5000000000
16732  11.126  -67.247  10.895 0.6000000238
17768  10.162  -67.045  10.110 0.5000000000
16734  4.732  -67.401  12.225 0.6000000238
15730  4.713  -68.315  13.714 0.5000000000
16731  11.923  -67.580  11.711 0.5000000000
14791  6.297  -68.904  10.358 0.6000000238
15736  5.580  -68.681  11.217 0.8000000119
138169  6.926  -69.574  10.839 0.6999999881
14767  6.171  -69.886  12.539 0.8000000119
15725  4.864  -69.119  13.549 0.6999999881
12989  8.160  -71.465  7.226 0.6000000238
13003  7.202  -71.062  6.028 0.6000000238
18753  4.513  -65.124  12.742 0.5000000000
17759  10.036  -66.232  10.128 0.5000000000
17771  4.970  -66.902  9.692 0.6999999881
17732  4.388  -65.982  13.618 0.5000000000
17738  12.031  -66.383  12.545 0.4000000060
17748  11.054  -66.392  11.571 0.4000000060
17737  12.560  -66.627  12.331 0.4000000060
16742  13.676  -67.519  10.611 0.5000000000
134236  13.779  -66.976  10.161 0.4000000060
141414  4.533  -65.546  11.942 0.5000000000
127488  4.421  -64.775  13.523 0.5000000000
19785  9.913  -65.036  10.105 0.3000000119
18782  9.384  -65.137  9.484 0.3000000119
133072  4.489  -66.093  11.094 0.6000000238
17746  13.257  -66.791  11.939 0.4000000060
146347  13.782  -66.217  10.351 0.4000000060
17788  12.835  -66.301  8.960 0.4000000060
18774  4.449  -65.312  10.355 0.6000000238
17772  4.561  -65.784  9.418 0.6000000238
17767  13.291  -66.223  9.773 0.4000000060
19778  4.817  -64.455  11.246 0.5000000000
127555  4.817  -64.726  12.005 0.5000000000
21745  10.795  -62.829  11.622 0.3000000119
19791  9.689  -64.421  9.719 0.3000000119
19801  9.028  -64.418  9.074 0.3000000119
150126  8.202  -64.430  8.273 0.4000000060
19790  12.972  -64.615  9.380 0.3000000119
18781  12.814  -65.365  9.292 0.4000000060
19800  12.384  -64.488  8.979 0.4000000060
20808  8.834  -63.716  8.492 0.4000000060
127391  4.453  -63.991  9.586 0.6000000238
147507  5.694  -63.972  12.271 0.4000000060
145609  8.247  -63.669  7.821 0.4000000060
21760  11.219  -61.945  11.706 0.3000000119
21761  10.678  -62.198  10.922 0.3000000119
20766  5.522  -63.925  10.669 0.5000000000
20824  7.073  -63.445  6.784 0.4000000060
20825  6.023  -63.413  6.633 0.4000000060
22805  5.476  -61.982  7.498 0.5000000000
21826  7.505  -62.899  6.139 0.4000000060
22819  6.749  -62.409  6.290 0.4000000060
23767  11.361  -60.245  5.943 0.3000000119
24744  10.108  -59.839  6.374 0.3000000119
24758  9.850  -60.734  5.638 0.3000000119
24745  9.151  -60.066  6.636 0.3000000119
25774  9.534  -58.966  7.333 0.3000000119
138049  3.011  -59.152  13.840 0.4000000060
25786  11.713  -59.626  5.631 0.3000000119
4515  29.106  -82.850  9.869 0.3000000119
5280  32.194  -83.025  0.790 0.4000000060
22818  8.358  -62.146  5.915 0.3000000119
13926  6.880  -70.186  5.902 0.6000000238
24647  2.241  -59.284  15.558 0.4000000060
15734  13.305  -67.963  11.111 0.5000000000
23757  8.480  -60.830  6.298 0.3000000119
4005  33.982  -84.104  -1.317 0.3000000119
5307  34.689  -82.591  -1.694 0.4000000060
8410  13.932  -77.680  2.544 0.5000000000
5117  27.075  -82.376  15.131 0.4000000060
4482  25.425  -83.625  14.229 0.5000000000
2705  22.067  -86.716  15.276 0.5000000000
3282  29.844  -85.099  13.138 0.5000000000
1872  27.072  -88.401  4.218 0.4000000060
5101  27.268  -82.065  15.837 0.4000000060
3844  31.331  -85.093  13.803 0.4000000060
2722  31.567  -86.620  12.913 0.4000000060
142815  28.218  -87.710  3.760 0.4000000060
1873  26.289  -88.395  4.595 0.4000000060
133691  25.547  -88.689  5.908 0.4000000060
5081  32.200  -82.442  16.667 0.3000000119
3829  32.940  -84.927  14.687 0.3000000119
2720  32.984  -86.268  13.031 0.4000000060
2734  32.574  -86.637  12.574 0.4000000060
2825  28.097  -86.967  3.769 0.3000000119
137672  29.063  -86.194  3.702 0.4000000060
3296  33.649  -85.796  12.729 0.4000000060
2758  33.155  -86.552  10.361 0.4000000060
2788  28.411  -86.652  7.099 0.5000000000
2877  21.359  -86.043  -0.939 0.5000000000
2823  31.336  -86.511  3.196 0.4000000060
133554  35.422  -84.265  16.029 0.3000000119
145501  34.223  -85.391  9.740 0.4000000060
2764  33.651  -85.944  9.637 0.4000000060
2773  33.328  -85.937  8.905 0.5000000000
3343  31.109  -85.281  8.030 0.5000000000
4564  25.569  -83.974  7.022 0.3000000119
4581  28.932  -83.720  4.771 0.3000000119
3413  29.892  -85.454  3.562 0.3000000119
127759  30.316  -84.858  3.283 0.3000000119
3464  23.020  -85.181  -2.711 0.6000000238
3884  33.913  -84.832  8.974 0.3000000119
3329  33.894  -85.346  9.205 0.4000000060
3889  28.433  -84.135  9.017 0.3000000119
2860  22.491  -86.200  0.672 0.5000000000
3987  31.851  -84.581  1.558 0.4000000060
4512  32.122  -83.201  9.982 0.3000000119
4531  29.643  -83.373  9.528 0.3000000119
5932  34.011  -81.324  -0.489 0.4000000060
146602  33.319  -82.368  -0.497 0.4000000060
4636  33.362  -83.437  -0.337 0.4000000060
147334  36.289  -80.709  -0.532 0.3000000119
6455  26.726  -80.876  8.902 0.3000000119
136792  14.852  -79.277  4.828 0.6000000238
5933  33.210  -81.687  -0.044 0.3000000119
5791  26.712  -80.854  9.916 0.3000000119
5790  27.192  -81.026  10.576 0.3000000119
5837  31.950  -82.052  6.831 0.3000000119
126109  13.446  -76.573  0.043 0.5000000000
139161  13.576  -74.778  -1.017 0.6000000238
146097  6.735  -69.886  11.771 0.6999999881
15729  5.157  -68.687  13.001 0.6999999881
14776  6.195  -69.362  11.478 0.6999999881
16746  4.774  -67.281  11.318 0.6000000238
125989  10.045  -63.976  10.791 0.3000000119
20775  10.169  -63.105  10.755 0.3000000119
4000  23.922  -85.183  0.193 0.5000000000
2849  23.211  -85.930  1.436 0.5000000000
7143  31.667  -79.265  0.391 0.6000000238
9079  12.615  -76.067  2.875 0.4000000060
10517  12.496  -74.414  2.461 0.5000000000
11345  11.579  -73.229  -1.631 0.5000000000
13085  12.444  -70.944  0.133 0.5000000000
140541  12.099  -71.406  -0.343 0.5000000000
12219  12.103  -72.492  -1.315 0.5000000000
12221  9.776  -72.736  -1.781 0.5000000000
12206  10.246  -72.034  -1.025 0.5000000000
145041  12.779  -70.379  0.336 0.5000000000
11331  7.801  -73.308  -1.547 0.4000000060
14041  10.832  -71.037  0.184 0.5000000000
13102  10.561  -71.471  -0.339 0.5000000000
13104  8.713  -71.470  -0.941 0.5000000000
11333  6.522  -72.735  -0.657 0.5000000000
14018  10.330  -70.476  0.510 0.6000000238
13088  9.183  -71.150  0.063 0.5000000000
13105  7.516  -71.767  -1.101 0.5000000000
12155  6.531  -72.730  3.379 0.5000000000
14020  8.646  -70.546  0.466 0.6000000238
145369  5.796  -72.191  1.192 0.5000000000
12168  6.010  -72.451  2.412 0.5000000000
13089  8.153  -71.101  -0.221 0.6000000238
139224  6.104  -71.571  -0.328 0.6000000238
11319  5.992  -72.829  -0.114 0.5000000000
148388  9.873  -69.946  0.881 0.6000000238
13997  8.063  -69.991  1.153 0.6000000238
14022  6.190  -70.758  0.185 0.6000000238
13061  5.824  -71.260  1.777 0.6000000238
13998  6.774  -69.875  0.901 0.6000000238
126103  6.113  -71.631  3.141 0.5000000000
13032  6.421  -71.272  3.933 0.5000000000
13092  5.782  -70.695  0.673 0.6000000238
13074  5.658  -71.338  0.630 0.6000000238
13840  4.411  -70.825  12.858 0.5000000000
14761  4.286  -69.493  13.823 0.5000000000
13825  4.906  -70.861  13.140 0.5000000000
13936  6.538  -70.592  5.269 0.6000000238
14914  5.982  -69.005  1.633 0.6000000238
13954  5.737  -69.779  3.646 0.6000000238
13983  5.775  -70.123  1.785 0.6000000238
13971  5.552  -69.831  2.677 0.6000000238
15907  5.470  -68.376  2.579 0.6000000238
20823  7.924  -63.331  7.025 0.3000000119
23663  4.199  -60.293  14.204 0.3000000119
7173  34.463  -79.665  -2.909 0.4000000060
6577  32.642  -80.232  -1.881 0.5000000000
4689  24.948  -83.833  -4.552 0.5000000000
4681  25.524  -83.644  -3.805 0.5000000000
7153  32.248  -79.827  -0.971 0.4000000060
132849  25.250  -83.674  -2.917 0.4000000060
7132  31.314  -79.137  1.189 0.4000000060
3443  23.332  -85.725  0.497 0.4000000060
4007  24.434  -84.228  -1.027 0.4000000060
3451  23.461  -85.574  -0.290 0.4000000060
4017  24.141  -84.658  -1.735 0.4000000060
4023  24.370  -84.238  -2.378 0.4000000060
144398  30.538  -78.058  4.486 0.4000000060
7737  30.052  -78.703  4.207 0.4000000060
7111  29.813  -79.309  3.644 0.4000000060
2850  22.457  -86.332  1.716 0.4000000060
7754  30.474  -78.900  3.221 0.4000000060
143438  29.984  -79.544  3.044 0.4000000060
7097  28.175  -79.549  4.799 0.4000000060
7098  27.311  -79.666  5.090 0.5000000000
15920  6.105  -68.282  1.880 0.5000000000
15919  7.034  -68.341  1.940 0.5000000000
16910  5.848  -67.897  2.458 0.5000000000
15888  6.441  -67.828  2.472 0.5000000000
130168  6.959  -67.104  3.283 0.5000000000
16889  5.662  -67.566  3.723 0.5000000000
17888  7.417  -65.942  3.655 0.5000000000
15726  4.402  -68.771  14.162 0.4000000060
134150  4.565  -67.347  13.964 0.4000000060
17889  6.426  -66.595  3.668 0.5000000000
14883  5.605  -68.870  3.911 0.5000000000
148183  30.705  -80.102  1.143 0.5000000000
7767  31.065  -78.747  2.443 0.4000000060
7096  29.145  -79.331  4.305 0.4000000060
2712  22.417  -86.189  14.946 0.4000000060
2726  21.898  -86.779  13.716 0.4000000060
130204  20.673  -92.190  11.452 0.4000000060
3288  23.362  -85.272  14.147 0.4000000060
2725  23.001  -85.899  13.638 0.4000000060
830  20.910  -91.545  11.580 0.4000000060
2242  22.115  -87.182  12.918 0.4000000060
1104  23.840  -90.707  12.273 0.4000000060
137418  22.206  -90.934  12.153 0.4000000060
1112  21.266  -90.699  11.787 0.4000000060
3850  25.072  -84.392  13.663 0.5000000000
139682  23.868  -84.944  13.897 0.5000000000
3303  24.794  -85.804  12.833 0.4000000060
2743  23.386  -86.493  12.971 0.4000000060
1398  22.507  -89.455  12.298 0.4000000060
3849  25.983  -84.186  13.537 0.5000000000
3861  26.653  -84.737  13.125 0.5000000000
3285  25.893  -84.996  13.117 0.5000000000
2742  24.296  -86.558  12.715 0.4000000060
2257  22.946  -87.194  12.763 0.4000000060
3301  26.655  -85.445  12.741 0.4000000060
3302  25.807  -85.883  12.665 0.4000000060
1800  26.199  -88.347  12.290 0.4000000060
1394  25.775  -89.131  12.260 0.4000000060
1396  23.948  -89.283  12.352 0.4000000060
1803  23.105  -88.719  12.417 0.4000000060
136344  24.516  -90.071  12.236 0.4000000060
136671  23.712  -89.954  12.300 0.4000000060
2253  26.814  -87.027  12.402 0.5000000000
135536  26.137  -86.771  12.457 0.4000000060
2255  24.761  -87.440  12.439 0.4000000060
135658  23.311  -87.876  12.538 0.4000000060
2252  27.584  -87.574  12.348 0.5000000000
133245  26.634  -87.665  12.367 0.4000000060
1801  25.250  -88.292  12.275 0.4000000060
1802  24.154  -88.301  12.428 0.4000000060
1391  29.438  -89.361  11.873 0.3000000119
1099  29.107  -90.097  11.637 0.3000000119
1408  29.660  -89.536  11.422 0.4000000060
1797  29.103  -88.611  12.249 0.3000000119
1810  30.675  -88.612  11.418 0.4000000060
1796  29.954  -88.544  12.049 0.4000000060
1142  29.277  -90.337  9.174 0.3000000119
1119  29.756  -89.925  10.079 0.4000000060
1110  29.736  -89.720  10.812 0.4000000060
1407  30.359  -89.125  11.060 0.4000000060
1424  30.308  -89.476  9.501 0.4000000060
1417  30.307  -89.378  10.308 0.4000000060
1818  31.245  -88.475  10.148 0.4000000060
2268  32.475  -87.265  10.038 0.3000000119
1799  27.181  -88.445  12.368 0.3000000119
2264  31.878  -87.508  11.686 0.3000000119
2250  30.397  -87.807  12.286 0.4000000060
1430  29.782  -89.739  8.603 0.4000000060
2269  31.712  -87.838  10.752 0.3000000119
1429  30.768  -89.020  8.957 0.4000000060
1831  31.163  -88.444  8.339 0.4000000060
1817  31.794  -87.858  9.641 0.4000000060
133246  28.517  -87.868  12.339 0.4000000060
142519  29.370  -87.729  12.373 0.4000000060
136577  28.536  -90.495  9.079 0.4000000060
139514  32.524  -87.119  11.056 0.3000000119
143200  29.233  -88.726  7.518 0.4000000060
1431  29.039  -89.849  8.534 0.4000000060
1840  28.517  -88.233  7.072 0.4000000060
140684  29.527  -88.122  7.201 0.4000000060
1832  30.634  -89.025  8.375 0.4000000060
2739  27.540  -86.656  12.402 0.4000000060
2737  29.060  -86.412  12.528 0.4000000060
2735  30.870  -87.042  12.650 0.3000000119
137244  29.819  -87.050  12.483 0.4000000060
139255  31.904  -87.098  12.504 0.3000000119
1841  27.587  -88.657  7.397 0.4000000060
1842  26.690  -88.388  7.092 0.4000000060
142287  27.600  -88.089  6.889 0.4000000060
2293  29.974  -87.379  7.200 0.4000000060
1837  31.072  -88.118  7.760 0.4000000060
3284  27.936  -85.050  12.917 0.4000000060
2723  30.850  -86.129  12.860 0.3000000119
3846  28.786  -84.253  13.600 0.4000000060
3300  27.544  -85.768  12.571 0.4000000060
3283  28.877  -84.897  13.072 0.4000000060
3299  28.497  -85.659  12.664 0.4000000060
3298  29.403  -85.635  12.754 0.4000000060
7087  25.908  -78.933  5.461 0.4000000060
1839  30.003  -88.821  7.578 0.4000000060
822  21.637  -91.565  11.928 0.4000000060
831  20.315  -91.726  11.102 0.4000000060
1105  21.964  -90.083  12.143 0.4000000060
1111  29.299  -90.105  11.236 0.3000000119
1129  29.758  -89.920  9.294 0.4000000060
1130  29.210  -90.628  9.890 0.3000000119
1141  30.291  -89.471  8.736 0.4000000060
1390  30.180  -88.956  11.630 0.4000000060
1392  28.786  -90.022  11.984 0.3000000119
1395  24.845  -89.150  12.250 0.4000000060
1397  23.248  -89.533  12.352 0.4000000060
1406  30.990  -88.524  10.927 0.3000000119
1416  30.705  -88.868  10.464 0.4000000060
1423  30.752  -88.941  9.762 0.4000000060
1441  30.246  -89.297  8.093 0.4000000060
1442  29.557  -89.314  7.991 0.4000000060
1443  28.501  -89.087  7.899 0.4000000060
1480  26.158  -89.098  4.779 0.4000000060
1481  25.755  -88.604  5.122 0.4000000060
1493  30.701  -89.645  3.596 0.3000000119
1795  30.676  -88.353  11.848 0.4000000060
1798  28.168  -88.521  12.317 0.3000000119
1809  31.214  -88.130  11.507 0.3000000119
1824  31.757  -87.831  8.652 0.4000000060
1825  31.292  -88.485  9.231 0.4000000060
1838  30.640  -88.715  7.884 0.4000000060
1886  30.888  -88.875  3.751 0.3000000119
1891  31.940  -87.514  2.230 0.3000000119
1896  31.467  -88.224  1.908 0.4000000060
2238  21.298  -87.121  14.322 0.5000000000
2243  21.400  -87.342  13.432 0.4000000060
2249  31.221  -87.736  12.130 0.3000000119
2251  28.471  -87.056  12.373 0.4000000060
2254  25.799  -87.482  12.359 0.4000000060
2256  23.809  -87.315  12.630 0.4000000060
2281  32.160  -87.031  7.758 0.5000000000
2282  31.681  -87.612  7.854 0.5000000000
2295  27.056  -87.584  6.799 0.5000000000
2308  25.583  -87.420  6.167 0.4000000060
2328  25.896  -87.842  4.949 0.4000000060
2332  31.813  -86.801  2.883 0.3000000119
2333  31.782  -87.472  2.903 0.3000000119
2335  30.042  -87.756  3.855 0.3000000119
2703  23.943  -85.958  15.595 0.5000000000
2704  22.665  -86.479  15.522 0.5000000000
2713  21.878  -86.662  14.651 0.5000000000
2721  32.258  -86.517  13.043 0.4000000060
2724  23.847  -85.669  13.309 0.5000000000
2736  30.029  -86.282  12.643 0.3000000119
2738  28.209  -86.297  12.463 0.4000000060
2740  26.747  -86.255  12.484 0.5000000000
2741  25.272  -86.656  12.514 0.4000000060
2744  22.596  -86.575  13.264 0.4000000060
2765  32.966  -86.586  9.343 0.4000000060
2784  32.143  -86.501  7.573 0.5000000000
2801  25.525  -86.634  6.107 0.4000000060
2810  25.860  -86.508  5.397 0.4000000060
2815  28.009  -86.224  4.075 0.3000000119
2818  26.035  -87.204  4.981 0.4000000060
2819  22.003  -86.059  4.147 0.6999999881
2827  21.659  -86.443  3.525 0.8000000119
2828  20.888  -86.394  3.735 0.8000000119
2836  31.792  -86.296  2.812 0.4000000060
2839  21.458  -86.620  2.747 0.6000000238
2841  19.373  -86.507  2.560 0.5000000000
2842  18.758  -85.899  2.619 0.5000000000
2847  32.766  -85.744  0.984 0.4000000060
2848  32.529  -86.250  1.739 0.3000000119
2861  21.857  -86.430  1.178 0.5000000000
2874  31.597  -86.462  -1.455 0.3000000119
2875  30.828  -86.806  -1.632 0.3000000119
3257  22.936  -85.748  15.202 0.5000000000
3267  33.612  -85.291  14.304 0.3000000119
3269  32.099  -85.586  13.951 0.4000000060
3270  23.302  -85.192  14.917 0.5000000000
3271  22.842  -85.684  14.519 0.4000000060
3279  32.592  -86.011  13.573 0.4000000060
3286  25.202  -85.233  13.103 0.5000000000
3287  24.479  -85.045  13.445 0.4000000060
3297  30.162  -85.671  12.853 0.3000000119
3319  34.595  -85.015  10.272 0.3000000119
3320  33.910  -85.776  10.609 0.4000000060
3340  33.460  -85.443  8.873 0.5000000000
3342  31.889  -85.333  8.011 0.4000000060
3360  31.753  -85.897  7.582 0.5000000000
3361  30.797  -85.931  7.673 0.5000000000
3362  29.776  -85.896  7.632 0.5000000000
3363  28.796  -85.924  7.563 0.5000000000
3365  26.539  -86.062  7.687 0.5000000000
3386  25.990  -85.613  5.544 0.4000000060
3401  21.766  -85.497  4.427 0.6999999881
3404  19.480  -85.101  4.342 0.6999999881
3412  30.840  -85.708  3.178 0.3000000119
3414  29.125  -85.226  3.906 0.3000000119
3416  20.531  -86.015  4.203 0.6999999881
3417  19.701  -85.849  4.006 0.6999999881
3418  18.907  -85.383  3.592 0.6999999881
3425  23.489  -85.799  2.825 0.6000000238
3442  33.327  -85.163  -0.174 0.5000000000
3456  33.337  -84.888  -1.658 0.3000000119
3458  23.512  -85.316  -1.851 0.5000000000
3462  32.717  -85.303  -2.019 0.3000000119
3477  30.994  -85.010  -3.897 0.4000000060
3790  27.491  -83.460  16.817 0.3000000119
3815  33.146  -84.455  15.210 0.3000000119
3816  24.581  -84.368  15.368 0.4000000060
3817  23.825  -84.750  15.154 0.5000000000
3828  33.672  -84.966  14.855 0.3000000119
3833  24.729  -83.869  14.556 0.5000000000
3835  23.749  -84.734  14.610 0.4000000060
3847  28.093  -84.376  13.419 0.4000000060
3848  27.337  -84.528  13.239 0.5000000000
3860  27.237  -85.100  12.848 0.5000000000
3903  32.378  -84.997  8.446 0.4000000060
3904  31.489  -84.756  8.519 0.5000000000
3906  29.456  -84.524  8.637 0.4000000060
3908  26.738  -84.670  8.788 0.4000000060
3909  25.901  -84.307  8.543 0.3000000119
3921  25.464  -84.463  7.414 0.4000000060
3937  26.296  -84.817  5.771 0.3000000119
3947  23.114  -84.017  4.300 0.6999999881
3949  21.504  -84.784  4.363 0.8000000119
3952  19.249  -84.368  4.482 0.6999999881
3962  23.509  -84.609  3.739 0.6999999881
3963  20.655  -84.233  4.533 0.8000000119
3964  18.507  -84.313  3.632 0.6000000238
3985  33.137  -84.935  0.531 0.5000000000
3989  24.086  -84.885  2.093 0.6000000238
3998  33.459  -84.847  -0.137 0.3000000119
4008  23.899  -85.065  -0.838 0.4000000060
4014  34.089  -83.924  -1.886 0.4000000060
4016  24.566  -84.062  -1.715 0.6000000238
4032  32.095  -83.942  -4.092 0.4000000060
4041  28.532  -84.824  -6.345 0.4000000060
4393  36.215  -83.342  18.228 0.3000000119
4422  34.625  -83.922  16.663 0.3000000119
4426  26.435  -82.847  16.114 0.3000000119
4441  31.001  -83.067  15.226 0.3000000119
4444  24.720  -83.783  15.050 0.5000000000
4460  31.659  -84.039  14.684 0.4000000060
4462  28.632  -83.134  14.523 0.4000000060
4465  25.844  -83.059  14.683 0.5000000000
4479  28.278  -83.719  13.958 0.4000000060
4481  26.282  -83.527  13.983 0.5000000000
4532  27.822  -83.486  9.505 0.3000000119
4546  25.612  -83.583  8.104 0.3000000119
4556  25.542  -83.868  7.581 0.3000000119
4562  27.191  -83.377  6.363 0.3000000119
4563  26.062  -83.590  6.727 0.3000000119
4583  22.292  -84.082  4.135 0.8000000119
4586  16.138  -82.858  4.568 0.6000000238
4595  29.514  -83.068  3.993 0.3000000119
4596  24.222  -83.133  3.908 0.8000000119
4610  30.579  -83.412  2.517 0.4000000060
4611  24.571  -83.399  3.148 0.8000000119
4613  21.432  -84.132  2.822 0.6999999881
4637  32.845  -83.965  0.475 0.3000000119
4647  34.217  -83.621  -1.407 0.4000000060
4648  33.883  -84.206  -0.749 0.4000000060
4649  25.975  -82.788  -1.278 0.6000000238
4670  27.686  -82.957  -2.719 0.6999999881
4672  25.601  -83.420  -2.293 0.6000000238
4673  24.934  -83.673  -2.137 0.4000000060
4678  32.935  -83.525  -3.867 0.4000000060
4682  24.766  -83.908  -3.594 0.6000000238
4683  32.792  -82.734  -4.578 0.3000000119
4688  25.709  -83.552  -4.842 0.5000000000
4690  30.978  -82.778  -5.293 0.5000000000
4691  30.146  -83.062  -5.630 0.4000000060
4694  27.340  -83.687  -6.521 0.4000000060
5080  33.146  -82.770  16.856 0.3000000119
5085  27.020  -82.306  16.240 0.3000000119
5100  28.452  -82.047  15.603 0.3000000119
5102  26.511  -82.567  15.597 0.4000000060
5103  25.803  -82.965  15.201 0.4000000060
5116  28.072  -82.459  15.028 0.3000000119
5177  26.451  -82.453  9.360 0.3000000119
5208  29.015  -82.545  6.452 0.3000000119
5212  15.581  -82.122  6.600 0.6000000238
5228  20.183  -81.830  5.232 0.6999999881
5230  14.260  -81.828  6.032 0.6000000238
5244  23.156  -82.450  4.707 0.6000000238
5245  22.907  -82.428  4.666 0.6000000238
5248  18.354  -81.773  4.376 0.6000000238
5249  17.634  -81.387  4.136 0.6000000238
5261  20.553  -82.788  4.096 0.8000000119
5271  24.618  -82.599  3.194 0.6999999881
5274  17.527  -82.588  2.903 0.6000000238
5282  24.872  -82.407  1.427 0.6000000238
5283  22.178  -83.231  2.015 0.6000000238
5286  20.395  -82.853  0.641 0.6999999881
5293  28.811  -82.120  -0.027 0.8000000119
5296  26.099  -82.102  -0.105 0.6999999881
5301  20.349  -82.552  -0.032 0.6999999881
5312  26.031  -82.432  -0.739 0.6999999881
5314  20.804  -82.756  -0.158 0.6000000238
5325  34.876  -82.619  -2.548 0.4000000060
5328  28.675  -82.825  -1.284 0.8000000119
5329  27.833  -82.961  -1.128 0.6999999881
5348  29.715  -82.215  -3.904 0.6000000238
5350  28.160  -82.685  -4.446 0.6999999881
5353  31.934  -82.502  -4.919 0.3000000119
5355  29.645  -82.366  -4.896 0.6999999881
5357  28.022  -82.869  -5.440 0.6999999881
5810  27.060  -81.116  8.299 0.3000000119
5827  26.803  -81.702  7.811 0.3000000119
5841  15.351  -81.451  6.719 0.6000000238
5850  19.830  -81.141  5.342 0.6999999881
5852  16.743  -81.282  6.197 0.5000000000
5869  17.190  -81.318  4.367 0.6000000238
5905  20.198  -81.624  1.527 0.6999999881
5916  32.302  -82.051  1.084 0.4000000060
5918  27.289  -81.414  1.621 0.6999999881
5923  21.586  -82.512  0.495 0.6000000238
5924  20.583  -83.329  1.437 0.6999999881
5934  30.150  -81.322  0.280 0.6999999881
5939  25.555  -81.880  1.102 0.8000000119
5940  20.050  -82.001  0.735 0.6999999881
5951  20.918  -82.225  -0.602 0.6000000238
5953  19.740  -81.920  -0.478 0.6000000238
5964  19.967  -81.794  -1.613 0.6000000238
5965  19.388  -81.574  -2.082 0.5000000000
5977  19.977  -81.424  -2.539 0.6000000238
5989  19.791  -81.171  -3.299 0.5000000000
5992  32.919  -81.537  -4.707 0.5000000000
6469  30.203  -81.122  8.062 0.3000000119
6471  16.772  -79.869  7.371 0.6999999881
6472  16.247  -79.886  7.335 0.6999999881
6483  15.814  -80.565  6.950 0.6000000238
6492  20.362  -79.692  4.920 0.6999999881
6495  17.909  -80.463  5.442 0.6000000238
6496  14.466  -80.801  5.922 0.6000000238
6505  23.284  -79.872  4.919 0.6999999881
6506  22.804  -80.032  4.833 0.6000000238
6508  14.393  -80.488  4.967 0.6000000238
6516  29.276  -79.916  3.355 0.6000000238
6519  26.630  -80.436  3.644 0.6000000238
6520  25.615  -80.343  3.545 0.6000000238
6521  24.689  -80.311  3.716 0.5000000000
6538  25.253  -80.786  2.886 0.6999999881
6548  28.940  -81.052  2.077 0.6999999881
6552  15.216  -80.121  1.469 0.5000000000
6564  37.089  -79.880  -1.715 0.3000000119
6566  30.963  -80.989  -0.058 0.6999999881
6567  21.152  -81.415  -1.040 0.6000000238
6575  36.789  -79.641  -2.416 0.4000000060
6576  36.637  -80.459  -2.181 0.3000000119
6580  18.988  -81.423  -2.116 0.6000000238
6581  18.788  -80.629  -2.003 0.5000000000
6603  35.767  -80.119  -3.487 0.5000000000
6605  33.604  -81.201  -4.500 0.4000000060
6608  20.235  -80.871  -3.884 0.5000000000
6614  20.752  -80.440  -4.213 0.5000000000
7066  17.106  -79.352  7.389 0.6000000238
7067  16.551  -79.459  7.451 0.6000000238
7068  16.040  -79.199  7.391 0.6000000238
7076  18.694  -78.815  6.151 0.6000000238
7077  17.909  -79.173  6.793 0.6000000238
7079  15.338  -79.408  6.508 0.6000000238
7086  26.811  -79.097  5.681 0.5000000000
7088  20.019  -79.483  5.319 0.6999999881
7103  22.577  -79.204  4.475 0.5000000000
7118  20.235  -79.161  4.137 0.6999999881
7119  15.096  -79.761  3.328 0.6000000238
7125  22.252  -78.987  2.587 0.5000000000
7126  19.962  -79.301  2.199 0.8000000119
7133  30.743  -79.715  1.544 0.5000000000
7134  30.195  -80.056  1.972 0.6999999881
7138  15.268  -79.525  1.845 0.5000000000
7144  31.075  -79.793  0.855 0.5000000000
7155  21.597  -80.396  -0.699 0.6000000238
7162  36.730  -79.213  -2.355 0.4000000060
7163  33.010  -79.482  -1.561 0.5000000000
7166  18.758  -79.476  -1.725 0.5000000000
7171  36.363  -79.549  -2.950 0.4000000060
7187  34.885  -80.094  -3.733 0.5000000000
7720  18.168  -78.244  6.541 0.6000000238
7722  16.302  -78.418  7.145 0.6000000238
7733  19.419  -78.641  5.500 0.6000000238
7746  14.840  -78.383  5.233 0.5000000000
7756  19.751  -78.399  3.604 0.6999999881
7768  22.389  -78.491  3.241 0.5000000000
7781  31.072  -79.141  1.855 0.4000000060
7785  19.091  -78.058  1.247 0.8000000119
7799  22.141  -78.619  0.647 0.6000000238
7821  19.007  -78.918  -0.713 0.6000000238
8340  18.386  -77.702  6.059 0.6000000238
8343  15.907  -78.002  6.587 0.6000000238
8352  19.012  -77.897  5.531 0.6000000238
8353  17.744  -77.321  5.695 0.6000000238
8363  29.917  -78.131  5.026 0.4000000060
8369  18.921  -77.629  4.879 0.6000000238
8389  17.587  -77.284  3.639 0.6000000238
8408  18.181  -77.589  2.484 0.6000000238
8411  13.214  -77.208  2.859 0.5000000000
8429  14.060  -77.616  1.499 0.6000000238
8430  13.309  -76.730  1.334 0.5000000000
8461  18.349  -77.093  -0.565 0.6000000238
9050  15.418  -76.174  4.759 0.6000000238
9077  16.924  -76.952  2.311 0.6000000238
9090  17.254  -76.756  1.674 0.6999999881
9092  12.839  -76.680  2.346 0.5000000000
9093  12.577  -75.977  2.123 0.4000000060
9100  17.335  -75.832  0.483 0.5000000000
9101  12.873  -75.958  1.418 0.5000000000
9116  13.273  -75.379  -2.895 0.5000000000
9770  14.163  -75.504  4.272 0.5000000000
9781  14.543  -74.903  4.098 0.5000000000
9782  13.391  -75.423  3.948 0.5000000000
9783  12.775  -75.333  3.361 0.5000000000
9792  15.172  -75.038  3.004 0.6000000238
9793  12.520  -75.186  2.544 0.4000000060
9803  15.461  -75.156  2.242 0.6000000238
9823  13.625  -75.365  -1.372 0.6000000238
9830  17.328  -75.070  -1.984 0.6000000238
9832  13.394  -74.863  -1.886 0.6000000238
10437  7.532  -74.665  8.511 0.5000000000
10466  8.002  -75.140  6.971 0.5000000000
10500  14.723  -74.603  3.503 0.6000000238
10503  12.664  -74.514  3.041 0.5000000000
10516  14.494  -73.907  3.263 0.6000000238
10528  16.016  -74.633  1.003 0.6000000238
10530  12.435  -74.649  2.034 0.5000000000
10544  13.118  -74.307  0.304 0.6000000238
10545  12.684  -74.475  1.332 0.6999999881
10559  16.602  -74.593  -0.266 0.5000000000
10576  11.269  -74.066  -1.799 0.5000000000
10586  17.264  -74.391  -2.624 0.5000000000
10587  16.976  -73.665  -2.681 0.6000000238
11191  7.155  -73.181  10.210 0.6000000238
11198  6.651  -73.832  9.653 0.5000000000
11203  8.397  -73.664  8.635 0.6000000238
11205  6.038  -74.490  9.172 0.5000000000
11237  8.134  -73.673  6.279 0.5000000000
11273  12.906  -73.896  3.233 0.6000000238
11286  14.939  -73.583  2.580 0.6000000238
11288  13.035  -73.201  2.949 0.6999999881
11289  12.614  -73.803  2.648 0.5000000000
11300  15.382  -73.166  2.010 0.6999999881
11330  13.422  -73.383  -0.953 0.6999999881
11332  7.107  -73.446  -1.120 0.5000000000
11343  13.144  -73.305  -1.320 0.6000000238
11344  12.329  -73.714  -1.677 0.6000000238
11346  10.468  -73.441  -1.845 0.5000000000
11347  9.383  -73.717  -1.860 0.5000000000
12012  11.463  -72.040  11.680 0.6999999881
12013  10.522  -72.406  12.081 0.6000000238
12014  8.855  -72.460  12.328 0.6000000238
12015  8.058  -72.327  12.545 0.6000000238
12016  7.188  -72.150  12.410 0.6000000238
12020  11.140  -72.388  11.657 0.6000000238
12024  6.872  -72.420  11.746 0.6000000238
12025  6.067  -72.440  11.673 0.5000000000
12030  12.175  -71.996  10.565 0.8000000119
12032  11.226  -72.559  10.823 0.6000000238
12034  7.966  -73.215  10.224 0.6000000238
12037  6.062  -72.370  10.679 0.5000000000
12044  11.957  -72.254  10.371 0.8000000119
12068  8.820  -72.755  8.936 0.6000000238
12095  8.579  -72.039  7.973 0.6999999881
12130  7.615  -72.964  5.641 0.5000000000
12144  6.664  -72.098  4.101 0.6000000238
12165  14.208  -72.357  2.612 0.6999999881
12184  5.672  -72.123  0.173 0.5000000000
12195  5.918  -72.123  -0.338 0.6000000238
12202  16.494  -72.157  -0.559 0.5000000000
12204  12.706  -71.792  -1.000 0.5000000000
12205  11.432  -71.886  -0.796 0.5000000000
12207  9.206  -72.150  -1.366 0.5000000000
12208  8.119  -72.404  -1.518 0.4000000060
12209  7.170  -72.620  -1.299 0.5000000000
12215  17.455  -72.170  -2.170 0.6000000238
12217  13.339  -72.761  -1.052 0.6999999881
12220  10.901  -72.597  -1.464 0.5000000000
12222  8.708  -73.061  -1.752 0.5000000000
12232  18.186  -72.156  -2.911 0.5000000000
12903  5.413  -71.445  12.885 0.6000000238
12915  10.105  -71.981  12.443 0.6000000238
12918  5.488  -72.037  12.316 0.6000000238
12923  12.302  -71.551  10.673 0.8000000119
12924  11.774  -71.709  11.301 0.6999999881
12925  11.348  -71.552  11.837 0.8000000119
12932  5.648  -71.879  10.359 0.5000000000
12945  12.106  -72.056  9.709 0.8000000119
12968  12.491  -71.470  9.463 0.8000000119
12970  9.635  -71.678  8.557 0.6999999881
12971  9.038  -71.858  8.332 0.6999999881
13002  7.658  -71.005  6.724 0.6000000238
13017  7.403  -72.055  5.821 0.5000000000
13047  5.827  -70.684  2.554 0.6000000238
13071  15.293  -71.088  1.687 0.6000000238
13075  5.631  -70.575  1.025 0.6000000238
13083  16.409  -70.714  0.622 0.5000000000
13086  11.671  -70.878  0.064 0.5000000000
13087  10.026  -71.178  0.207 0.6000000238
13090  6.893  -71.305  -0.444 0.6000000238
13091  5.769  -71.459  0.087 0.6000000238
13100  12.683  -71.649  -0.117 0.6000000238
13101  11.328  -71.324  -0.266 0.5000000000
13103  9.699  -71.491  -0.497 0.5000000000
13106  6.575  -72.043  -0.753 0.5000000000
13118  20.595  -70.382  -1.919 0.5000000000
13121  17.835  -71.458  -1.646 0.6000000238
13134  19.926  -71.218  -2.367 0.5000000000
13824  5.571  -70.765  13.052 0.6000000238
13826  4.277  -70.197  13.369 0.5000000000
13834  10.666  -71.371  12.219 0.6000000238
13837  7.379  -71.033  12.724 0.6999999881
13846  10.248  -70.602  11.753 0.6000000238
13848  7.962  -70.575  12.221 0.6999999881
13849  6.996  -70.415  12.328 0.6999999881
13850  4.250  -71.025  12.218 0.5000000000
13859  12.675  -70.590  10.474 0.8000000119
13877  13.394  -70.233  9.465 0.6999999881
13894  13.001  -70.820  9.159 0.8000000119
13895  11.702  -70.810  8.411 0.8000000119
13897  9.999  -71.269  8.347 0.6999999881
13909  10.929  -70.298  7.948 0.8000000119
13910  9.901  -70.515  7.885 0.8000000119
13912  8.072  -70.557  7.050 0.6999999881
13953  6.284  -70.578  4.281 0.5000000000
13970  5.980  -70.653  3.400 0.5000000000
13992  18.624  -70.207  1.455 0.5000000000
13994  15.179  -70.243  1.325 0.6000000238
13996  9.107  -69.947  1.105 0.6000000238
13999  5.985  -69.807  0.946 0.6000000238
14000  5.875  -69.865  1.274 0.6000000238
14012  16.717  -69.455  0.422 0.6000000238
14013  15.644  -69.353  0.740 0.6000000238
14014  14.088  -69.767  0.663 0.6000000238
14015  13.367  -69.952  0.415 0.5000000000
14016  12.682  -69.725  0.310 0.5000000000
14017  11.148  -70.299  0.415 0.6999999881
14019  9.536  -70.573  0.515 0.6000000238
14021  7.401  -70.555  0.244 0.6000000238
14036  20.774  -69.765  -0.824 0.5000000000
14037  19.442  -69.894  -0.525 0.6000000238
14053  19.145  -70.365  -1.161 0.6000000238
14061  21.432  -70.424  -1.874 0.5000000000
14760  5.017  -70.055  13.392 0.5000000000
14762  3.812  -69.497  13.806 0.5000000000
14768  5.477  -69.497  13.077 0.6999999881
14773  9.435  -70.131  11.072 0.8000000119
14775  7.452  -70.091  11.451 0.6999999881
14777  5.611  -69.069  12.262 0.6999999881
14786  13.076  -69.663  10.531 0.6999999881
14787  10.746  -69.491  10.418 0.8000000119
14790  7.844  -69.646  10.555 0.6999999881
14810  13.730  -69.652  9.695 0.6999999881
14829  13.729  -69.613  9.114 0.6999999881
14830  12.563  -70.337  8.508 0.6999999881
14843  13.153  -69.460  8.508 0.6999999881
14858  7.958  -69.199  6.637 0.8000000119
14859  7.672  -69.750  6.625 0.8000000119
14871  6.371  -69.482  5.482 0.6999999881
14882  5.979  -69.687  4.679 0.6000000238
14892  16.262  -69.411  3.024 0.5000000000
14899  4.960  -69.006  2.964 0.6000000238
14908  18.035  -69.719  1.821 0.5000000000
14929  6.408  -69.021  1.483 0.6000000238
14941  19.101  -70.065  0.703 0.5000000000
14944  17.344  -68.405  0.496 0.6000000238
14948  11.425  -69.346  0.547 0.6999999881
14962  18.579  -69.434  -0.034 0.6000000238
15720  4.081  -68.468  14.820 0.4000000060
15735  12.556  -68.166  11.160 0.6999999881
15740  13.671  -69.292  10.204 0.6000000238
15743  10.283  -68.733  10.060 0.8000000119
15744  9.285  -68.841  10.000 0.8000000119
15745  8.299  -68.993  9.956 0.8000000119
15764  6.095  -68.283  9.760 0.6999999881
15784  13.772  -68.985  8.865 0.6999999881
15812  11.597  -68.736  7.623 0.8000000119
15813  10.662  -68.821  7.333 0.8000000119
15837  8.423  -67.946  6.588 0.6000000238
15839  6.902  -68.592  5.889 0.6999999881
15873  5.591  -67.973  4.183 0.6000000238
15887  7.342  -68.081  3.023 0.5000000000
15889  5.410  -68.249  3.272 0.5000000000
15897  17.291  -68.227  1.708 0.5000000000
15898  16.601  -68.000  2.098 0.5000000000
15906  8.087  -68.539  2.628 0.5000000000
15916  17.993  -68.395  0.776 0.5000000000
15917  17.646  -67.791  1.061 0.5000000000
15918  10.249  -68.327  1.757 0.5000000000
15932  17.548  -67.955  0.820 0.6999999881
15933  16.861  -67.641  0.709 0.6999999881
15934  15.853  -67.384  0.550 0.6999999881
15935  14.404  -67.914  0.248 0.6000000238
15937  12.344  -68.041  0.420 0.6000000238
15938  11.190  -68.000  1.210 0.6999999881
16706  4.495  -68.037  14.509 0.4000000060
16717  11.990  -67.011  12.293 0.5000000000
16718  4.746  -67.867  12.972 0.5000000000
16729  13.332  -67.286  11.401 0.5000000000
16730  12.619  -67.395  11.836 0.4000000060
16733  5.042  -68.195  11.982 0.6000000238
16745  5.085  -67.545  10.432 0.6999999881
16758  6.267  -67.866  9.145 0.6999999881
16775  7.860  -66.848  8.904 0.6999999881
16776  7.123  -66.872  8.664 0.6999999881
16778  5.579  -67.266  8.957 0.6999999881
16802  12.008  -67.957  7.677 0.6999999881
16834  7.770  -67.377  6.315 0.6000000238
16835  7.061  -67.641  5.862 0.8000000119
16855  6.397  -66.758  5.444 0.6000000238
16856  5.718  -66.796  5.068 0.6000000238
16873  5.606  -67.096  4.494 0.6000000238
16886  7.878  -66.509  3.564 0.5000000000
16887  6.322  -67.500  3.134 0.5000000000
16888  5.923  -67.409  3.361 0.5000000000
16904  15.540  -66.569  1.357 0.5000000000
16905  14.787  -66.421  1.748 0.6000000238
16906  13.042  -66.708  1.619 0.6000000238
16907  12.211  -67.263  1.810 0.6000000238
16911  5.623  -67.936  3.006 0.5000000000
16923  16.334  -66.923  1.042 0.5000000000
16924  15.508  -66.456  0.850 0.6000000238
16925  14.660  -66.113  0.847 0.6000000238
16944  13.687  -66.934  0.437 0.6999999881
16946  11.906  -67.544  0.840 0.6999999881
17747  11.559  -66.398  12.265 0.4000000060
17757  13.742  -66.689  11.065 0.4000000060
17760  4.717  -66.845  10.553 0.6000000238
17769  9.457  -66.461  9.754 0.5000000000
17787  13.513  -67.149  9.348 0.4000000060
17790  7.389  -66.208  8.486 0.6000000238
17809  11.564  -66.353  7.478 0.6000000238
17826  10.761  -66.008  7.038 0.6000000238
17827  10.145  -65.953  6.434 0.6000000238
17828  9.357  -66.275  6.278 0.6999999881
17829  7.742  -66.431  6.012 0.6999999881
17848  5.922  -65.974  5.096 0.6000000238
17849  5.734  -66.510  4.668 0.6000000238
17872  5.799  -66.792  4.082 0.6000000238
17902  14.033  -66.056  1.191 0.6999999881
17913  14.066  -66.281  0.769 0.6999999881
18752  11.743  -65.729  12.568 0.4000000060
18761  13.991  -66.273  11.793 0.4000000060
18762  11.072  -65.660  12.106 0.4000000060
18764  4.506  -64.984  11.192 0.5000000000
18772  10.159  -65.625  10.497 0.3000000119
18773  9.714  -65.734  9.844 0.5000000000
18783  4.346  -65.004  8.745 0.8000000119
18793  12.203  -65.404  8.630 0.4000000060
18797  5.225  -65.490  7.853 0.5000000000
18798  4.606  -65.306  8.105 0.6999999881
18816  5.770  -65.180  7.568 0.5000000000
18833  10.041  -64.921  5.627 0.5000000000
18835  8.722  -65.296  5.525 0.5000000000
18847  6.655  -65.745  4.529 0.6000000238
18867  8.274  -64.943  3.965 0.5000000000
18868  7.449  -65.496  3.936 0.5000000000
18886  8.142  -65.286  3.670 0.5000000000
18887  6.765  -65.914  3.944 0.5000000000
19772  5.005  -64.442  12.012 0.5000000000
19786  4.579  -64.499  10.419 0.6000000238
19789  13.554  -64.325  9.570 0.3000000119
19792  4.150  -64.133  8.909 0.6999999881
19799  12.870  -63.822  9.200 0.4000000060
19803  6.397  -64.774  7.438 0.5000000000
19817  5.560  -64.343  7.041 0.5000000000
19836  11.762  -64.041  7.123 0.5000000000
19838  10.676  -64.603  5.782 0.5000000000
20743  4.753  -64.070  13.237 0.5000000000
20754  5.055  -64.180  12.400 0.4000000060
20764  7.205  -63.407  10.999 0.6000000238
20765  6.778  -63.925  10.875 0.6000000238
20767  5.026  -64.256  11.377 0.4000000060
20776  9.918  -63.779  10.105 0.3000000119
20780  4.893  -64.178  10.300 0.5000000000
20807  12.453  -63.678  8.547 0.4000000060
20809  7.556  -63.916  7.469 0.4000000060
20810  3.955  -63.507  8.451 0.6000000238
20826  4.897  -63.560  6.971 0.5000000000
20842  6.694  -62.999  6.380 0.4000000060
21762  7.091  -62.712  10.677 0.6000000238
21763  6.351  -62.573  10.022 0.6000000238
21783  5.559  -62.214  9.420 0.6000000238
21784  4.724  -62.472  9.062 0.6999999881
21810  4.086  -62.838  8.224 0.6000000238
21825  8.396  -62.786  6.519 0.3000000119
21827  6.052  -62.522  6.611 0.4000000060
21829  4.514  -62.980  7.515 0.6000000238
22701  6.085  -61.145  14.572 0.5000000000
22712  7.495  -61.795  12.902 0.5000000000
22714  6.342  -61.198  13.907 0.5000000000
22758  6.672  -61.741  10.408 0.5000000000
22771  4.521  -62.307  8.723 0.6000000238
22803  7.297  -61.866  6.290 0.6000000238
22804  6.351  -61.816  6.907 0.5000000000
23658  2.711  -59.724  15.661 0.4000000060
23664  3.432  -60.071  14.194 0.3000000119
23674  4.587  -60.037  13.034 0.5000000000
23675  3.960  -60.021  13.656 0.4000000060
23688  6.032  -60.743  11.752 0.6000000238
23689  5.857  -60.751  12.543 0.6000000238
23701  6.142  -60.871  10.846 0.6000000238
23727  5.892  -60.874  9.547 0.5000000000
23771  8.109  -61.493  6.073 0.3000000119
24652  2.887  -59.673  14.284 0.4000000060
24660  4.041  -59.500  13.258 0.4000000060
24661  3.379  -59.678  13.763 0.4000000060
24713  6.239  -59.989  10.065 0.5000000000
24729  7.962  -60.070  7.597 0.4000000060
24743  10.932  -59.758  6.134 0.3000000119
24757  10.456  -60.629  5.801 0.3000000119
24759  9.239  -60.889  5.725 0.3000000119
25677  1.953  -58.820  15.278 0.4000000060
25705  4.026  -57.947  12.202 0.4000000060
25706  3.849  -57.728  12.865 0.4000000060
25718  4.460  -58.541  11.950 0.4000000060
25727  6.685  -58.330  10.716 0.4000000060
25743  7.141  -58.340  9.810 0.4000000060
25761  7.761  -58.428  9.226 0.4000000060
26664  7.705  -57.808  15.111 0.3000000119
26692  4.298  -57.363  12.433 0.4000000060
26704  6.557  -57.495  11.538 0.3000000119
26716  7.797  -57.130  10.310 0.3000000119
26718  6.062  -57.995  11.217 0.3000000119
26755  9.299  -57.499  8.558 0.3000000119
26756  8.481  -57.669  9.032 0.3000000119
27648  3.762  -56.817  15.096 0.4000000060
27655  4.139  -56.909  14.137 0.4000000060
27684  5.955  -56.889  12.338 0.3000000119
27686  4.074  -56.985  13.131 0.4000000060
27703  6.728  -56.975  11.914 0.3000000119
27746  8.910  -56.680  9.833 0.3000000119
125712  5.125  -68.045  11.038 0.6000000238
126804  4.239  -57.185  16.120 0.3000000119
126901  8.967  -68.527  1.900 0.6000000238
126902  22.505  -87.882  12.553 0.4000000060
127470  10.320  -72.642  10.320 0.5000000000
127562  7.805  -71.756  6.550 0.6000000238
127574  9.203  -63.126  8.639 0.4000000060
127903  5.232  -57.678  11.544 0.4000000060
128029  20.131  -69.838  -0.458 0.5000000000
128165  5.391  -56.834  12.969 0.3000000119
128399  29.010  -89.347  4.650 0.3000000119
128668  27.682  -81.711  10.627 0.3000000119
129095  18.320  -77.033  0.374 0.6000000238
129203  6.675  -71.592  12.677 0.6000000238
129237  22.432  -82.430  3.872 0.6999999881
129406  31.490  -81.541  -2.323 0.6000000238
129600  5.095  -66.034  8.240 0.6999999881
129658  4.470  -66.018  12.631 0.5000000000
129691  22.907  -83.341  4.439 0.8000000119
129715  4.001  -60.337  14.853 0.3000000119
129876  25.372  -84.037  15.675 0.4000000060
130162  9.201  -72.786  11.637 0.6000000238
130347  7.216  -59.753  8.598 0.5000000000
130803  23.847  -85.202  1.224 0.5000000000
130921  6.081  -72.905  0.813 0.5000000000
131160  23.110  -86.135  2.347 0.6000000238
131417  13.001  -67.181  8.512 0.4000000060
131586  8.126  -74.311  8.146 0.5000000000
131808  32.640  -86.272  0.287 0.4000000060
131960  4.488  -64.115  13.840 0.5000000000
131972  19.766  -83.682  4.997 0.6999999881
132023  22.435  -81.363  2.615 0.5000000000
132221  4.727  -64.365  12.838 0.5000000000
132327  26.721  -84.138  13.504 0.5000000000
132471  7.027  -69.505  6.081 0.8000000119
132617  15.449  -66.988  2.053 0.5000000000
133716  29.842  -86.927  3.571 0.3000000119
133760  26.705  -80.680  9.445 0.3000000119
133788  20.156  -80.416  1.887 0.8000000119
133924  6.220  -68.564  5.424 0.6999999881
134138  13.292  -73.593  -0.243 0.6999999881
134275  8.660  -66.689  9.320 0.6999999881
134379  22.219  -84.985  4.383 0.6999999881
134481  12.165  -69.086  0.411 0.6000000238
134665  28.769  -89.265  12.197 0.3000000119
134704  31.183  -83.630  14.791 0.3000000119
134886  8.338  -74.342  7.168 0.5000000000
135048  21.965  -85.823  -2.164 0.5000000000
135140  27.683  -81.882  0.605 0.8000000119
135358  34.079  -80.630  -4.138 0.5000000000
135364  13.793  -77.545  3.240 0.5000000000
135659  27.763  -81.663  1.138 0.8000000119
135974  10.177  -66.786  6.624 0.6000000238
135986  3.801  -70.419  12.747 0.5000000000
136381  33.898  -80.216  -3.406 0.5000000000
136734  17.229  -80.636  6.368 0.5000000000
136749  14.531  -76.284  4.605 0.5000000000
136800  23.277  -86.535  15.620 0.5000000000
137088  30.414  -88.143  7.498 0.4000000060
137217  15.386  -80.138  6.714 0.5000000000
137504  25.784  -83.239  7.475 0.3000000119
137510  28.027  -87.444  6.846 0.4000000060
137598  11.617  -67.280  7.362 0.6000000238
137614  25.650  -88.084  6.228 0.4000000060
137709  22.929  -90.267  12.301 0.4000000060
137773  8.503  -72.922  10.939 0.6000000238
137815  14.844  -78.308  1.132 0.6000000238
137996  16.351  -74.831  0.392 0.5000000000
138007  6.621  -71.428  4.703 0.5000000000
138078  22.779  -85.769  -2.028 0.5000000000
138203  4.585  -66.208  10.235 0.6000000238
138442  34.912  -84.568  10.825 0.3000000119
138777  24.672  -83.960  -2.851 0.6000000238
138822  13.288  -74.846  -0.216 0.6000000238
138951  26.469  -79.620  5.084 0.6000000238
139271  11.557  -67.011  11.923 0.5000000000
139324  16.807  -81.628  5.332 0.6000000238
139730  15.106  -79.009  3.505 0.6000000238
139890  18.082  -77.559  3.187 0.5000000000
140140  27.634  -81.090  2.341 0.6999999881
140411  17.197  -73.807  -2.994 0.6000000238
140586  27.722  -82.105  15.550 0.4000000060
140625  13.204  -72.066  1.905 0.6999999881
140675  23.558  -84.387  -4.136 0.5000000000
140776  25.418  -85.179  7.201 0.4000000060
141038  32.657  -79.165  -0.889 0.4000000060
141079  15.344  -77.249  5.565 0.5000000000
141533  29.285  -83.895  9.164 0.4000000060
143183  27.663  -82.838  -3.689 0.6999999881
143368  5.782  -68.411  2.028 0.6000000238
143504  34.068  -85.284  13.914 0.3000000119
143625  24.209  -84.615  0.661 0.5000000000
143868  20.262  -80.205  5.194 0.6999999881
143897  32.832  -85.822  0.516 0.3000000119
143949  5.680  -66.674  8.400 0.6999999881
144178  5.262  -63.661  9.914 0.6999999881
144317  32.996  -85.472  0.325 0.3000000119
144452  20.026  -82.203  0.198 0.6999999881
144747  17.594  -75.550  -1.336 0.5000000000
145176  5.891  -71.846  12.708 0.6000000238
145550  11.060  -68.690  0.887 0.6999999881
146320  16.414  -72.945  -0.603 0.5000000000
147000  33.041  -85.819  8.508 0.5000000000
147004  20.228  -84.140  4.895 0.8000000119
147042  5.706  -69.143  2.123 0.6000000238
147150  25.898  -87.102  7.003 0.4000000060
147201  14.237  -80.785  4.593 0.6000000238
147206  22.377  -78.611  -0.056 0.6000000238
147292  31.079  -81.260  -0.787 0.6999999881
147414  15.325  -77.934  5.966 0.5000000000
147749  33.261  -82.957  -4.168 0.4000000060
147908  13.998  -67.889  9.821 0.6000000238
147910  32.618  -85.835  1.496 0.4000000060
148195  6.861  -58.317  10.254 0.4000000060
148814  24.132  -84.343  3.352 0.6000000238
148818  15.135  -67.548  0.368 0.6999999881
148923  15.655  -79.254  7.050 0.5000000000
149255  15.575  -73.614  1.524 0.6999999881
149579  19.443  -81.571  -0.909 0.6000000238
149598  30.728  -84.787  -4.425 0.4000000060
149615  14.579  -76.827  4.860 0.5000000000
150030  22.393  -86.235  14.104 0.4000000060
150054  26.609  -88.778  4.502 0.4000000060
150128  29.153  -87.041  12.441 0.4000000060
150217  18.049  -69.153  0.035 0.6000000238
150306  16.280  -68.597  2.647 0.5000000000
150342  14.734  -79.945  4.629 0.6000000238
150403  15.677  -66.805  0.674 0.6999999881
150487  26.346  -87.240  12.402 0.4000000060
150794  4.399  -67.402  14.754 0.4000000060
150971  9.281  -72.158  12.510 0.6000000238
151035  6.243  -60.439  9.964 0.4000000060
151137  9.962  -64.420  10.324 0.3000000119
151321  7.365  -73.237  5.085 0.5000000000
