#!ascii label  , from subject sub-v1s7x0051326_ses-1 vox2ras=TkReg
345
23605  54.452  -61.049  18.336 0.0000000000
17663  45.847  -66.006  19.325 0.0000000000
20531  52.423  -63.504  25.081 0.0000000000
20636  49.845  -63.161  19.457 0.0000000000
15532  49.837  -69.318  25.800 0.0000000000
17540  51.987  -66.691  26.569 0.0000000000
14600  47.822  -69.969  26.263 0.0000000000
20609  47.033  -63.321  20.948 0.0000000000
22659  47.027  -61.538  15.819 0.0000000000
22557  54.114  -62.147  22.076 0.0000000000
19598  53.073  -64.748  22.452 0.0000000000
138474  49.851  -65.338  23.279 0.0000000000
17622  47.691  -67.187  22.071 0.0000000000
131842  48.625  -70.333  22.041 0.0000000000
23608  51.202  -60.331  18.047 0.0000000000
23545  50.380  -60.528  21.382 0.0000000000
22510  49.983  -61.917  24.093 0.0000000000
21687  49.782  -62.317  15.183 0.0000000000
16503  48.594  -67.874  27.024 0.0000000000
18647  45.890  -64.679  20.262 0.0000000000
20638  45.301  -63.122  19.684 0.0000000000
21533  53.472  -62.641  23.647 0.0000000000
19563  53.799  -64.380  24.260 0.0000000000
16518  51.072  -67.908  26.380 0.0000000000
18565  51.566  -66.132  24.515 0.0000000000
17580  49.694  -66.698  24.952 0.0000000000
18590  48.251  -65.714  23.861 0.0000000000
132616  48.802  -68.279  24.588 0.0000000000
14673  50.274  -69.202  20.542 0.0000000000
23527  49.194  -60.601  22.425 0.0000000000
22560  50.786  -61.018  22.785 0.0000000000
22539  48.455  -61.294  23.585 0.0000000000
20655  51.622  -63.607  18.711 0.0000000000
20692  50.215  -62.869  17.058 0.0000000000
127502  45.342  -62.041  14.252 0.0000000000
133085  46.468  -61.878  13.402 0.0000000000
19527  50.789  -65.061  26.564 0.0000000000
146292  52.842  -65.093  25.520 0.0000000000
18514  50.784  -66.392  27.142 0.0000000000
15498  49.863  -68.609  27.379 0.0000000000
14584  49.702  -69.713  26.794 0.0000000000
20608  48.483  -63.369  20.816 0.0000000000
21621  48.332  -62.394  18.431 0.0000000000
21622  47.342  -62.257  18.925 0.0000000000
22642  45.464  -61.776  17.386 0.0000000000
16640  45.683  -67.764  18.800 0.0000000000
134767  54.275  -61.570  19.813 0.0000000000
19671  53.165  -63.611  20.202 0.0000000000
19648  51.762  -63.929  20.377 0.0000000000
18586  53.170  -65.460  23.954 0.0000000000
18608  52.196  -65.242  22.725 0.0000000000
135315  50.068  -64.454  21.698 0.0000000000
19602  48.447  -64.665  22.584 0.0000000000
18626  47.168  -65.147  22.072 0.0000000000
17644  47.334  -66.762  20.746 0.0000000000
14631  48.515  -70.186  23.721 0.0000000000
15560  48.662  -68.953  22.659 0.0000000000
16592  48.822  -68.085  20.692 0.0000000000
128394  47.090  -67.381  19.463 0.0000000000
24627  53.513  -59.124  16.100 0.0000000000
23623  53.284  -60.347  17.494 0.0000000000
135771  51.017  -60.538  19.790 0.0000000000
23566  52.791  -60.723  20.249 0.0000000000
22578  53.108  -61.016  21.730 0.0000000000
22536  51.534  -61.426  23.403 0.0000000000
21509  50.574  -62.460  24.691 0.0000000000
21488  48.243  -62.762  25.164 0.0000000000
20515  49.664  -63.590  25.669 0.0000000000
21688  48.892  -62.000  15.519 0.0000000000
23639  54.527  -60.650  16.974 0.0000000000
23653  54.591  -60.470  16.384 0.0000000000
22657  54.720  -61.030  16.933 0.0000000000
18665  46.193  -65.573  19.965 0.0000000000
151024  45.542  -64.395  19.906 0.0000000000
21507  52.973  -63.062  24.405 0.0000000000
20550  53.909  -63.663  24.017 0.0000000000
20530  53.485  -64.047  24.738 0.0000000000
16519  50.452  -68.605  26.046 0.0000000000
16532  50.493  -67.631  25.573 0.0000000000
128114  49.625  -68.391  25.363 0.0000000000
16533  49.211  -67.460  24.977 0.0000000000
15533  49.153  -69.189  24.929 0.0000000000
143254  50.051  -70.218  19.886 0.0000000000
23510  48.815  -60.888  23.032 0.0000000000
20635  50.848  -63.433  19.138 0.0000000000
20656  51.041  -63.373  18.233 0.0000000000
20657  50.173  -63.064  18.581 0.0000000000
22708  45.313  -61.816  13.339 0.0000000000
18529  50.299  -65.651  26.886 0.0000000000
18515  49.842  -66.289  27.209 0.0000000000
15509  48.292  -68.396  26.753 0.0000000000
16486  49.285  -67.842  27.352 0.0000000000
130719  48.791  -69.171  26.886 0.0000000000
14574  50.140  -69.106  27.165 0.0000000000
14585  48.768  -70.045  26.721 0.0000000000
129944  47.719  -63.359  21.093 0.0000000000
21579  47.642  -62.939  20.420 0.0000000000
21580  46.591  -62.914  20.407 0.0000000000
131532  45.018  -62.286  17.941 0.0000000000
21642  44.776  -62.389  16.854 0.0000000000
21666  44.462  -62.516  15.597 0.0000000000
22594  54.238  -61.847  20.361 0.0000000000
22614  54.279  -61.825  19.668 0.0000000000
21578  54.208  -62.191  20.792 0.0000000000
19647  52.685  -63.945  20.698 0.0000000000
19622  52.166  -64.273  21.147 0.0000000000
17539  52.441  -66.160  26.065 0.0000000000
18548  52.763  -65.536  25.362 0.0000000000
130086  52.693  -65.762  25.126 0.0000000000
18588  50.692  -65.782  23.744 0.0000000000
18587  52.065  -65.689  23.637 0.0000000000
18609  50.945  -65.411  22.908 0.0000000000
19600  51.055  -65.030  22.012 0.0000000000
141578  49.997  -64.978  22.455 0.0000000000
19601  49.106  -64.476  22.209 0.0000000000
18610  49.084  -64.935  22.926 0.0000000000
17607  47.629  -66.879  23.107 0.0000000000
17596  47.682  -65.966  23.320 0.0000000000
17608  47.316  -66.163  22.380 0.0000000000
18645  46.913  -65.886  21.409 0.0000000000
127605  47.379  -66.657  21.535 0.0000000000
11063  46.214  -73.840  22.196 0.0000000000
12784  48.144  -71.063  22.037 0.0000000000
12769  47.459  -72.055  23.105 0.0000000000
12768  48.218  -70.811  22.924 0.0000000000
13679  48.603  -70.124  22.689 0.0000000000
14645  48.600  -69.640  23.182 0.0000000000
14644  48.927  -69.503  21.965 0.0000000000
15600  50.370  -68.863  20.340 0.0000000000
15577  50.065  -68.944  20.830 0.0000000000
15601  49.887  -68.537  20.335 0.0000000000
128160  48.081  -67.557  20.320 0.0000000000
16615  48.057  -67.860  19.661 0.0000000000
24606  51.694  -59.492  16.539 0.0000000000
23624  52.074  -60.290  17.257 0.0000000000
23569  49.724  -60.425  20.635 0.0000000000
23568  50.682  -60.502  20.508 0.0000000000
23587  51.915  -60.562  19.435 0.0000000000
23567  51.673  -60.585  20.388 0.0000000000
23543  52.456  -60.673  21.104 0.0000000000
22579  52.054  -60.879  21.837 0.0000000000
22537  50.416  -61.405  23.495 0.0000000000
21535  51.061  -61.931  24.081 0.0000000000
20502  46.206  -63.625  25.928 0.0000000000
20517  47.782  -63.265  25.636 0.0000000000
20516  48.730  -63.419  25.650 0.0000000000
21639  48.361  -62.218  17.438 0.0000000000
21664  48.713  -62.140  16.449 0.0000000000
22658  47.976  -61.803  15.688 0.0000000000
22706  47.136  -61.810  13.220 0.0000000000
19649  46.272  -64.198  20.815 0.0000000000
20611  45.826  -62.976  20.227 0.0000000000
21549  53.931  -62.357  22.806 0.0000000000
21548  54.144  -62.832  22.266 0.0000000000
21532  54.086  -63.290  23.134 0.0000000000
19597  53.775  -64.436  23.089 0.0000000000
16517  51.650  -67.265  26.510 0.0000000000
17578  52.255  -66.329  25.368 0.0000000000
17564  51.745  -67.217  25.907 0.0000000000
17579  51.006  -66.711  25.179 0.0000000000
18566  50.221  -66.194  24.444 0.0000000000
18589  48.952  -65.342  23.710 0.0000000000
17581  48.790  -66.757  24.574 0.0000000000
16547  48.410  -67.436  24.333 0.0000000000
135515  47.933  -67.441  23.649 0.0000000000
13678  49.178  -69.838  21.527 0.0000000000
13710  49.839  -69.814  20.675 0.0000000000
13709  50.375  -69.583  19.938 0.0000000000
23526  50.108  -60.638  22.214 0.0000000000
23525  51.073  -60.750  22.016 0.0000000000
22561  49.780  -60.960  22.918 0.0000000000
22538  49.388  -61.408  23.508 0.0000000000
22511  48.983  -61.965  23.986 0.0000000000
20691  50.847  -63.045  16.422 0.0000000000
21663  49.771  -62.523  16.203 0.0000000000
22682  46.199  -61.546  14.980 0.0000000000
22681  47.121  -61.759  14.811 0.0000000000
22695  46.167  -61.914  13.936 0.0000000000
22720  45.923  -61.615  12.942 0.0000000000
19549  51.270  -64.537  26.140 0.0000000000
19547  52.851  -64.422  25.368 0.0000000000
19526  51.747  -65.278  26.445 0.0000000000
18528  51.246  -65.838  26.795 0.0000000000
17518  51.507  -66.578  26.914 0.0000000000
17520  50.420  -67.016  27.425 0.0000000000
16483  51.473  -67.217  27.024 0.0000000000
16502  51.084  -68.029  27.034 0.0000000000
14583  50.218  -69.294  26.927 0.0000000000
20607  49.639  -63.459  20.451 0.0000000000
21598  49.164  -62.794  18.819 0.0000000000
20637  48.799  -63.027  19.921 0.0000000000
142174  47.680  -62.110  18.117 0.0000000000
21640  47.328  -61.851  17.489 0.0000000000
21623  46.165  -62.184  19.249 0.0000000000
22628  45.689  -61.884  18.327 0.0000000000
140906  45.973  -61.520  16.876 0.0000000000
22683  45.338  -61.866  15.241 0.0000000000
21689  44.564  -62.299  14.581 0.0000000000
16617  45.520  -66.859  19.029 0.0000000000
22627  54.450  -61.524  18.959 0.0000000000
21619  54.555  -61.733  18.318 0.0000000000
20634  51.732  -63.715  19.430 0.0000000000
142417  51.108  -63.626  19.853 0.0000000000
142792  53.269  -65.078  23.279 0.0000000000
129947  52.685  -65.797  24.597 0.0000000000
150932  52.739  -65.412  23.373 0.0000000000
19599  52.121  -64.776  21.789 0.0000000000
19623  51.146  -64.293  21.225 0.0000000000
20585  50.118  -63.964  21.044 0.0000000000
19624  49.085  -63.903  21.407 0.0000000000
20586  48.139  -63.624  21.465 0.0000000000
19625  48.155  -64.115  22.070 0.0000000000
18611  48.197  -65.196  23.155 0.0000000000
19603  47.793  -64.749  22.509 0.0000000000
19626  47.462  -64.408  21.978 0.0000000000
148966  46.781  -65.163  21.518 0.0000000000
18646  46.405  -65.168  20.910 0.0000000000
17645  46.735  -66.129  20.427 0.0000000000
13627  49.295  -70.592  26.122 0.0000000000
143336  46.827  -72.935  22.662 0.0000000000
14616  48.697  -70.591  24.663 0.0000000000
127692  48.703  -69.825  24.329 0.0000000000
15544  48.492  -69.072  23.946 0.0000000000
132206  48.260  -68.254  23.690 0.0000000000
16559  48.107  -67.965  22.669 0.0000000000
15559  49.386  -69.058  21.464 0.0000000000
132164  48.781  -68.631  21.848 0.0000000000
16573  48.408  -68.018  21.550 0.0000000000
17643  47.927  -67.372  21.094 0.0000000000
16593  47.345  -66.958  20.015 0.0000000000
17662  46.597  -66.467  19.719 0.0000000000
16639  46.595  -68.004  18.946 0.0000000000
25671  53.706  -58.655  15.375 0.0000000000
25654  53.698  -58.820  15.637 0.0000000000
24644  54.077  -59.192  15.658 0.0000000000
24626  54.092  -59.550  16.137 0.0000000000
23640  54.358  -60.368  16.837 0.0000000000
23606  53.816  -60.701  18.440 0.0000000000
23590  49.070  -60.188  19.891 0.0000000000
23588  50.952  -60.351  19.039 0.0000000000
148758  51.575  -60.405  18.750 0.0000000000
23586  53.235  -60.723  19.344 0.0000000000
22615  54.191  -61.150  19.180 0.0000000000
23565  53.796  -61.170  20.072 0.0000000000
22596  53.547  -60.957  20.959 0.0000000000
22577  54.049  -61.530  21.492 0.0000000000
22559  51.839  -61.027  22.642 0.0000000000
147416  52.676  -61.150  22.366 0.0000000000
22558  53.528  -61.593  22.300 0.0000000000
21534  52.297  -62.096  23.973 0.0000000000
21508  51.733  -62.648  24.607 0.0000000000
20532  51.181  -63.206  25.169 0.0000000000
21487  49.158  -62.905  25.189 0.0000000000
21486  50.104  -62.993  25.243 0.0000000000
20514  50.668  -63.789  25.655 0.0000000000
21620  49.143  -62.543  17.904 0.0000000000
22680  47.994  -61.748  14.779 0.0000000000
22693  48.006  -61.628  13.879 0.0000000000
12708  48.924  -70.999  26.108 0.0000000000
13613  49.306  -70.371  26.430 0.0000000000
14575  49.515  -69.450  27.024 0.0000000000
14598  50.213  -69.200  26.446 0.0000000000
14657  49.745  -69.342  21.085 0.0000000000
15507  50.524  -68.709  27.105 0.0000000000
15508  49.106  -68.610  27.182 0.0000000000
15521  50.600  -68.632  26.719 0.0000000000
15522  48.023  -69.104  26.502 0.0000000000
15578  49.410  -68.564  21.130 0.0000000000
15599  50.535  -69.030  19.849 0.0000000000
15618  50.434  -68.684  19.665 0.0000000000
15620  48.999  -68.254  19.315 0.0000000000
16484  50.477  -68.349  27.300 0.0000000000
16485  50.127  -67.784  27.506 0.0000000000
16504  47.881  -67.558  26.664 0.0000000000
16614  49.035  -68.121  19.966 0.0000000000
16616  46.258  -67.058  19.231 0.0000000000
17519  51.115  -66.989  27.269 0.0000000000
17562  52.501  -66.078  25.606 0.0000000000
17563  52.219  -66.653  26.021 0.0000000000
17595  48.026  -66.544  24.071 0.0000000000
18527  52.013  -66.040  26.552 0.0000000000
18564  53.174  -65.326  24.678 0.0000000000
18567  48.984  -65.995  24.371 0.0000000000
18612  47.572  -65.421  22.738 0.0000000000
18666  45.613  -65.037  19.637 0.0000000000
19525  52.483  -65.527  26.059 0.0000000000
19528  49.746  -64.892  26.536 0.0000000000
19548  52.266  -64.797  25.978 0.0000000000
19621  52.976  -64.242  21.613 0.0000000000
19627  46.857  -64.512  21.473 0.0000000000
19673  45.206  -64.145  19.472 0.0000000000
20499  49.213  -64.152  26.092 0.0000000000
20513  51.809  -63.996  25.653 0.0000000000
20549  53.963  -64.104  23.547 0.0000000000
20583  54.097  -62.953  21.688 0.0000000000
20587  47.407  -63.802  21.534 0.0000000000
20588  46.748  -63.821  21.127 0.0000000000
20606  50.703  -63.742  20.488 0.0000000000
20610  46.318  -63.451  20.663 0.0000000000
20672  50.371  -63.004  17.794 0.0000000000
21564  54.184  -62.332  21.458 0.0000000000
21597  54.151  -62.307  20.140 0.0000000000
21599  46.962  -62.557  19.783 0.0000000000
21600  46.166  -62.609  19.946 0.0000000000
21601  45.669  -62.628  19.693 0.0000000000
21624  45.203  -62.472  18.984 0.0000000000
21638  49.322  -62.546  17.095 0.0000000000
21641  46.768  -61.924  18.315 0.0000000000
21665  47.751  -61.834  16.624 0.0000000000
21699  49.828  -62.229  14.267 0.0000000000
21700  48.921  -61.852  14.594 0.0000000000
21701  44.709  -62.139  13.896 0.0000000000
21702  44.147  -62.255  14.280 0.0000000000
22535  52.820  -61.633  23.103 0.0000000000
22540  47.663  -61.164  23.726 0.0000000000
22576  54.271  -61.857  20.962 0.0000000000
22595  54.174  -61.493  20.658 0.0000000000
22639  54.602  -61.122  17.610 0.0000000000
22640  46.781  -61.593  16.766 0.0000000000
22641  46.298  -61.653  17.577 0.0000000000
22660  46.121  -61.561  16.030 0.0000000000
22661  45.358  -61.896  16.353 0.0000000000
22694  47.099  -61.721  13.979 0.0000000000
22696  45.299  -62.035  13.602 0.0000000000
22707  45.861  -61.882  13.307 0.0000000000
22709  44.859  -61.979  13.560 0.0000000000
23544  51.376  -60.558  21.223 0.0000000000
23604  54.513  -61.259  18.172 0.0000000000
23607  52.434  -60.494  18.400 0.0000000000
23621  54.510  -60.898  17.583 0.0000000000
23622  54.258  -60.648  17.554 0.0000000000
24604  53.883  -59.991  16.735 0.0000000000
24605  52.877  -59.716  16.675 0.0000000000
127848  54.400  -62.073  19.235 0.0000000000
128573  48.818  -66.271  27.024 0.0000000000
134143  50.856  -67.594  27.318 0.0000000000
134773  54.541  -60.569  15.592 0.0000000000
136449  49.338  -70.127  26.642 0.0000000000
136593  48.058  -62.570  19.438 0.0000000000
141540  49.684  -65.657  23.955 0.0000000000
142360  50.434  -63.428  19.879 0.0000000000
145621  53.786  -58.585  14.960 0.0000000000
147244  49.773  -62.728  17.576 0.0000000000
151269  47.834  -71.302  23.033 0.0000000000
151371  49.740  -62.780  18.123 0.0000000000
