#!ascii label  , from subject sub-v1s7x0051322_ses-1 vox2ras=TkReg
1355
41843  -46.872  -40.488  78.777 0.0000000000
28878  -37.859  -55.639  84.997 0.0000000000
51318  -50.931  -29.850  67.802 0.0000000000
42742  -39.774  -39.146  69.250 0.0000000000
46982  -47.680  -34.504  74.273 0.0000000000
120156  -46.119  -50.400  80.334 0.0000000000
30855  -37.897  -53.126  76.217 0.0000000000
36921  -38.984  -46.589  68.858 0.0000000000
31592  -28.601  -52.494  88.693 0.0000000000
54648  -58.825  -24.801  69.023 0.0000000000
30845  -30.913  -53.389  76.766 0.0000000000
41871  -42.540  -40.356  74.678 0.0000000000
45142  -43.784  -36.763  72.096 0.0000000000
45086  -45.344  -36.623  77.490 0.0000000000
37716  -46.027  -45.214  79.038 0.0000000000
35303  -44.181  -48.318  73.310 0.0000000000
38654  -41.949  -44.668  73.148 0.0000000000
40225  -39.049  -42.841  68.841 0.0000000000
105273  -60.199  -24.749  64.305 0.0000000000
30716  -33.189  -54.067  87.200 0.0000000000
31681  -29.539  -51.826  81.499 0.0000000000
31701  -33.759  -52.477  80.896 0.0000000000
48769  -49.149  -32.328  70.880 0.0000000000
30784  -42.699  -54.561  82.450 0.0000000000
32732  -38.692  -51.320  80.218 0.0000000000
105227  -42.182  -52.403  76.702 0.0000000000
117209  -38.027  -48.541  73.698 0.0000000000
31554  -25.014  -52.658  90.199 0.0000000000
48719  -52.590  -31.940  76.345 0.0000000000
51274  -53.073  -29.901  72.364 0.0000000000
54615  -55.814  -25.771  72.585 0.0000000000
52101  -55.303  -28.031  68.592 0.0000000000
52979  -57.548  -27.208  65.675 0.0000000000
121466  -25.330  -51.324  83.413 0.0000000000
112366  -36.056  -54.097  77.542 0.0000000000
41034  -44.236  -40.452  76.022 0.0000000000
43464  -44.452  -38.472  75.545 0.0000000000
43429  -45.280  -38.731  78.338 0.0000000000
39389  -46.553  -43.152  78.798 0.0000000000
118879  -43.722  -44.625  76.484 0.0000000000
40173  -44.198  -42.298  76.510 0.0000000000
122659  -41.810  -42.446  74.437 0.0000000000
50563  -50.644  -30.544  65.435 0.0000000000
51347  -51.770  -29.500  66.009 0.0000000000
29844  -35.060  -54.799  86.029 0.0000000000
30765  -33.597  -53.558  83.698 0.0000000000
30779  -35.476  -53.520  82.787 0.0000000000
116088  -40.416  -37.387  68.726 0.0000000000
46080  -45.652  -35.759  73.192 0.0000000000
46126  -44.441  -35.445  70.465 0.0000000000
47018  -46.480  -34.395  71.497 0.0000000000
47895  -47.332  -33.361  70.373 0.0000000000
47875  -48.300  -33.469  72.192 0.0000000000
31677  -44.528  -52.532  81.818 0.0000000000
30812  -43.527  -53.776  79.897 0.0000000000
32779  -44.895  -52.045  78.382 0.0000000000
36123  -42.175  -47.464  71.063 0.0000000000
35300  -40.850  -48.025  73.738 0.0000000000
36870  -38.290  -46.558  71.574 0.0000000000
41914  -39.616  -40.589  69.467 0.0000000000
50456  -53.062  -30.894  74.424 0.0000000000
52918  -56.924  -26.831  71.178 0.0000000000
110789  -57.550  -26.331  69.585 0.0000000000
52968  -55.918  -27.760  67.383 0.0000000000
103397  -58.823  -25.840  67.315 0.0000000000
53867  -60.128  -26.419  63.826 0.0000000000
31590  -26.239  -52.005  89.053 0.0000000000
32648  -25.158  -51.765  86.157 0.0000000000
104053  -26.882  -51.321  84.882 0.0000000000
32770  -30.010  -51.900  78.462 0.0000000000
32767  -27.393  -51.493  78.507 0.0000000000
106975  -28.762  -53.938  77.139 0.0000000000
105746  -39.041  -52.950  77.151 0.0000000000
32797  -37.270  -51.986  77.944 0.0000000000
29929  -37.762  -54.822  77.070 0.0000000000
42715  -40.595  -39.788  72.315 0.0000000000
44295  -41.592  -37.715  71.185 0.0000000000
43483  -43.120  -38.008  73.206 0.0000000000
45118  -44.918  -36.968  74.212 0.0000000000
46050  -46.556  -35.519  75.354 0.0000000000
120110  -46.141  -47.468  79.766 0.0000000000
34435  -45.112  -49.713  76.949 0.0000000000
36077  -44.410  -47.598  76.062 0.0000000000
37763  -43.925  -46.769  72.836 0.0000000000
37784  -41.918  -46.460  70.120 0.0000000000
38700  -39.145  -45.099  68.574 0.0000000000
39446  -41.062  -43.764  70.509 0.0000000000
41061  -40.319  -41.357  71.832 0.0000000000
55461  -59.561  -24.396  66.537 0.0000000000
119862  -59.824  -22.678  64.498 0.0000000000
30713  -30.979  -53.298  88.023 0.0000000000
32678  -28.970  -51.641  85.040 0.0000000000
31648  -31.070  -52.454  84.233 0.0000000000
111836  -31.109  -52.536  81.142 0.0000000000
32792  -32.085  -51.902  77.769 0.0000000000
45186  -42.462  -36.092  69.504 0.0000000000
48794  -48.062  -32.043  68.738 0.0000000000
50517  -49.818  -30.761  68.812 0.0000000000
28881  -40.161  -55.516  83.975 0.0000000000
30782  -38.285  -53.502  82.846 0.0000000000
31691  -40.856  -52.849  81.566 0.0000000000
32778  -41.189  -52.122  77.984 0.0000000000
32808  -40.046  -52.137  76.375 0.0000000000
34448  -42.840  -49.877  75.467 0.0000000000
33651  -40.249  -50.628  75.287 0.0000000000
33660  -37.158  -50.349  74.631 0.0000000000
43400  -47.216  -37.939  81.419 0.0000000000
30731  -38.821  -53.523  86.156 0.0000000000
33599  -42.363  -50.624  83.647 0.0000000000
34401  -44.808  -49.744  82.945 0.0000000000
45065  -45.984  -36.424  80.469 0.0000000000
108339  -47.784  -34.950  78.480 0.0000000000
109341  -48.779  -34.537  76.842 0.0000000000
47836  -51.764  -32.539  78.108 0.0000000000
47858  -50.183  -33.097  75.013 0.0000000000
118981  -50.537  -32.436  73.217 0.0000000000
124162  -51.237  -31.137  71.542 0.0000000000
51294  -51.797  -29.920  70.151 0.0000000000
52058  -55.968  -27.565  73.357 0.0000000000
52078  -54.012  -28.727  70.335 0.0000000000
52098  -52.915  -28.901  67.940 0.0000000000
52135  -54.292  -28.541  66.621 0.0000000000
53858  -59.581  -26.018  65.363 0.0000000000
30712  -23.227  -53.092  87.068 0.0000000000
31680  -23.335  -52.286  80.878 0.0000000000
32698  -27.312  -51.129  82.500 0.0000000000
32740  -25.195  -51.644  79.730 0.0000000000
32729  -35.753  -51.669  80.341 0.0000000000
32773  -34.387  -51.584  78.369 0.0000000000
30848  -33.388  -53.373  76.939 0.0000000000
28047  -35.727  -57.437  77.794 0.0000000000
41850  -45.638  -40.554  77.611 0.0000000000
42688  -44.864  -39.520  76.806 0.0000000000
42668  -45.801  -39.593  78.240 0.0000000000
41010  -46.832  -41.338  78.681 0.0000000000
40166  -45.246  -42.898  77.493 0.0000000000
41019  -45.640  -41.255  77.589 0.0000000000
41026  -44.522  -41.563  76.589 0.0000000000
50529  -49.959  -30.270  66.861 0.0000000000
50540  -50.366  -30.124  66.005 0.0000000000
51346  -51.149  -29.953  65.742 0.0000000000
51330  -51.480  -29.543  66.993 0.0000000000
28866  -36.606  -55.497  85.951 0.0000000000
29866  -35.068  -54.310  84.245 0.0000000000
29868  -36.534  -54.767  84.093 0.0000000000
43524  -39.726  -38.471  68.746 0.0000000000
43525  -40.146  -37.951  68.973 0.0000000000
46981  -46.959  -34.859  73.924 0.0000000000
46110  -45.952  -34.948  71.954 0.0000000000
47007  -47.266  -34.238  72.676 0.0000000000
120451  -47.660  -33.812  72.288 0.0000000000
47874  -48.022  -33.886  72.946 0.0000000000
32718  -45.735  -51.750  80.734 0.0000000000
31726  -45.270  -52.703  79.416 0.0000000000
33618  -45.759  -51.323  79.152 0.0000000000
36883  -40.085  -46.821  70.187 0.0000000000
36121  -40.316  -46.944  71.126 0.0000000000
36882  -39.005  -46.536  70.523 0.0000000000
36880  -37.013  -46.347  70.939 0.0000000000
42755  -39.507  -39.873  69.047 0.0000000000
113896  -38.710  -40.363  68.432 0.0000000000
42754  -38.648  -39.652  68.107 0.0000000000
114130  -57.987  -25.639  70.402 0.0000000000
53813  -58.724  -25.164  69.210 0.0000000000
53831  -58.128  -26.074  67.900 0.0000000000
53832  -58.924  -25.321  68.384 0.0000000000
31591  -27.689  -52.239  88.677 0.0000000000
32637  -26.610  -51.521  87.253 0.0000000000
32639  -28.136  -51.730  87.305 0.0000000000
31769  -29.917  -52.525  77.284 0.0000000000
31752  -29.013  -52.348  77.469 0.0000000000
29921  -29.575  -54.049  76.849 0.0000000000
106738  -29.219  -54.818  77.300 0.0000000000
106244  -30.060  -54.786  77.014 0.0000000000
112937  -38.506  -53.596  76.891 0.0000000000
30838  -38.157  -54.065  77.194 0.0000000000
30850  -37.920  -54.185  76.707 0.0000000000
42711  -41.598  -39.634  73.370 0.0000000000
42717  -41.961  -38.884  73.065 0.0000000000
42713  -43.082  -39.112  74.251 0.0000000000
44273  -44.632  -37.894  76.024 0.0000000000
115751  -44.633  -37.710  75.254 0.0000000000
45091  -45.348  -36.542  76.254 0.0000000000
45120  -45.937  -35.941  74.906 0.0000000000
45106  -45.872  -35.934  75.884 0.0000000000
36812  -45.940  -46.239  79.260 0.0000000000
36832  -45.271  -47.834  77.814 0.0000000000
37727  -45.152  -46.118  78.107 0.0000000000
38643  -42.774  -44.292  75.416 0.0000000000
37748  -43.449  -45.958  75.547 0.0000000000
38655  -42.611  -45.372  73.393 0.0000000000
37776  -42.893  -46.234  71.080 0.0000000000
38671  -42.420  -45.364  71.361 0.0000000000
39447  -41.519  -44.575  70.620 0.0000000000
113289  -41.501  -44.092  72.446 0.0000000000
41870  -41.870  -40.828  74.336 0.0000000000
40191  -40.838  -42.039  73.335 0.0000000000
41876  -41.247  -40.515  73.584 0.0000000000
41888  -40.269  -40.372  71.763 0.0000000000
30714  -31.705  -53.519  87.733 0.0000000000
31634  -30.861  -52.548  85.705 0.0000000000
30726  -32.058  -53.153  85.964 0.0000000000
30789  -33.257  -53.106  82.026 0.0000000000
31668  -32.097  -52.962  82.437 0.0000000000
31700  -32.555  -52.611  80.890 0.0000000000
107431  -31.954  -52.268  79.661 0.0000000000
32748  -32.623  -51.958  79.105 0.0000000000
44297  -42.994  -37.006  71.784 0.0000000000
45167  -41.759  -36.950  70.079 0.0000000000
45153  -43.483  -36.480  71.342 0.0000000000
47030  -44.898  -34.874  70.014 0.0000000000
46144  -44.123  -35.217  69.645 0.0000000000
47050  -44.671  -34.637  69.198 0.0000000000
48768  -48.426  -32.595  70.481 0.0000000000
106380  -47.568  -32.610  69.240 0.0000000000
49600  -48.929  -31.969  70.051 0.0000000000
49626  -49.222  -31.074  68.573 0.0000000000
49601  -49.640  -31.707  70.449 0.0000000000
29873  -41.463  -55.218  82.989 0.0000000000
30783  -40.893  -54.804  82.533 0.0000000000
29882  -41.728  -54.989  82.457 0.0000000000
31739  -42.772  -52.876  77.943 0.0000000000
32756  -42.082  -52.199  78.730 0.0000000000
31738  -41.965  -52.669  77.524 0.0000000000
107097  -40.327  -52.509  77.062 0.0000000000
32809  -40.841  -51.959  76.284 0.0000000000
34449  -44.648  -48.774  75.265 0.0000000000
34443  -44.498  -49.501  75.886 0.0000000000
34458  -43.493  -49.112  74.866 0.0000000000
34468  -38.803  -47.992  73.553 0.0000000000
35288  -40.032  -48.734  74.229 0.0000000000
35287  -38.892  -48.852  74.084 0.0000000000
33649  -38.689  -50.783  75.131 0.0000000000
39465  -38.984  -43.989  68.714 0.0000000000
33601  -44.107  -50.093  83.091 0.0000000000
36777  -47.355  -46.246  82.064 0.0000000000
44222  -46.118  -37.396  81.009 0.0000000000
46930  -47.655  -34.249  80.488 0.0000000000
46940  -48.833  -34.217  79.335 0.0000000000
46954  -48.672  -34.713  77.810 0.0000000000
46948  -49.430  -34.230  78.592 0.0000000000
48709  -52.111  -32.396  76.768 0.0000000000
123002  -50.512  -33.305  76.439 0.0000000000
48717  -50.835  -32.770  75.360 0.0000000000
48729  -50.474  -32.774  74.391 0.0000000000
48730  -51.385  -32.329  74.805 0.0000000000
50473  -53.487  -30.076  73.309 0.0000000000
49578  -51.991  -31.145  72.848 0.0000000000
50486  -52.326  -30.257  71.692 0.0000000000
50496  -51.631  -30.518  71.068 0.0000000000
51284  -52.838  -29.624  71.378 0.0000000000
52899  -56.062  -26.854  73.517 0.0000000000
116805  -55.904  -27.713  69.896 0.0000000000
52080  -55.618  -27.933  71.197 0.0000000000
52090  -54.650  -28.361  69.841 0.0000000000
52089  -53.865  -28.717  69.391 0.0000000000
52099  -53.746  -28.652  68.388 0.0000000000
52115  -53.595  -28.674  67.286 0.0000000000
52116  -54.546  -28.320  67.812 0.0000000000
52978  -56.732  -27.534  65.933 0.0000000000
52136  -55.826  -27.927  66.260 0.0000000000
52150  -56.273  -28.227  65.460 0.0000000000
55468  -59.902  -24.151  65.760 0.0000000000
54684  -59.791  -25.122  65.840 0.0000000000
54693  -59.896  -25.624  64.786 0.0000000000
32673  -24.762  -51.630  84.613 0.0000000000
31646  -24.104  -52.044  84.851 0.0000000000
31655  -24.110  -51.820  83.946 0.0000000000
113274  -23.157  -52.321  82.598 0.0000000000
32705  -23.844  -51.748  81.436 0.0000000000
32688  -28.949  -51.557  83.169 0.0000000000
32687  -28.178  -51.376  83.411 0.0000000000
117062  -28.498  -51.404  82.486 0.0000000000
32742  -26.558  -51.370  78.945 0.0000000000
29905  -26.392  -54.330  79.318 0.0000000000
31689  -38.341  -52.061  81.783 0.0000000000
31688  -37.386  -52.083  81.650 0.0000000000
32731  -37.147  -51.448  80.325 0.0000000000
30836  -36.324  -53.340  77.543 0.0000000000
32796  -36.069  -51.767  77.954 0.0000000000
30835  -35.108  -53.147  77.257 0.0000000000
31756  -33.442  -52.412  77.346 0.0000000000
111592  -34.366  -53.698  77.091 0.0000000000
116690  -33.711  -56.027  77.566 0.0000000000
41864  -43.782  -40.188  75.451 0.0000000000
121211  -43.835  -39.489  75.086 0.0000000000
42695  -44.226  -39.773  75.665 0.0000000000
43444  -44.794  -38.829  76.981 0.0000000000
44236  -44.888  -37.869  78.111 0.0000000000
112274  -46.407  -44.155  79.063 0.0000000000
38624  -45.215  -44.588  77.918 0.0000000000
39400  -45.326  -43.764  77.826 0.0000000000
39408  -44.199  -43.886  76.814 0.0000000000
39413  -42.588  -43.446  75.224 0.0000000000
39422  -41.501  -43.111  74.013 0.0000000000
40180  -42.788  -42.652  75.370 0.0000000000
41032  -43.127  -41.643  75.497 0.0000000000
51364  -52.431  -29.674  65.648 0.0000000000
29828  -33.932  -54.480  87.034 0.0000000000
30742  -32.911  -53.387  85.472 0.0000000000
30756  -34.310  -53.976  84.591 0.0000000000
105276  -34.209  -53.605  83.129 0.0000000000
30790  -34.097  -53.213  82.274 0.0000000000
45143  -44.966  -36.319  72.841 0.0000000000
45154  -44.243  -36.249  71.633 0.0000000000
46109  -45.335  -35.349  71.587 0.0000000000
47017  -45.796  -34.750  71.152 0.0000000000
47032  -46.312  -34.223  70.672 0.0000000000
47894  -46.725  -33.662  70.181 0.0000000000
47885  -47.072  -33.766  71.030 0.0000000000
47887  -48.275  -33.259  71.544 0.0000000000
48758  -49.296  -32.652  71.720 0.0000000000
31675  -43.354  -53.728  82.380 0.0000000000
29888  -42.987  -54.659  81.196 0.0000000000
30802  -44.667  -53.910  80.541 0.0000000000
31740  -44.060  -53.095  78.549 0.0000000000
32802  -43.847  -52.203  77.531 0.0000000000
118352  -42.619  -47.873  71.748 0.0000000000
35301  -42.010  -48.279  73.544 0.0000000000
36109  -41.484  -47.565  71.954 0.0000000000
36091  -39.617  -47.352  73.080 0.0000000000
36089  -37.725  -47.381  72.883 0.0000000000
36088  -36.829  -47.657  72.973 0.0000000000
120604  -36.783  -46.896  72.134 0.0000000000
41082  -39.958  -41.887  69.680 0.0000000000
41095  -38.335  -41.530  68.480 0.0000000000
49535  -53.406  -30.905  76.877 0.0000000000
49555  -53.190  -31.154  75.351 0.0000000000
50442  -53.833  -30.382  75.295 0.0000000000
51255  -54.277  -29.867  74.952 0.0000000000
51265  -54.247  -29.651  74.132 0.0000000000
54623  -56.939  -25.407  71.936 0.0000000000
118046  -56.805  -25.797  72.299 0.0000000000
114340  -57.394  -26.079  71.507 0.0000000000
52928  -56.643  -27.117  70.004 0.0000000000
52936  -56.659  -27.154  68.902 0.0000000000
52117  -55.361  -27.974  67.846 0.0000000000
52954  -56.581  -27.199  67.871 0.0000000000
52955  -57.294  -26.762  67.377 0.0000000000
52970  -57.350  -26.912  66.402 0.0000000000
54708  -60.548  -25.108  62.369 0.0000000000
110424  -60.155  -25.535  63.795 0.0000000000
53874  -60.529  -25.800  62.868 0.0000000000
31573  -25.574  -52.377  89.592 0.0000000000
31603  -24.683  -52.255  87.674 0.0000000000
31604  -25.427  -51.909  87.559 0.0000000000
103065  -25.949  -51.538  86.146 0.0000000000
32675  -26.211  -51.316  84.627 0.0000000000
32727  -29.238  -51.651  79.974 0.0000000000
32726  -28.252  -51.229  79.955 0.0000000000
32768  -28.255  -51.530  78.373 0.0000000000
31751  -28.146  -52.080  77.589 0.0000000000
30821  -27.168  -53.480  77.928 0.0000000000
119734  -27.726  -55.026  78.650 0.0000000000
29913  -28.089  -54.745  77.985 0.0000000000
105835  -38.637  -51.569  78.405 0.0000000000
119399  -37.835  -51.180  78.958 0.0000000000
32798  -38.271  -52.211  77.829 0.0000000000
30837  -37.457  -53.761  77.548 0.0000000000
117286  -36.969  -54.242  77.583 0.0000000000
109996  -40.325  -39.266  70.568 0.0000000000
43504  -40.576  -38.372  70.291 0.0000000000
43492  -41.260  -38.352  71.590 0.0000000000
43493  -41.899  -37.884  71.928 0.0000000000
44289  -43.275  -37.441  72.588 0.0000000000
43472  -43.767  -38.755  74.566 0.0000000000
105845  -44.462  -37.481  74.102 0.0000000000
45133  -44.670  -36.915  73.546 0.0000000000
45134  -45.265  -36.396  73.697 0.0000000000
46064  -46.467  -35.416  74.405 0.0000000000
46065  -47.163  -34.997  74.811 0.0000000000
34423  -46.223  -48.936  79.958 0.0000000000
106173  -45.764  -50.397  78.644 0.0000000000
35259  -45.655  -48.579  78.555 0.0000000000
107386  -44.862  -48.408  76.117 0.0000000000
119917  -44.732  -47.951  74.699 0.0000000000
37739  -44.178  -45.934  76.936 0.0000000000
123233  -43.906  -46.800  75.043 0.0000000000
36095  -44.420  -47.979  72.747 0.0000000000
36872  -43.765  -47.284  71.526 0.0000000000
36902  -41.836  -47.031  70.187 0.0000000000
36923  -40.705  -46.738  69.502 0.0000000000
36941  -39.293  -46.439  68.765 0.0000000000
38690  -40.567  -45.459  69.361 0.0000000000
39454  -40.559  -43.942  69.719 0.0000000000
40205  -40.603  -42.926  70.205 0.0000000000
40192  -41.022  -43.070  73.202 0.0000000000
40194  -40.591  -42.474  71.799 0.0000000000
120939  -40.356  -42.201  70.029 0.0000000000
41070  -40.168  -41.499  70.160 0.0000000000
41900  -40.169  -40.118  70.815 0.0000000000
54665  -59.317  -24.522  67.391 0.0000000000
56264  -59.109  -23.584  66.486 0.0000000000
56276  -59.850  -23.529  65.515 0.0000000000
56288  -60.214  -22.988  64.363 0.0000000000
104063  -60.335  -23.022  63.332 0.0000000000
56311  -60.359  -23.558  62.385 0.0000000000
31607  -29.682  -52.521  87.553 0.0000000000
123033  -29.005  -52.024  87.201 0.0000000000
106047  -30.122  -52.285  86.034 0.0000000000
31647  -30.218  -52.083  84.389 0.0000000000
31666  -30.722  -52.332  82.758 0.0000000000
30753  -32.020  -52.775  83.883 0.0000000000
31667  -31.444  -52.668  82.542 0.0000000000
119233  -30.345  -52.247  81.316 0.0000000000
31717  -30.709  -52.292  79.914 0.0000000000
112459  -30.843  -51.945  78.521 0.0000000000
31754  -31.501  -52.296  77.410 0.0000000000
44306  -40.646  -37.641  69.552 0.0000000000
45185  -41.825  -36.541  69.409 0.0000000000
46125  -43.695  -35.711  70.192 0.0000000000
103088  -49.722  -30.578  67.890 0.0000000000
50518  -50.461  -30.320  68.538 0.0000000000
28869  -38.963  -55.471  84.870 0.0000000000
29869  -37.525  -54.908  83.919 0.0000000000
29870  -39.451  -55.205  83.589 0.0000000000
123185  -39.351  -52.952  82.346 0.0000000000
124060  -39.666  -51.825  81.300 0.0000000000
31705  -42.087  -52.797  80.360 0.0000000000
32734  -40.676  -51.577  80.086 0.0000000000
105763  -40.039  -51.340  79.346 0.0000000000
32777  -39.567  -51.816  77.961 0.0000000000
31775  -39.776  -52.571  76.899 0.0000000000
31784  -38.858  -52.330  76.173 0.0000000000
33635  -45.038  -50.399  77.317 0.0000000000
32811  -43.687  -51.303  77.039 0.0000000000
121942  -42.304  -51.217  76.103 0.0000000000
35290  -42.195  -48.655  74.281 0.0000000000
34447  -41.123  -50.249  75.212 0.0000000000
112736  -41.001  -51.183  75.664 0.0000000000
33650  -39.483  -51.024  75.380 0.0000000000
32817  -38.648  -51.575  75.591 0.0000000000
37810  -37.986  -46.173  68.047 0.0000000000
42670  -47.569  -40.137  79.455 0.0000000000
42651  -47.495  -39.581  79.726 0.0000000000
31556  -26.818  -52.536  90.868 0.0000000000
31578  -29.722  -53.212  89.952 0.0000000000
30684  -30.583  -53.357  89.451 0.0000000000
30685  -31.307  -53.600  89.157 0.0000000000
110547  -35.013  -55.046  87.620 0.0000000000
29815  -35.699  -55.064  87.445 0.0000000000
29831  -36.818  -55.205  86.678 0.0000000000
29833  -38.275  -54.911  86.096 0.0000000000
114452  -39.275  -54.549  85.327 0.0000000000
30770  -40.664  -54.076  84.265 0.0000000000
31660  -41.810  -53.025  83.471 0.0000000000
32689  -41.543  -51.818  83.673 0.0000000000
32690  -42.321  -52.226  83.316 0.0000000000
32701  -43.954  -51.859  82.484 0.0000000000
32702  -44.817  -51.389  82.075 0.0000000000
34412  -45.977  -49.850  81.664 0.0000000000
34413  -46.321  -49.103  81.481 0.0000000000
36013  -46.694  -47.576  81.087 0.0000000000
36800  -46.873  -46.790  80.849 0.0000000000
40999  -48.044  -41.416  79.821 0.0000000000
43408  -46.040  -38.628  79.985 0.0000000000
44228  -45.449  -37.937  79.643 0.0000000000
45080  -45.749  -36.281  78.680 0.0000000000
46929  -46.925  -34.766  80.751 0.0000000000
107733  -46.408  -35.602  79.753 0.0000000000
110130  -46.238  -35.713  78.233 0.0000000000
46037  -47.359  -35.185  76.738 0.0000000000
46962  -48.039  -34.796  76.248 0.0000000000
46970  -47.983  -34.566  75.235 0.0000000000
47842  -50.182  -33.785  77.499 0.0000000000
47848  -49.353  -33.798  75.665 0.0000000000
47856  -49.054  -33.649  74.718 0.0000000000
103034  -49.202  -33.412  73.927 0.0000000000
48747  -49.671  -32.739  72.478 0.0000000000
117636  -49.963  -32.384  71.992 0.0000000000
49565  -51.506  -31.706  73.313 0.0000000000
49577  -51.098  -31.604  72.330 0.0000000000
49589  -50.648  -31.528  71.467 0.0000000000
50508  -50.615  -30.810  70.159 0.0000000000
50509  -50.997  -30.227  69.496 0.0000000000
50519  -51.143  -29.926  68.626 0.0000000000
112541  -55.291  -28.058  74.392 0.0000000000
51276  -54.951  -28.682  73.250 0.0000000000
52908  -56.404  -26.941  72.798 0.0000000000
52068  -55.033  -28.324  71.734 0.0000000000
51285  -53.632  -29.232  71.863 0.0000000000
51307  -53.192  -29.001  69.962 0.0000000000
51306  -52.437  -29.401  69.537 0.0000000000
51319  -51.610  -29.548  68.116 0.0000000000
104894  -52.171  -29.278  66.641 0.0000000000
51348  -52.604  -29.197  66.055 0.0000000000
121881  -53.731  -29.147  65.649 0.0000000000
103070  -55.166  -28.203  67.009 0.0000000000
113397  -54.938  -28.432  65.972 0.0000000000
51366  -54.852  -29.832  64.895 0.0000000000
54676  -59.262  -25.226  67.500 0.0000000000
53848  -59.186  -25.786  66.577 0.0000000000
52980  -58.354  -27.000  65.351 0.0000000000
53866  -59.672  -26.567  64.713 0.0000000000
113872  -59.319  -26.657  65.049 0.0000000000
52165  -57.925  -27.821  65.138 0.0000000000
31615  -23.798  -52.572  86.729 0.0000000000
32677  -28.088  -51.470  84.856 0.0000000000
110651  -26.895  -51.260  84.105 0.0000000000
110367  -25.950  -51.175  82.946 0.0000000000
32725  -27.425  -51.073  80.250 0.0000000000
32708  -26.163  -51.056  81.015 0.0000000000
32707  -25.179  -51.226  81.200 0.0000000000
31697  -24.186  -52.065  80.072 0.0000000000
30780  -36.376  -53.508  82.782 0.0000000000
31670  -35.918  -52.856  82.194 0.0000000000
31702  -34.462  -52.164  80.711 0.0000000000
32752  -36.541  -51.171  79.028 0.0000000000
32750  -34.713  -51.457  79.202 0.0000000000
120694  -33.980  -51.674  79.095 0.0000000000
32793  -32.975  -51.888  77.744 0.0000000000
31755  -32.458  -52.298  77.415 0.0000000000
29936  -31.978  -54.242  76.757 0.0000000000
119133  -37.514  -55.467  77.025 0.0000000000
28946  -37.176  -55.855  77.148 0.0000000000
110903  -35.432  -55.506  77.609 0.0000000000
28943  -34.430  -55.561  77.525 0.0000000000
111133  -33.288  -55.208  77.157 0.0000000000
29923  -31.460  -54.927  76.883 0.0000000000
42682  -46.128  -40.198  78.235 0.0000000000
41020  -46.206  -40.909  78.168 0.0000000000
40168  -46.138  -41.737  78.106 0.0000000000
121612  -45.270  -40.861  77.143 0.0000000000
111447  -50.352  -30.178  67.598 0.0000000000
51329  -50.685  -29.915  66.860 0.0000000000
120357  -51.089  -29.764  66.218 0.0000000000
28877  -37.096  -55.486  85.292 0.0000000000
29846  -36.452  -55.271  85.363 0.0000000000
29860  -37.315  -55.308  84.607 0.0000000000
43523  -39.248  -39.173  68.482 0.0000000000
43513  -40.171  -38.446  69.449 0.0000000000
46993  -46.765  -34.723  73.113 0.0000000000
46994  -47.470  -34.387  73.447 0.0000000000
46995  -48.135  -34.068  73.778 0.0000000000
33615  -45.934  -51.180  80.080 0.0000000000
104422  -46.006  -50.495  79.533 0.0000000000
106189  -39.692  -46.688  69.443 0.0000000000
123712  -58.514  -24.552  69.429 0.0000000000
54638  -58.621  -24.853  69.728 0.0000000000
54664  -59.101  -24.656  68.237 0.0000000000
31605  -28.110  -51.931  88.120 0.0000000000
31770  -30.742  -52.681  77.104 0.0000000000
30844  -30.127  -53.283  76.853 0.0000000000
29934  -30.425  -54.068  76.717 0.0000000000
31773  -38.513  -52.894  76.424 0.0000000000
41877  -41.942  -39.995  74.143 0.0000000000
42712  -42.319  -39.312  73.786 0.0000000000
42702  -42.596  -39.700  74.385 0.0000000000
44259  -44.880  -37.305  76.533 0.0000000000
44274  -44.938  -37.157  75.734 0.0000000000
45092  -45.796  -36.078  76.898 0.0000000000
110271  -46.484  -45.709  79.767 0.0000000000
118665  -45.578  -45.915  78.689 0.0000000000
123970  -42.221  -44.595  73.945 0.0000000000
38650  -42.564  -44.981  74.397 0.0000000000
106255  -42.714  -45.560  72.443 0.0000000000
38662  -42.269  -44.959  72.088 0.0000000000
38661  -41.906  -44.674  71.685 0.0000000000
30715  -32.455  -53.753  87.454 0.0000000000
110290  -31.884  -53.376  86.858 0.0000000000
30727  -32.658  -53.594  86.551 0.0000000000
123345  -33.730  -52.874  81.600 0.0000000000
31684  -33.144  -52.776  81.313 0.0000000000
121486  -33.122  -52.507  80.719 0.0000000000
31719  -32.715  -52.318  80.103 0.0000000000
31720  -33.394  -52.262  80.295 0.0000000000
45152  -42.691  -36.718  71.031 0.0000000000
47051  -45.388  -34.365  69.529 0.0000000000
48779  -48.252  -32.321  69.631 0.0000000000
30771  -41.981  -54.538  83.150 0.0000000000
29874  -42.098  -54.980  82.575 0.0000000000
110209  -42.181  -52.720  77.186 0.0000000000
31763  -41.185  -52.596  77.128 0.0000000000
31777  -41.487  -52.476  76.751 0.0000000000
35292  -44.441  -48.281  74.098 0.0000000000
34459  -44.328  -48.886  74.883 0.0000000000
122965  -44.052  -48.636  74.247 0.0000000000
34454  -37.869  -49.254  74.169 0.0000000000
39453  -39.690  -43.413  69.291 0.0000000000
39464  -38.452  -43.189  68.588 0.0000000000
48710  -52.709  -31.924  76.993 0.0000000000
48699  -52.385  -32.108  77.583 0.0000000000
48718  -51.762  -32.390  75.822 0.0000000000
49541  -52.378  -31.799  75.340 0.0000000000
119698  -52.956  -30.335  72.856 0.0000000000
53775  -54.769  -25.968  72.083 0.0000000000
53766  -56.054  -26.171  73.182 0.0000000000
111694  -55.310  -28.040  69.441 0.0000000000
52100  -54.595  -28.386  68.921 0.0000000000
104535  -57.115  -28.020  65.324 0.0000000000
54685  -60.086  -24.646  65.210 0.0000000000
30682  -24.039  -52.855  89.058 0.0000000000
109775  -24.841  -51.502  83.886 0.0000000000
32684  -24.578  -51.538  83.174 0.0000000000
32695  -24.247  -51.597  82.325 0.0000000000
32699  -29.292  -51.688  82.337 0.0000000000
114836  -28.683  -51.433  81.677 0.0000000000
32714  -37.902  -51.550  80.912 0.0000000000
104010  -37.889  -51.229  79.835 0.0000000000
31758  -35.564  -52.365  77.563 0.0000000000
118631  -35.158  -54.012  77.329 0.0000000000
110759  -44.631  -40.029  76.334 0.0000000000
43445  -45.169  -39.240  77.551 0.0000000000
43428  -44.830  -38.404  77.543 0.0000000000
39388  -45.921  -43.552  78.344 0.0000000000
40175  -44.865  -42.190  77.011 0.0000000000
40174  -44.550  -42.966  76.910 0.0000000000
39407  -43.836  -43.121  76.386 0.0000000000
39414  -43.182  -43.290  75.763 0.0000000000
40181  -43.515  -42.419  75.953 0.0000000000
123074  -44.224  -41.058  76.246 0.0000000000
41033  -43.866  -41.629  76.140 0.0000000000
108560  -43.731  -40.925  75.793 0.0000000000
41863  -43.136  -40.673  75.252 0.0000000000
50562  -49.795  -30.687  65.456 0.0000000000
29829  -34.830  -54.965  86.947 0.0000000000
29843  -34.277  -54.395  86.208 0.0000000000
120505  -34.528  -54.319  85.459 0.0000000000
29867  -35.672  -54.441  83.954 0.0000000000
30766  -35.059  -53.922  83.442 0.0000000000
30778  -34.737  -53.478  82.776 0.0000000000
44342  -40.145  -37.230  68.082 0.0000000000
46094  -44.867  -35.938  72.003 0.0000000000
46095  -45.486  -35.586  72.382 0.0000000000
47006  -46.598  -34.564  72.323 0.0000000000
47031  -45.601  -34.552  70.354 0.0000000000
47886  -47.711  -33.581  71.649 0.0000000000
103022  -48.619  -32.843  71.234 0.0000000000
48757  -48.717  -33.089  71.798 0.0000000000
31676  -44.165  -53.731  81.657 0.0000000000
122680  -44.576  -54.047  81.099 0.0000000000
30794  -45.074  -53.341  81.042 0.0000000000
31742  -45.224  -52.052  78.806 0.0000000000
31725  -44.572  -53.234  79.233 0.0000000000
31765  -44.341  -52.464  78.137 0.0000000000
31764  -43.544  -52.854  78.014 0.0000000000
36871  -39.291  -46.657  71.372 0.0000000000
36107  -39.470  -46.916  72.268 0.0000000000
36106  -38.505  -46.828  72.330 0.0000000000
36090  -38.661  -47.321  73.020 0.0000000000
36105  -37.752  -46.838  72.277 0.0000000000
106658  -37.094  -47.112  72.443 0.0000000000
41081  -39.409  -41.368  69.238 0.0000000000
41096  -38.967  -41.906  68.826 0.0000000000
105677  -38.862  -41.080  68.705 0.0000000000
50407  -53.582  -30.162  76.672 0.0000000000
49543  -53.638  -30.619  76.194 0.0000000000
52032  -54.372  -28.824  75.432 0.0000000000
50425  -54.268  -29.667  75.533 0.0000000000
51256  -54.632  -29.187  75.157 0.0000000000
55423  -58.044  -24.361  70.229 0.0000000000
54630  -56.927  -24.649  70.461 0.0000000000
55415  -57.601  -24.612  70.665 0.0000000000
54624  -57.552  -25.014  71.227 0.0000000000
53776  -57.211  -25.592  71.764 0.0000000000
53786  -57.754  -25.386  71.083 0.0000000000
53785  -57.459  -26.282  70.684 0.0000000000
53811  -57.356  -26.556  68.399 0.0000000000
114879  -57.955  -26.409  66.989 0.0000000000
31589  -25.221  -52.190  88.562 0.0000000000
32623  -26.222  -51.836  88.027 0.0000000000
32650  -26.799  -51.419  86.374 0.0000000000
109851  -26.172  -51.478  86.802 0.0000000000
32661  -26.465  -51.399  85.466 0.0000000000
32745  -29.587  -51.887  79.219 0.0000000000
32744  -28.745  -51.545  79.186 0.0000000000
32769  -29.120  -51.779  78.397 0.0000000000
30832  -28.409  -53.029  77.278 0.0000000000
30831  -27.617  -52.826  77.600 0.0000000000
29919  -27.942  -53.868  77.547 0.0000000000
29920  -28.519  -54.513  77.517 0.0000000000
108429  -29.884  -55.382  77.438 0.0000000000
28939  -29.389  -55.620  77.850 0.0000000000
32799  -39.041  -52.392  77.582 0.0000000000
31761  -38.607  -53.155  77.303 0.0000000000
112831  -37.603  -54.687  77.288 0.0000000000
42724  -40.432  -39.527  71.479 0.0000000000
43491  -40.670  -38.740  71.176 0.0000000000
42725  -40.869  -39.016  71.961 0.0000000000
43477  -42.715  -38.601  73.480 0.0000000000
121502  -42.413  -38.092  72.696 0.0000000000
117981  -42.542  -37.515  72.113 0.0000000000
42704  -44.195  -39.021  75.243 0.0000000000
44280  -44.632  -37.478  74.616 0.0000000000
44287  -44.242  -37.415  73.579 0.0000000000
45119  -45.412  -36.455  74.514 0.0000000000
35249  -46.179  -48.130  79.867 0.0000000000
35248  -45.841  -48.794  79.176 0.0000000000
114278  -45.779  -47.997  79.206 0.0000000000
107555  -44.729  -47.600  77.050 0.0000000000
107634  -44.786  -48.105  75.249 0.0000000000
109836  -44.175  -44.899  76.990 0.0000000000
37726  -44.747  -45.341  77.636 0.0000000000
37738  -43.676  -45.487  76.391 0.0000000000
37756  -43.287  -46.067  73.725 0.0000000000
115992  -43.579  -46.455  74.517 0.0000000000
37757  -44.095  -46.988  73.437 0.0000000000
36860  -44.503  -47.718  73.274 0.0000000000
36863  -44.342  -47.421  72.638 0.0000000000
36111  -44.145  -47.689  72.137 0.0000000000
36873  -44.076  -46.996  72.097 0.0000000000
37775  -42.374  -45.860  70.665 0.0000000000
36903  -42.524  -46.720  70.582 0.0000000000
36924  -41.387  -46.842  69.822 0.0000000000
36901  -41.190  -47.021  69.868 0.0000000000
37794  -40.132  -46.397  68.989 0.0000000000
37795  -41.273  -46.095  69.630 0.0000000000
38680  -41.217  -44.849  69.952 0.0000000000
108944  -41.355  -42.279  73.930 0.0000000000
41054  -40.539  -41.696  72.667 0.0000000000
118189  -40.707  -42.539  72.658 0.0000000000
109990  -40.441  -42.053  70.819 0.0000000000
56275  -59.440  -23.345  65.647 0.0000000000
56287  -59.935  -23.031  65.084 0.0000000000
56304  -60.092  -22.544  62.779 0.0000000000
122449  -60.103  -23.069  62.135 0.0000000000
31593  -30.240  -53.039  88.290 0.0000000000
123399  -30.119  -52.490  86.842 0.0000000000
31608  -30.509  -52.848  87.420 0.0000000000
108039  -31.291  -52.577  85.002 0.0000000000
113428  -30.620  -52.331  84.996 0.0000000000
31657  -30.493  -52.193  83.577 0.0000000000
122229  -33.153  -53.378  84.067 0.0000000000
30754  -32.756  -53.151  84.425 0.0000000000
115867  -32.826  -53.231  83.678 0.0000000000
31682  -31.666  -52.724  81.811 0.0000000000
118844  -30.939  -52.416  81.960 0.0000000000
31699  -30.550  -52.331  80.550 0.0000000000
31718  -31.348  -52.448  80.306 0.0000000000
112458  -31.783  -51.950  78.599 0.0000000000
32747  -31.180  -52.223  79.405 0.0000000000
32791  -31.214  -51.864  77.832 0.0000000000
43505  -41.003  -38.103  70.967 0.0000000000
44307  -41.246  -37.550  70.379 0.0000000000
45168  -42.411  -36.496  70.172 0.0000000000
46108  -44.666  -35.656  71.252 0.0000000000
45170  -43.993  -35.997  70.895 0.0000000000
46164  -43.955  -34.846  68.882 0.0000000000
47912  -47.145  -33.184  69.683 0.0000000000
49625  -48.565  -31.409  68.211 0.0000000000
28880  -39.473  -55.454  84.313 0.0000000000
28887  -39.039  -55.439  84.093 0.0000000000
28888  -39.753  -55.509  83.898 0.0000000000
31674  -40.158  -53.467  82.267 0.0000000000
31690  -39.326  -52.323  81.925 0.0000000000
123098  -40.075  -52.378  81.673 0.0000000000
30800  -43.270  -54.309  80.596 0.0000000000
30799  -42.549  -53.980  80.867 0.0000000000
31706  -42.864  -53.517  80.055 0.0000000000
32755  -41.010  -51.657  79.067 0.0000000000
32735  -41.613  -51.979  79.760 0.0000000000
110106  -40.250  -51.636  78.421 0.0000000000
31785  -39.449  -52.392  76.483 0.0000000000
31774  -39.078  -52.969  76.869 0.0000000000
34436  -45.417  -50.174  77.779 0.0000000000
33654  -43.616  -50.177  75.938 0.0000000000
33644  -44.141  -50.396  76.580 0.0000000000
33643  -43.401  -50.828  76.482 0.0000000000
33653  -42.833  -50.802  75.943 0.0000000000
35289  -41.116  -48.650  74.312 0.0000000000
34456  -40.380  -49.640  74.722 0.0000000000
32819  -40.172  -51.495  75.738 0.0000000000
33648  -37.889  -50.507  74.813 0.0000000000
32816  -37.956  -51.211  75.286 0.0000000000
123567  -37.368  -50.888  74.978 0.0000000000
37812  -39.574  -45.861  68.655 0.0000000000
37811  -38.734  -45.927  68.330 0.0000000000
104008  -26.114  -52.633  91.426 0.0000000000
31560  -30.360  -52.813  90.458 0.0000000000
29814  -34.288  -54.718  87.687 0.0000000000
30730  -38.444  -54.182  86.325 0.0000000000
30744  -38.844  -54.366  85.862 0.0000000000
113340  -39.306  -53.741  85.573 0.0000000000
31659  -41.280  -53.708  83.770 0.0000000000
31651  -41.052  -52.439  83.881 0.0000000000
33591  -41.968  -49.969  84.158 0.0000000000
33598  -41.498  -50.798  83.962 0.0000000000
105504  -42.059  -51.334  83.543 0.0000000000
32691  -42.757  -51.394  83.278 0.0000000000
32700  -43.169  -52.396  82.835 0.0000000000
124495  -43.417  -51.388  82.949 0.0000000000
33608  -44.039  -50.911  82.746 0.0000000000
33609  -44.798  -50.411  82.559 0.0000000000
33610  -45.469  -50.596  81.927 0.0000000000
34402  -45.472  -49.740  82.423 0.0000000000
35204  -46.381  -48.390  82.070 0.0000000000
35223  -46.521  -48.335  81.267 0.0000000000
35999  -46.656  -47.756  81.658 0.0000000000
36790  -47.285  -46.139  81.322 0.0000000000
37692  -46.963  -45.844  80.505 0.0000000000
41011  -47.516  -40.930  79.299 0.0000000000
43418  -47.173  -39.023  80.140 0.0000000000
42650  -46.633  -39.240  79.370 0.0000000000
43409  -46.579  -38.309  80.677 0.0000000000
45064  -45.569  -37.208  80.126 0.0000000000
45073  -45.361  -37.050  79.203 0.0000000000
45074  -45.845  -36.344  79.539 0.0000000000
46939  -47.889  -34.590  79.401 0.0000000000
46938  -46.970  -34.875  79.973 0.0000000000
46004  -47.050  -35.111  79.102 0.0000000000
46011  -46.360  -35.665  78.925 0.0000000000
46012  -46.888  -35.285  78.294 0.0000000000
46025  -46.570  -35.522  77.421 0.0000000000
46026  -47.571  -35.094  77.621 0.0000000000
124585  -49.180  -34.448  77.413 0.0000000000
105657  -48.089  -34.880  77.044 0.0000000000
46971  -48.695  -34.348  75.912 0.0000000000
47834  -50.226  -33.798  78.291 0.0000000000
47835  -50.966  -33.203  77.972 0.0000000000
47849  -50.236  -33.298  75.780 0.0000000000
103023  -49.962  -33.685  76.565 0.0000000000
105007  -49.695  -33.413  75.122 0.0000000000
47857  -49.746  -33.245  74.471 0.0000000000
48739  -50.379  -32.665  73.642 0.0000000000
103938  -50.038  -32.756  73.120 0.0000000000
48748  -50.384  -32.315  72.571 0.0000000000
115552  -52.560  -31.412  74.612 0.0000000000
49566  -52.300  -31.302  73.772 0.0000000000
49590  -51.802  -30.913  71.971 0.0000000000
49602  -50.308  -31.397  70.733 0.0000000000
50485  -50.955  -30.993  70.870 0.0000000000
103112  -51.179  -30.460  70.351 0.0000000000
51305  -51.712  -29.715  69.089 0.0000000000
52050  -55.622  -27.553  73.958 0.0000000000
52049  -55.476  -28.127  73.766 0.0000000000
52057  -55.450  -28.249  72.849 0.0000000000
52909  -56.919  -26.332  72.148 0.0000000000
52917  -56.386  -27.280  71.730 0.0000000000
52079  -54.825  -28.392  70.736 0.0000000000
52067  -54.216  -28.783  71.272 0.0000000000
51296  -53.416  -29.149  70.876 0.0000000000
52088  -53.084  -29.045  68.962 0.0000000000
51320  -52.318  -29.301  68.542 0.0000000000
51331  -52.206  -29.242  67.532 0.0000000000
52114  -52.808  -28.993  66.900 0.0000000000
52134  -53.449  -28.882  66.165 0.0000000000
52149  -55.546  -28.476  65.536 0.0000000000
106600  -54.979  -29.068  65.191 0.0000000000
54677  -59.538  -25.144  66.709 0.0000000000
53849  -59.466  -25.690  66.025 0.0000000000
53847  -58.236  -26.435  66.173 0.0000000000
53857  -59.051  -26.390  65.645 0.0000000000
52981  -58.986  -27.131  64.888 0.0000000000
31616  -24.927  -51.999  86.930 0.0000000000
107166  -24.329  -52.317  87.047 0.0000000000
110993  -24.364  -52.158  86.286 0.0000000000
31645  -23.478  -52.301  84.435 0.0000000000
121357  -23.607  -52.383  85.083 0.0000000000
31653  -22.521  -52.854  83.074 0.0000000000
31664  -23.140  -52.253  81.644 0.0000000000
31679  -22.662  -52.783  81.115 0.0000000000
31695  -23.069  -53.018  80.554 0.0000000000
32664  -29.289  -51.836  85.859 0.0000000000
32663  -28.366  -51.528  85.696 0.0000000000
110714  -27.916  -51.275  82.770 0.0000000000
108747  -27.773  -51.330  84.087 0.0000000000
32686  -27.329  -51.233  83.277 0.0000000000
121610  -26.576  -51.195  83.357 0.0000000000
32697  -26.661  -51.127  82.664 0.0000000000
123873  -27.981  -51.353  79.100 0.0000000000
32709  -28.027  -51.218  80.946 0.0000000000
32743  -27.308  -51.181  79.416 0.0000000000
32741  -25.818  -51.439  79.365 0.0000000000
32724  -26.498  -51.063  79.951 0.0000000000
32723  -25.552  -51.231  80.211 0.0000000000
116203  -24.407  -51.479  81.006 0.0000000000
32722  -24.688  -51.571  80.305 0.0000000000
124270  -27.444  -55.233  79.284 0.0000000000
30769  -37.882  -54.256  83.366 0.0000000000
30768  -36.905  -54.186  83.378 0.0000000000
30781  -37.329  -53.462  82.821 0.0000000000
31687  -36.416  -52.181  81.501 0.0000000000
32711  -35.844  -51.989  81.021 0.0000000000
31686  -35.474  -52.452  81.552 0.0000000000
31703  -35.156  -52.048  80.907 0.0000000000
32776  -37.663  -51.539  78.396 0.0000000000
124194  -37.186  -51.221  78.796 0.0000000000
32775  -36.781  -51.463  78.416 0.0000000000
32795  -34.959  -51.827  77.796 0.0000000000
32774  -35.307  -51.451  78.444 0.0000000000
32772  -33.396  -51.700  78.492 0.0000000000
32794  -33.938  -51.867  77.756 0.0000000000
30834  -32.738  -52.788  77.072 0.0000000000
30847  -32.420  -53.478  76.833 0.0000000000
28952  -37.253  -55.905  77.013 0.0000000000
28049  -36.855  -56.536  77.064 0.0000000000
28048  -36.345  -56.969  77.399 0.0000000000
28945  -36.527  -56.006  77.471 0.0000000000
28944  -35.635  -56.449  77.693 0.0000000000
28045  -33.523  -56.782  77.925 0.0000000000
28942  -32.818  -55.901  77.422 0.0000000000
29924  -32.350  -55.084  76.953 0.0000000000
28941  -31.806  -55.754  77.356 0.0000000000
41855  -44.751  -40.801  76.615 0.0000000000
41856  -45.125  -40.273  76.988 0.0000000000
42681  -45.494  -39.915  77.536 0.0000000000
40156  -46.706  -42.239  78.664 0.0000000000
40155  -45.941  -42.681  78.113 0.0000000000
40167  -45.512  -42.036  77.522 0.0000000000
41027  -45.107  -41.446  77.060 0.0000000000
50528  -49.249  -30.667  67.008 0.0000000000
29845  -35.859  -55.150  85.757 0.0000000000
29857  -35.133  -54.546  85.132 0.0000000000
29858  -35.927  -54.800  84.780 0.0000000000
30767  -35.965  -54.112  83.380 0.0000000000
46081  -46.307  -35.302  73.547 0.0000000000
46096  -46.139  -35.171  72.738 0.0000000000
47019  -47.108  -34.030  71.919 0.0000000000
105260  -48.653  -33.456  72.808 0.0000000000
32717  -45.277  -52.182  81.315 0.0000000000
31708  -45.369  -53.152  80.226 0.0000000000
32736  -45.737  -52.202  79.886 0.0000000000
32757  -45.524  -51.980  79.186 0.0000000000
32780  -45.195  -51.533  78.358 0.0000000000
120973  -40.931  -47.121  70.138 0.0000000000
36122  -41.240  -47.317  70.980 0.0000000000
36869  -37.318  -46.621  71.764 0.0000000000
36881  -37.969  -46.397  70.798 0.0000000000
36899  -37.665  -46.354  69.974 0.0000000000
41928  -39.236  -40.531  68.886 0.0000000000
120337  -39.089  -39.911  68.596 0.0000000000
55416  -58.070  -24.687  70.629 0.0000000000
123422  -58.030  -24.914  70.916 0.0000000000
54631  -58.306  -24.920  70.486 0.0000000000
53797  -58.368  -25.393  69.783 0.0000000000
53812  -58.241  -25.781  68.894 0.0000000000
102852  -27.225  -52.337  89.399 0.0000000000
32624  -26.899  -51.962  88.611 0.0000000000
32638  -27.277  -51.697  87.889 0.0000000000
106500  -27.304  -51.491  87.052 0.0000000000
32651  -27.770  -51.486  86.401 0.0000000000
32790  -29.694  -51.973  77.784 0.0000000000
30833  -29.267  -53.167  76.988 0.0000000000
30839  -38.636  -53.436  77.074 0.0000000000
29930  -38.188  -54.129  77.091 0.0000000000
42716  -41.276  -39.318  72.635 0.0000000000
44281  -45.015  -37.028  74.959 0.0000000000
45105  -45.436  -36.469  75.398 0.0000000000
46036  -46.551  -35.568  76.353 0.0000000000
36038  -45.823  -47.170  79.255 0.0000000000
36052  -45.529  -47.874  78.536 0.0000000000
36823  -45.445  -46.871  78.540 0.0000000000
120318  -45.038  -47.003  77.819 0.0000000000
38644  -43.297  -44.944  75.887 0.0000000000
37747  -42.884  -45.505  75.058 0.0000000000
37762  -43.340  -46.217  72.670 0.0000000000
37769  -43.439  -46.477  71.620 0.0000000000
119940  -42.805  -45.691  71.683 0.0000000000
38681  -41.748  -45.464  70.296 0.0000000000
38670  -41.921  -44.966  71.024 0.0000000000
39439  -41.439  -44.037  71.385 0.0000000000
41041  -41.857  -41.693  74.447 0.0000000000
41051  -41.323  -41.423  73.859 0.0000000000
41050  -40.758  -41.251  73.301 0.0000000000
41880  -40.522  -40.663  72.727 0.0000000000
41881  -40.961  -39.958  72.966 0.0000000000
31620  -31.186  -53.145  87.153 0.0000000000
115707  -31.377  -52.935  86.310 0.0000000000
31635  -31.529  -52.795  85.593 0.0000000000
122324  -31.603  -52.651  84.516 0.0000000000
30777  -33.460  -53.356  82.786 0.0000000000
30764  -32.992  -53.315  83.127 0.0000000000
30776  -32.765  -53.168  82.517 0.0000000000
31683  -32.472  -52.888  81.732 0.0000000000
107894  -31.863  -52.630  81.045 0.0000000000
117419  -32.079  -52.491  80.399 0.0000000000
44296  -42.287  -37.336  71.445 0.0000000000
44308  -42.017  -37.151  70.692 0.0000000000
45169  -43.194  -36.199  70.594 0.0000000000
48778  -47.745  -32.859  70.080 0.0000000000
49613  -48.736  -31.639  69.144 0.0000000000
49614  -49.536  -31.301  69.501 0.0000000000
29872  -40.721  -55.254  83.514 0.0000000000
29871  -40.218  -55.311  83.504 0.0000000000
29881  -40.908  -55.274  82.934 0.0000000000
30791  -41.316  -54.230  81.959 0.0000000000
31723  -42.990  -53.327  78.950 0.0000000000
31722  -42.343  -52.556  79.547 0.0000000000
32800  -40.364  -52.202  77.551 0.0000000000
31776  -40.614  -52.438  76.829 0.0000000000
106958  -44.965  -49.130  75.815 0.0000000000
34444  -44.978  -49.450  76.321 0.0000000000
105832  -43.785  -49.511  75.441 0.0000000000
35299  -39.767  -48.036  73.682 0.0000000000
34455  -39.433  -49.472  74.502 0.0000000000
33662  -39.453  -50.248  74.880 0.0000000000
33661  -38.546  -49.858  74.576 0.0000000000
31622  -39.252  -52.690  85.778 0.0000000000
124047  -39.057  -51.935  86.272 0.0000000000
34384  -42.816  -49.847  83.849 0.0000000000
33600  -43.284  -50.558  83.317 0.0000000000
109111  -43.571  -49.767  83.571 0.0000000000
36776  -46.904  -46.817  82.445 0.0000000000
44214  -46.868  -37.051  81.960 0.0000000000
45059  -46.283  -36.446  81.363 0.0000000000
46931  -48.409  -34.084  79.982 0.0000000000
46947  -48.543  -34.599  78.699 0.0000000000
46955  -49.595  -34.285  77.804 0.0000000000
49528  -52.517  -31.450  77.908 0.0000000000
47844  -51.578  -32.775  77.349 0.0000000000
47843  -50.744  -33.313  77.042 0.0000000000
48708  -51.123  -32.895  76.375 0.0000000000
48740  -51.013  -32.302  73.777 0.0000000000
50472  -52.812  -30.657  73.400 0.0000000000
109006  -52.470  -30.551  72.498 0.0000000000
50497  -52.210  -29.915  70.969 0.0000000000
53757  -55.568  -26.687  73.665 0.0000000000
52927  -56.192  -27.559  70.692 0.0000000000
52091  -55.400  -27.997  70.270 0.0000000000
52969  -56.624  -27.397  66.863 0.0000000000
51367  -55.904  -28.903  64.992 0.0000000000
107141  -60.316  -27.198  63.538 0.0000000000
52991  -60.061  -27.257  64.371 0.0000000000
30697  -23.709  -52.919  88.365 0.0000000000
32659  -24.635  -51.858  85.458 0.0000000000
31654  -23.305  -52.297  83.557 0.0000000000
32683  -23.836  -51.894  82.989 0.0000000000
32694  -23.624  -51.920  82.198 0.0000000000
122856  -29.480  -51.755  84.511 0.0000000000
105493  -28.724  -51.489  84.133 0.0000000000
123122  -28.381  -51.428  82.972 0.0000000000
106042  -27.779  -51.121  81.902 0.0000000000
32766  -26.771  -51.758  78.443 0.0000000000
31735  -26.108  -51.872  78.715 0.0000000000
31714  -24.689  -52.115  79.718 0.0000000000
29904  -25.710  -54.023  79.478 0.0000000000
29897  -25.991  -54.576  80.123 0.0000000000
28921  -26.832  -55.081  79.881 0.0000000000
31672  -37.812  -52.683  82.312 0.0000000000
32713  -37.046  -51.695  81.073 0.0000000000
32712  -36.439  -51.694  80.710 0.0000000000
31759  -36.775  -52.630  77.687 0.0000000000
31757  -34.495  -52.348  77.453 0.0000000000
117299  -34.142  -52.891  77.126 0.0000000000
29925  -33.818  -54.442  77.055 0.0000000000
28046  -34.722  -56.874  77.887 0.0000000000
42703  -43.231  -39.818  74.866 0.0000000000
106265  -44.496  -39.295  75.964 0.0000000000
43458  -44.627  -38.723  76.318 0.0000000000
44258  -44.662  -38.073  76.803 0.0000000000
44244  -44.902  -37.436  77.403 0.0000000000
37715  -45.420  -45.242  78.310 0.0000000000
38610  -45.718  -44.399  78.421 0.0000000000
38623  -44.722  -44.318  77.433 0.0000000000
122606  -45.602  -43.211  77.932 0.0000000000
39399  -44.804  -43.533  77.309 0.0000000000
38637  -43.457  -44.013  76.167 0.0000000000
115168  -42.259  -44.019  74.710 0.0000000000
38649  -41.784  -43.917  74.062 0.0000000000
39423  -42.135  -43.076  74.709 0.0000000000
40186  -42.384  -42.098  74.911 0.0000000000
41042  -42.493  -41.211  74.884 0.0000000000
50564  -51.464  -30.461  65.449 0.0000000000
30728  -33.471  -53.941  86.325 0.0000000000
30743  -33.835  -53.880  85.431 0.0000000000
111725  -34.441  -53.888  83.807 0.0000000000
116162  -44.434  -36.459  72.295 0.0000000000
46127  -45.140  -35.112  70.805 0.0000000000
47052  -46.042  -33.998  69.881 0.0000000000
47896  -47.897  -33.200  70.908 0.0000000000
29887  -42.646  -54.837  81.880 0.0000000000
30785  -43.397  -54.508  81.775 0.0000000000
30801  -43.945  -54.385  80.519 0.0000000000
31707  -44.979  -53.444  79.843 0.0000000000
30813  -44.281  -53.798  79.833 0.0000000000
31724  -43.772  -53.481  79.110 0.0000000000
104624  -43.376  -53.168  78.483 0.0000000000
124079  -43.000  -52.694  77.576 0.0000000000
32801  -42.904  -52.290  77.064 0.0000000000
36094  -43.939  -48.235  72.420 0.0000000000
35302  -43.246  -48.441  73.223 0.0000000000
112198  -42.995  -48.271  72.417 0.0000000000
36093  -41.749  -47.877  72.795 0.0000000000
36092  -40.626  -47.483  73.062 0.0000000000
36108  -40.456  -47.202  72.133 0.0000000000
120804  -38.089  -47.870  73.361 0.0000000000
35298  -37.391  -48.098  73.390 0.0000000000
36104  -36.318  -47.245  72.378 0.0000000000
40214  -39.537  -42.349  69.298 0.0000000000
40223  -37.621  -41.970  68.298 0.0000000000
118602  -38.345  -40.857  68.322 0.0000000000
41094  -37.753  -41.118  68.034 0.0000000000
110726  -53.043  -31.534  76.788 0.0000000000
49542  -53.171  -31.377  76.217 0.0000000000
50424  -54.034  -29.805  76.142 0.0000000000
50457  -53.672  -30.306  74.242 0.0000000000
51275  -54.152  -29.362  73.032 0.0000000000
54622  -56.414  -25.457  72.008 0.0000000000
54616  -56.468  -25.792  72.532 0.0000000000
52935  -56.002  -27.707  69.186 0.0000000000
52953  -55.967  -27.656  68.307 0.0000000000
54699  -60.479  -24.874  63.227 0.0000000000
31572  -24.761  -52.542  89.368 0.0000000000
32649  -25.601  -51.659  86.834 0.0000000000
32660  -25.509  -51.506  85.250 0.0000000000
32674  -25.450  -51.390  84.261 0.0000000000
31698  -29.774  -51.987  80.684 0.0000000000
32710  -28.925  -51.551  80.805 0.0000000000
32789  -28.630  -51.833  77.865 0.0000000000
32788  -27.937  -51.636  77.912 0.0000000000
31737  -27.334  -51.978  77.925 0.0000000000
29912  -27.429  -54.317  78.212 0.0000000000
28938  -28.710  -55.182  77.833 0.0000000000
32753  -38.613  -51.208  79.221 0.0000000000
31760  -37.922  -53.063  77.634 0.0000000000
29928  -36.985  -55.116  77.515 0.0000000000
42743  -40.172  -39.033  69.868 0.0000000000
43482  -41.589  -38.572  72.323 0.0000000000
122121  -43.514  -39.299  74.704 0.0000000000
43478  -43.431  -38.351  73.817 0.0000000000
115802  -44.288  -38.140  74.746 0.0000000000
43479  -43.972  -37.993  74.011 0.0000000000
44286  -43.734  -37.688  73.360 0.0000000000
44290  -44.202  -37.024  72.880 0.0000000000
46063  -45.822  -35.853  74.025 0.0000000000
108315  -46.212  -49.736  80.127 0.0000000000
34422  -45.955  -49.665  79.234 0.0000000000
34426  -45.697  -49.431  78.256 0.0000000000
35269  -45.340  -49.358  77.326 0.0000000000
115658  -45.071  -48.621  77.095 0.0000000000
35281  -45.086  -49.148  76.356 0.0000000000
35284  -44.804  -48.660  75.546 0.0000000000
35293  -44.674  -48.271  74.742 0.0000000000
121499  -44.536  -48.063  73.351 0.0000000000
36831  -44.630  -46.481  77.445 0.0000000000
36846  -44.338  -46.864  76.726 0.0000000000
36845  -43.842  -46.636  76.071 0.0000000000
36082  -44.500  -47.528  74.982 0.0000000000
36110  -43.570  -47.926  71.787 0.0000000000
36124  -43.140  -47.485  71.172 0.0000000000
36885  -43.252  -46.983  70.944 0.0000000000
36884  -42.494  -47.163  70.678 0.0000000000
36138  -41.674  -47.175  70.337 0.0000000000
113166  -40.531  -46.813  69.603 0.0000000000
36922  -39.947  -46.702  69.166 0.0000000000
121778  -40.044  -45.702  68.917 0.0000000000
38689  -39.804  -44.747  69.056 0.0000000000
39428  -41.473  -43.788  73.405 0.0000000000
39431  -40.940  -43.289  72.158 0.0000000000
39438  -40.906  -43.289  71.371 0.0000000000
40215  -40.203  -42.740  69.701 0.0000000000
119246  -39.807  -41.212  69.727 0.0000000000
106504  -40.192  -41.004  70.934 0.0000000000
41069  -39.974  -40.701  70.139 0.0000000000
42735  -39.926  -39.823  69.871 0.0000000000
117828  -59.028  -24.078  67.930 0.0000000000
55460  -59.173  -23.946  67.055 0.0000000000
56265  -59.488  -23.756  66.155 0.0000000000
55476  -60.247  -23.707  64.994 0.0000000000
55482  -60.404  -23.878  63.833 0.0000000000
56296  -59.940  -22.423  63.858 0.0000000000
55489  -60.516  -24.150  62.781 0.0000000000
55500  -60.457  -24.452  62.097 0.0000000000
55499  -60.214  -24.075  61.834 0.0000000000
54720  -59.614  -25.007  61.570 0.0000000000
111597  -29.452  -52.734  88.524 0.0000000000
31606  -28.846  -52.263  87.899 0.0000000000
31618  -29.504  -52.134  86.663 0.0000000000
31633  -29.897  -52.016  85.190 0.0000000000
31619  -30.707  -52.696  86.571 0.0000000000
120605  -30.379  -52.301  85.472 0.0000000000
31656  -29.635  -51.779  83.800 0.0000000000
31665  -29.916  -51.917  82.971 0.0000000000
115629  -30.159  -52.068  82.153 0.0000000000
30741  -32.038  -52.883  84.976 0.0000000000
30763  -32.411  -53.111  83.071 0.0000000000
120792  -31.851  -52.868  83.009 0.0000000000
31658  -31.272  -52.561  83.315 0.0000000000
31716  -30.040  -52.122  79.948 0.0000000000
32746  -30.393  -52.126  79.272 0.0000000000
118757  -30.493  -51.852  77.891 0.0000000000
31753  -30.610  -52.102  77.602 0.0000000000
31771  -31.359  -52.862  76.943 0.0000000000
106579  -37.079  -53.359  75.885 0.0000000000
44319  -41.301  -37.102  69.717 0.0000000000
45200  -41.002  -36.883  69.085 0.0000000000
45201  -41.421  -36.210  68.464 0.0000000000
45187  -42.983  -35.892  69.899 0.0000000000
46143  -43.445  -35.529  69.626 0.0000000000
46142  -42.909  -35.566  69.191 0.0000000000
119925  -49.031  -30.930  67.780 0.0000000000
28868  -38.291  -55.562  85.224 0.0000000000
28886  -38.165  -55.391  84.367 0.0000000000
112604  -38.503  -55.053  83.775 0.0000000000
29879  -38.906  -54.453  83.258 0.0000000000
29880  -39.995  -54.840  82.915 0.0000000000
31673  -39.224  -53.664  82.683 0.0000000000
116684  -38.720  -52.759  82.361 0.0000000000
32715  -38.925  -51.632  81.163 0.0000000000
30792  -42.243  -54.608  81.638 0.0000000000
31692  -41.735  -53.491  81.205 0.0000000000
31704  -41.263  -52.261  80.716 0.0000000000
32716  -40.390  -51.881  81.047 0.0000000000
32733  -39.660  -51.426  80.424 0.0000000000
121195  -39.267  -51.265  79.555 0.0000000000
32754  -39.381  -51.373  78.774 0.0000000000
31762  -39.659  -52.505  77.229 0.0000000000
30840  -39.206  -52.890  77.080 0.0000000000
33625  -45.507  -51.006  78.397 0.0000000000
109959  -44.779  -50.985  77.556 0.0000000000
109380  -44.834  -50.008  76.677 0.0000000000
33645  -44.511  -50.707  77.149 0.0000000000
32812  -44.354  -51.385  77.433 0.0000000000
32810  -42.716  -51.551  76.516 0.0000000000
35291  -43.255  -48.663  74.227 0.0000000000
109324  -42.493  -49.214  74.819 0.0000000000
34457  -41.500  -49.359  74.751 0.0000000000
116508  -41.933  -49.861  75.229 0.0000000000
33652  -41.940  -50.666  75.747 0.0000000000
32820  -41.768  -51.714  76.237 0.0000000000
32818  -39.388  -51.774  75.836 0.0000000000
108680  -39.039  -51.276  75.463 0.0000000000
31783  -38.023  -52.164  75.772 0.0000000000
42669  -46.743  -39.765  78.908 0.0000000000
42636  -48.083  -39.286  80.436 0.0000000000
43410  -47.755  -38.704  80.892 0.0000000000
31555  -25.851  -52.514  90.503 0.0000000000
31574  -26.464  -52.415  89.913 0.0000000000
103600  -27.222  -52.434  90.203 0.0000000000
31575  -27.969  -52.493  90.119 0.0000000000
103103  -28.286  -52.587  89.430 0.0000000000
31576  -28.804  -52.925  90.099 0.0000000000
31577  -29.187  -52.899  89.394 0.0000000000
30683  -29.989  -53.226  89.159 0.0000000000
30698  -30.733  -53.450  88.816 0.0000000000
30699  -31.510  -53.616  88.546 0.0000000000
30700  -32.288  -53.844  88.295 0.0000000000
29798  -33.018  -54.156  88.015 0.0000000000
117881  -33.617  -54.415  87.696 0.0000000000
29830  -35.614  -55.198  86.508 0.0000000000
121820  -36.089  -55.354  86.258 0.0000000000
28855  -36.904  -55.443  86.243 0.0000000000
28867  -37.483  -55.543  85.681 0.0000000000
29832  -37.521  -55.241  86.320 0.0000000000
29847  -38.065  -55.405  85.759 0.0000000000
29848  -38.738  -55.146  85.407 0.0000000000
29849  -39.536  -55.152  84.734 0.0000000000
30757  -39.848  -54.155  84.856 0.0000000000
29861  -40.376  -55.122  84.207 0.0000000000
29862  -41.156  -54.850  83.661 0.0000000000
31661  -42.628  -53.524  82.977 0.0000000000
110693  -43.814  -52.808  82.260 0.0000000000
32703  -45.485  -51.331  81.458 0.0000000000
33613  -45.953  -50.730  81.049 0.0000000000
34417  -46.269  -49.816  80.920 0.0000000000
124483  -45.699  -49.162  82.551 0.0000000000
34403  -46.009  -49.161  82.141 0.0000000000
34418  -46.409  -49.028  80.736 0.0000000000
35237  -46.440  -48.215  80.578 0.0000000000
36027  -46.489  -47.449  80.402 0.0000000000
36789  -46.977  -46.992  81.660 0.0000000000
123937  -46.415  -46.662  79.992 0.0000000000
122862  -46.835  -45.355  80.070 0.0000000000
38582  -47.802  -44.383  80.811 0.0000000000
37706  -47.210  -44.883  80.282 0.0000000000
37705  -46.656  -44.939  79.661 0.0000000000
38596  -46.990  -44.311  79.703 0.0000000000
39375  -47.076  -43.572  79.465 0.0000000000
40157  -47.418  -41.816  79.213 0.0000000000
43430  -46.052  -39.288  78.799 0.0000000000
43417  -45.688  -38.672  79.147 0.0000000000
44221  -45.790  -37.919  80.360 0.0000000000
111812  -45.138  -37.868  78.817 0.0000000000
45079  -45.186  -36.986  78.257 0.0000000000
45087  -45.749  -36.122  77.848 0.0000000000
113741  -46.683  -35.026  81.325 0.0000000000
45995  -46.480  -35.526  80.706 0.0000000000
46051  -47.286  -35.129  75.787 0.0000000000
47826  -50.141  -33.613  79.080 0.0000000000
46963  -49.510  -34.181  77.110 0.0000000000
46972  -49.269  -34.136  76.411 0.0000000000
117557  -48.671  -34.090  75.203 0.0000000000
46983  -48.358  -34.121  74.535 0.0000000000
107316  -48.653  -33.760  74.080 0.0000000000
47865  -48.647  -33.619  73.444 0.0000000000
48738  -49.865  -33.024  73.763 0.0000000000
47866  -49.307  -33.175  73.120 0.0000000000
47876  -48.998  -33.103  72.350 0.0000000000
49588  -49.917  -32.015  71.321 0.0000000000
49554  -51.820  -31.784  74.260 0.0000000000
49564  -50.898  -32.079  73.029 0.0000000000
48759  -50.417  -32.004  71.928 0.0000000000
49615  -50.093  -31.220  70.035 0.0000000000
50507  -50.252  -30.755  69.428 0.0000000000
51266  -54.921  -28.789  74.194 0.0000000000
52900  -56.419  -26.255  72.790 0.0000000000
52069  -55.842  -27.743  72.274 0.0000000000
52056  -54.497  -28.751  72.301 0.0000000000
51295  -52.632  -29.478  70.488 0.0000000000
51349  -53.268  -29.433  65.587 0.0000000000
52148  -54.202  -28.877  65.726 0.0000000000
51365  -54.081  -29.499  65.293 0.0000000000
31588  -24.347  -52.528  88.347 0.0000000000
31602  -23.877  -52.665  87.600 0.0000000000
31632  -23.975  -52.242  85.563 0.0000000000
30775  -21.968  -53.255  82.272 0.0000000000
31663  -22.520  -52.731  81.976 0.0000000000
31617  -28.673  -51.722  86.518 0.0000000000
32662  -27.393  -51.395  85.485 0.0000000000
32676  -27.406  -51.352  84.691 0.0000000000
32685  -26.065  -51.252  83.785 0.0000000000
103463  -27.109  -51.037  80.990 0.0000000000
104101  -26.838  -51.043  81.853 0.0000000000
103477  -25.978  -51.116  82.017 0.0000000000
32696  -25.113  -51.295  82.399 0.0000000000
32706  -24.557  -51.439  81.671 0.0000000000
32721  -23.965  -51.837  80.608 0.0000000000
31696  -23.709  -52.496  80.317 0.0000000000
28929  -27.104  -54.659  79.007 0.0000000000
31671  -36.855  -52.739  82.228 0.0000000000
31669  -35.003  -53.040  82.182 0.0000000000
31685  -34.505  -52.629  81.460 0.0000000000
105368  -37.177  -51.203  79.429 0.0000000000
32730  -36.454  -51.393  79.857 0.0000000000
118891  -36.058  -51.368  78.585 0.0000000000
32751  -35.670  -51.345  79.352 0.0000000000
32728  -34.957  -51.704  80.106 0.0000000000
31721  -34.060  -51.932  80.020 0.0000000000
32749  -33.352  -51.951  79.558 0.0000000000
32771  -32.572  -51.767  78.236 0.0000000000
31772  -32.010  -52.794  77.004 0.0000000000
30846  -31.643  -53.467  76.773 0.0000000000
29938  -37.477  -55.045  76.821 0.0000000000
28947  -37.500  -55.407  77.072 0.0000000000
29927  -35.820  -54.873  77.573 0.0000000000
29926  -34.773  -54.638  77.374 0.0000000000
29937  -32.857  -54.324  76.836 0.0000000000
29935  -31.195  -54.136  76.702 0.0000000000
29922  -30.769  -54.698  76.852 0.0000000000
28940  -30.728  -55.479  77.297 0.0000000000
28845  -36.196  -55.308  86.678 0.0000000000
28879  -38.651  -55.524  84.661 0.0000000000
29859  -36.663  -55.179  84.835 0.0000000000
29883  -43.339  -54.632  81.322 0.0000000000
29889  -43.574  -54.628  80.946 0.0000000000
30755  -33.436  -53.531  84.598 0.0000000000
30793  -44.066  -54.561  81.101 0.0000000000
31693  -45.537  -52.623  80.591 0.0000000000
31741  -44.765  -52.583  78.746 0.0000000000
32636  -25.989  -51.606  87.302 0.0000000000
32803  -44.705  -51.666  77.877 0.0000000000
33636  -45.140  -50.931  77.890 0.0000000000
34386  -45.308  -49.115  83.040 0.0000000000
34460  -44.542  -48.497  74.683 0.0000000000
35270  -45.521  -48.697  77.847 0.0000000000
36085  -44.566  -47.912  74.090 0.0000000000
36857  -44.226  -47.283  74.175 0.0000000000
40199  -40.703  -42.904  70.964 0.0000000000
51241  -54.291  -29.324  75.733 0.0000000000
113225  -35.483  -55.190  87.084 0.0000000000
116872  -45.224  -36.732  76.939 0.0000000000
121702  -24.591  -52.486  88.833 0.0000000000
122184  -40.680  -46.310  69.309 0.0000000000
122589  -45.466  -51.581  78.764 0.0000000000
124020  -39.959  -55.420  84.269 0.0000000000
