#!ascii label  , from subject sub-v1s7x0051322_ses-1 vox2ras=TkReg
977
40179  -38.599  -43.082  75.519 0.0000000000
37698  -23.646  -45.500  78.714 0.0000000000
119147  -30.765  -47.563  77.518 0.0000000000
60472  -45.621  -18.234  58.098 0.0000000000
61377  -52.422  -17.587  54.571 0.0000000000
36751  -17.109  -45.908  82.627 0.0000000000
58842  -42.229  -20.518  60.398 0.0000000000
42692  -36.896  -39.184  75.005 0.0000000000
36828  -35.846  -46.745  76.996 0.0000000000
36781  -20.039  -46.579  80.883 0.0000000000
33595  -19.541  -50.565  83.442 0.0000000000
109067  -35.131  -43.147  74.575 0.0000000000
41859  -32.563  -40.276  74.831 0.0000000000
37701  -27.350  -45.191  78.918 0.0000000000
119318  -32.733  -44.793  76.753 0.0000000000
52183  -37.695  -28.459  63.060 0.0000000000
53900  -42.146  -26.448  60.228 0.0000000000
55528  -46.299  -24.138  58.693 0.0000000000
32670  -12.518  -51.437  83.886 0.0000000000
31639  -8.895  -53.142  84.550 0.0000000000
120495  -31.334  -37.061  73.382 0.0000000000
46155  -32.524  -35.432  68.916 0.0000000000
119109  -34.925  -32.335  65.113 0.0000000000
34353  -16.160  -49.691  84.381 0.0000000000
36006  -23.949  -47.780  80.836 0.0000000000
36783  -25.888  -46.328  81.740 0.0000000000
37746  -37.559  -45.233  75.629 0.0000000000
39357  -21.806  -43.297  80.196 0.0000000000
37696  -22.024  -46.049  79.328 0.0000000000
34411  -22.002  -49.071  81.523 0.0000000000
40171  -35.302  -42.438  77.068 0.0000000000
38640  -34.347  -44.521  75.290 0.0000000000
55486  -37.252  -25.007  62.533 0.0000000000
53015  -39.701  -27.576  61.597 0.0000000000
55493  -39.263  -24.183  61.474 0.0000000000
114244  -43.347  -22.093  58.705 0.0000000000
58084  -45.671  -21.453  57.600 0.0000000000
57164  -47.841  -23.010  58.043 0.0000000000
58873  -47.492  -20.674  56.389 0.0000000000
58883  -49.445  -20.550  55.542 0.0000000000
44256  -30.914  -37.675  76.422 0.0000000000
43467  -31.517  -38.631  74.207 0.0000000000
46041  -30.500  -35.734  75.242 0.0000000000
47905  -30.653  -33.566  69.862 0.0000000000
48803  -32.532  -32.636  67.801 0.0000000000
47099  -33.826  -34.198  67.057 0.0000000000
49645  -32.971  -31.216  66.650 0.0000000000
122775  -33.947  -28.796  64.980 0.0000000000
36817  -29.021  -46.958  78.448 0.0000000000
35959  -14.235  -47.436  83.861 0.0000000000
35975  -16.231  -47.690  82.876 0.0000000000
27958  -8.612  -56.928  86.368 0.0000000000
119473  -6.929  -58.398  86.620 0.0000000000
58032  -40.596  -22.014  62.034 0.0000000000
44271  -35.759  -36.860  75.165 0.0000000000
36059  -33.118  -47.572  76.959 0.0000000000
36767  -19.054  -46.128  81.933 0.0000000000
35191  -18.173  -48.865  82.129 0.0000000000
35207  -19.807  -48.580  81.167 0.0000000000
121816  -53.917  -17.118  54.056 0.0000000000
124008  -36.077  -43.805  73.623 0.0000000000
41048  -35.676  -41.685  73.324 0.0000000000
112073  -34.346  -41.867  74.594 0.0000000000
39379  -23.719  -42.752  78.674 0.0000000000
37700  -25.638  -44.646  79.066 0.0000000000
40149  -26.044  -42.382  77.867 0.0000000000
38614  -27.664  -43.861  77.460 0.0000000000
37722  -29.307  -45.273  76.785 0.0000000000
38602  -30.837  -44.222  77.647 0.0000000000
36838  -31.218  -46.520  76.380 0.0000000000
36853  -33.341  -45.918  75.612 0.0000000000
37745  -35.399  -45.392  75.022 0.0000000000
49694  -39.129  -30.959  64.439 0.0000000000
56327  -41.601  -23.194  59.825 0.0000000000
54740  -44.533  -25.510  59.434 0.0000000000
121155  -51.312  -21.076  55.134 0.0000000000
31641  -10.609  -52.473  84.374 0.0000000000
28861  -10.122  -55.013  85.789 0.0000000000
42709  -35.220  -39.782  73.534 0.0000000000
120995  -34.337  -37.841  73.637 0.0000000000
45131  -34.634  -36.705  73.116 0.0000000000
46988  -29.861  -34.417  72.954 0.0000000000
45164  -32.273  -36.332  70.973 0.0000000000
46102  -34.681  -36.165  71.168 0.0000000000
46139  -36.089  -35.716  69.100 0.0000000000
47085  -37.055  -34.457  67.215 0.0000000000
112807  -37.790  -32.853  65.271 0.0000000000
51375  -36.277  -29.953  63.776 0.0000000000
53861  -35.282  -26.297  64.019 0.0000000000
37672  -26.968  -45.802  81.613 0.0000000000
35145  -12.536  -48.337  84.851 0.0000000000
123095  -14.151  -49.960  83.754 0.0000000000
33594  -17.846  -50.195  83.953 0.0000000000
26181  -4.705  -58.768  86.358 0.0000000000
36019  -23.705  -47.362  80.039 0.0000000000
36007  -24.682  -47.344  81.368 0.0000000000
37684  -25.026  -45.915  79.913 0.0000000000
38642  -38.097  -44.560  75.380 0.0000000000
120993  -22.430  -44.332  78.908 0.0000000000
38570  -21.710  -44.308  79.671 0.0000000000
36803  -22.852  -46.484  79.153 0.0000000000
36018  -22.850  -47.574  79.922 0.0000000000
119090  -37.925  -23.700  63.341 0.0000000000
54704  -37.941  -25.210  62.047 0.0000000000
56306  -38.557  -23.806  62.334 0.0000000000
60467  -45.011  -18.451  58.766 0.0000000000
120860  -44.161  -20.242  58.316 0.0000000000
109487  -45.170  -19.695  57.679 0.0000000000
112544  -46.295  -20.909  57.091 0.0000000000
59643  -46.133  -19.258  57.085 0.0000000000
60482  -47.273  -18.989  56.493 0.0000000000
44255  -30.648  -36.848  76.160 0.0000000000
49593  -32.548  -31.403  69.669 0.0000000000
49619  -32.755  -31.723  67.640 0.0000000000
50524  -33.157  -30.494  67.456 0.0000000000
51325  -33.337  -29.660  67.041 0.0000000000
36043  -29.638  -47.366  77.959 0.0000000000
36032  -29.576  -47.493  78.990 0.0000000000
35253  -30.794  -48.290  79.144 0.0000000000
36749  -15.355  -46.628  83.386 0.0000000000
36765  -16.632  -46.822  82.607 0.0000000000
60492  -52.401  -18.333  54.439 0.0000000000
27049  -7.968  -57.436  86.086 0.0000000000
104278  -38.363  -39.773  76.401 0.0000000000
43457  -36.434  -37.747  76.054 0.0000000000
121452  -34.625  -47.278  76.985 0.0000000000
36062  -36.039  -47.098  77.767 0.0000000000
37668  -20.563  -45.312  81.003 0.0000000000
37667  -20.197  -45.690  81.489 0.0000000000
37653  -19.414  -45.410  82.633 0.0000000000
36780  -19.355  -46.809  81.313 0.0000000000
36003  -19.150  -47.783  81.342 0.0000000000
36004  -19.826  -47.564  80.889 0.0000000000
34395  -23.017  -49.187  82.655 0.0000000000
34394  -22.097  -49.455  82.322 0.0000000000
39420  -35.655  -43.818  73.773 0.0000000000
120869  -35.004  -42.464  74.053 0.0000000000
40177  -34.856  -42.537  74.958 0.0000000000
41003  -24.321  -41.533  78.725 0.0000000000
40148  -25.179  -42.592  78.202 0.0000000000
41837  -25.507  -41.011  78.498 0.0000000000
40160  -27.385  -42.318  77.494 0.0000000000
40162  -28.913  -42.963  77.254 0.0000000000
37721  -28.629  -45.026  77.064 0.0000000000
115876  -29.354  -43.557  77.019 0.0000000000
103497  -32.812  -44.397  78.624 0.0000000000
111570  -31.241  -44.766  77.134 0.0000000000
38631  -31.324  -45.391  76.564 0.0000000000
38632  -32.150  -45.408  76.318 0.0000000000
36840  -32.897  -46.508  75.893 0.0000000000
38633  -32.916  -45.076  75.948 0.0000000000
39418  -34.847  -43.836  74.828 0.0000000000
38647  -35.372  -44.288  74.317 0.0000000000
38648  -35.979  -44.421  73.980 0.0000000000
51389  -38.270  -29.608  63.672 0.0000000000
50582  -39.435  -30.113  64.364 0.0000000000
52170  -38.901  -28.831  63.266 0.0000000000
53034  -40.950  -27.017  60.779 0.0000000000
52199  -41.252  -28.525  61.605 0.0000000000
58041  -41.180  -21.513  61.566 0.0000000000
57134  -40.575  -22.694  60.831 0.0000000000
106803  -41.415  -21.717  60.298 0.0000000000
56341  -44.888  -23.470  58.567 0.0000000000
56329  -43.324  -23.644  59.054 0.0000000000
55516  -45.222  -24.922  59.079 0.0000000000
53915  -45.550  -26.352  59.822 0.0000000000
106734  -50.053  -20.781  55.378 0.0000000000
60484  -49.879  -18.995  55.550 0.0000000000
60485  -50.487  -18.335  55.400 0.0000000000
34350  -12.133  -49.909  84.445 0.0000000000
33575  -10.849  -51.033  84.542 0.0000000000
118732  -11.859  -51.713  84.007 0.0000000000
29822  -11.185  -54.232  86.461 0.0000000000
28840  -9.796  -55.782  88.168 0.0000000000
41046  -34.268  -41.060  73.374 0.0000000000
41875  -35.912  -40.888  73.301 0.0000000000
41874  -33.729  -40.288  73.340 0.0000000000
44284  -31.165  -37.629  73.728 0.0000000000
118578  -32.551  -38.278  73.236 0.0000000000
114641  -33.042  -37.561  72.993 0.0000000000
110268  -34.215  -37.394  73.238 0.0000000000
116506  -33.224  -36.840  72.662 0.0000000000
47862  -30.065  -33.257  73.056 0.0000000000
47062  -31.569  -34.281  69.062 0.0000000000
47025  -30.739  -34.905  70.390 0.0000000000
46137  -32.115  -35.666  69.683 0.0000000000
45165  -33.044  -36.344  70.702 0.0000000000
45184  -34.089  -36.065  69.347 0.0000000000
46121  -35.690  -35.984  69.964 0.0000000000
46157  -34.387  -35.610  68.414 0.0000000000
48820  -34.193  -32.924  65.865 0.0000000000
47101  -35.447  -34.214  66.574 0.0000000000
47956  -35.846  -33.698  66.006 0.0000000000
47958  -37.605  -33.725  66.101 0.0000000000
48841  -36.168  -32.511  64.876 0.0000000000
48862  -37.312  -32.032  64.438 0.0000000000
49690  -34.977  -31.004  64.449 0.0000000000
53840  -34.400  -26.744  66.595 0.0000000000
52983  -34.276  -27.232  64.834 0.0000000000
54687  -34.695  -25.855  65.204 0.0000000000
38587  -26.084  -44.819  79.517 0.0000000000
38572  -26.187  -45.248  80.565 0.0000000000
37687  -27.261  -45.428  81.066 0.0000000000
34369  -15.050  -49.133  83.709 0.0000000000
34368  -14.491  -48.794  83.653 0.0000000000
110469  -15.382  -49.795  84.230 0.0000000000
34391  -18.507  -49.711  82.512 0.0000000000
34390  -17.724  -49.458  82.762 0.0000000000
105769  -18.669  -50.486  83.656 0.0000000000
35174  -23.823  -48.836  82.974 0.0000000000
112750  -24.868  -47.593  82.238 0.0000000000
35994  -25.550  -47.205  82.622 0.0000000000
37642  -26.770  -46.430  82.745 0.0000000000
36844  -36.386  -46.050  76.148 0.0000000000
36818  -36.717  -46.589  77.348 0.0000000000
39350  -21.332  -43.974  80.830 0.0000000000
38569  -21.109  -44.892  80.409 0.0000000000
36793  -20.787  -46.780  80.265 0.0000000000
35226  -21.019  -48.176  80.598 0.0000000000
36017  -22.055  -47.565  80.004 0.0000000000
35211  -23.251  -48.418  81.120 0.0000000000
40178  -35.249  -42.474  76.088 0.0000000000
41030  -34.793  -41.903  75.990 0.0000000000
38619  -33.512  -44.422  77.448 0.0000000000
38634  -33.753  -44.363  76.181 0.0000000000
39404  -35.321  -43.020  76.347 0.0000000000
53876  -37.094  -26.549  62.542 0.0000000000
52184  -38.352  -28.275  62.768 0.0000000000
53878  -38.167  -26.264  61.840 0.0000000000
53885  -39.013  -26.114  61.480 0.0000000000
54714  -40.123  -25.249  60.702 0.0000000000
58064  -42.377  -21.157  59.506 0.0000000000
58855  -43.528  -20.481  58.715 0.0000000000
58074  -44.661  -21.656  58.087 0.0000000000
104619  -46.088  -22.907  58.203 0.0000000000
56344  -47.493  -23.513  58.323 0.0000000000
57174  -46.932  -22.232  57.571 0.0000000000
58086  -47.293  -21.877  57.201 0.0000000000
58097  -48.490  -21.695  56.485 0.0000000000
58874  -48.175  -20.942  56.077 0.0000000000
104650  -48.002  -19.194  56.264 0.0000000000
32671  -13.199  -51.854  84.354 0.0000000000
31628  -12.578  -52.575  84.800 0.0000000000
31613  -12.757  -52.907  85.763 0.0000000000
42691  -32.112  -39.569  75.480 0.0000000000
42698  -32.262  -39.676  74.378 0.0000000000
43460  -31.196  -38.493  74.975 0.0000000000
44278  -30.718  -37.498  74.511 0.0000000000
45115  -30.794  -36.995  73.825 0.0000000000
48752  -30.248  -32.363  71.757 0.0000000000
118536  -31.767  -31.734  70.055 0.0000000000
48787  -31.494  -32.849  69.010 0.0000000000
47922  -32.311  -33.556  68.086 0.0000000000
47082  -33.443  -34.663  67.662 0.0000000000
47936  -32.858  -33.495  67.483 0.0000000000
48819  -33.478  -32.721  66.371 0.0000000000
49667  -33.950  -31.595  65.267 0.0000000000
50556  -34.176  -30.926  64.790 0.0000000000
107236  -33.372  -29.880  65.885 0.0000000000
37711  -28.090  -45.752  78.483 0.0000000000
37702  -27.875  -45.847  79.665 0.0000000000
36807  -29.043  -46.984  79.464 0.0000000000
35973  -14.897  -47.489  83.586 0.0000000000
34370  -15.689  -49.148  83.779 0.0000000000
28872  -8.863  -55.318  84.741 0.0000000000
30733  -7.753  -53.955  84.801 0.0000000000
27968  -8.261  -55.942  84.922 0.0000000000
27055  -6.969  -57.160  85.595 0.0000000000
27047  -6.164  -57.398  85.962 0.0000000000
46042  -36.042  -36.106  74.959 0.0000000000
36058  -32.318  -47.596  77.099 0.0000000000
35255  -32.399  -48.247  78.543 0.0000000000
37639  -19.116  -45.184  83.186 0.0000000000
36766  -17.971  -45.730  82.396 0.0000000000
105024  -17.513  -46.720  82.181 0.0000000000
118692  -18.084  -47.102  81.791 0.0000000000
35206  -18.962  -48.690  81.646 0.0000000000
33605  -19.804  -50.243  82.734 0.0000000000
35208  -20.701  -48.752  81.055 0.0000000000
105204  -20.681  -49.654  82.089 0.0000000000
119095  -21.011  -50.423  84.112 0.0000000000
61378  -53.339  -17.429  54.202 0.0000000000
107081  -37.547  -43.390  74.363 0.0000000000
40184  -37.592  -42.498  74.161 0.0000000000
40190  -36.228  -42.361  73.434 0.0000000000
41047  -34.880  -41.715  73.547 0.0000000000
41037  -33.573  -41.273  74.350 0.0000000000
41022  -34.072  -41.378  76.684 0.0000000000
41853  -33.312  -40.849  76.259 0.0000000000
41852  -32.706  -40.230  75.888 0.0000000000
43441  -32.070  -39.098  77.590 0.0000000000
106633  -24.079  -44.571  78.600 0.0000000000
37699  -24.662  -45.370  79.118 0.0000000000
38599  -24.916  -44.030  78.637 0.0000000000
38600  -25.644  -44.056  78.660 0.0000000000
116165  -26.228  -44.013  78.510 0.0000000000
41014  -26.841  -41.842  77.633 0.0000000000
39392  -26.817  -42.674  77.553 0.0000000000
38601  -27.062  -44.369  78.261 0.0000000000
124205  -28.389  -45.631  77.667 0.0000000000
36825  -28.869  -45.908  77.265 0.0000000000
36056  -30.228  -47.231  77.306 0.0000000000
39384  -30.057  -43.478  77.550 0.0000000000
38617  -29.878  -44.206  76.852 0.0000000000
37731  -30.805  -45.812  76.444 0.0000000000
36071  -30.893  -47.195  76.820 0.0000000000
36073  -32.569  -47.139  76.393 0.0000000000
36074  -33.398  -47.089  76.329 0.0000000000
36842  -34.638  -46.374  75.824 0.0000000000
38639  -33.562  -44.915  75.650 0.0000000000
36854  -34.633  -45.653  75.331 0.0000000000
36855  -35.304  -45.932  75.540 0.0000000000
37755  -36.919  -45.336  75.073 0.0000000000
117224  -37.472  -44.959  74.928 0.0000000000
109100  -22.896  -42.982  78.859 0.0000000000
52186  -40.129  -28.834  62.672 0.0000000000
57127  -39.510  -22.972  62.039 0.0000000000
56313  -40.262  -23.452  60.922 0.0000000000
55503  -41.472  -24.809  60.098 0.0000000000
57150  -42.150  -22.555  59.476 0.0000000000
55514  -42.954  -24.338  59.358 0.0000000000
54727  -43.125  -25.742  59.745 0.0000000000
113092  -44.528  -26.928  60.236 0.0000000000
58885  -52.044  -20.519  54.820 0.0000000000
110707  -52.082  -18.898  54.556 0.0000000000
61374  -51.607  -17.500  54.969 0.0000000000
32656  -9.965  -51.066  84.851 0.0000000000
31640  -9.714  -52.892  84.455 0.0000000000
30736  -11.419  -53.456  85.001 0.0000000000
30735  -10.665  -53.755  84.796 0.0000000000
28873  -9.577  -55.059  84.958 0.0000000000
120342  -9.484  -55.937  86.450 0.0000000000
41039  -37.566  -41.643  74.049 0.0000000000
41867  -36.672  -40.444  73.834 0.0000000000
42700  -36.503  -39.606  74.298 0.0000000000
105961  -33.519  -39.322  73.256 0.0000000000
43476  -34.949  -38.866  73.960 0.0000000000
43470  -35.525  -38.250  74.503 0.0000000000
44279  -35.333  -37.314  74.662 0.0000000000
45117  -35.247  -36.608  74.257 0.0000000000
45132  -35.153  -36.439  73.652 0.0000000000
46977  -30.120  -34.792  74.036 0.0000000000
45137  -30.541  -35.898  73.110 0.0000000000
47881  -30.054  -33.326  71.388 0.0000000000
46087  -30.825  -35.769  71.597 0.0000000000
45148  -31.373  -36.264  71.920 0.0000000000
45150  -32.894  -36.485  71.659 0.0000000000
122224  -34.379  -36.220  71.884 0.0000000000
46180  -35.151  -35.345  67.862 0.0000000000
46160  -36.791  -35.297  68.555 0.0000000000
49668  -38.781  -32.165  65.104 0.0000000000
50580  -37.779  -30.830  63.950 0.0000000000
51387  -36.649  -28.928  63.546 0.0000000000
51373  -34.893  -29.385  64.333 0.0000000000
52167  -35.831  -28.503  63.779 0.0000000000
52993  -36.270  -27.849  63.454 0.0000000000
54695  -36.240  -25.523  63.347 0.0000000000
55477  -36.531  -24.616  63.737 0.0000000000
37685  -25.778  -45.523  80.592 0.0000000000
37686  -26.276  -45.515  81.131 0.0000000000
36784  -28.226  -46.570  81.411 0.0000000000
109475  -12.550  -49.141  84.470 0.0000000000
35146  -13.123  -47.890  84.535 0.0000000000
35157  -13.137  -48.775  84.161 0.0000000000
33578  -13.632  -50.377  83.848 0.0000000000
119159  -13.936  -51.540  84.811 0.0000000000
35991  -16.998  -47.752  82.504 0.0000000000
34371  -16.525  -49.275  83.623 0.0000000000
34354  -17.005  -49.847  84.255 0.0000000000
25310  -5.958  -59.575  87.728 0.0000000000
26182  -5.466  -58.864  86.734 0.0000000000
27046  -5.245  -57.507  86.155 0.0000000000
108529  -38.572  -42.202  75.434 0.0000000000
36804  -23.631  -46.713  79.436 0.0000000000
36795  -24.425  -46.684  79.959 0.0000000000
36805  -24.168  -46.134  79.210 0.0000000000
122674  -38.546  -43.849  75.596 0.0000000000
38586  -23.036  -44.905  78.598 0.0000000000
37697  -22.851  -45.749  78.761 0.0000000000
119526  -23.402  -46.156  78.912 0.0000000000
56291  -38.504  -23.282  63.902 0.0000000000
56300  -38.471  -23.524  63.025 0.0000000000
56292  -39.154  -23.045  63.594 0.0000000000
59637  -44.981  -18.928  58.131 0.0000000000
104291  -45.568  -18.997  57.573 0.0000000000
110283  -45.736  -19.711  57.327 0.0000000000
60473  -46.137  -18.452  57.325 0.0000000000
49620  -33.223  -30.896  68.047 0.0000000000
36044  -30.324  -47.644  77.920 0.0000000000
113926  -30.220  -47.838  78.624 0.0000000000
36045  -30.954  -47.996  78.230 0.0000000000
37636  -16.814  -45.274  83.351 0.0000000000
36750  -16.196  -46.152  82.965 0.0000000000
110473  -52.784  -18.882  54.196 0.0000000000
60493  -52.856  -18.096  54.219 0.0000000000
43463  -37.148  -38.657  76.005 0.0000000000
43462  -36.513  -38.437  75.417 0.0000000000
36076  -35.045  -46.848  76.602 0.0000000000
36061  -35.283  -47.252  77.350 0.0000000000
37682  -20.460  -46.057  80.704 0.0000000000
36768  -19.667  -45.958  81.769 0.0000000000
36005  -20.552  -47.507  80.530 0.0000000000
39419  -35.258  -43.635  74.245 0.0000000000
39425  -35.454  -43.176  73.833 0.0000000000
41004  -24.916  -41.661  78.404 0.0000000000
40151  -29.169  -42.214  77.919 0.0000000000
40161  -28.219  -42.436  77.513 0.0000000000
121987  -28.833  -43.642  76.949 0.0000000000
39383  -29.474  -42.938  77.527 0.0000000000
105192  -32.081  -44.785  77.470 0.0000000000
36852  -32.588  -45.813  75.862 0.0000000000
38646  -34.921  -44.276  74.703 0.0000000000
51388  -37.552  -29.330  63.468 0.0000000000
113107  -38.720  -29.277  63.593 0.0000000000
52169  -38.129  -28.941  63.354 0.0000000000
53899  -41.352  -26.301  60.461 0.0000000000
53017  -41.454  -27.863  61.014 0.0000000000
53036  -42.682  -27.281  60.443 0.0000000000
58049  -41.600  -21.148  60.855 0.0000000000
58050  -41.859  -21.056  60.071 0.0000000000
55527  -45.486  -24.155  58.736 0.0000000000
55526  -44.783  -24.247  58.827 0.0000000000
120734  -45.963  -24.680  58.936 0.0000000000
55517  -46.086  -25.287  59.297 0.0000000000
112298  -49.636  -18.159  55.940 0.0000000000
33576  -11.770  -50.974  83.991 0.0000000000
41045  -33.587  -40.900  73.684 0.0000000000
41873  -33.116  -40.280  73.673 0.0000000000
44285  -31.955  -37.450  73.180 0.0000000000
122531  -32.313  -37.826  73.212 0.0000000000
45129  -32.766  -37.037  72.828 0.0000000000
47045  -31.774  -35.014  69.269 0.0000000000
45183  -33.042  -36.041  69.632 0.0000000000
46156  -33.382  -35.659  68.694 0.0000000000
47976  -34.860  -32.857  65.540 0.0000000000
47955  -34.889  -33.569  66.083 0.0000000000
47977  -35.462  -33.203  65.643 0.0000000000
47978  -36.295  -33.132  65.419 0.0000000000
48840  -35.507  -32.692  65.191 0.0000000000
48860  -35.508  -31.922  64.675 0.0000000000
38588  -26.572  -44.837  79.328 0.0000000000
38573  -26.481  -45.183  80.393 0.0000000000
109455  -27.053  -45.288  80.074 0.0000000000
105308  -15.362  -50.487  85.032 0.0000000000
33580  -16.003  -50.109  85.125 0.0000000000
33604  -18.997  -50.275  82.897 0.0000000000
33584  -19.256  -50.763  84.248 0.0000000000
31626  -8.980  -52.300  84.672 0.0000000000
31625  -8.255  -52.613  84.931 0.0000000000
42694  -38.066  -40.107  75.666 0.0000000000
35212  -24.128  -48.059  81.686 0.0000000000
35194  -24.360  -48.293  82.561 0.0000000000
37669  -25.211  -46.372  80.994 0.0000000000
36782  -25.408  -46.866  81.942 0.0000000000
36769  -26.150  -46.635  82.507 0.0000000000
37734  -36.912  -45.690  75.889 0.0000000000
114397  -36.904  -46.067  76.633 0.0000000000
40123  -22.186  -42.522  80.733 0.0000000000
38584  -21.552  -45.258  79.597 0.0000000000
37683  -20.997  -45.928  79.952 0.0000000000
36794  -21.534  -46.839  79.771 0.0000000000
35229  -23.283  -47.938  80.439 0.0000000000
35228  -22.610  -48.130  80.450 0.0000000000
35193  -23.546  -48.670  82.103 0.0000000000
41023  -35.187  -42.047  76.794 0.0000000000
39396  -35.229  -42.906  77.391 0.0000000000
53877  -37.636  -26.656  62.233 0.0000000000
54703  -37.458  -25.909  62.268 0.0000000000
55492  -38.597  -24.485  61.845 0.0000000000
54712  -38.563  -25.429  61.663 0.0000000000
54713  -39.289  -25.133  61.290 0.0000000000
53886  -39.705  -26.068  60.992 0.0000000000
58849  -42.794  -20.447  59.380 0.0000000000
59626  -43.355  -19.705  59.400 0.0000000000
58083  -44.797  -20.580  57.821 0.0000000000
58856  -44.164  -20.884  58.240 0.0000000000
58075  -45.473  -22.338  58.024 0.0000000000
57173  -46.274  -22.275  57.752 0.0000000000
58085  -46.985  -21.204  56.799 0.0000000000
58096  -47.720  -21.460  56.651 0.0000000000
119013  -47.147  -18.260  56.612 0.0000000000
43455  -31.331  -38.306  75.973 0.0000000000
118077  -31.624  -38.920  75.496 0.0000000000
45102  -30.543  -36.401  75.469 0.0000000000
44277  -30.560  -37.031  75.217 0.0000000000
45114  -30.564  -36.538  74.618 0.0000000000
49607  -32.568  -31.661  68.902 0.0000000000
48765  -31.883  -32.096  69.265 0.0000000000
48788  -32.076  -32.551  68.511 0.0000000000
47921  -31.741  -33.573  68.687 0.0000000000
109056  -32.951  -31.891  66.846 0.0000000000
115114  -33.287  -31.892  66.252 0.0000000000
48838  -33.739  -32.180  65.761 0.0000000000
117124  -33.404  -31.388  65.902 0.0000000000
50555  -33.623  -30.785  65.427 0.0000000000
50534  -33.127  -30.542  66.405 0.0000000000
52131  -33.789  -28.730  67.051 0.0000000000
36806  -28.518  -46.434  78.961 0.0000000000
36033  -30.168  -47.979  79.539 0.0000000000
110266  -15.904  -46.949  82.882 0.0000000000
35974  -15.545  -47.611  83.249 0.0000000000
35171  -15.174  -48.387  83.555 0.0000000000
35172  -15.960  -48.449  83.379 0.0000000000
28859  -8.979  -55.906  85.128 0.0000000000
27964  -8.324  -56.692  85.476 0.0000000000
26184  -7.576  -58.002  86.710 0.0000000000
27056  -7.604  -57.170  85.622 0.0000000000
27048  -7.095  -57.773  86.033 0.0000000000
27962  -6.347  -56.608  85.694 0.0000000000
44272  -36.133  -36.976  75.960 0.0000000000
45104  -36.189  -36.347  75.579 0.0000000000
35268  -32.840  -47.869  77.783 0.0000000000
36046  -33.674  -47.795  77.733 0.0000000000
37652  -18.780  -45.637  82.514 0.0000000000
109193  -18.335  -46.312  81.951 0.0000000000
36779  -18.705  -46.991  81.589 0.0000000000
34408  -19.557  -49.328  81.751 0.0000000000
34392  -19.321  -49.841  82.316 0.0000000000
34393  -20.042  -49.806  82.129 0.0000000000
35209  -21.531  -48.735  81.021 0.0000000000
34374  -21.770  -49.839  82.997 0.0000000000
33607  -21.254  -49.743  82.488 0.0000000000
33597  -21.120  -50.097  83.206 0.0000000000
39427  -36.708  -43.094  73.694 0.0000000000
40189  -35.446  -42.462  73.626 0.0000000000
41038  -34.208  -41.495  73.818 0.0000000000
41015  -34.824  -41.710  77.121 0.0000000000
42677  -33.028  -40.223  77.939 0.0000000000
42686  -32.872  -40.262  76.963 0.0000000000
42685  -32.338  -39.620  76.653 0.0000000000
39368  -24.020  -43.618  78.566 0.0000000000
113968  -25.214  -43.443  78.395 0.0000000000
39381  -25.723  -43.295  78.205 0.0000000000
117173  -26.283  -43.180  77.897 0.0000000000
39393  -27.518  -43.015  77.364 0.0000000000
39382  -26.901  -43.522  77.751 0.0000000000
37710  -27.876  -44.865  77.727 0.0000000000
112542  -29.513  -46.144  76.924 0.0000000000
38589  -31.464  -43.925  78.703 0.0000000000
39369  -30.825  -43.400  78.717 0.0000000000
38630  -30.468  -45.006  76.706 0.0000000000
36072  -31.716  -47.171  76.572 0.0000000000
36839  -32.062  -46.486  76.082 0.0000000000
36841  -33.718  -46.515  75.822 0.0000000000
123190  -33.975  -45.982  75.462 0.0000000000
37752  -34.845  -44.893  74.880 0.0000000000
36856  -36.125  -45.732  75.468 0.0000000000
37754  -36.138  -45.118  74.715 0.0000000000
111928  -36.808  -44.742  74.525 0.0000000000
39421  -36.766  -44.016  74.033 0.0000000000
38641  -37.550  -44.281  74.645 0.0000000000
40146  -23.710  -41.822  78.906 0.0000000000
40136  -22.995  -42.177  79.219 0.0000000000
123360  -23.459  -43.292  78.651 0.0000000000
109811  -23.141  -43.871  78.642 0.0000000000
49669  -39.477  -31.650  65.067 0.0000000000
51377  -39.742  -29.549  64.159 0.0000000000
50583  -40.272  -29.847  64.643 0.0000000000
53004  -38.946  -27.873  62.124 0.0000000000
52185  -39.275  -28.504  62.710 0.0000000000
52197  -39.692  -28.290  62.172 0.0000000000
57121  -40.363  -22.348  62.853 0.0000000000
116316  -39.995  -22.510  62.199 0.0000000000
57135  -41.106  -22.499  60.335 0.0000000000
56314  -40.890  -23.347  60.371 0.0000000000
55502  -40.677  -24.373  60.469 0.0000000000
115838  -41.322  -23.989  60.075 0.0000000000
106830  -42.583  -21.929  59.177 0.0000000000
57151  -42.931  -22.777  59.034 0.0000000000
121110  -43.651  -24.352  59.167 0.0000000000
54739  -43.595  -25.136  59.459 0.0000000000
54738  -42.700  -25.075  59.645 0.0000000000
53902  -43.895  -26.212  59.849 0.0000000000
53914  -44.860  -26.303  59.786 0.0000000000
115687  -46.058  -26.680  60.100 0.0000000000
58107  -49.707  -21.475  55.670 0.0000000000
58884  -50.600  -20.435  55.162 0.0000000000
59659  -51.220  -19.952  54.850 0.0000000000
112692  -51.253  -18.892  54.860 0.0000000000
60488  -51.144  -18.072  54.982 0.0000000000
60491  -51.796  -18.205  54.673 0.0000000000
33557  -10.404  -50.328  85.333 0.0000000000
32668  -10.485  -51.699  84.410 0.0000000000
32667  -9.790  -51.972  84.523 0.0000000000
30737  -12.114  -53.178  85.367 0.0000000000
31627  -11.837  -52.801  84.604 0.0000000000
112196  -10.676  -54.537  85.897 0.0000000000
29838  -10.968  -54.005  85.502 0.0000000000
29837  -10.326  -54.458  85.121 0.0000000000
29853  -9.969  -54.218  84.685 0.0000000000
28860  -9.525  -55.644  85.690 0.0000000000
28851  -9.936  -55.423  86.632 0.0000000000
27951  -9.309  -56.338  87.792 0.0000000000
112795  -37.003  -42.206  73.664 0.0000000000
41049  -36.699  -41.427  73.524 0.0000000000
123427  -35.379  -40.468  73.319 0.0000000000
42710  -35.966  -40.055  73.687 0.0000000000
43468  -32.131  -38.974  73.729 0.0000000000
42706  -32.696  -39.675  73.661 0.0000000000
43474  -33.483  -38.277  73.158 0.0000000000
43475  -34.219  -38.607  73.577 0.0000000000
43469  -34.805  -37.935  74.159 0.0000000000
123879  -34.416  -36.938  73.182 0.0000000000
117643  -34.774  -36.831  73.645 0.0000000000
46071  -30.118  -35.268  73.239 0.0000000000
124505  -30.399  -35.555  73.710 0.0000000000
46086  -30.291  -35.410  72.431 0.0000000000
48763  -30.434  -32.605  70.942 0.0000000000
47890  -30.335  -33.534  70.572 0.0000000000
46118  -31.128  -35.561  70.752 0.0000000000
46117  -30.612  -35.172  71.057 0.0000000000
45163  -31.553  -36.110  71.218 0.0000000000
45149  -32.088  -36.478  71.830 0.0000000000
45151  -33.800  -36.348  71.557 0.0000000000
46088  -34.868  -36.109  72.127 0.0000000000
46089  -35.586  -35.944  72.457 0.0000000000
46179  -34.281  -34.929  67.528 0.0000000000
47084  -36.031  -34.641  67.127 0.0000000000
46181  -35.761  -35.118  67.620 0.0000000000
47065  -36.506  -34.999  67.794 0.0000000000
47979  -37.272  -33.256  65.547 0.0000000000
47959  -38.415  -33.638  66.301 0.0000000000
48821  -38.894  -33.164  65.845 0.0000000000
48844  -39.230  -32.470  65.533 0.0000000000
48863  -38.016  -32.295  64.808 0.0000000000
49691  -36.077  -31.016  64.117 0.0000000000
49692  -37.072  -31.415  63.962 0.0000000000
50579  -36.950  -30.556  63.693 0.0000000000
50589  -37.018  -29.752  63.545 0.0000000000
51359  -34.195  -29.416  64.726 0.0000000000
50577  -34.540  -30.161  64.529 0.0000000000
52984  -34.905  -27.082  64.237 0.0000000000
114605  -34.683  -27.945  64.442 0.0000000000
52992  -35.451  -27.862  63.971 0.0000000000
116250  -35.677  -27.076  63.667 0.0000000000
114604  -36.233  -27.024  63.237 0.0000000000
53869  -35.920  -26.335  63.472 0.0000000000
55471  -36.395  -24.309  64.657 0.0000000000
109846  -25.210  -44.831  79.099 0.0000000000
119918  -25.424  -45.368  79.713 0.0000000000
38571  -25.886  -45.128  79.908 0.0000000000
38558  -26.545  -45.480  81.105 0.0000000000
37671  -26.711  -45.888  81.696 0.0000000000
37656  -26.874  -46.160  82.330 0.0000000000
37657  -27.006  -46.112  82.319 0.0000000000
36797  -28.880  -46.948  80.562 0.0000000000
36796  -28.098  -46.219  80.572 0.0000000000
36785  -28.982  -47.201  81.566 0.0000000000
35243  -32.149  -48.530  79.403 0.0000000000
34337  -11.888  -48.841  85.332 0.0000000000
112333  -14.060  -46.843  84.188 0.0000000000
35958  -13.645  -47.338  84.326 0.0000000000
35158  -13.815  -48.227  83.846 0.0000000000
104817  -13.828  -49.375  83.728 0.0000000000
32672  -13.854  -51.105  84.191 0.0000000000
35992  -17.715  -47.867  82.100 0.0000000000
35190  -17.369  -48.659  82.566 0.0000000000
34372  -17.373  -49.698  83.469 0.0000000000
120190  -17.092  -49.192  83.058 0.0000000000
105750  -53.734  -16.688  54.303 0.0000000000
25317  -4.780  -59.413  86.817 0.0000000000
26173  -5.553  -59.321  87.202 0.0000000000
112540  -5.189  -58.319  86.366 0.0000000000
36020  -24.425  -47.164  80.604 0.0000000000
39367  -22.310  -43.537  79.271 0.0000000000
38585  -22.197  -45.113  78.975 0.0000000000
36031  -22.384  -46.954  79.589 0.0000000000
119619  -23.076  -47.076  79.555 0.0000000000
40163  -34.966  -42.356  77.955 0.0000000000
55478  -37.244  -24.238  63.307 0.0000000000
118400  -37.914  -24.227  62.561 0.0000000000
56307  -39.066  -23.670  61.913 0.0000000000
59635  -43.931  -19.684  58.709 0.0000000000
59642  -44.542  -19.646  58.198 0.0000000000
58863  -45.644  -20.433  57.395 0.0000000000
58864  -46.211  -20.074  57.012 0.0000000000
58872  -46.823  -20.405  56.676 0.0000000000
59650  -47.375  -19.832  56.381 0.0000000000
59649  -46.716  -19.558  56.687 0.0000000000
60481  -46.638  -18.710  56.784 0.0000000000
46029  -30.534  -35.863  76.127 0.0000000000
122297  -32.571  -31.923  68.230 0.0000000000
49632  -32.854  -31.201  67.312 0.0000000000
50525  -33.755  -29.918  67.901 0.0000000000
59664  -52.415  -19.637  54.487 0.0000000000
59665  -52.935  -19.696  54.155 0.0000000000
27037  -8.249  -57.552  86.932 0.0000000000
26174  -7.216  -58.633  87.276 0.0000000000
43461  -35.921  -37.706  75.267 0.0000000000
36060  -33.943  -47.449  76.972 0.0000000000
36047  -34.603  -47.651  77.724 0.0000000000
36048  -35.474  -47.597  78.131 0.0000000000
115009  -36.172  -47.484  78.442 0.0000000000
38557  -20.895  -44.555  81.486 0.0000000000
37654  -20.536  -45.039  82.016 0.0000000000
106626  -20.053  -45.352  82.389 0.0000000000
35192  -22.709  -48.935  81.774 0.0000000000
34375  -22.497  -49.655  83.353 0.0000000000
39426  -35.845  -43.179  73.567 0.0000000000
39380  -24.585  -43.148  78.430 0.0000000000
40147  -24.395  -42.268  78.515 0.0000000000
119445  -25.544  -41.778  78.147 0.0000000000
120490  -27.668  -41.720  77.778 0.0000000000
40150  -28.449  -41.765  78.021 0.0000000000
39394  -28.280  -43.325  77.213 0.0000000000
38615  -28.390  -44.146  77.028 0.0000000000
38616  -29.145  -44.343  76.769 0.0000000000
38604  -32.366  -44.313  78.634 0.0000000000
38603  -31.700  -44.386  78.165 0.0000000000
37732  -31.658  -45.950  76.144 0.0000000000
39410  -34.773  -43.771  75.653 0.0000000000
37753  -35.542  -44.804  74.560 0.0000000000
50581  -38.536  -30.300  64.047 0.0000000000
51376  -38.986  -29.712  63.908 0.0000000000
51390  -39.307  -29.246  63.635 0.0000000000
110791  -40.094  -26.912  60.970 0.0000000000
53016  -40.610  -27.746  61.234 0.0000000000
58040  -40.827  -21.965  60.977 0.0000000000
57149  -41.567  -22.310  59.861 0.0000000000
56340  -43.895  -22.961  58.648 0.0000000000
56330  -44.114  -23.918  58.847 0.0000000000
55515  -44.302  -24.693  59.120 0.0000000000
54741  -45.395  -25.749  59.503 0.0000000000
53916  -46.159  -26.026  59.706 0.0000000000
59657  -49.329  -19.645  55.633 0.0000000000
107664  -50.002  -19.911  55.377 0.0000000000
59658  -50.576  -19.369  55.181 0.0000000000
33558  -11.224  -50.196  84.892 0.0000000000
32669  -11.212  -51.728  84.217 0.0000000000
28841  -10.194  -55.331  87.590 0.0000000000
108175  -35.075  -41.104  73.236 0.0000000000
105359  -34.619  -40.482  73.253 0.0000000000
43473  -31.776  -38.150  73.609 0.0000000000
45130  -33.824  -36.985  72.828 0.0000000000
121639  -29.875  -33.767  72.554 0.0000000000
47043  -30.501  -34.216  70.234 0.0000000000
47044  -31.025  -34.473  69.659 0.0000000000
46136  -31.371  -35.307  69.974 0.0000000000
46119  -31.795  -35.864  70.445 0.0000000000
45182  -32.461  -36.051  70.265 0.0000000000
45166  -33.920  -36.262  70.378 0.0000000000
46120  -34.824  -36.134  70.098 0.0000000000
120414  -35.367  -36.015  70.678 0.0000000000
46138  -35.071  -35.896  69.242 0.0000000000
46158  -35.337  -35.653  68.530 0.0000000000
47954  -34.040  -33.591  66.434 0.0000000000
47100  -34.575  -34.253  66.760 0.0000000000
47102  -36.357  -34.139  66.557 0.0000000000
47103  -37.122  -34.006  66.563 0.0000000000
47957  -36.736  -33.708  65.996 0.0000000000
48842  -37.060  -32.639  64.913 0.0000000000
48861  -36.514  -31.967  64.443 0.0000000000
52972  -33.918  -27.580  65.703 0.0000000000
52141  -34.006  -28.103  64.940 0.0000000000
53860  -34.658  -26.370  64.678 0.0000000000
54688  -35.206  -25.550  64.593 0.0000000000
54694  -35.668  -25.706  63.869 0.0000000000
35159  -14.521  -48.061  83.666 0.0000000000
34352  -14.594  -49.563  83.763 0.0000000000
33579  -14.526  -50.371  84.131 0.0000000000
34373  -18.141  -50.090  83.141 0.0000000000
42693  -37.495  -39.644  75.348 0.0000000000
35175  -24.521  -48.498  83.275 0.0000000000
35976  -25.147  -47.851  83.147 0.0000000000
120959  -36.311  -46.366  76.661 0.0000000000
36016  -21.292  -47.544  80.218 0.0000000000
35227  -21.799  -48.172  80.481 0.0000000000
35210  -22.336  -48.644  81.019 0.0000000000
39411  -35.132  -43.121  75.327 0.0000000000
38618  -32.849  -44.616  77.844 0.0000000000
39395  -34.803  -43.588  76.697 0.0000000000
53002  -37.554  -27.831  62.707 0.0000000000
109060  -37.431  -27.164  62.478 0.0000000000
53003  -38.087  -27.335  62.189 0.0000000000
53014  -38.849  -27.009  61.699 0.0000000000
114650  -39.463  -26.731  61.343 0.0000000000
53887  -40.509  -26.165  60.664 0.0000000000
58848  -42.322  -20.564  59.878 0.0000000000
58065  -43.025  -21.259  58.935 0.0000000000
58073  -43.793  -21.438  58.476 0.0000000000
57161  -44.085  -22.148  58.442 0.0000000000
57162  -44.740  -22.578  58.370 0.0000000000
118005  -45.428  -22.942  58.360 0.0000000000
56342  -45.823  -23.471  58.517 0.0000000000
56343  -46.625  -23.499  58.391 0.0000000000
57163  -46.954  -22.863  57.951 0.0000000000
114466  -46.582  -21.666  57.346 0.0000000000
57175  -47.529  -22.477  57.621 0.0000000000
58106  -48.923  -21.227  55.832 0.0000000000
58882  -48.720  -20.325  55.720 0.0000000000
103514  -48.025  -20.067  55.992 0.0000000000
59651  -48.665  -19.416  55.936 0.0000000000
111754  -13.210  -51.144  83.875 0.0000000000
121540  -32.690  -40.166  74.113 0.0000000000
42690  -31.727  -39.129  74.689 0.0000000000
44270  -30.815  -37.712  75.419 0.0000000000
124221  -30.861  -38.017  74.782 0.0000000000
113507  -31.080  -38.161  74.242 0.0000000000
48764  -31.048  -32.089  70.518 0.0000000000
48775  -31.106  -32.601  69.675 0.0000000000
47906  -31.178  -33.565  69.260 0.0000000000
47063  -32.224  -34.549  68.545 0.0000000000
47064  -32.962  -35.057  68.234 0.0000000000
47081  -32.822  -34.299  67.854 0.0000000000
111115  -33.276  -34.073  67.338 0.0000000000
47937  -33.404  -33.527  66.888 0.0000000000
48804  -32.941  -32.672  67.125 0.0000000000
48839  -34.359  -32.301  65.388 0.0000000000
48859  -34.589  -31.731  64.885 0.0000000000
109225  -33.823  -30.087  64.979 0.0000000000
51358  -33.716  -29.288  65.329 0.0000000000
51342  -33.486  -29.031  66.220 0.0000000000
52140  -33.718  -28.498  65.549 0.0000000000
113330  -28.473  -46.542  79.826 0.0000000000
36021  -29.544  -47.573  79.990 0.0000000000
36732  -14.958  -45.918  83.896 0.0000000000
33585  -20.091  -50.735  84.109 0.0000000000
30747  -8.675  -53.920  84.489 0.0000000000
30734  -8.040  -53.269  84.839 0.0000000000
29851  -8.408  -54.654  84.600 0.0000000000
28871  -8.143  -55.273  84.730 0.0000000000
28858  -7.413  -55.536  84.995 0.0000000000
27963  -7.386  -56.492  85.262 0.0000000000
28857  -6.547  -55.734  85.546 0.0000000000
28849  -5.695  -55.686  86.252 0.0000000000
57122  -40.961  -22.054  63.139 0.0000000000
58033  -41.382  -21.544  62.489 0.0000000000
58042  -41.748  -20.935  61.808 0.0000000000
58832  -42.265  -20.452  61.187 0.0000000000
36057  -31.502  -47.674  77.438 0.0000000000
35266  -31.719  -48.063  78.182 0.0000000000
35267  -32.166  -47.900  77.813 0.0000000000
35256  -33.335  -48.182  78.503 0.0000000000
37638  -18.469  -45.246  83.057 0.0000000000
35993  -18.415  -47.922  81.710 0.0000000000
34407  -18.874  -49.340  82.032 0.0000000000
112808  -20.370  -48.170  80.769 0.0000000000
34409  -20.331  -49.302  81.580 0.0000000000
34410  -21.243  -49.313  81.673 0.0000000000
33606  -20.541  -50.025  82.643 0.0000000000
33596  -20.361  -50.429  83.332 0.0000000000
62202  -52.851  -16.636  54.635 0.0000000000
39412  -38.185  -43.702  74.980 0.0000000000
40185  -38.186  -42.787  74.822 0.0000000000
41866  -33.031  -40.688  74.223 0.0000000000
41029  -33.823  -41.431  75.466 0.0000000000
41845  -33.511  -40.763  77.386 0.0000000000
41860  -33.078  -40.864  75.118 0.0000000000
43456  -31.743  -38.977  76.403 0.0000000000
43440  -31.244  -38.212  77.174 0.0000000000
44240  -31.724  -38.286  78.259 0.0000000000
41005  -26.195  -41.356  78.085 0.0000000000
36816  -28.560  -46.351  77.994 0.0000000000
108268  -29.131  -46.677  77.587 0.0000000000
36826  -29.711  -46.825  77.242 0.0000000000
38629  -29.729  -44.845  76.689 0.0000000000
37730  -29.993  -45.567  76.608 0.0000000000
36827  -30.307  -46.493  76.716 0.0000000000
36075  -34.220  -46.966  76.380 0.0000000000
37733  -33.261  -45.424  75.704 0.0000000000
106185  -33.944  -45.379  75.406 0.0000000000
36843  -35.669  -46.325  76.147 0.0000000000
40135  -22.403  -42.689  79.670 0.0000000000
50557  -39.934  -30.678  64.821 0.0000000000
52171  -39.528  -28.917  63.186 0.0000000000
51391  -40.074  -29.219  63.555 0.0000000000
52198  -40.402  -28.393  61.891 0.0000000000
56301  -39.067  -23.313  62.626 0.0000000000
56308  -39.650  -23.489  61.466 0.0000000000
57128  -40.170  -22.682  61.499 0.0000000000
55494  -39.847  -24.307  61.001 0.0000000000
54724  -40.979  -25.422  60.395 0.0000000000
54725  -41.746  -25.637  60.144 0.0000000000
58063  -41.922  -21.756  59.689 0.0000000000
56328  -42.483  -23.464  59.383 0.0000000000
55513  -42.054  -24.290  59.700 0.0000000000
55504  -42.076  -25.123  59.875 0.0000000000
54726  -42.458  -25.759  59.903 0.0000000000
58892  -52.790  -20.434  54.485 0.0000000000
59663  -51.801  -19.552  54.676 0.0000000000
61375  -52.117  -16.947  54.978 0.0000000000
62197  -51.439  -16.704  55.431 0.0000000000
32655  -9.062  -51.315  85.308 0.0000000000
30748  -9.523  -53.758  84.491 0.0000000000
31643  -12.279  -52.163  84.169 0.0000000000
31642  -11.482  -52.313  84.242 0.0000000000
30750  -11.077  -53.050  84.507 0.0000000000
30749  -10.287  -53.390  84.530 0.0000000000
29852  -9.264  -54.574  84.585 0.0000000000
27965  -9.037  -56.301  85.882 0.0000000000
28850  -9.661  -55.860  87.268 0.0000000000
27959  -9.170  -56.388  86.855 0.0000000000
27950  -8.792  -56.912  87.381 0.0000000000
41040  -38.164  -41.913  74.673 0.0000000000
41868  -37.417  -40.802  74.147 0.0000000000
42701  -37.174  -39.998  74.548 0.0000000000
42707  -33.141  -39.750  73.370 0.0000000000
42708  -34.344  -39.623  73.356 0.0000000000
104187  -32.841  -39.090  73.227 0.0000000000
42699  -35.805  -39.203  74.082 0.0000000000
43471  -36.232  -38.738  74.732 0.0000000000
45116  -34.839  -37.153  74.134 0.0000000000
115880  -35.366  -36.789  74.626 0.0000000000
45103  -35.746  -36.492  74.810 0.0000000000
46058  -35.679  -36.113  74.284 0.0000000000
106972  -30.416  -34.941  74.984 0.0000000000
109676  -30.215  -34.213  74.771 0.0000000000
46057  -30.484  -35.620  74.401 0.0000000000
45127  -30.649  -36.197  73.790 0.0000000000
45128  -31.013  -36.527  73.194 0.0000000000
47870  -29.912  -33.105  72.220 0.0000000000
47001  -29.912  -34.129  71.986 0.0000000000
47012  -30.261  -34.365  71.005 0.0000000000
46101  -30.257  -34.997  71.688 0.0000000000
124213  -30.036  -34.771  72.251 0.0000000000
45138  -30.891  -36.191  72.436 0.0000000000
105406  -31.732  -36.730  72.700 0.0000000000
45139  -32.710  -36.717  72.409 0.0000000000
45140  -33.463  -36.596  72.349 0.0000000000
45141  -34.273  -36.459  72.465 0.0000000000
46072  -35.028  -36.329  72.903 0.0000000000
46073  -35.614  -36.008  73.364 0.0000000000
46074  -36.240  -35.753  73.750 0.0000000000
46122  -36.083  -35.838  70.781 0.0000000000
46178  -33.640  -35.220  68.077 0.0000000000
47083  -35.178  -34.804  67.180 0.0000000000
46159  -35.955  -35.460  68.201 0.0000000000
49693  -38.646  -31.651  64.633 0.0000000000
107776  -37.890  -31.582  64.325 0.0000000000
107285  -38.426  -31.088  64.271 0.0000000000
50590  -37.708  -30.051  63.683 0.0000000000
52168  -37.423  -28.793  63.293 0.0000000000
50578  -35.401  -30.126  64.193 0.0000000000
52154  -34.460  -28.720  64.579 0.0000000000
52155  -35.178  -28.621  64.166 0.0000000000
51374  -35.683  -29.253  63.940 0.0000000000
52994  -37.060  -28.232  63.138 0.0000000000
53001  -36.837  -27.335  62.842 0.0000000000
53870  -36.474  -26.437  62.939 0.0000000000
54702  -36.820  -25.717  62.702 0.0000000000
54689  -35.904  -25.019  64.152 0.0000000000
119204  -36.706  -24.973  63.002 0.0000000000
56290  -37.800  -23.545  64.097 0.0000000000
37670  -25.951  -45.814  81.324 0.0000000000
122119  -25.769  -45.173  80.570 0.0000000000
37655  -26.488  -46.112  81.882 0.0000000000
124009  -27.457  -45.709  80.555 0.0000000000
37673  -27.487  -45.911  81.280 0.0000000000
36771  -28.385  -46.889  82.200 0.0000000000
37658  -27.525  -46.266  82.139 0.0000000000
36770  -27.352  -46.457  82.909 0.0000000000
35254  -31.545  -48.349  78.851 0.0000000000
33577  -12.736  -50.650  83.828 0.0000000000
34351  -13.007  -49.722  83.920 0.0000000000
115069  -14.576  -51.066  84.844 0.0000000000
35173  -16.648  -48.558  82.966 0.0000000000
33583  -18.432  -50.618  84.489 0.0000000000
33581  -16.708  -50.129  85.018 0.0000000000
60495  -53.363  -18.275  53.841 0.0000000000
113592  -6.763  -59.193  87.915 0.0000000000
114530  -6.349  -58.953  87.065 0.0000000000
26183  -6.102  -58.281  86.379 0.0000000000
27957  -5.461  -56.591  86.085 0.0000000000
26180  -4.148  -58.662  85.770 0.0000000000
112402  -4.101  -57.848  85.503 0.0000000000
27045  -4.665  -58.022  86.054 0.0000000000
27956  -4.956  -56.404  86.144 0.0000000000
29836  -7.478  -54.692  84.896 0.0000000000
47980  -38.106  -33.287  65.697 0.0000000000
48753  -30.905  -31.802  71.346 0.0000000000
48774  -30.621  -32.841  70.271 0.0000000000
48843  -38.476  -32.702  65.392 0.0000000000
52130  -33.666  -28.303  66.259 0.0000000000
54680  -35.168  -25.207  65.513 0.0000000000
59636  -44.460  -19.057  58.720 0.0000000000
123366  -36.842  -37.801  76.485 0.0000000000
123837  -7.489  -53.427  85.255 0.0000000000
