#!ascii label  , from subject sub-v1s7x0051322_ses-1 vox2ras=TkReg
472
67653  -30.292  -10.610  13.906 0.0000000000
63457  -24.731  -15.494  12.651 0.0000000000
62674  -32.799  -16.314  11.898 0.0000000000
59329  -27.631  -19.830  13.935 0.0000000000
79107  -30.181  3.730  13.874 0.0000000000
75832  -32.641  -0.578  12.567 0.0000000000
71087  -27.148  -6.094  12.183 0.0000000000
56801  -25.562  -24.102  15.649 0.0000000000
61821  -25.771  -17.572  12.970 0.0000000000
60131  -24.236  -19.355  13.977 0.0000000000
77493  -31.955  1.904  13.404 0.0000000000
107098  -29.189  -1.300  13.926 0.0000000000
67680  -25.939  -10.619  11.502 0.0000000000
69351  -24.362  -8.398  12.350 0.0000000000
69353  -28.417  -8.158  12.869 0.0000000000
114127  -31.930  -5.894  14.356 0.0000000000
111622  -33.040  -8.050  13.580 0.0000000000
67672  -33.225  -10.376  12.038 0.0000000000
111959  -24.107  -12.963  12.904 0.0000000000
65110  -27.134  -13.448  11.913 0.0000000000
106497  -31.203  -13.078  13.484 0.0000000000
63460  -28.027  -15.884  13.399 0.0000000000
61832  -30.454  -18.074  13.193 0.0000000000
58578  -30.683  -21.518  13.001 0.0000000000
73542  -26.186  -3.679  12.171 0.0000000000
73531  -30.374  -3.571  14.414 0.0000000000
117589  -33.360  -2.843  11.764 0.0000000000
58546  -22.977  -21.230  15.445 0.0000000000
119179  -25.973  -21.474  15.119 0.0000000000
60985  -23.180  -18.081  14.588 0.0000000000
60979  -22.436  -18.699  14.864 0.0000000000
104966  -27.612  -0.134  13.654 0.0000000000
75002  -27.104  -1.610  12.899 0.0000000000
67670  -27.932  -10.426  12.639 0.0000000000
68510  -26.986  -9.457  11.528 0.0000000000
68483  -29.462  -9.328  13.702 0.0000000000
69339  -30.321  -8.154  14.285 0.0000000000
68471  -31.709  -9.479  14.252 0.0000000000
69341  -33.170  -9.183  12.656 0.0000000000
67654  -31.791  -10.846  13.865 0.0000000000
64265  -24.300  -14.711  12.848 0.0000000000
65123  -25.836  -13.502  11.745 0.0000000000
64280  -25.953  -14.375  11.717 0.0000000000
65091  -27.394  -14.087  12.347 0.0000000000
63471  -26.774  -15.449  12.035 0.0000000000
60139  -26.447  -18.767  13.556 0.0000000000
108962  -28.114  -17.958  13.892 0.0000000000
60997  -28.709  -18.742  13.635 0.0000000000
60142  -29.980  -19.602  12.841 0.0000000000
59331  -29.141  -20.869  13.405 0.0000000000
78333  -27.278  3.026  14.182 0.0000000000
112905  -26.729  4.045  14.193 0.0000000000
79803  -28.671  4.221  14.112 0.0000000000
80588  -29.985  6.080  12.947 0.0000000000
79828  -30.945  4.780  11.944 0.0000000000
121358  -32.375  0.991  13.008 0.0000000000
70216  -26.456  -7.014  11.511 0.0000000000
71095  -25.366  -6.050  11.553 0.0000000000
113027  -26.885  -4.840  12.370 0.0000000000
73529  -27.617  -3.827  13.132 0.0000000000
72729  -28.731  -4.515  13.672 0.0000000000
71932  -33.501  -5.090  12.697 0.0000000000
72734  -33.451  -4.159  13.024 0.0000000000
113532  -33.499  -4.102  10.557 0.0000000000
63463  -31.988  -15.153  12.918 0.0000000000
65113  -33.202  -13.389  11.692 0.0000000000
56785  -23.999  -23.686  16.182 0.0000000000
57667  -24.319  -22.267  15.540 0.0000000000
58554  -24.509  -21.168  15.173 0.0000000000
106334  -25.808  -23.205  15.458 0.0000000000
62659  -23.799  -16.207  14.128 0.0000000000
62661  -25.293  -16.646  12.636 0.0000000000
61819  -24.551  -17.297  13.646 0.0000000000
60987  -24.885  -18.643  13.737 0.0000000000
60132  -25.236  -19.463  14.139 0.0000000000
77482  -28.282  2.032  14.305 0.0000000000
109693  -30.779  3.105  13.801 0.0000000000
76659  -29.614  0.796  14.468 0.0000000000
76670  -30.275  0.147  14.485 0.0000000000
75819  -31.728  -0.556  14.075 0.0000000000
67667  -24.145  -10.614  12.695 0.0000000000
68496  -25.551  -9.617  11.629 0.0000000000
69366  -26.700  -8.640  11.499 0.0000000000
71088  -27.661  -6.773  12.410 0.0000000000
114898  -28.763  -5.943  13.386 0.0000000000
113127  -30.195  -6.723  14.264 0.0000000000
71080  -32.471  -6.664  14.229 0.0000000000
71098  -33.501  -6.609  11.726 0.0000000000
69368  -33.513  -8.447  11.112 0.0000000000
55158  -25.989  -25.931  15.543 0.0000000000
55977  -26.972  -24.860  15.304 0.0000000000
65960  -24.460  -12.109  12.638 0.0000000000
65976  -26.778  -12.233  11.604 0.0000000000
66798  -28.699  -11.834  13.390 0.0000000000
65949  -30.564  -12.236  13.594 0.0000000000
65093  -29.299  -13.580  13.529 0.0000000000
109249  -29.855  -14.456  13.546 0.0000000000
63462  -30.255  -15.899  13.595 0.0000000000
121740  -27.082  -16.402  12.865 0.0000000000
62663  -29.560  -16.739  14.029 0.0000000000
61833  -31.271  -17.544  12.928 0.0000000000
61005  -31.769  -18.654  12.143 0.0000000000
59340  -31.528  -20.325  12.441 0.0000000000
79120  -31.520  3.634  11.892 0.0000000000
74277  -26.950  -2.522  12.658 0.0000000000
74987  -29.377  -2.075  14.011 0.0000000000
109065  -31.508  -2.058  14.197 0.0000000000
72731  -30.896  -4.335  14.495 0.0000000000
74266  -32.587  -2.892  13.675 0.0000000000
75003  -32.848  -1.472  12.284 0.0000000000
66814  -32.619  -11.856  12.752 0.0000000000
109184  -33.552  -11.879  10.715 0.0000000000
120594  -22.053  -20.191  15.954 0.0000000000
121643  -23.036  -20.246  14.714 0.0000000000
59315  -24.836  -20.589  14.920 0.0000000000
58563  -26.581  -20.829  14.892 0.0000000000
56803  -27.262  -24.411  14.900 0.0000000000
57686  -27.807  -22.449  14.360 0.0000000000
58565  -28.275  -21.847  13.847 0.0000000000
75001  -25.888  -1.724  12.622 0.0000000000
67651  -28.627  -10.776  13.281 0.0000000000
105953  -28.571  -9.752  13.198 0.0000000000
67652  -29.433  -10.219  13.637 0.0000000000
67637  -30.223  -9.782  14.118 0.0000000000
67638  -31.142  -10.177  14.225 0.0000000000
67639  -31.933  -10.071  14.041 0.0000000000
109150  -31.011  -10.954  14.073 0.0000000000
120877  -24.105  -15.315  13.274 0.0000000000
64264  -23.667  -14.702  13.686 0.0000000000
64279  -25.144  -14.798  12.063 0.0000000000
108847  -25.972  -15.134  11.732 0.0000000000
64281  -26.599  -14.781  11.631 0.0000000000
63470  -26.204  -15.600  11.898 0.0000000000
60140  -27.375  -19.032  13.790 0.0000000000
122238  -27.950  -18.601  13.779 0.0000000000
60996  -28.225  -19.330  13.705 0.0000000000
60141  -29.111  -19.732  13.332 0.0000000000
59330  -28.404  -20.264  13.666 0.0000000000
114160  -28.744  2.935  14.314 0.0000000000
79103  -28.099  3.721  14.257 0.0000000000
79808  -29.522  4.337  13.884 0.0000000000
106043  -29.692  4.951  13.584 0.0000000000
120074  -30.665  4.894  12.796 0.0000000000
79817  -31.060  4.292  12.760 0.0000000000
76679  -32.530  0.109  13.065 0.0000000000
77503  -32.341  1.102  11.846 0.0000000000
105160  -32.458  0.383  11.296 0.0000000000
117538  -32.570  -0.215  11.730 0.0000000000
71097  -26.654  -6.206  11.732 0.0000000000
113615  -25.754  -6.708  11.470 0.0000000000
113712  -26.374  -5.561  11.719 0.0000000000
71930  -26.726  -5.468  12.071 0.0000000000
71931  -27.551  -5.002  12.673 0.0000000000
71918  -28.269  -5.180  13.214 0.0000000000
71937  -33.535  -5.231  11.764 0.0000000000
72745  -33.485  -4.453  12.053 0.0000000000
63473  -32.407  -15.799  12.363 0.0000000000
115801  -32.767  -14.992  12.236 0.0000000000
63474  -33.232  -15.675  11.775 0.0000000000
56786  -24.843  -24.069  16.003 0.0000000000
55964  -24.512  -24.536  16.283 0.0000000000
57652  -23.841  -22.646  15.829 0.0000000000
56800  -24.791  -23.121  15.753 0.0000000000
62649  -23.386  -16.798  14.491 0.0000000000
62650  -24.165  -16.852  14.060 0.0000000000
61812  -23.802  -17.494  14.252 0.0000000000
60130  -23.426  -18.958  14.347 0.0000000000
109782  -23.776  -18.217  14.187 0.0000000000
60986  -24.100  -18.655  13.924 0.0000000000
60988  -25.646  -18.929  13.650 0.0000000000
77491  -27.611  1.415  14.177 0.0000000000
77483  -29.250  1.547  14.359 0.0000000000
76658  -28.524  1.075  14.290 0.0000000000
75817  -28.368  -0.841  13.671 0.0000000000
123566  -29.532  0.117  14.427 0.0000000000
104882  -29.545  -0.555  14.329 0.0000000000
75818  -30.708  -0.588  14.437 0.0000000000
118637  -30.107  -1.338  14.414 0.0000000000
67668  -25.127  -10.564  12.155 0.0000000000
68498  -28.164  -9.006  12.747 0.0000000000
69367  -27.160  -8.547  11.774 0.0000000000
69352  -27.741  -8.425  12.403 0.0000000000
70206  -27.468  -7.690  12.210 0.0000000000
70207  -28.177  -7.440  12.659 0.0000000000
71077  -29.270  -6.725  13.569 0.0000000000
70193  -28.806  -7.443  13.258 0.0000000000
70184  -31.741  -8.326  14.425 0.0000000000
70196  -31.876  -7.511  14.435 0.0000000000
106637  -32.903  -7.418  13.984 0.0000000000
71081  -33.226  -6.640  13.589 0.0000000000
70198  -33.291  -7.455  12.985 0.0000000000
70218  -33.529  -7.465  11.165 0.0000000000
70208  -33.388  -7.943  11.988 0.0000000000
68485  -33.156  -9.852  12.548 0.0000000000
68499  -33.333  -9.624  11.892 0.0000000000
66826  -33.224  -11.072  11.281 0.0000000000
54333  -26.159  -26.459  15.832 0.0000000000
108046  -23.306  -13.005  13.700 0.0000000000
65946  -23.602  -12.008  13.324 0.0000000000
65125  -26.866  -13.313  11.661 0.0000000000
65975  -26.325  -12.980  11.607 0.0000000000
65962  -27.213  -12.713  11.896 0.0000000000
66812  -27.378  -11.809  11.936 0.0000000000
65963  -27.792  -12.401  12.623 0.0000000000
65947  -28.441  -12.913  13.315 0.0000000000
65111  -27.708  -13.287  12.668 0.0000000000
64266  -27.805  -14.956  13.006 0.0000000000
64267  -28.798  -14.587  13.533 0.0000000000
110905  -29.473  -15.242  13.693 0.0000000000
64268  -30.312  -15.081  13.519 0.0000000000
110236  -25.949  -16.883  12.563 0.0000000000
116278  -26.454  -17.292  13.010 0.0000000000
107146  -29.331  -18.246  13.834 0.0000000000
61824  -28.663  -17.542  14.192 0.0000000000
61825  -29.490  -17.496  14.069 0.0000000000
61826  -30.341  -17.329  13.537 0.0000000000
105586  -31.882  -18.005  12.175 0.0000000000
61004  -31.019  -18.750  12.586 0.0000000000
110059  -30.749  -20.341  12.676 0.0000000000
121947  -31.140  -19.862  12.475 0.0000000000
58593  -31.327  -21.054  12.699 0.0000000000
118765  -32.124  -21.143  12.505 0.0000000000
78340  -31.376  2.537  13.666 0.0000000000
79109  -31.359  3.145  13.308 0.0000000000
78344  -31.782  2.721  12.968 0.0000000000
112021  -24.184  -9.139  12.549 0.0000000000
73551  -25.673  -3.761  11.997 0.0000000000
110544  -25.886  -3.096  12.273 0.0000000000
74276  -26.224  -2.475  12.440 0.0000000000
108072  -26.484  -3.250  12.388 0.0000000000
112609  -29.199  -3.641  13.964 0.0000000000
118002  -29.066  -2.865  13.837 0.0000000000
74264  -29.904  -2.826  14.316 0.0000000000
117068  -30.511  -2.072  14.405 0.0000000000
74265  -30.952  -2.774  14.396 0.0000000000
71078  -30.770  -5.926  14.465 0.0000000000
71920  -30.278  -5.168  14.343 0.0000000000
109232  -31.397  -5.117  14.450 0.0000000000
73552  -33.406  -3.563  12.123 0.0000000000
73533  -33.161  -3.544  13.389 0.0000000000
74279  -33.248  -2.851  12.513 0.0000000000
74267  -32.943  -2.227  12.969 0.0000000000
74278  -33.134  -2.211  12.001 0.0000000000
74283  -33.450  -2.355  11.146 0.0000000000
65950  -31.512  -12.276  13.558 0.0000000000
65951  -32.164  -12.704  13.211 0.0000000000
65965  -33.408  -12.665  11.224 0.0000000000
57651  -23.159  -22.016  16.018 0.0000000000
59306  -22.328  -20.833  15.824 0.0000000000
59313  -22.588  -20.383  15.212 0.0000000000
112583  -23.283  -20.657  14.871 0.0000000000
58555  -25.190  -21.113  15.183 0.0000000000
117975  -25.657  -20.615  14.957 0.0000000000
61811  -22.959  -17.349  14.817 0.0000000000
60984  -22.485  -17.840  14.884 0.0000000000
60123  -22.825  -19.686  14.739 0.0000000000
115761  -26.685  -0.170  13.370 0.0000000000
75816  -27.304  -0.884  13.284 0.0000000000
74985  -27.721  -1.408  13.338 0.0000000000
67669  -27.394  -10.896  11.957 0.0000000000
67682  -26.995  -10.407  11.537 0.0000000000
108970  -27.385  -10.029  12.021 0.0000000000
120574  -27.870  -9.693  12.577 0.0000000000
68482  -28.839  -8.802  13.343 0.0000000000
69337  -29.054  -8.090  13.413 0.0000000000
116343  -30.194  -8.941  14.214 0.0000000000
69325  -30.957  -8.593  14.391 0.0000000000
69327  -32.202  -8.870  14.210 0.0000000000
69340  -32.849  -8.834  13.581 0.0000000000
68472  -32.377  -9.526  13.852 0.0000000000
67655  -32.450  -10.267  13.553 0.0000000000
67656  -32.941  -10.395  12.870 0.0000000000
65090  -23.800  -13.868  13.232 0.0000000000
65961  -25.039  -13.012  12.290 0.0000000000
65108  -24.589  -13.886  12.527 0.0000000000
65109  -25.275  -13.937  11.988 0.0000000000
65124  -26.892  -14.093  11.667 0.0000000000
64282  -27.044  -14.774  11.954 0.0000000000
123315  -27.576  -15.578  12.927 0.0000000000
108435  -26.497  -17.920  13.258 0.0000000000
61822  -27.183  -17.505  13.441 0.0000000000
60995  -27.254  -18.245  13.592 0.0000000000
60998  -30.151  -18.822  12.941 0.0000000000
107335  -29.434  -18.971  13.180 0.0000000000
110052  -29.892  -20.635  13.017 0.0000000000
80569  -29.414  5.633  13.466 0.0000000000
79846  -30.598  4.711  10.680 0.0000000000
113164  -31.809  1.055  13.883 0.0000000000
77497  -32.127  2.033  12.354 0.0000000000
71094  -24.558  -6.124  11.891 0.0000000000
71935  -24.979  -5.283  11.699 0.0000000000
71936  -25.828  -5.217  11.595 0.0000000000
72742  -26.599  -4.088  12.303 0.0000000000
73543  -27.043  -3.513  12.633 0.0000000000
72743  -27.221  -4.311  12.653 0.0000000000
107744  -28.297  -3.995  13.522 0.0000000000
71921  -33.043  -5.860  14.012 0.0000000000
111048  -32.529  -5.075  14.172 0.0000000000
71922  -33.257  -5.041  13.522 0.0000000000
111283  -33.523  -3.262  11.056 0.0000000000
65095  -31.227  -13.886  13.424 0.0000000000
65112  -32.573  -13.489  12.593 0.0000000000
64270  -32.327  -14.327  12.809 0.0000000000
64283  -32.983  -14.165  11.994 0.0000000000
113648  -23.232  -22.903  16.382 0.0000000000
57666  -23.689  -21.838  15.484 0.0000000000
58553  -23.758  -21.201  15.148 0.0000000000
111977  -24.255  -21.685  15.335 0.0000000000
57668  -25.138  -22.023  15.406 0.0000000000
57669  -26.341  -22.528  15.228 0.0000000000
63456  -23.707  -15.420  13.993 0.0000000000
107792  -24.346  -15.924  13.318 0.0000000000
63458  -25.009  -16.191  12.594 0.0000000000
62660  -24.613  -16.635  13.276 0.0000000000
61820  -25.156  -17.185  12.923 0.0000000000
60993  -25.029  -17.838  13.314 0.0000000000
115996  -24.375  -17.980  13.893 0.0000000000
60994  -25.676  -18.296  13.328 0.0000000000
60133  -26.055  -19.277  13.987 0.0000000000
60134  -26.796  -19.461  14.093 0.0000000000
77480  -25.872  2.263  13.493 0.0000000000
77481  -26.949  2.126  14.093 0.0000000000
78338  -29.870  3.011  14.188 0.0000000000
78334  -29.517  2.252  14.310 0.0000000000
77484  -30.207  1.632  14.369 0.0000000000
77492  -31.224  1.786  14.102 0.0000000000
76669  -28.685  0.126  14.146 0.0000000000
112339  -30.808  0.954  14.368 0.0000000000
76671  -31.361  0.219  14.253 0.0000000000
76672  -32.182  0.235  13.619 0.0000000000
75820  -32.391  -0.549  13.416 0.0000000000
68508  -24.767  -9.144  12.064 0.0000000000
113669  -26.406  -9.293  11.427 0.0000000000
69364  -25.216  -8.646  11.678 0.0000000000
113924  -26.333  -7.963  11.465 0.0000000000
70217  -27.023  -6.910  11.811 0.0000000000
114860  -27.896  -5.845  12.660 0.0000000000
71076  -28.435  -6.686  12.947 0.0000000000
70195  -30.718  -7.426  14.419 0.0000000000
71079  -31.318  -6.685  14.488 0.0000000000
115257  -33.410  -5.844  13.201 0.0000000000
113459  -33.515  -5.880  12.266 0.0000000000
111973  -33.543  -5.926  11.345 0.0000000000
71104  -33.544  -6.620  10.807 0.0000000000
69354  -33.366  -8.805  11.906 0.0000000000
62680  -32.741  -17.069  11.745 0.0000000000
55965  -25.323  -25.029  15.923 0.0000000000
55976  -26.210  -25.081  15.508 0.0000000000
120041  -24.085  -11.412  12.829 0.0000000000
66823  -25.583  -11.351  11.868 0.0000000000
65974  -25.666  -12.735  11.812 0.0000000000
113685  -25.975  -12.135  11.610 0.0000000000
66824  -26.323  -11.386  11.501 0.0000000000
66825  -26.977  -11.243  11.560 0.0000000000
66813  -27.940  -11.358  12.672 0.0000000000
66799  -29.508  -11.086  13.584 0.0000000000
66800  -30.408  -11.383  13.731 0.0000000000
109333  -29.731  -11.796  13.566 0.0000000000
65948  -29.438  -12.541  13.523 0.0000000000
105274  -30.207  -13.020  13.483 0.0000000000
65092  -28.150  -13.889  13.220 0.0000000000
65094  -30.446  -13.740  13.492 0.0000000000
111168  -30.783  -14.478  13.462 0.0000000000
111700  -31.103  -15.206  13.332 0.0000000000
63472  -31.504  -16.059  13.028 0.0000000000
62670  -25.754  -16.251  12.259 0.0000000000
62671  -26.530  -16.222  12.359 0.0000000000
62662  -27.726  -16.552  13.482 0.0000000000
61823  -27.835  -17.195  13.776 0.0000000000
110247  -28.593  -17.006  14.224 0.0000000000
106408  -28.516  -16.441  13.999 0.0000000000
62664  -30.785  -16.767  13.373 0.0000000000
62673  -32.182  -16.591  12.352 0.0000000000
61834  -32.008  -17.338  12.281 0.0000000000
122962  -32.469  -18.365  11.702 0.0000000000
60149  -31.532  -19.455  12.274 0.0000000000
79108  -30.963  3.739  13.345 0.0000000000
79829  -31.331  4.103  12.150 0.0000000000
112830  -31.821  2.496  11.445 0.0000000000
121559  -26.531  -1.879  12.648 0.0000000000
74262  -27.646  -2.128  13.245 0.0000000000
73528  -27.585  -2.992  13.194 0.0000000000
74263  -28.390  -2.514  13.572 0.0000000000
74986  -28.447  -1.692  13.579 0.0000000000
74988  -31.112  -1.338  14.383 0.0000000000
74989  -32.022  -1.318  13.840 0.0000000000
71919  -29.219  -5.210  13.837 0.0000000000
72730  -29.759  -4.410  14.242 0.0000000000
72732  -31.999  -4.307  14.249 0.0000000000
73532  -31.595  -3.447  14.269 0.0000000000
117882  -31.838  -2.652  14.045 0.0000000000
74990  -32.623  -1.344  13.183 0.0000000000
105756  -32.810  -0.839  11.577 0.0000000000
66801  -31.276  -11.590  13.798 0.0000000000
66802  -32.019  -11.728  13.478 0.0000000000
67671  -32.967  -11.103  12.355 0.0000000000
65964  -32.860  -12.656  12.227 0.0000000000
66815  -33.143  -11.876  11.786 0.0000000000
59312  -22.162  -19.518  15.394 0.0000000000
60124  -23.588  -19.995  14.443 0.0000000000
59314  -24.056  -20.622  14.805 0.0000000000
59321  -24.508  -20.050  14.406 0.0000000000
58562  -25.268  -20.117  14.610 0.0000000000
59322  -26.131  -19.941  14.572 0.0000000000
59323  -27.113  -20.249  14.510 0.0000000000
56802  -26.415  -24.163  15.353 0.0000000000
118860  -26.653  -23.500  15.180 0.0000000000
57670  -27.352  -23.320  14.737 0.0000000000
57685  -26.970  -21.877  14.984 0.0000000000
58564  -27.443  -21.251  14.555 0.0000000000
59324  -27.873  -20.762  13.947 0.0000000000
112235  -28.522  -21.113  13.662 0.0000000000
59341  -32.248  -20.141  12.154 0.0000000000
60148  -30.752  -19.438  12.571 0.0000000000
62672  -31.598  -16.886  12.854 0.0000000000
63459  -27.256  -15.967  12.725 0.0000000000
63461  -29.051  -15.958  13.973 0.0000000000
63469  -25.496  -15.653  12.110 0.0000000000
64269  -31.607  -14.464  13.273 0.0000000000
65096  -31.914  -13.668  13.261 0.0000000000
66811  -24.772  -11.346  12.417 0.0000000000
67681  -26.582  -10.733  11.453 0.0000000000
68470  -30.942  -9.316  14.328 0.0000000000
68484  -32.862  -9.678  13.206 0.0000000000
68497  -27.508  -9.198  12.171 0.0000000000
68509  -26.456  -10.028  11.427 0.0000000000
69326  -31.512  -8.903  14.365 0.0000000000
69338  -29.578  -8.475  13.777 0.0000000000
69365  -26.020  -8.728  11.415 0.0000000000
70183  -31.119  -7.988  14.456 0.0000000000
70194  -29.679  -7.571  13.856 0.0000000000
70197  -32.526  -8.168  14.144 0.0000000000
70215  -25.688  -7.438  11.474 0.0000000000
70225  -33.550  -7.361  10.131 0.0000000000
71089  -33.433  -6.600  12.673 0.0000000000
71096  -26.151  -6.120  11.525 0.0000000000
71929  -26.372  -4.796  11.910 0.0000000000
72733  -32.977  -4.269  13.800 0.0000000000
72744  -27.860  -4.513  13.141 0.0000000000
72751  -26.173  -4.150  11.994 0.0000000000
73530  -28.321  -3.328  13.554 0.0000000000
73544  -33.345  -3.405  12.913 0.0000000000
74268  -33.133  -2.953  13.111 0.0000000000
75017  -32.999  -1.020  10.607 0.0000000000
75840  -32.642  -0.298  10.907 0.0000000000
76690  -32.489  0.288  12.282 0.0000000000
78339  -30.555  2.402  14.155 0.0000000000
78348  -31.775  2.974  12.124 0.0000000000
79104  -29.212  3.646  14.164 0.0000000000
79113  -31.473  3.536  12.673 0.0000000000
79119  -31.145  4.106  11.299 0.0000000000
80570  -30.160  5.285  13.187 0.0000000000
105659  -26.964  -16.840  13.071 0.0000000000
105715  -33.201  -8.366  12.775 0.0000000000
109828  -28.563  -15.355  13.585 0.0000000000
110529  -31.334  -18.215  12.627 0.0000000000
111128  -32.545  -11.054  13.255 0.0000000000
112210  -33.427  -7.204  12.095 0.0000000000
112218  -33.499  -4.013  11.390 0.0000000000
113365  -32.331  -2.074  13.637 0.0000000000
113417  -29.712  -5.958  14.038 0.0000000000
114609  -25.260  -12.093  12.154 0.0000000000
114900  -26.875  -7.793  11.634 0.0000000000
115914  -33.592  -14.025  11.333 0.0000000000
117515  -33.554  -5.347  10.964 0.0000000000
117622  -27.288  -15.384  12.469 0.0000000000
117817  -26.631  -13.915  11.571 0.0000000000
118251  -27.439  -12.969  12.224 0.0000000000
118718  -27.208  -5.423  12.392 0.0000000000
119272  -32.508  -3.664  13.916 0.0000000000
119749  -32.367  -17.737  11.794 0.0000000000
120109  -27.964  -7.930  12.520 0.0000000000
