#!ascii label  , from subject sub-v1s7x0051322_ses-1 vox2ras=TkReg
2116
32436  -31.701  -52.128  18.846 0.5000000000
33385  -32.455  -51.924  18.414 0.5000000000
33384  -31.945  -51.355  18.526 0.4000000060
34173  -32.677  -50.502  17.775 0.5000000000
34989  -33.309  -49.347  16.871 0.5000000000
49360  -36.251  -31.035  12.303 0.5000000000
49359  -35.362  -31.359  12.634 0.4000000060
50178  -36.754  -30.338  11.974 0.4000000060
50177  -36.095  -30.781  12.570 0.4000000060
108121  -36.584  -30.478  12.840 0.6000000238
50163  -37.177  -30.909  14.491 0.5000000000
50164  -38.156  -30.779  14.721 0.5000000000
50162  -36.157  -30.961  14.203 0.5000000000
50151  -36.876  -31.396  16.054 0.5000000000
50152  -37.865  -31.337  16.145 0.5000000000
51017  -39.597  -30.732  16.241 0.4000000060
30547  -31.823  -54.186  19.365 0.5000000000
114077  -32.347  -53.205  18.726 0.4000000060
122410  -32.837  -52.389  18.208 0.5000000000
32438  -33.216  -52.509  17.655 0.5000000000
33402  -33.548  -51.106  16.740 0.5000000000
34184  -33.540  -50.371  16.262 0.5000000000
124523  -33.421  -49.894  16.602 0.5000000000
48507  -34.876  -33.304  13.564 0.5000000000
48508  -35.514  -33.090  13.629 0.5000000000
49344  -35.680  -31.993  12.672 0.5000000000
51034  -37.368  -30.213  12.690 0.6000000238
53457  -42.293  -27.436  16.954 0.3000000119
50165  -39.104  -30.648  15.021 0.4000000060
52642  -41.923  -28.137  17.154 0.3000000119
51000  -40.491  -30.401  17.365 0.4000000060
51820  -41.247  -29.375  17.678 0.4000000060
31417  -31.525  -53.460  19.406 0.5000000000
33396  -33.193  -51.132  17.560 0.5000000000
121326  -33.048  -51.824  17.959 0.5000000000
35805  -33.286  -48.461  17.058 0.5000000000
53456  -41.791  -27.701  17.873 0.3000000119
52641  -41.515  -28.545  17.740 0.3000000119
20050  -35.333  -66.735  15.096 0.3000000119
20986  -35.972  -65.825  14.839 0.3000000119
20051  -36.229  -66.558  14.293 0.4000000060
120991  -37.155  -65.443  14.224 0.4000000060
111198  -37.016  -66.620  13.637 0.4000000060
113442  -37.630  -65.966  13.611 0.4000000060
20988  -37.751  -65.074  13.967 0.4000000060
20055  -38.044  -66.988  12.896 0.4000000060
20993  -39.318  -65.273  13.018 0.4000000060
21876  -39.513  -64.448  13.290 0.4000000060
20970  -35.711  -65.370  15.437 0.3000000119
20971  -36.284  -65.062  15.064 0.3000000119
21854  -36.521  -64.305  15.281 0.4000000060
20987  -36.625  -65.406  14.585 0.4000000060
104466  -37.024  -64.780  14.613 0.4000000060
103150  -37.799  -64.311  14.377 0.4000000060
21875  -38.548  -64.595  13.707 0.4000000060
22757  -38.899  -63.770  13.781 0.4000000060
22759  -40.606  -63.254  13.090 0.4000000060
22758  -39.762  -63.579  13.473 0.4000000060
23593  -35.619  -62.880  17.084 0.3000000119
22724  -36.264  -62.989  16.278 0.3000000119
23587  -36.048  -62.190  16.840 0.3000000119
21855  -37.206  -63.925  14.918 0.4000000060
22738  -37.415  -63.213  15.212 0.4000000060
22747  -37.845  -63.571  14.647 0.4000000060
24441  -39.590  -61.357  14.427 0.4000000060
23619  -39.955  -62.618  13.637 0.4000000060
25242  -40.471  -59.706  14.684 0.4000000060
24442  -40.207  -60.599  14.415 0.4000000060
24449  -40.252  -61.565  13.848 0.4000000060
113078  -35.208  -62.895  17.838 0.3000000119
22714  -35.216  -63.477  17.520 0.3000000119
24420  -35.897  -61.547  17.418 0.3000000119
23595  -37.343  -62.001  15.711 0.3000000119
23602  -37.572  -62.580  15.345 0.3000000119
23609  -37.966  -62.840  14.836 0.4000000060
23610  -38.647  -62.483  14.566 0.4000000060
24434  -39.285  -60.806  14.862 0.4000000060
24440  -38.861  -61.624  14.739 0.4000000060
23611  -39.416  -62.135  14.252 0.4000000060
25241  -39.848  -60.080  14.964 0.4000000060
26950  -39.325  -58.149  15.974 0.4000000060
24419  -35.380  -61.684  18.232 0.3000000119
25224  -35.765  -61.033  17.933 0.3000000119
25225  -36.403  -60.776  17.354 0.3000000119
25231  -36.927  -60.877  16.701 0.4000000060
24426  -37.148  -61.397  16.239 0.4000000060
25232  -37.620  -60.566  16.308 0.4000000060
23603  -38.111  -62.018  15.210 0.4000000060
28760  -38.161  -57.107  17.640 0.3000000119
26085  -38.616  -59.093  16.487 0.4000000060
25239  -38.248  -60.598  15.771 0.4000000060
27865  -38.473  -57.635  17.121 0.3000000119
26092  -39.194  -59.200  15.906 0.4000000060
25240  -39.053  -60.127  15.455 0.4000000060
26949  -38.934  -58.019  16.660 0.4000000060
25182  -35.446  -59.800  22.064 0.3000000119
111309  -35.330  -59.937  21.252 0.3000000119
26875  -35.620  -58.316  23.478 0.3000000119
25204  -35.108  -61.091  19.571 0.3000000119
105275  -35.182  -60.365  19.942 0.3000000119
25219  -35.400  -61.016  18.682 0.3000000119
26058  -35.521  -59.567  19.562 0.3000000119
26924  -36.087  -58.735  19.252 0.3000000119
25220  -36.019  -60.291  18.184 0.3000000119
26077  -36.630  -59.470  18.054 0.3000000119
26940  -37.179  -58.861  17.966 0.3000000119
27854  -37.662  -57.442  18.407 0.3000000119
25226  -37.115  -60.213  16.994 0.3000000119
27864  -38.084  -57.602  17.749 0.3000000119
26941  -37.799  -58.469  17.600 0.4000000060
110063  -37.783  -55.952  18.031 0.3000000119
28768  -38.280  -57.234  17.009 0.4000000060
29639  -37.586  -55.932  17.151 0.4000000060
28776  -38.363  -57.154  16.186 0.4000000060
112916  -35.437  -58.421  22.230 0.3000000119
26043  -35.410  -59.064  20.927 0.3000000119
27807  -35.562  -57.662  22.896 0.3000000119
26908  -35.698  -58.361  20.593 0.3000000119
27842  -37.029  -57.151  19.607 0.3000000119
26909  -36.201  -57.958  19.877 0.3000000119
28738  -37.596  -56.342  19.480 0.3000000119
27853  -36.896  -57.848  18.931 0.3000000119
29618  -37.711  -55.563  19.359 0.3000000119
110958  -37.998  -56.914  18.244 0.3000000119
29631  -37.689  -55.453  18.686 0.3000000119
117206  -37.538  -55.390  18.224 0.3000000119
116730  -37.326  -55.342  17.674 0.3000000119
116679  -36.769  -54.627  17.475 0.3000000119
28775  -37.885  -56.375  15.720 0.4000000060
27797  -35.659  -57.679  23.722 0.3000000119
27779  -35.849  -57.346  24.302 0.3000000119
26897  -35.550  -58.267  21.404 0.3000000119
28712  -35.837  -56.981  22.218 0.3000000119
28651  -36.391  -56.377  25.117 0.3000000119
29531  -36.853  -55.657  25.406 0.3000000119
27817  -35.953  -57.318  21.478 0.3000000119
28704  -36.261  -56.067  22.402 0.3000000119
110785  -37.509  -55.019  25.522 0.3000000119
30529  -37.319  -54.513  20.756 0.3000000119
29597  -37.129  -55.968  20.914 0.3000000119
123645  -36.619  -57.220  20.254 0.3000000119
114071  -37.622  -55.028  20.006 0.3000000119
28723  -37.556  -55.741  20.079 0.3000000119
30550  -37.374  -54.318  20.031 0.3000000119
30563  -37.549  -54.780  19.280 0.3000000119
30572  -36.611  -53.935  18.173 0.3000000119
30582  -37.008  -55.218  16.797 0.4000000060
30581  -36.448  -54.324  16.501 0.4000000060
110895  -37.180  -54.782  14.959 0.5000000000
28703  -35.812  -56.751  22.905 0.3000000119
28669  -36.026  -56.416  24.300 0.3000000119
28687  -36.003  -56.153  23.350 0.3000000119
29551  -36.421  -55.576  24.746 0.3000000119
28713  -36.408  -56.468  21.577 0.3000000119
30522  -36.680  -55.082  22.199 0.3000000119
30469  -38.208  -54.402  25.447 0.3000000119
30470  -39.100  -54.508  25.669 0.3000000119
30523  -37.010  -54.352  21.693 0.3000000119
29586  -36.703  -55.723  21.648 0.3000000119
31341  -39.611  -53.877  25.324 0.3000000119
31399  -37.116  -53.739  20.645 0.3000000119
30489  -40.406  -54.037  25.138 0.3000000119
31419  -36.584  -53.166  19.561 0.3000000119
30549  -37.156  -53.967  19.443 0.3000000119
31372  -41.781  -53.169  23.666 0.3000000119
119245  -37.147  -54.214  18.837 0.3000000119
31433  -36.164  -52.972  18.639 0.3000000119
31441  -36.011  -53.238  17.640 0.3000000119
31442  -36.333  -53.937  17.315 0.3000000119
31449  -36.171  -53.467  15.921 0.4000000060
30585  -36.639  -54.172  15.475 0.5000000000
30501  -36.552  -54.627  23.444 0.3000000119
115211  -36.580  -54.794  24.331 0.3000000119
30468  -37.466  -54.301  25.099 0.3000000119
30509  -36.759  -54.238  22.631 0.3000000119
31370  -36.893  -53.710  23.392 0.3000000119
31355  -37.131  -53.593  24.153 0.3000000119
30488  -37.478  -53.758  24.665 0.3000000119
31393  -37.075  -53.687  21.386 0.3000000119
31339  -38.030  -53.697  24.979 0.3000000119
31398  -36.733  -53.017  20.415 0.3000000119
31358  -39.315  -53.202  24.920 0.3000000119
32368  -40.477  -52.498  24.147 0.3000000119
32369  -41.197  -52.449  23.697 0.3000000119
109034  -42.005  -51.016  22.249 0.3000000119
33316  -41.921  -51.711  22.742 0.3000000119
32425  -36.130  -52.397  19.370 0.3000000119
33371  -35.752  -51.869  18.810 0.3000000119
32445  -35.694  -52.399  17.890 0.3000000119
121597  -35.997  -53.415  16.759 0.3000000119
31380  -37.198  -53.069  22.809 0.3000000119
31371  -37.376  -52.960  23.654 0.3000000119
32406  -36.917  -52.969  21.203 0.3000000119
32392  -37.106  -52.860  22.037 0.3000000119
30510  -37.005  -53.609  22.185 0.3000000119
123682  -37.294  -52.549  22.579 0.3000000119
32366  -37.821  -52.255  23.856 0.3000000119
32367  -38.271  -51.810  23.844 0.3000000119
31356  -37.777  -53.047  24.388 0.3000000119
32405  -36.641  -52.172  20.890 0.3000000119
32391  -36.959  -52.105  21.649 0.3000000119
33332  -37.644  -51.365  22.715 0.3000000119
33333  -38.153  -50.866  23.014 0.3000000119
33312  -38.544  -51.269  23.528 0.3000000119
33299  -39.679  -51.925  24.087 0.3000000119
33358  -36.442  -51.262  20.532 0.3000000119
123100  -40.099  -50.164  22.731 0.3000000119
34088  -39.849  -50.587  23.207 0.3000000119
34927  -40.459  -49.805  22.277 0.3000000119
34110  -40.640  -50.438  22.776 0.3000000119
34089  -40.638  -51.088  23.291 0.3000000119
34953  -41.634  -49.786  20.349 0.3000000119
120709  -41.736  -49.985  21.349 0.3000000119
113972  -35.547  -51.541  17.894 0.4000000060
122978  -42.706  -50.330  20.329 0.3000000119
109015  -35.586  -51.954  17.269 0.4000000060
34164  -42.906  -51.208  16.639 0.3000000119
32451  -35.653  -51.915  16.529 0.3000000119
31454  -36.136  -52.692  15.564 0.4000000060
34178  -44.142  -51.245  16.372 0.3000000119
31455  -36.443  -52.575  14.995 0.5000000000
31462  -36.898  -52.907  14.548 0.5000000000
120617  -36.821  -51.450  21.243 0.3000000119
33344  -37.278  -51.183  21.889 0.3000000119
34123  -38.089  -50.035  21.995 0.3000000119
34108  -38.500  -50.230  22.539 0.3000000119
34937  -39.924  -49.400  21.653 0.3000000119
121541  -35.782  -51.089  19.296 0.4000000060
34124  -40.959  -49.556  21.232 0.3000000119
34137  -41.992  -50.130  19.346 0.3000000119
109329  -35.526  -50.726  17.816 0.4000000060
116329  -35.575  -51.223  17.044 0.5000000000
34149  -41.915  -50.486  17.649 0.3000000119
34163  -42.221  -50.926  16.820 0.4000000060
124165  -42.808  -50.839  16.524 0.4000000060
33408  -35.762  -51.385  15.891 0.5000000000
114947  -36.193  -51.892  15.276 0.6000000238
34177  -43.204  -51.170  16.404 0.3000000119
32464  -36.708  -52.068  14.620 0.6000000238
32465  -37.322  -52.382  14.094 0.6000000238
34136  -37.274  -49.805  20.858 0.3000000119
34949  -38.648  -49.187  20.968 0.3000000119
108857  -36.147  -50.711  19.857 0.3000000119
34936  -37.992  -49.638  21.398 0.3000000119
34950  -39.395  -49.181  21.075 0.3000000119
34951  -40.151  -49.182  20.333 0.4000000060
34147  -35.870  -50.374  19.224 0.4000000060
103725  -41.266  -49.826  18.892 0.4000000060
34964  -41.366  -49.952  17.670 0.4000000060
34990  -35.658  -49.569  17.430 0.5000000000
34975  -41.749  -50.410  16.989 0.4000000060
35792  -41.910  -49.933  17.130 0.4000000060
35793  -43.412  -49.686  17.591 0.4000000060
34998  -35.683  -49.862  16.622 0.5000000000
35006  -35.745  -50.081  15.991 0.6000000238
34976  -42.224  -50.767  16.765 0.4000000060
34977  -44.009  -50.217  17.123 0.4000000060
34978  -45.369  -49.452  17.601 0.4000000060
34200  -36.355  -50.528  15.111 0.6000000238
34991  -44.455  -50.696  16.605 0.3000000119
34201  -36.945  -50.535  14.554 0.6000000238
33417  -37.278  -51.423  14.208 0.6000000238
33423  -37.862  -51.274  13.590 0.6999999881
34135  -36.623  -50.251  20.425 0.3000000119
34948  -37.914  -49.194  20.675 0.3000000119
35767  -39.339  -48.872  20.274 0.3000000119
34148  -36.333  -49.893  19.713 0.3000000119
34960  -36.556  -49.149  19.382 0.3000000119
34962  -40.522  -49.233  18.808 0.4000000060
34973  -35.738  -49.437  18.268 0.5000000000
34963  -41.018  -49.628  18.176 0.4000000060
35791  -41.432  -49.933  17.544 0.4000000060
34974  -36.203  -48.854  18.641 0.5000000000
35789  -35.895  -48.779  17.836 0.5000000000
35806  -35.858  -49.039  16.898 0.6000000238
35794  -44.921  -48.990  18.240 0.4000000060
114687  -45.957  -48.418  18.318 0.4000000060
35015  -36.652  -49.799  14.942 0.6000000238
35795  -46.440  -48.802  17.666 0.4000000060
35796  -47.433  -48.201  17.437 0.4000000060
34209  -37.651  -50.480  13.879 0.6999999881
105904  -39.089  -51.278  12.711 0.6999999881
33424  -38.538  -51.691  13.068 0.6999999881
34961  -37.171  -48.863  19.680 0.4000000060
35766  -38.575  -48.770  20.186 0.4000000060
35776  -39.193  -48.508  19.474 0.4000000060
108859  -40.365  -48.768  18.504 0.4000000060
35773  -36.869  -48.331  18.918 0.4000000060
35774  -37.697  -48.259  19.268 0.4000000060
35778  -40.920  -49.279  18.116 0.4000000060
36590  -37.503  -47.701  18.669 0.4000000060
106352  -41.188  -49.648  17.807 0.4000000060
102972  -42.117  -48.951  18.251 0.4000000060
35780  -43.410  -48.716  18.669 0.4000000060
35781  -44.542  -48.374  18.899 0.4000000060
35782  -45.534  -47.937  18.919 0.4000000060
36614  -36.674  -47.816  16.580 0.6000000238
107981  -46.837  -47.922  18.249 0.4000000060
36622  -36.728  -48.310  15.814 0.6000000238
35823  -37.135  -48.489  15.149 0.6999999881
35830  -37.621  -48.788  14.373 0.6999999881
36604  -48.088  -47.365  17.346 0.4000000060
35023  -37.909  -49.526  13.792 0.6999999881
36577  -40.169  -48.019  18.464 0.4000000060
36589  -36.916  -47.716  18.321 0.4000000060
114330  -39.632  -47.828  18.572 0.4000000060
35779  -41.132  -48.962  18.063 0.4000000060
36602  -36.814  -47.531  17.564 0.6000000238
112116  -37.377  -47.254  18.085 0.5000000000
36580  -43.362  -47.844  19.458 0.4000000060
36615  -37.231  -47.150  16.810 0.6999999881
36582  -45.141  -47.406  19.491 0.4000000060
36623  -37.333  -47.624  15.792 0.6999999881
36583  -46.082  -47.013  19.390 0.4000000060
36630  -37.767  -47.899  14.790 0.6999999881
36594  -47.517  -47.331  18.016 0.4000000060
122181  -47.587  -46.652  18.347 0.4000000060
35837  -38.348  -48.756  13.680 0.6999999881
37441  -48.594  -46.625  17.259 0.4000000060
116383  -38.316  -50.155  13.402 0.6999999881
108883  -40.253  -51.494  12.171 0.6999999881
38354  -49.861  -45.268  15.703 0.4000000060
38355  -50.225  -44.785  14.776 0.4000000060
37411  -38.532  -46.856  18.278 0.4000000060
36592  -39.881  -47.176  18.492 0.4000000060
36578  -40.712  -48.413  18.410 0.4000000060
36603  -37.405  -47.012  17.510 0.6999999881
37412  -39.424  -46.441  18.177 0.5000000000
108128  -42.448  -47.770  19.178 0.4000000060
37446  -37.807  -46.757  16.240 0.6999999881
121598  -44.027  -47.174  19.989 0.4000000060
37400  -45.477  -46.636  19.918 0.4000000060
37401  -46.119  -46.188  19.947 0.4000000060
36631  -38.550  -47.327  14.277 0.6999999881
37402  -46.737  -46.237  19.393 0.4000000060
37417  -47.984  -46.035  18.313 0.4000000060
37430  -48.493  -45.984  17.760 0.4000000060
38338  -48.763  -45.337  17.633 0.4000000060
35024  -38.699  -49.502  13.188 0.6999999881
37431  -49.012  -45.848  17.215 0.4000000060
35031  -39.772  -49.568  12.524 0.6999999881
39202  -49.710  -44.453  15.428 0.4000000060
39208  -49.446  -43.756  14.666 0.4000000060
118836  -41.616  -46.485  18.954 0.4000000060
118713  -40.760  -47.095  18.715 0.4000000060
36579  -41.678  -47.399  18.971 0.4000000060
38320  -40.069  -45.841  17.999 0.6000000238
37413  -40.318  -46.300  18.403 0.5000000000
107819  -42.315  -46.290  19.367 0.5000000000
37398  -42.646  -46.891  19.595 0.4000000060
36613  -34.207  -47.240  16.557 0.4000000060
37444  -34.662  -46.905  15.939 0.5000000000
37429  -39.486  -45.812  17.584 0.6000000238
37390  -44.255  -46.484  20.224 0.4000000060
38351  -39.051  -45.702  16.278 0.6000000238
37392  -45.612  -46.044  20.226 0.4000000060
37447  -38.517  -46.273  15.761 0.6000000238
38309  -46.549  -45.522  19.846 0.4000000060
37455  -38.846  -46.452  14.812 0.6999999881
38323  -47.755  -45.364  18.718 0.4000000060
37463  -39.270  -46.584  14.023 0.6999999881
38324  -48.357  -45.316  18.175 0.4000000060
35839  -39.871  -47.848  12.849 0.6999999881
39195  -49.031  -44.196  16.940 0.4000000060
39961  -49.172  -43.760  15.593 0.4000000060
39967  -48.882  -43.138  14.751 0.4000000060
41619  -50.126  -42.023  14.299 0.4000000060
38321  -40.809  -45.594  18.178 0.6000000238
38307  -41.938  -45.674  18.954 0.5000000000
105011  -43.360  -45.212  20.175 0.5000000000
37425  -34.208  -46.747  17.439 0.3000000119
37437  -34.634  -46.794  16.740 0.4000000060
37438  -35.125  -46.434  16.554 0.5000000000
38336  -40.543  -45.389  17.491 0.6000000238
38298  -43.795  -45.925  20.287 0.4000000060
37448  -39.408  -45.759  15.299 0.6000000238
38300  -45.290  -45.561  20.372 0.5000000000
38361  -40.661  -45.288  14.899 0.6999999881
39158  -46.265  -44.877  20.151 0.4000000060
38367  -41.040  -45.521  13.827 0.8000000119
37456  -39.766  -45.880  14.305 0.6999999881
39168  -47.471  -44.658  19.088 0.4000000060
39179  -48.079  -44.597  18.478 0.4000000060
39180  -48.642  -44.557  17.741 0.4000000060
39960  -48.693  -43.465  16.329 0.4000000060
40807  -49.174  -42.473  14.489 0.4000000060
41613  -51.697  -40.971  14.733 0.4000000060
38337  -41.236  -45.049  17.795 0.6000000238
39165  -41.999  -44.709  18.926 0.6000000238
38308  -42.611  -45.249  19.563 0.5000000000
37426  -34.838  -46.423  17.228 0.4000000060
38352  -40.201  -45.394  15.928 0.6000000238
38342  -35.688  -45.902  16.381 0.5000000000
113702  -41.316  -44.980  15.065 0.6999999881
38353  -41.189  -45.084  15.733 0.6999999881
114904  -44.855  -44.981  20.472 0.5000000000
38349  -35.900  -45.874  15.613 0.5000000000
39207  -41.410  -44.731  14.588 0.6999999881
38362  -41.444  -45.072  14.249 0.6999999881
123793  -45.094  -44.365  20.476 0.5000000000
39205  -37.057  -45.013  14.740 0.6999999881
38350  -36.425  -45.512  15.250 0.6000000238
39212  -41.809  -44.904  12.748 0.6999999881
39211  -41.647  -44.903  13.660 0.6999999881
38368  -41.671  -45.258  13.123 0.6999999881
39920  -45.616  -43.985  20.315 0.5000000000
111212  -37.776  -43.446  14.200 0.6999999881
103128  -37.506  -44.187  14.470 0.6999999881
38376  -41.766  -45.709  12.382 0.6999999881
39930  -47.049  -43.983  19.399 0.4000000060
38369  -41.871  -45.253  12.279 0.6999999881
38377  -41.857  -45.820  11.966 0.8000000119
39940  -47.673  -43.784  18.692 0.4000000060
39941  -48.264  -43.963  18.149 0.4000000060
39952  -48.438  -43.603  17.371 0.4000000060
39966  -48.580  -43.045  15.458 0.4000000060
41611  -49.822  -41.611  15.035 0.4000000060
41612  -50.825  -41.352  14.954 0.4000000060
104592  -41.765  -44.079  18.600 0.6000000238
39927  -42.034  -43.801  19.171 0.6000000238
39166  -42.521  -44.224  19.595 0.6000000238
39156  -42.992  -44.567  20.022 0.5000000000
38319  -34.912  -45.441  18.090 0.4000000060
38334  -35.319  -45.837  17.375 0.4000000060
38335  -36.014  -45.269  17.099 0.6999999881
39938  -41.175  -43.535  17.414 0.6999999881
39188  -41.357  -44.436  17.528 0.6000000238
40741  -42.926  -42.963  20.303 0.5000000000
38343  -36.272  -45.371  16.154 0.6999999881
39965  -41.163  -43.925  15.191 0.6999999881
118098  -40.799  -43.490  15.863 0.6999999881
39959  -41.290  -44.281  16.016 0.6999999881
39194  -41.345  -44.900  16.244 0.6999999881
39917  -43.431  -43.516  20.385 0.5000000000
39919  -44.843  -43.734  20.484 0.5000000000
39199  -36.847  -44.842  15.784 0.6999999881
39201  -41.385  -44.783  15.504 0.6999999881
40745  -45.988  -43.339  19.937 0.5000000000
39200  -37.364  -44.268  15.415 0.6999999881
40814  -40.271  -42.853  13.797 0.6999999881
124078  -41.431  -44.527  13.906 0.6999999881
40754  -46.406  -42.791  19.451 0.4000000060
39964  -37.669  -43.550  15.086 0.6999999881
40815  -40.568  -43.301  12.873 0.6999999881
39978  -41.684  -44.563  12.455 0.6999999881
41618  -39.896  -41.442  13.999 0.6000000238
106804  -40.603  -43.174  11.992 0.6000000238
39226  -41.439  -44.465  11.848 0.6999999881
40755  -47.078  -43.177  19.115 0.4000000060
40778  -47.895  -42.886  17.478 0.4000000060
40804  -38.224  -41.897  13.629 0.6999999881
41627  -39.850  -41.480  13.016 0.6000000238
39951  -48.030  -43.391  18.064 0.4000000060
41634  -39.902  -41.637  12.011 0.6000000238
40792  -47.990  -42.307  16.100 0.4000000060
41600  -48.132  -41.673  15.682 0.4000000060
41610  -48.808  -41.790  15.199 0.4000000060
42425  -51.342  -40.586  15.434 0.4000000060
39928  -42.330  -43.223  19.787 0.6000000238
39947  -35.899  -44.048  18.121 0.6000000238
39186  -36.153  -44.570  17.558 0.6000000238
39192  -36.611  -44.605  16.818 0.6999999881
41584  -40.386  -41.856  17.565 0.6000000238
40777  -40.946  -42.575  17.868 0.6999999881
40763  -41.299  -42.524  18.616 0.6999999881
39939  -41.624  -43.332  18.782 0.6000000238
108791  -40.469  -42.947  15.337 0.6000000238
40790  -40.317  -42.659  16.196 0.6000000238
102857  -40.568  -42.709  17.084 0.6999999881
40805  -40.109  -42.281  14.577 0.6000000238
40743  -44.455  -42.993  20.470 0.5000000000
104873  -37.702  -42.946  15.798 0.6999999881
39193  -37.192  -44.124  16.331 0.6999999881
40753  -45.650  -42.526  19.827 0.4000000060
40803  -37.935  -42.675  14.627 0.6999999881
123979  -40.041  -42.030  13.648 0.6999999881
41608  -38.255  -41.215  14.247 0.6999999881
40765  -46.807  -42.376  18.824 0.4000000060
40766  -47.493  -42.825  18.306 0.4000000060
42439  -39.711  -40.743  13.287 0.6000000238
41574  -47.021  -42.025  18.009 0.4000000060
40791  -47.683  -42.296  16.824 0.4000000060
111552  -38.428  -41.562  12.836 0.6999999881
41626  -38.570  -41.210  12.294 0.6999999881
41633  -38.800  -41.024  11.949 0.6999999881
41639  -39.095  -41.647  11.806 0.6000000238
42423  -49.465  -40.984  15.627 0.4000000060
42407  -50.951  -40.146  16.050 0.4000000060
43238  -51.764  -39.867  15.908 0.4000000060
43224  -52.082  -39.129  16.335 0.3000000119
123243  -41.903  -43.222  19.330 0.6000000238
40762  -35.375  -43.315  18.327 0.5000000000
41583  -39.846  -41.043  17.014 0.6000000238
106575  -40.333  -41.097  17.966 0.6000000238
41570  -40.871  -41.650  18.438 0.6000000238
40751  -41.758  -42.557  19.397 0.6000000238
40752  -42.388  -42.202  20.057 0.6000000238
39948  -36.525  -43.972  17.605 0.5000000000
123286  -39.695  -40.486  16.483 0.6000000238
41597  -39.869  -41.706  16.091 0.6000000238
41551  -42.837  -41.668  20.220 0.5000000000
40742  -43.663  -42.923  20.465 0.5000000000
39957  -37.014  -43.892  17.081 0.6999999881
108443  -43.169  -42.254  20.376 0.5000000000
112225  -43.992  -42.265  20.436 0.4000000060
115923  -44.834  -42.342  20.236 0.4000000060
40789  -37.627  -42.330  16.609 0.8000000119
110865  -39.682  -40.106  15.951 0.6000000238
41562  -45.221  -41.619  19.665 0.4000000060
41563  -46.119  -41.953  19.271 0.4000000060
40795  -37.883  -42.114  15.587 0.6999999881
115678  -39.786  -40.848  14.287 0.6000000238
42433  -39.779  -40.197  14.033 0.6000000238
41617  -38.426  -41.157  13.172 0.6999999881
115871  -39.672  -40.017  13.076 0.6000000238
41586  -47.166  -41.694  17.078 0.4000000060
41599  -47.623  -41.659  16.262 0.4000000060
42438  -38.579  -40.544  12.605 0.6999999881
114344  -38.808  -39.915  12.208 0.6999999881
42448  -38.993  -40.044  11.980 0.6999999881
43254  -39.606  -39.462  12.527 0.6999999881
42404  -48.277  -40.396  16.143 0.4000000060
42405  -49.181  -40.317  16.162 0.4000000060
43263  -39.049  -39.172  11.984 0.6999999881
43220  -48.949  -39.674  16.417 0.4000000060
44042  -50.192  -39.030  16.844 0.3000000119
42406  -50.083  -40.289  16.142 0.4000000060
44022  -51.628  -38.198  17.209 0.4000000060
43223  -51.316  -39.445  16.421 0.3000000119
107359  -40.696  -39.771  18.466 0.6000000238
42375  -40.736  -40.650  18.565 0.6000000238
41571  -41.265  -41.075  19.109 0.6000000238
42364  -41.836  -40.728  19.465 0.6000000238
41560  -42.366  -41.297  19.865 0.5000000000
40775  -36.555  -42.561  17.976 0.6000000238
39949  -36.901  -43.273  17.574 0.6000000238
120865  -40.220  -39.566  17.830 0.6000000238
43183  -40.638  -38.962  18.114 0.6000000238
42358  -43.037  -41.068  20.048 0.5000000000
40776  -37.235  -42.467  17.479 0.6999999881
43201  -40.147  -39.018  17.265 0.6000000238
42367  -44.225  -40.532  19.448 0.5000000000
41561  -44.539  -41.103  19.681 0.4000000060
41553  -44.334  -41.645  20.143 0.4000000060
43237  -39.836  -39.603  14.964 0.6000000238
43216  -39.846  -39.300  16.213 0.6000000238
42368  -45.021  -40.797  19.215 0.5000000000
41572  -45.794  -41.174  18.945 0.5000000000
41607  -38.111  -41.350  15.345 0.8000000119
41596  -37.835  -41.514  16.335 0.8000000119
42379  -46.072  -40.929  18.091 0.4000000060
41573  -46.437  -41.608  18.492 0.4000000060
44067  -40.093  -38.856  14.458 0.6000000238
41585  -46.623  -41.338  17.627 0.4000000060
42432  -38.394  -40.509  13.648 0.6999999881
43248  -39.883  -39.413  13.557 0.6999999881
44831  -48.187  -37.591  17.177 0.5000000000
44039  -47.948  -38.811  16.142 0.5000000000
110312  -48.007  -39.412  16.220 0.5000000000
42403  -46.953  -40.376  16.333 0.4000000060
42394  -46.774  -41.064  16.863 0.4000000060
113947  -38.507  -39.849  12.990 0.6999999881
43259  -39.019  -39.234  11.995 0.6999999881
43260  -39.204  -39.381  12.078 0.6999999881
44073  -39.927  -38.844  12.664 0.6999999881
44814  -48.314  -37.135  18.155 0.5000000000
44832  -48.771  -37.710  17.522 0.5000000000
44019  -49.117  -38.428  17.111 0.4000000060
44040  -48.755  -39.064  16.536 0.4000000060
45726  -48.858  -36.360  19.444 0.4000000060
44815  -49.003  -37.294  18.349 0.5000000000
44833  -49.430  -37.780  17.700 0.4000000060
44020  -49.830  -38.443  17.276 0.4000000060
44041  -49.430  -39.010  16.756 0.4000000060
45727  -49.759  -36.266  19.419 0.4000000060
45737  -49.332  -36.945  19.061 0.4000000060
44816  -49.836  -37.322  18.336 0.4000000060
44834  -50.287  -37.810  17.724 0.4000000060
44021  -50.767  -38.444  17.219 0.4000000060
43184  -41.395  -39.206  18.719 0.6000000238
43175  -41.983  -39.869  19.312 0.6000000238
41580  -36.003  -41.872  18.126 0.5000000000
44012  -40.705  -38.309  17.503 0.6000000238
43997  -41.251  -38.378  18.125 0.6000000238
43998  -41.947  -38.432  18.450 0.6000000238
43186  -43.308  -39.234  18.743 0.5000000000
43177  -43.794  -39.888  19.155 0.5000000000
42365  -42.544  -40.520  19.652 0.5000000000
41581  -36.893  -41.720  17.973 0.6000000238
41582  -37.478  -41.600  17.290 0.6999999881
44826  -40.885  -37.687  16.969 0.6000000238
43187  -44.230  -39.508  18.424 0.5000000000
42390  -37.153  -40.709  17.715 0.6000000238
44052  -40.015  -38.862  15.489 0.6000000238
44035  -40.345  -38.381  16.451 0.6000000238
43188  -45.032  -39.906  17.979 0.5000000000
42377  -44.641  -40.166  18.815 0.5000000000
42419  -38.008  -40.863  15.988 0.8000000119
43218  -46.983  -39.496  15.961 0.5000000000
43203  -45.488  -39.712  16.965 0.5000000000
42392  -45.733  -40.340  17.548 0.5000000000
42378  -45.416  -40.533  18.469 0.5000000000
42420  -38.316  -40.492  15.044 0.8000000119
44863  -40.743  -37.492  14.768 0.6000000238
44830  -47.665  -37.393  16.621 0.5000000000
116084  -47.497  -37.847  15.042 0.5000000000
44851  -47.890  -38.160  16.209 0.5000000000
43204  -46.269  -40.139  16.552 0.5000000000
113953  -38.410  -39.762  14.146 0.8000000119
124526  -40.145  -38.714  13.415 0.6999999881
44018  -48.534  -38.454  16.686 0.5000000000
44072  -38.596  -38.428  12.717 0.8000000119
44082  -39.821  -38.303  12.060 0.6999999881
44074  -40.285  -38.075  12.554 0.6999999881
45749  -47.046  -36.707  17.355 0.5000000000
45735  -47.743  -36.724  18.825 0.4000000060
44089  -39.226  -38.626  11.982 0.6999999881
43185  -42.347  -39.132  18.907 0.5000000000
114823  -35.317  -41.349  17.819 0.5000000000
44013  -41.226  -37.880  17.590 0.6000000238
44813  -41.761  -37.855  17.930 0.6000000238
44000  -43.785  -38.814  18.005 0.5000000000
42389  -36.207  -41.026  18.071 0.5000000000
43202  -44.653  -39.286  17.467 0.5000000000
42388  -35.151  -40.456  17.609 0.5000000000
115441  -36.326  -40.070  17.887 0.5000000000
44846  -40.776  -37.625  15.998 0.6000000238
113432  -41.250  -37.270  16.448 0.6000000238
44037  -45.720  -38.790  15.259 0.5000000000
43217  -45.988  -39.502  15.926 0.5000000000
44053  -40.375  -38.242  15.227 0.6000000238
44864  -41.210  -36.966  15.545 0.6000000238
44056  -47.116  -38.202  13.455 0.5000000000
44038  -46.764  -38.727  15.021 0.5000000000
42401  -38.032  -40.153  16.223 0.6999999881
106629  -47.535  -38.421  15.641 0.5000000000
43215  -38.321  -39.448  15.417 0.6999999881
44879  -40.723  -37.435  13.184 0.6999999881
45764  -47.237  -37.023  15.974 0.5000000000
119260  -38.441  -39.070  14.444 0.6999999881
45734  -46.984  -36.463  18.498 0.4000000060
43247  -38.479  -39.117  13.415 0.8000000119
44897  -39.009  -38.282  11.889 0.6999999881
45724  -47.170  -36.189  19.231 0.5000000000
46680  -46.794  -35.288  19.496 0.5000000000
114129  -38.506  -38.434  13.918 0.6999999881
44081  -38.882  -38.558  12.048 0.8000000119
45725  -48.001  -36.366  19.357 0.4000000060
46683  -49.349  -35.470  19.794 0.5000000000
49300  -50.552  -32.494  19.560 0.4000000060
49301  -51.418  -32.384  19.415 0.5000000000
50106  -51.659  -31.716  18.927 0.5000000000
49313  -53.201  -32.334  19.094 0.5000000000
49302  -52.297  -32.308  19.252 0.5000000000
120339  -52.617  -31.590  18.597 0.5000000000
44014  -42.389  -38.018  18.074 0.6000000238
44015  -43.272  -38.058  17.626 0.5000000000
44848  -42.482  -37.142  16.782 0.6000000238
122909  -43.133  -37.508  17.059 0.6000000238
44829  -43.937  -37.876  16.704 0.6000000238
44036  -44.860  -38.524  15.924 0.5000000000
44016  -44.318  -38.538  17.103 0.5000000000
44017  -45.207  -39.154  16.376 0.5000000000
108044  -35.513  -39.439  17.550 0.5000000000
115037  -37.049  -39.802  17.633 0.5000000000
45762  -42.639  -36.674  16.099 0.6000000238
44849  -43.513  -37.233  16.170 0.6000000238
43199  -37.367  -39.178  17.317 0.6000000238
44055  -46.328  -38.577  13.830 0.5000000000
43214  -37.969  -39.318  16.591 0.6999999881
45776  -42.341  -36.138  15.314 0.6000000238
113294  -47.348  -37.248  14.601 0.5000000000
44034  -38.238  -38.642  16.097 0.6999999881
45775  -41.700  -36.315  15.013 0.6000000238
45733  -46.209  -36.144  18.116 0.6000000238
45748  -46.325  -36.282  16.871 0.4000000060
46692  -45.638  -35.522  18.655 0.5000000000
44890  -40.618  -37.236  11.930 0.6999999881
44083  -40.155  -37.632  11.861 0.6999999881
45723  -46.326  -35.919  19.044 0.5000000000
123011  -48.167  -32.483  19.583 0.4000000060
106418  -49.083  -32.061  19.361 0.4000000060
45804  -40.815  -36.526  11.801 0.6999999881
49299  -49.697  -32.635  19.630 0.4000000060
44889  -39.536  -37.004  11.794 0.6999999881
50105  -50.828  -31.767  19.129 0.4000000060
110695  -38.673  -37.754  13.221 0.6999999881
50121  -53.697  -31.781  18.520 0.5000000000
44850  -44.436  -37.829  15.692 0.5000000000
45777  -43.407  -36.524  15.383 0.6000000238
44865  -44.477  -37.343  14.679 0.5000000000
44054  -45.410  -38.321  14.377 0.5000000000
43197  -35.695  -38.609  17.423 0.6000000238
44010  -36.358  -38.368  17.480 0.6000000238
44867  -46.133  -38.456  12.899 0.5000000000
44011  -37.037  -38.429  17.417 0.6000000238
46727  -43.301  -35.863  14.493 0.5000000000
107125  -44.138  -36.401  14.342 0.5000000000
45779  -47.391  -37.721  13.321 0.5000000000
45763  -46.573  -36.483  15.417 0.5000000000
115857  -37.767  -38.442  16.895 0.6999999881
46726  -42.153  -35.844  14.408 0.6000000238
46714  -45.652  -35.692  16.386 0.6000000238
46701  -45.487  -35.601  17.629 0.5000000000
118748  -38.150  -38.149  16.427 0.6999999881
45790  -41.148  -36.716  12.350 0.6999999881
48459  -45.588  -33.592  19.456 0.5000000000
49297  -46.626  -32.286  19.533 0.4000000060
44051  -38.458  -38.548  15.108 0.6999999881
46679  -45.865  -35.144  19.289 0.5000000000
47586  -46.147  -34.415  19.542 0.5000000000
48460  -46.562  -33.403  19.621 0.4000000060
107144  -47.425  -32.168  19.516 0.4000000060
44862  -38.611  -37.785  14.555 0.6999999881
44899  -40.198  -36.878  11.662 0.6999999881
120918  -49.272  -31.212  18.678 0.4000000060
50987  -49.803  -30.654  17.904 0.4000000060
45803  -39.648  -36.508  12.060 0.6999999881
50104  -49.951  -31.840  19.223 0.4000000060
50988  -50.730  -30.743  17.792 0.4000000060
120996  -38.875  -37.264  13.901 0.6999999881
44878  -39.131  -37.009  12.717 0.6999999881
50119  -50.240  -31.221  18.543 0.4000000060
51005  -51.839  -30.478  16.763 0.4000000060
50139  -53.293  -31.150  17.916 0.5000000000
51006  -52.862  -30.627  17.129 0.5000000000
44866  -45.732  -38.114  12.754 0.5000000000
45793  -45.176  -36.883  13.036 0.5000000000
44880  -46.455  -37.710  11.340 0.5000000000
44891  -47.157  -37.976  11.047 0.5000000000
45778  -47.137  -36.838  13.331 0.5000000000
44824  -36.595  -37.796  17.400 0.6000000238
44825  -37.300  -37.712  17.228 0.6000000238
45792  -44.686  -35.895  12.906 0.5000000000
44075  -47.053  -38.244  11.542 0.5000000000
44844  -37.910  -37.622  16.710 0.6999999881
46729  -45.972  -35.840  14.859 0.6000000238
46740  -42.756  -35.620  13.881 0.6000000238
46739  -42.248  -35.651  12.893 0.6999999881
46691  -45.041  -35.047  18.317 0.5000000000
49296  -45.733  -32.734  19.512 0.4000000060
45805  -41.501  -35.915  11.983 0.8000000119
47597  -44.933  -34.393  18.766 0.5000000000
48458  -44.876  -33.578  19.124 0.5000000000
50967  -47.772  -31.124  19.151 0.4000000060
50118  -48.444  -31.533  19.210 0.4000000060
50986  -49.076  -30.467  18.131 0.4000000060
44845  -38.445  -37.820  15.855 0.6999999881
46762  -43.036  -34.846  10.950 0.6000000238
45814  -40.384  -36.279  11.753 0.6999999881
46761  -42.119  -35.154  11.718 0.6000000238
51003  -50.202  -30.239  17.052 0.4000000060
45788  -39.232  -36.658  14.070 0.6999999881
45789  -39.533  -36.240  12.994 0.6000000238
46750  -40.021  -35.945  12.067 0.6999999881
46760  -40.981  -35.529  11.937 0.6000000238
103498  -42.604  -34.642  11.284 0.6000000238
51004  -50.919  -30.431  16.767 0.4000000060
107687  -38.803  -36.997  15.219 0.6999999881
47653  -41.767  -34.795  11.874 0.6000000238
113398  -52.479  -30.371  16.308 0.5000000000
48529  -42.335  -34.064  11.500 0.6000000238
48530  -43.490  -33.675  10.381 0.6000000238
51024  -53.252  -30.360  16.423 0.5000000000
51025  -54.160  -30.288  16.647 0.5000000000
45794  -47.161  -36.803  11.098 0.6000000238
44842  -35.371  -37.387  16.809 0.5000000000
45807  -46.086  -36.620  11.147 0.5000000000
45808  -46.717  -37.191  11.087 0.6000000238
112867  -46.565  -36.105  12.846 0.6000000238
45747  -36.808  -37.212  17.308 0.6000000238
45760  -37.380  -36.826  17.064 0.6000000238
45806  -45.798  -35.995  11.086 0.6000000238
124261  -45.404  -35.410  15.869 0.5000000000
116326  -44.984  -35.084  16.496 0.5000000000
46700  -44.870  -35.033  17.489 0.5000000000
103950  -36.977  -35.896  17.089 0.6000000238
104202  -37.774  -36.030  16.742 0.6000000238
110273  -43.650  -35.505  13.285 0.6000000238
46754  -45.947  -35.236  11.406 0.6000000238
113112  -44.468  -34.488  17.063 0.5000000000
49312  -44.565  -32.655  19.078 0.5000000000
107155  -45.829  -31.964  19.491 0.4000000060
50102  -47.189  -31.566  19.416 0.4000000060
45772  -39.211  -36.152  15.214 0.6999999881
46724  -39.051  -35.374  15.981 0.6000000238
46752  -43.171  -35.219  12.312 0.6999999881
46753  -44.790  -35.314  11.553 0.6000000238
47606  -44.583  -34.481  18.023 0.5000000000
122764  -44.550  -33.883  18.474 0.5000000000
49295  -45.092  -32.936  19.396 0.5000000000
50985  -48.435  -30.793  18.700 0.4000000060
51824  -49.079  -29.850  17.869 0.4000000060
46751  -42.148  -35.246  11.727 0.6999999881
46763  -44.240  -34.971  10.774 0.6999999881
106872  -45.349  -34.299  9.720 0.6999999881
48488  -44.122  -33.918  16.653 0.5000000000
48478  -44.180  -33.768  17.642 0.5000000000
51838  -49.667  -29.709  17.291 0.4000000060
46725  -39.636  -35.438  15.014 0.6000000238
47655  -44.546  -34.658  9.904 0.6000000238
48526  -45.730  -33.410  9.921 0.6999999881
51839  -50.235  -29.704  16.563 0.4000000060
46738  -40.500  -35.179  13.270 0.6000000238
47654  -43.383  -34.391  10.362 0.6000000238
48532  -45.371  -33.330  9.688 0.6000000238
49352  -45.570  -32.435  11.006 0.6000000238
51844  -50.715  -29.751  15.873 0.4000000060
47647  -41.108  -34.645  13.040 0.6000000238
48531  -44.639  -33.092  9.838 0.6000000238
107163  -45.400  -31.510  10.732 0.6000000238
51022  -51.170  -30.144  15.645 0.4000000060
112141  -43.675  -32.566  10.989 0.6000000238
49366  -45.408  -31.777  10.533 0.6000000238
51039  -52.606  -30.322  15.349 0.5000000000
51023  -51.791  -30.266  15.832 0.4000000060
51847  -53.434  -30.239  15.522 0.5000000000
52664  -53.922  -29.984  13.624 0.5000000000
46742  -46.561  -35.816  11.403 0.6000000238
47650  -46.366  -35.666  11.283 0.6000000238
46728  -45.793  -35.419  13.773 0.6000000238
47616  -44.618  -34.435  15.832 0.5000000000
45759  -36.526  -36.582  17.133 0.6000000238
47629  -45.190  -34.796  14.527 0.5000000000
50117  -44.304  -31.765  18.986 0.5000000000
112365  -46.392  -31.383  19.435 0.4000000060
46711  -37.382  -35.243  16.714 0.6000000238
46712  -38.212  -35.313  16.480 0.6000000238
47649  -45.809  -34.857  10.465 0.6000000238
48502  -44.780  -34.231  14.420 0.5000000000
49329  -43.540  -32.665  16.171 0.5000000000
49320  -43.566  -32.525  17.274 0.5000000000
50966  -47.040  -30.808  19.266 0.4000000060
123456  -47.885  -29.826  18.745 0.4000000060
51823  -48.387  -30.017  18.412 0.4000000060
47656  -45.386  -34.959  10.067 0.6999999881
48513  -45.234  -33.627  11.967 0.5000000000
116765  -44.089  -33.517  15.671 0.5000000000
48487  -43.744  -33.273  16.897 0.5000000000
52644  -49.852  -28.902  17.152 0.4000000060
47628  -39.957  -34.208  15.161 0.6000000238
114872  -44.503  -31.095  12.980 0.6000000238
52652  -50.419  -28.896  16.484 0.4000000060
47638  -40.474  -34.223  14.324 0.6000000238
48523  -41.057  -33.749  13.792 0.6000000238
50196  -45.086  -30.644  11.538 0.6000000238
52653  -50.986  -28.843  15.879 0.4000000060
48525  -42.710  -32.809  12.224 0.6000000238
51846  -51.922  -30.100  15.334 0.4000000060
53479  -51.688  -28.576  15.386 0.4000000060
49365  -44.577  -31.765  10.627 0.6000000238
51859  -53.009  -30.390  14.369 0.5000000000
51858  -52.475  -30.170  14.691 0.4000000060
52676  -53.661  -30.066  12.926 0.5000000000
52677  -54.465  -29.684  12.804 0.4000000060
46741  -45.707  -35.012  12.570 0.6000000238
50116  -43.716  -31.429  18.303 0.5000000000
50983  -44.091  -30.865  18.879 0.5000000000
50963  -44.695  -31.162  19.349 0.5000000000
50965  -46.135  -30.446  19.372 0.4000000060
111555  -38.823  -33.972  15.962 0.6000000238
48499  -39.388  -33.648  15.416 0.6000000238
123499  -45.261  -34.235  12.831 0.6000000238
50154  -43.395  -31.749  16.647 0.5000000000
50136  -43.531  -31.898  17.653 0.5000000000
49311  -43.913  -32.369  18.298 0.5000000000
51802  -46.972  -30.125  19.160 0.4000000060
51804  -48.020  -29.224  18.761 0.4000000060
116268  -48.672  -29.352  18.286 0.4000000060
47627  -39.389  -34.598  15.597 0.6000000238
48501  -43.960  -32.699  14.889 0.5000000000
52633  -49.235  -28.943  17.888 0.4000000060
48500  -40.089  -33.641  15.072 0.6000000238
48510  -40.488  -33.296  14.581 0.6000000238
48511  -40.947  -32.945  14.134 0.6000000238
50195  -44.585  -30.118  12.863 0.6000000238
49364  -43.132  -31.756  12.209 0.6000000238
50201  -45.147  -30.781  11.129 0.6000000238
52663  -52.471  -29.500  14.500 0.4000000060
50200  -44.708  -30.704  11.074 0.6000000238
52675  -53.184  -29.723  13.346 0.4000000060
53504  -53.625  -28.210  12.765 0.3000000119
51871  -53.071  -30.236  13.741 0.5000000000
52685  -53.718  -29.401  12.638 0.4000000060
53514  -54.614  -27.623  12.702 0.3000000119
50964  -45.109  -30.474  19.487 0.5000000000
111241  -46.503  -29.434  19.322 0.5000000000
52619  -47.887  -28.285  19.071 0.5000000000
115485  -43.427  -31.337  17.490 0.5000000000
114935  -43.399  -30.035  17.520 0.6000000238
51803  -47.412  -29.638  19.025 0.4000000060
52632  -48.568  -28.561  18.518 0.5000000000
53447  -49.136  -27.922  18.318 0.4000000060
49338  -39.840  -32.931  14.946 0.6000000238
49350  -41.198  -32.407  13.916 0.6000000238
51038  -43.499  -31.028  15.616 0.6000000238
53459  -49.638  -28.144  17.753 0.4000000060
53460  -50.270  -27.870  17.282 0.4000000060
49363  -42.007  -31.945  13.325 0.6000000238
50182  -43.889  -31.102  14.287 0.6999999881
111408  -51.500  -26.938  16.500 0.3000000119
50194  -42.457  -30.831  12.602 0.6000000238
53471  -51.890  -27.307  15.753 0.3000000119
50199  -43.677  -30.658  11.665 0.6000000238
53480  -52.303  -28.114  14.940 0.4000000060
51877  -44.704  -29.302  12.491 0.6000000238
53490  -52.791  -28.673  14.177 0.3000000119
53491  -53.291  -28.276  13.475 0.3000000119
54353  -53.355  -27.150  13.135 0.3000000119
54362  -53.504  -27.097  12.925 0.3000000119
54369  -53.798  -26.879  12.779 0.3000000119
52631  -44.309  -29.040  19.177 0.6000000238
51822  -44.091  -29.989  19.025 0.5000000000
52617  -46.440  -28.451  19.444 0.5000000000
111574  -47.145  -27.968  19.410 0.5000000000
51020  -43.364  -30.731  16.788 0.6000000238
51821  -43.651  -29.344  18.301 0.6000000238
53446  -48.420  -27.676  18.813 0.4000000060
53448  -49.753  -27.209  18.109 0.4000000060
49349  -40.426  -32.420  14.291 0.6000000238
50181  -40.872  -31.617  13.600 0.6000000238
107812  -43.540  -30.273  15.743 0.6000000238
53461  -50.957  -27.135  17.019 0.3000000119
51054  -42.402  -29.698  11.914 0.6000000238
51878  -43.060  -29.215  11.931 0.6000000238
51869  -44.550  -29.165  13.675 0.6000000238
107374  -43.443  -29.741  11.802 0.6000000238
113581  -52.408  -27.144  15.226 0.3000000119
51057  -44.472  -29.860  11.697 0.6000000238
51880  -44.583  -29.516  12.025 0.6000000238
114932  -52.791  -27.565  14.547 0.3000000119
55176  -53.336  -26.204  13.080 0.3000000119
55179  -53.422  -26.050  12.984 0.3000000119
55180  -53.832  -25.919  12.799 0.3000000119
112466  -44.426  -28.230  19.100 0.6000000238
52615  -44.933  -28.337  19.450 0.6000000238
112570  -45.687  -28.110  19.510 0.5000000000
53426  -47.071  -27.270  19.499 0.5000000000
52643  -43.699  -28.419  17.535 0.6000000238
52630  -43.940  -28.408  18.492 0.6000000238
54316  -49.356  -26.349  18.583 0.4000000060
52651  -43.787  -28.253  16.431 0.6000000238
54317  -50.109  -26.272  18.141 0.4000000060
54328  -50.739  -26.212  17.523 0.3000000119
50193  -40.946  -30.470  12.513 0.6000000238
113370  -43.745  -28.873  15.855 0.6000000238
54329  -51.380  -26.237  16.957 0.3000000119
51056  -41.832  -29.193  11.671 0.6000000238
52673  -44.375  -28.535  14.626 0.6000000238
55153  -52.286  -25.607  16.009 0.3000000119
51870  -44.867  -28.598  12.908 0.6000000238
54337  -52.331  -26.417  15.662 0.3000000119
52690  -43.947  -28.432  12.310 0.6000000238
52691  -44.554  -28.747  12.554 0.6000000238
55991  -53.229  -25.391  13.716 0.3000000119
55997  -53.078  -25.296  12.863 0.3000000119
53423  -44.699  -27.567  19.230 0.6000000238
53424  -45.318  -27.482  19.478 0.5000000000
109886  -46.662  -26.717  19.563 0.5000000000
110120  -47.482  -26.728  19.460 0.4000000060
107162  -48.243  -26.893  19.146 0.4000000060
53445  -44.222  -27.667  18.533 0.6000000238
55113  -48.816  -25.743  19.035 0.4000000060
55130  -49.637  -25.418  18.593 0.4000000060
117454  -43.910  -27.824  17.832 0.6000000238
55143  -50.422  -25.453  17.954 0.4000000060
55144  -51.160  -25.345  17.335 0.3000000119
115714  -41.050  -29.490  11.676 0.6000000238
53477  -44.168  -27.431  15.845 0.6000000238
55959  -51.240  -24.532  17.282 0.3000000119
51876  -41.055  -29.028  11.659 0.6000000238
105091  -41.792  -28.767  11.775 0.6000000238
112863  -44.518  -27.204  14.845 0.6000000238
55971  -52.203  -24.752  16.210 0.3000000119
52662  -44.671  -27.594  14.205 0.6000000238
52689  -43.014  -28.581  12.167 0.6000000238
53511  -43.314  -27.964  12.554 0.6000000238
53512  -44.246  -27.922  12.745 0.6000000238
54292  -44.971  -26.737  19.348 0.6000000238
54293  -46.274  -26.092  19.546 0.4000000060
54294  -47.082  -26.016  19.606 0.4000000060
54295  -48.042  -26.059  19.416 0.4000000060
53458  -44.249  -27.079  17.516 0.5000000000
105770  -44.473  -26.894  18.630 0.5000000000
55958  -50.678  -24.674  17.744 0.4000000060
53468  -44.295  -26.821  16.271 0.5000000000
56795  -51.701  -24.000  16.730 0.3000000119
52682  -41.544  -28.664  11.886 0.6000000238
121545  -44.700  -26.661  14.040 0.5000000000
52683  -42.318  -28.214  12.262 0.6000000238
112016  -44.593  -27.375  13.508 0.6000000238
53501  -42.961  -27.501  12.847 0.6000000238
53502  -43.682  -27.250  12.916 0.6000000238
53503  -44.301  -27.294  13.150 0.6000000238
123169  -42.906  -27.065  13.120 0.5000000000
54349  -43.378  -26.775  13.206 0.5000000000
55110  -45.610  -24.711  19.278 0.4000000060
103217  -45.448  -25.794  19.367 0.3000000119
55111  -46.462  -25.226  19.547 0.4000000060
55921  -48.045  -24.577  19.537 0.4000000060
55922  -48.862  -24.921  19.199 0.3000000119
116299  -44.500  -26.235  17.719 0.5000000000
54314  -44.707  -26.014  18.781 0.4000000060
114426  -48.736  -24.114  19.326 0.3000000119
55940  -49.533  -24.342  18.749 0.3000000119
55941  -50.161  -24.804  18.293 0.3000000119
54327  -44.597  -25.535  16.651 0.5000000000
57637  -50.091  -22.685  18.198 0.3000000119
114613  -50.300  -24.089  18.185 0.3000000119
54335  -44.580  -25.768  15.487 0.5000000000
56781  -50.897  -23.801  17.497 0.3000000119
54344  -44.510  -25.805  14.314 0.5000000000
57663  -52.321  -22.596  15.591 0.3000000119
54351  -44.346  -26.021  13.955 0.5000000000
54360  -43.836  -26.704  13.214 0.5000000000
55919  -46.339  -24.206  19.499 0.3000000119
56751  -47.017  -23.710  19.574 0.3000000119
111289  -47.607  -24.006  19.564 0.3000000119
55129  -44.763  -24.455  17.644 0.3000000119
55109  -44.895  -25.061  18.688 0.4000000060
121516  -48.131  -23.892  19.511 0.3000000119
57624  -48.857  -22.906  19.207 0.3000000119
55142  -44.698  -24.652  16.578 0.3000000119
57636  -49.374  -22.804  18.777 0.3000000119
55151  -44.677  -24.722  15.399 0.4000000060
114632  -50.698  -22.884  17.573 0.3000000119
55164  -44.380  -24.856  14.447 0.5000000000
57679  -52.130  -21.683  15.713 0.3000000119
55170  -44.096  -25.246  14.043 0.5000000000
54350  -43.752  -26.070  13.719 0.4000000060
55918  -45.703  -23.777  19.166 0.3000000119
56750  -46.329  -23.294  19.399 0.3000000119
55938  -44.847  -23.596  17.464 0.3000000119
55939  -45.124  -24.150  18.517 0.3000000119
56752  -47.740  -23.338  19.539 0.3000000119
56753  -48.511  -23.421  19.380 0.3000000119
55957  -44.724  -23.787  16.467 0.3000000119
109318  -49.547  -22.163  18.545 0.3000000119
58530  -50.011  -21.859  18.052 0.3000000119
56794  -44.405  -23.150  15.314 0.3000000119
57646  -50.466  -22.227  17.676 0.3000000119
57647  -51.016  -22.161  17.057 0.3000000119
55981  -44.307  -23.880  14.675 0.3000000119
58541  -51.061  -21.252  16.890 0.3000000119
59309  -51.149  -20.471  16.622 0.3000000119
55989  -44.001  -24.268  14.245 0.4000000060
109778  -51.885  -20.923  15.548 0.3000000119
54342  -43.297  -25.826  14.113 0.4000000060
54343  -43.718  -25.041  14.126 0.4000000060
58557  -52.162  -21.210  14.520 0.3000000119
58570  -51.799  -21.254  13.692 0.3000000119
56763  -45.177  -23.299  18.323 0.3000000119
56749  -45.660  -22.832  18.900 0.3000000119
106696  -47.323  -22.143  19.533 0.3000000119
119990  -47.674  -22.666  19.533 0.3000000119
57623  -48.287  -22.753  19.434 0.3000000119
57634  -45.009  -22.452  17.934 0.3000000119
58528  -48.704  -20.733  18.997 0.3000000119
58511  -48.795  -22.033  19.179 0.3000000119
58529  -49.420  -21.430  18.507 0.3000000119
56780  -44.628  -22.898  16.366 0.3000000119
59288  -49.922  -21.086  17.873 0.3000000119
59308  -50.752  -19.976  16.883 0.3000000119
56818  -43.998  -23.559  14.552 0.4000000060
60119  -51.179  -19.712  16.290 0.3000000119
60127  -51.405  -19.590  15.373 0.3000000119
55162  -43.123  -25.137  14.616 0.4000000060
59317  -51.748  -20.342  14.958 0.3000000119
61002  -51.037  -19.051  13.768 0.3000000119
60145  -51.177  -19.882  13.608 0.3000000119
60144  -49.923  -20.110  13.091 0.3000000119
58509  -46.249  -21.441  19.082 0.3000000119
58510  -46.932  -21.448  19.451 0.3000000119
108976  -47.854  -21.387  19.487 0.3000000119
57635  -45.471  -21.836  18.555 0.3000000119
59265  -47.886  -20.565  19.390 0.3000000119
60060  -48.119  -20.082  19.225 0.3000000119
57661  -44.125  -22.118  15.514 0.3000000119
57645  -44.572  -22.164  16.660 0.3000000119
59287  -49.230  -20.025  18.393 0.3000000119
106259  -50.277  -19.752  17.342 0.3000000119
60103  -49.600  -19.371  17.841 0.3000000119
107772  -50.158  -18.975  17.213 0.3000000119
55980  -43.736  -23.607  14.610 0.4000000060
120702  -50.506  -18.700  16.619 0.3000000119
60126  -51.002  -18.863  15.937 0.3000000119
121962  -42.968  -24.696  15.158 0.4000000060
106439  -50.378  -19.511  13.253 0.3000000119
61000  -50.119  -19.553  13.040 0.3000000119
61007  -50.163  -18.640  12.639 0.3000000119
58527  -46.503  -20.764  19.206 0.3000000119
59264  -47.233  -20.697  19.438 0.3000000119
58526  -45.633  -20.873  18.656 0.3000000119
119821  -44.852  -21.211  18.129 0.3000000119
60085  -49.022  -19.364  18.400 0.3000000119
58548  -43.942  -21.690  15.727 0.3000000119
61774  -50.105  -17.644  16.517 0.3000000119
60973  -50.512  -18.130  16.189 0.3000000119
60981  -50.724  -18.140  15.225 0.3000000119
60990  -50.817  -18.242  14.122 0.3000000119
61001  -50.445  -18.620  13.166 0.3000000119
54326  -42.541  -26.577  16.534 0.3000000119
105000  -49.749  -17.950  11.714 0.3000000119
61849  -50.375  -17.233  11.219 0.3000000119
59285  -45.256  -20.168  18.550 0.3000000119
60058  -46.780  -20.025  19.314 0.3000000119
60924  -47.084  -19.332  19.254 0.3000000119
108518  -48.406  -18.185  18.458 0.3000000119
116336  -44.202  -20.931  17.130 0.3000000119
59284  -44.696  -20.569  18.196 0.3000000119
60940  -49.059  -18.705  18.176 0.3000000119
60956  -49.601  -18.467  17.545 0.3000000119
61772  -48.945  -17.083  17.615 0.3000000119
60957  -50.107  -18.244  16.913 0.3000000119
61791  -49.811  -17.004  16.427 0.3000000119
61804  -50.304  -17.342  15.714 0.3000000119
62641  -50.060  -16.688  14.985 0.3000000119
61829  -50.415  -17.636  13.453 0.3000000119
62668  -49.833  -17.133  12.828 0.3000000119
61838  -49.996  -17.903  12.605 0.3000000119
61837  -49.562  -18.076  12.211 0.3000000119
61845  -49.037  -17.600  11.886 0.3000000119
62692  -49.919  -16.673  11.263 0.3000000119
62693  -50.940  -16.510  10.862 0.3000000119
60081  -45.321  -19.398  18.639 0.3000000119
116294  -45.788  -18.721  18.850 0.3000000119
60938  -47.534  -18.562  18.926 0.3000000119
59299  -44.019  -20.257  17.670 0.3000000119
60080  -44.558  -19.868  18.303 0.3000000119
61756  -46.818  -17.817  18.861 0.3000000119
61758  -48.435  -17.390  18.200 0.3000000119
107756  -43.635  -20.743  17.147 0.3000000119
61773  -49.591  -17.567  17.160 0.3000000119
58537  -43.385  -21.131  16.832 0.3000000119
61814  -50.480  -17.447  14.559 0.3000000119
62667  -49.613  -16.387  13.237 0.3000000119
62676  -48.381  -16.461  12.046 0.3000000119
62687  -49.026  -16.955  11.683 0.3000000119
61754  -44.636  -17.818  18.716 0.3000000119
60934  -43.568  -18.677  18.411 0.3000000119
60935  -44.243  -18.417  18.531 0.3000000119
60078  -42.876  -19.031  18.298 0.3000000119
60079  -43.408  -19.360  18.102 0.3000000119
119989  -43.895  -19.710  18.035 0.3000000119
103236  -44.275  -19.131  18.380 0.3000000119
59297  -43.027  -20.386  17.499 0.3000000119
59283  -43.004  -19.697  17.863 0.3000000119
49351  -45.035  -31.648  12.183 0.6000000238
44888  -38.900  -37.780  12.099 0.6999999881
18211  -34.531  -68.242  15.204 0.3000000119
19129  -35.119  -67.603  14.797 0.3000000119
19130  -35.853  -67.218  14.231 0.3000000119
110933  -36.509  -67.058  13.765 0.4000000060
19140  -37.175  -67.393  13.220 0.4000000060
20056  -38.515  -66.291  12.993 0.4000000060
20998  -39.272  -66.124  12.629 0.4000000060
21883  -40.092  -65.114  12.643 0.4000000060
21877  -40.530  -64.332  12.685 0.4000000060
23620  -40.871  -62.284  13.270 0.4000000060
23625  -41.543  -62.929  12.612 0.4000000060
112430  -40.829  -60.767  13.839 0.4000000060
27762  -36.537  -57.153  25.370 0.3000000119
28652  -36.973  -56.491  25.678 0.3000000119
121427  -38.439  -55.279  25.939 0.3000000119
29653  -37.468  -55.577  15.309 0.5000000000
30490  -41.149  -54.240  24.721 0.3000000119
31359  -41.456  -53.731  24.227 0.3000000119
29659  -37.715  -55.304  14.440 0.5000000000
30591  -37.140  -53.871  14.539 0.5000000000
34179  -45.016  -50.910  16.265 0.3000000119
35000  -46.240  -50.202  16.450 0.3000000119
34993  -46.872  -49.214  16.990 0.4000000060
118859  -37.889  -52.701  13.493 0.6000000238
35808  -48.193  -47.963  16.794 0.4000000060
113333  -48.683  -47.759  16.306 0.4000000060
37442  -49.144  -46.505  16.651 0.4000000060
37449  -49.623  -46.274  15.915 0.4000000060
106269  -50.487  -44.673  13.807 0.4000000060
36612  -33.690  -47.830  16.502 0.4000000060
35813  -33.549  -48.633  16.243 0.5000000000
36621  -34.158  -47.550  15.536 0.5000000000
34219  -42.016  -50.682  11.382 0.6999999881
39973  -49.694  -43.112  13.374 0.4000000060
35032  -41.237  -49.681  11.716 0.6999999881
40809  -50.553  -42.385  13.608 0.4000000060
37445  -35.314  -46.422  15.537 0.5000000000
38358  -35.892  -46.097  14.885 0.5000000000
38359  -36.473  -45.726  14.390 0.6000000238
38360  -36.899  -45.377  13.942 0.8000000119
36646  -41.348  -47.752  12.010 0.8000000119
36647  -42.321  -47.405  11.089 0.8000000119
35847  -42.111  -48.682  11.299 0.6999999881
41620  -51.158  -41.684  14.210 0.4000000060
37470  -41.778  -47.085  11.711 0.8000000119
39970  -37.625  -43.896  13.538 0.8000000119
38386  -41.648  -46.005  11.620 0.8000000119
106172  -41.860  -46.981  11.236 0.8000000119
42426  -52.169  -40.227  15.228 0.4000000060
40812  -38.028  -42.880  13.335 0.6999999881
107567  -41.291  -45.127  11.477 0.8000000119
40813  -38.373  -41.981  12.638 0.6999999881
39976  -38.304  -42.707  12.446 0.6999999881
108386  -40.180  -44.810  11.478 0.8000000119
113528  -38.704  -42.629  11.929 0.6999999881
40829  -39.577  -42.253  11.696 0.6000000238
44045  -53.081  -38.038  16.349 0.3000000119
45738  -50.271  -36.829  18.899 0.4000000060
44835  -51.247  -37.758  17.650 0.4000000060
44043  -51.524  -38.735  16.810 0.4000000060
44044  -52.342  -38.291  16.748 0.3000000119
45728  -50.624  -36.140  19.320 0.4000000060
45739  -51.161  -36.647  18.713 0.4000000060
44817  -50.794  -37.273  18.243 0.4000000060
47592  -52.356  -34.298  19.662 0.4000000060
117777  -52.398  -33.537  19.645 0.5000000000
106433  -48.678  -34.868  19.881 0.5000000000
48461  -49.386  -33.399  19.891 0.4000000060
107268  -51.964  -33.000  19.621 0.5000000000
48465  -53.158  -33.693  19.471 0.5000000000
49304  -54.269  -33.055  19.080 0.4000000060
49314  -54.063  -32.476  18.873 0.5000000000
47587  -47.146  -34.317  19.678 0.5000000000
50140  -54.263  -31.337  17.864 0.5000000000
51848  -54.312  -29.880  15.908 0.5000000000
51860  -54.498  -29.415  15.167 0.5000000000
44841  -34.744  -37.643  16.410 0.5000000000
52694  -55.310  -28.384  12.745 0.4000000060
46709  -35.845  -35.120  16.174 0.6000000238
46710  -36.630  -35.217  16.628 0.6000000238
47615  -37.767  -34.520  16.479 0.6000000238
53515  -55.553  -27.676  12.833 0.3000000119
48486  -38.120  -33.839  16.218 0.6000000238
48498  -38.518  -33.335  15.571 0.6000000238
54370  -54.392  -26.603  12.843 0.3000000119
55181  -54.835  -25.793  13.111 0.3000000119
49337  -39.022  -32.668  14.989 0.6000000238
51875  -40.562  -29.332  11.799 0.6000000238
51868  -40.839  -28.898  11.905 0.6000000238
52672  -42.392  -27.955  12.845 0.5000000000
105767  -43.164  -26.513  13.533 0.5000000000
108406  -42.760  -25.576  16.039 0.4000000060
110793  -49.381  -15.776  13.658 0.3000000119
63466  -49.051  -15.964  12.771 0.3000000119
63485  -48.396  -16.369  11.922 0.3000000119
63486  -49.377  -16.140  11.387 0.3000000119
63492  -50.440  -15.936  11.067 0.3000000119
58508  -42.393  -20.758  18.521 0.3000000119
112907  -49.752  -43.756  13.909 0.4000000060
50122  -54.631  -31.974  18.356 0.5000000000
20992  -38.500  -65.538  13.376 0.4000000060
22723  -35.582  -63.605  16.696 0.3000000119
22736  -35.960  -63.891  15.910 0.3000000119
22737  -36.715  -63.496  15.546 0.3000000119
21865  -38.321  -63.913  14.224 0.4000000060
24425  -36.504  -61.480  16.765 0.3000000119
23601  -36.973  -62.717  15.694 0.3000000119
27875  -38.781  -57.750  16.528 0.4000000060
119067  -35.377  -60.890  21.069 0.3000000119
25233  -38.423  -59.888  16.108 0.4000000060
27830  -36.087  -57.642  20.741 0.3000000119
30586  -36.932  -55.028  15.853 0.4000000060
113585  -40.062  -53.385  24.911 0.3000000119
31357  -38.556  -53.076  24.736 0.3000000119
114234  -39.990  -51.272  23.633 0.3000000119
34112  -42.048  -50.494  21.713 0.3000000119
118905  -42.789  -50.754  18.166 0.3000000119
33311  -37.935  -51.582  23.382 0.3000000119
34107  -37.809  -50.611  22.344 0.3000000119
34087  -38.918  -50.579  23.186 0.3000000119
34109  -39.494  -49.970  22.558 0.3000000119
33403  -44.892  -51.362  16.211 0.3000000119
34121  -36.963  -50.669  21.133 0.3000000119
34926  -38.828  -49.610  21.811 0.3000000119
35007  -36.157  -49.909  15.523 0.6000000238
34992  -45.845  -49.886  17.045 0.4000000060
35016  -37.298  -49.714  14.426 0.6000000238
34210  -38.389  -50.866  13.268 0.6999999881
34947  -36.848  -49.512  20.101 0.3000000119
36616  -48.655  -47.253  16.728 0.4000000060
34217  -39.177  -50.456  12.716 0.6999999881
35775  -38.451  -48.353  19.430 0.4000000060
36591  -39.118  -47.278  18.508 0.4000000060
36593  -46.298  -47.635  18.768 0.4000000060
37428  -38.711  -46.309  17.719 0.6000000238
36624  -38.113  -47.074  15.287 0.6999999881
35831  -38.846  -47.989  13.570 0.6999999881
34218  -40.681  -50.614  12.002 0.6999999881
37389  -43.413  -46.880  19.939 0.4000000060
38344  -38.828  -45.850  17.091 0.6000000238
39196  -49.467  -44.598  16.311 0.4000000060
35838  -39.206  -48.684  13.019 0.6999999881
40808  -49.636  -42.744  13.691 0.4000000060
36601  -33.698  -47.345  17.319 0.3000000119
38345  -39.734  -45.463  16.838 0.6000000238
36639  -39.492  -47.192  13.481 0.6999999881
35846  -40.518  -48.666  12.304 0.6999999881
38346  -40.927  -45.175  16.558 0.6000000238
112814  -45.616  -44.815  20.376 0.5000000000
37464  -40.391  -46.297  13.380 0.6999999881
104041  -41.393  -45.753  13.012 0.6999999881
36640  -40.665  -47.031  12.667 0.8000000119
39977  -41.495  -44.348  13.105 0.6999999881
113308  -48.330  -42.821  15.979 0.4000000060
119779  -41.308  -43.173  18.137 0.6999999881
40806  -40.551  -43.184  14.641 0.6000000238
42421  -39.751  -40.508  15.018 0.6000000238
40830  -40.211  -42.611  11.779 0.6999999881
39992  -40.640  -43.568  11.915 0.6999999881
39991  -39.961  -42.979  11.606 0.8000000119
112353  -39.496  -41.033  12.448 0.6000000238
120553  -53.077  -38.874  15.383 0.4000000060
44057  -52.782  -38.631  16.045 0.3000000119
40764  -41.350  -41.863  19.087 0.6000000238
107085  -41.797  -41.599  19.545 0.6999999881
41609  -39.845  -41.403  15.052 0.6000000238
40821  -38.592  -41.834  12.030 0.6999999881
108178  -39.209  -41.089  11.987 0.6999999881
115551  -39.291  -42.607  11.684 0.8000000119
111364  -47.296  -40.935  16.272 0.3000000119
43221  -49.740  -39.647  16.498 0.3000000119
120004  -50.860  -39.050  16.768 0.3000000119
43176  -42.874  -39.783  19.355 0.5000000000
42366  -43.383  -40.454  19.647 0.5000000000
42400  -37.775  -40.804  16.898 0.6999999881
42393  -46.330  -40.727  17.188 0.4000000060
45736  -48.505  -36.908  19.028 0.4000000060
43219  -48.054  -39.950  16.271 0.4000000060
45750  -47.679  -36.954  17.800 0.5000000000
43999  -42.824  -38.554  18.374 0.5000000000
114455  -37.610  -39.981  17.181 0.6999999881
43198  -36.507  -39.122  17.588 0.5000000000
45774  -41.163  -36.732  14.144 0.6999999881
123528  -47.587  -35.721  19.520 0.5000000000
50138  -52.323  -30.875  17.762 0.5000000000
114408  -51.025  -31.281  18.569 0.4000000060
43213  -34.876  -38.852  17.064 0.5000000000
45791  -41.691  -36.114  13.502 0.6999999881
105966  -48.554  -33.419  19.765 0.4000000060
110152  -48.973  -32.811  19.617 0.4000000060
49298  -47.292  -32.758  19.615 0.4000000060
44823  -35.862  -37.888  17.334 0.5000000000
47585  -45.445  -34.357  19.258 0.5000000000
45815  -41.234  -35.826  11.888 0.6000000238
123238  -51.102  -30.386  16.038 0.4000000060
44843  -36.123  -37.216  17.241 0.5000000000
112500  -38.219  -36.897  16.413 0.6999999881
46737  -39.903  -35.594  13.582 0.6000000238
110425  -44.568  -34.018  9.597 0.6000000238
47648  -41.614  -34.110  12.803 0.6000000238
116513  -53.605  -30.150  14.595 0.5000000000
45758  -35.670  -36.611  16.717 0.5000000000
46713  -45.274  -35.127  15.350 0.6000000238
48470  -43.838  -33.054  17.755 0.5000000000
105723  -45.016  -32.087  19.447 0.4000000060
47637  -40.083  -34.894  14.628 0.6000000238
107960  -45.553  -32.437  10.045 0.6000000238
114133  -45.497  -31.263  19.477 0.4000000060
118587  -44.528  -33.489  14.042 0.5000000000
48512  -44.592  -32.689  13.231 0.6000000238
53469  -50.783  -28.086  16.570 0.4000000060
49339  -44.076  -31.911  13.952 0.6999999881
53470  -51.319  -27.800  16.216 0.4000000060
48524  -41.696  -33.119  13.311 0.6000000238
52686  -54.137  -29.586  12.540 0.4000000060
50982  -43.680  -30.338  18.411 0.6000000238
50166  -43.591  -31.901  15.336 0.6999999881
51055  -44.815  -30.013  11.744 0.6000000238
52692  -53.889  -28.996  12.475 0.3000000119
51800  -44.691  -29.801  19.399 0.5000000000
51801  -45.480  -29.682  19.454 0.5000000000
53427  -47.728  -27.462  19.290 0.4000000060
105826  -43.921  -30.221  14.592 0.6000000238
54336  -51.875  -26.318  16.303 0.3000000119
51857  -43.885  -29.473  15.158 0.6000000238
52674  -44.786  -28.151  13.509 0.6000000238
54352  -53.228  -26.907  14.173 0.3000000119
51837  -43.523  -29.108  17.024 0.6000000238
113563  -43.485  -29.771  16.374 0.6000000238
51879  -44.099  -29.022  11.984 0.6000000238
54345  -52.762  -26.544  14.962 0.3000000119
55172  -53.331  -26.265  13.723 0.3000000119
53467  -43.990  -27.659  16.916 0.6000000238
55152  -51.782  -25.485  16.634 0.3000000119
114719  -52.576  -25.107  15.577 0.3000000119
110532  -53.024  -25.094  14.796 0.3000000119
114223  -45.776  -26.715  19.540 0.5000000000
53478  -44.544  -26.534  15.029 0.5000000000
55112  -47.509  -25.279  19.579 0.4000000060
108819  -44.463  -26.327  16.741 0.5000000000
57662  -51.794  -22.391  16.399 0.3000000119
106795  -51.294  -23.073  16.904 0.3000000119
104771  -44.636  -25.348  17.771 0.4000000060
120494  -51.558  -21.707  16.500 0.3000000119
58549  -51.637  -21.047  16.241 0.3000000119
111294  -50.084  -20.317  13.196 0.3000000119
57621  -46.444  -22.280  19.290 0.3000000119
56762  -44.835  -22.872  17.331 0.3000000119
59301  -50.511  -20.618  17.297 0.3000000119
56810  -44.107  -23.207  14.805 0.3000000119
60136  -51.538  -19.628  14.255 0.3000000119
55163  -43.487  -24.360  14.481 0.4000000060
59300  -49.811  -20.272  17.818 0.3000000119
60991  -51.158  -18.881  14.766 0.3000000119
113447  -49.933  -18.803  12.184 0.3000000119
60059  -47.489  -20.013  19.357 0.3000000119
58539  -44.156  -21.517  16.197 0.3000000119
58525  -44.660  -21.670  17.440 0.3000000119
59286  -46.010  -20.087  18.884 0.3000000119
61846  -49.524  -17.322  11.570 0.3000000119
60082  -46.290  -19.342  19.051 0.3000000119
61757  -47.702  -17.641  18.605 0.3000000119
62640  -49.576  -15.971  15.432 0.3000000119
62653  -49.687  -16.075  14.368 0.3000000119
62678  -49.065  -17.609  12.157 0.3000000119
62686  -48.717  -17.109  12.041 0.3000000119
63493  -51.452  -15.715  10.720 0.3000000119
60936  -44.997  -18.529  18.631 0.3000000119
108785  -46.368  -17.216  18.835 0.3000000119
58524  -42.796  -21.097  17.562 0.3000000119
57633  -42.554  -21.805  18.071 0.3000000119
59282  -42.652  -19.762  18.204 0.3000000119
21884  -41.769  -64.691  11.795 0.4000000060
38385  -41.249  -45.984  11.256 0.8000000119
39224  -39.248  -44.200  11.728 0.8000000119
47593  -53.172  -34.482  19.325 0.4000000060
123930  -41.644  -28.626  12.927 0.5000000000
47589  -49.434  -34.671  20.053 0.4000000060
48464  -51.713  -33.731  19.900 0.4000000060
51852  -58.156  -30.250  16.122 0.3000000119
51027  -56.611  -30.338  16.523 0.4000000060
108098  -58.813  -28.946  15.637 0.3000000119
114076  -55.161  -31.561  17.737 0.4000000060
51009  -55.935  -30.902  17.001 0.4000000060
51008  -54.894  -30.852  17.291 0.4000000060
122551  -59.288  -28.289  15.326 0.3000000119
51862  -56.995  -28.861  15.846 0.4000000060
52666  -57.697  -28.377  15.568 0.3000000119
47576  -49.869  -34.065  20.188 0.3000000119
51026  -55.087  -30.204  16.655 0.4000000060
51850  -56.237  -29.363  16.129 0.4000000060
53481  -55.829  -28.259  14.930 0.3000000119
52654  -55.438  -28.819  15.527 0.4000000060
53507  -57.620  -26.956  13.306 0.3000000119
53494  -57.400  -27.045  13.973 0.3000000119
51849  -55.224  -29.483  16.106 0.4000000060
53506  -56.631  -27.601  13.221 0.3000000119
53505  -55.820  -28.347  12.980 0.3000000119
47614  -36.999  -34.527  16.482 0.5000000000
110302  -56.140  -27.973  13.012 0.3000000119
52687  -54.872  -29.101  12.757 0.3000000119
48495  -36.026  -33.605  14.863 0.5000000000
47613  -36.576  -34.042  15.856 0.5000000000
48496  -36.833  -33.343  15.249 0.5000000000
48497  -37.675  -33.266  15.513 0.5000000000
54372  -56.907  -26.671  13.329 0.3000000119
49336  -38.040  -32.569  14.620 0.5000000000
50180  -39.931  -31.547  13.399 0.5000000000
49362  -37.753  -31.343  11.974 0.5000000000
50191  -38.181  -30.770  11.698 0.5000000000
50197  -37.716  -30.248  11.584 0.5000000000
49361  -36.977  -31.426  11.924 0.5000000000
106303  -39.137  -30.144  12.066 0.5000000000
50198  -37.911  -30.364  11.508 0.4000000060
51048  -39.698  -29.744  12.095 0.5000000000
51046  -37.947  -29.920  12.167 0.4000000060
51856  -40.447  -29.486  12.856 0.5000000000
51047  -38.776  -29.953  12.182 0.4000000060
51035  -38.472  -30.245  13.300 0.4000000060
51036  -39.376  -30.086  13.568 0.5000000000
51037  -40.224  -29.959  14.383 0.5000000000
122570  -40.717  -29.646  14.389 0.4000000060
104421  -39.799  -30.395  15.226 0.3000000119
52671  -42.046  -28.243  14.145 0.4000000060
122598  -41.282  -29.216  14.253 0.3000000119
51018  -40.369  -30.316  16.198 0.3000000119
51019  -40.862  -29.797  15.455 0.3000000119
52659  -41.824  -28.571  15.493 0.3000000119
52660  -42.332  -27.648  15.110 0.3000000119
118464  -41.338  -29.348  15.853 0.3000000119
51836  -41.119  -29.910  16.811 0.3000000119
53476  -42.754  -26.660  14.489 0.3000000119
52650  -42.125  -27.988  16.293 0.3000000119
53466  -42.474  -27.093  15.841 0.3000000119
54334  -42.789  -26.109  15.217 0.3000000119
52649  -41.640  -28.911  16.771 0.3000000119
47636  -35.150  -34.188  14.418 0.5000000000
50167  -59.011  -31.633  15.977 0.3000000119
50141  -55.943  -31.717  17.478 0.4000000060
105542  -34.461  -34.923  14.312 0.4000000060
48509  -36.236  -32.818  13.789 0.5000000000
49345  -36.515  -31.993  12.623 0.4000000060
50190  -37.318  -30.584  11.673 0.5000000000
47588  -48.142  -34.200  19.801 0.4000000060
48463  -51.126  -33.154  19.838 0.4000000060
46684  -50.896  -35.420  19.767 0.4000000060
103531  -49.019  -34.118  20.005 0.3000000119
49315  -54.968  -32.786  18.638 0.4000000060
53492  -55.439  -28.736  13.314 0.3000000119
124332  -36.361  -34.654  16.206 0.5000000000
48485  -37.357  -33.862  16.159 0.5000000000
49348  -39.537  -32.131  14.284 0.5000000000
50192  -39.850  -30.565  12.283 0.5000000000
51053  -40.019  -29.744  11.953 0.5000000000
53489  -42.621  -27.260  13.796 0.3000000119
51040  -59.178  -30.706  15.875 0.3000000119
51028  -57.470  -30.663  16.461 0.4000000060
51863  -57.932  -29.348  15.889 0.3000000119
122785  -56.390  -31.488  17.151 0.4000000060
50155  -56.899  -31.259  16.851 0.4000000060
51851  -57.240  -29.788  16.202 0.3000000119
50123  -55.481  -32.224  18.060 0.4000000060
53482  -57.427  -27.461  15.036 0.3000000119
53483  -58.438  -27.885  15.290 0.3000000119
51861  -56.208  -28.556  15.609 0.4000000060
53493  -56.455  -27.717  14.230 0.3000000119
53516  -56.882  -27.377  13.458 0.3000000119
47625  -35.246  -34.985  15.352 0.5000000000
119384  -35.864  -34.432  15.536 0.5000000000
49335  -37.103  -32.637  14.179 0.5000000000
49347  -38.393  -32.019  13.486 0.5000000000
50179  -38.830  -31.419  12.763 0.5000000000
116211  -38.959  -30.624  12.111 0.5000000000
49346  -37.378  -32.048  12.853 0.5000000000
51052  -38.261  -30.124  11.678 0.4000000060
49316  -55.749  -32.877  18.244 0.4000000060
37468  -36.558  -46.541  12.916 0.6999999881
38384  -40.516  -45.720  11.214 0.6999999881
38383  -39.060  -45.145  11.629 0.6999999881
38382  -38.278  -45.826  11.726 0.6999999881
111750  -37.492  -45.818  12.146 0.6999999881
38374  -37.439  -45.178  12.617 0.6999999881
38366  -37.130  -45.325  13.285 0.6999999881
39218  -38.381  -44.461  11.990 0.6999999881
39217  -37.826  -44.388  12.438 0.6999999881
39210  -37.456  -44.501  13.023 0.6999999881
39206  -37.295  -44.762  13.810 0.6999999881
44818  -51.830  -37.127  18.093 0.3000000119
105415  -52.744  -37.184  17.591 0.3000000119
122841  -51.891  -36.465  18.641 0.3000000119
45741  -53.507  -36.195  18.104 0.3000000119
46687  -53.289  -35.082  18.988 0.3000000119
45740  -52.661  -36.520  18.262 0.3000000119
39984  -38.433  -43.580  12.148 0.6999999881
46686  -52.670  -35.108  19.284 0.3000000119
46694  -53.752  -35.437  18.528 0.3000000119
46696  -55.222  -34.753  18.041 0.3000000119
109365  -55.669  -34.835  17.693 0.3000000119
39983  -37.846  -43.619  12.780 0.6000000238
120282  -51.461  -35.989  19.202 0.3000000119
48473  -55.428  -33.501  18.398 0.3000000119
48474  -56.264  -33.462  17.821 0.3000000119
47594  -53.685  -34.115  19.239 0.3000000119
50142  -56.708  -32.054  17.247 0.3000000119
120551  -50.167  -35.604  19.693 0.3000000119
49321  -56.182  -32.514  17.756 0.3000000119
47577  -50.844  -34.034  20.241 0.3000000119
36659  -41.861  -47.426  10.806 0.6999999881
36653  -42.558  -47.627  11.007 0.6999999881
109492  -40.625  -47.245  10.769 0.6999999881
36638  -35.984  -47.144  13.045 0.6999999881
37477  -40.049  -46.505  11.057 0.6999999881
38373  -37.042  -45.907  12.796 0.6999999881
37462  -36.143  -46.603  13.456 0.6999999881
108649  -39.287  -45.938  11.411 0.6999999881
38365  -36.605  -45.988  13.544 0.6999999881
44852  -52.945  -37.652  16.928 0.3000000119
117709  -53.264  -36.740  17.685 0.3000000119
46702  -54.269  -35.852  17.882 0.3000000119
46703  -55.127  -35.436  17.570 0.3000000119
47609  -56.758  -34.008  17.341 0.3000000119
48479  -57.018  -33.371  17.271 0.3000000119
50156  -57.457  -31.943  16.857 0.3000000119
44836  -52.152  -37.729  17.405 0.3000000119
47600  -54.279  -34.191  18.904 0.3000000119
46695  -54.512  -34.964  18.376 0.3000000119
27900  -40.440  -57.853  12.330 0.4000000060
27906  -39.992  -57.264  11.693 0.4000000060
27898  -39.125  -57.046  13.499 0.4000000060
27890  -39.612  -57.795  14.153 0.4000000060
31463  -37.502  -53.230  13.880 0.5000000000
29665  -38.155  -54.962  13.588 0.4000000060
29660  -38.341  -55.741  13.842 0.4000000060
28787  -38.877  -56.269  13.009 0.4000000060
108383  -38.580  -56.577  14.206 0.4000000060
29666  -38.802  -55.452  12.747 0.5000000000
28788  -39.582  -56.670  11.963 0.4000000060
28794  -39.404  -55.893  11.749 0.4000000060
118309  -37.568  -54.604  14.208 0.4000000060
30596  -37.982  -54.108  13.521 0.5000000000
30597  -38.826  -54.692  12.606 0.5000000000
28799  -39.594  -56.031  10.976 0.5000000000
120894  -38.846  -54.082  12.609 0.5000000000
31471  -39.541  -53.671  12.188 0.5000000000
29674  -39.614  -55.442  10.995 0.5000000000
28797  -38.678  -56.579  11.028 0.5000000000
27910  -37.640  -57.293  11.287 0.5000000000
108679  -39.630  -54.381  11.473 0.5000000000
114551  -39.452  -55.940  10.982 0.5000000000
30610  -40.009  -54.117  11.020 0.5000000000
110566  -39.379  -55.269  10.978 0.5000000000
117431  -38.580  -55.035  11.183 0.6000000238
107970  -37.793  -54.340  11.366 0.5000000000
33431  -39.640  -52.151  12.409 0.6000000238
31480  -40.323  -53.767  11.195 0.6000000238
32477  -40.176  -53.127  11.773 0.6000000238
30609  -39.385  -54.539  11.013 0.6000000238
30604  -36.629  -54.009  11.814 0.5000000000
32475  -35.232  -52.652  12.553 0.5000000000
31479  -35.877  -53.459  12.253 0.5000000000
31485  -37.147  -53.295  11.691 0.5000000000
32476  -36.208  -52.654  12.230 0.5000000000
34199  -33.560  -50.181  14.310 0.4000000060
35014  -33.775  -49.191  13.773 0.5000000000
104242  -40.914  -52.505  11.506 0.6000000238
31481  -40.658  -53.596  10.975 0.5000000000
35020  -33.670  -50.013  13.725 0.5000000000
32487  -41.265  -53.087  10.974 0.6000000238
31488  -40.567  -53.357  10.735 0.6000000238
35021  -34.145  -49.709  13.289 0.5000000000
31486  -38.730  -53.725  11.070 0.6000000238
32485  -38.019  -52.831  11.327 0.6000000238
33429  -34.616  -51.969  12.800 0.5000000000
32484  -37.021  -52.154  11.871 0.5000000000
33437  -38.150  -51.973  11.316 0.5000000000
34191  -33.642  -50.286  15.279 0.4000000060
35013  -33.604  -49.537  14.163 0.5000000000
111840  -33.660  -51.117  15.631 0.4000000060
35828  -33.956  -48.324  13.950 0.5000000000
105670  -34.144  -48.884  13.456 0.5000000000
33432  -41.849  -51.695  11.288 0.6000000238
35022  -34.631  -49.009  13.015 0.5000000000
32494  -41.025  -52.830  10.682 0.6000000238
32493  -40.182  -52.843  10.556 0.6000000238
33438  -39.324  -52.135  10.716 0.6000000238
33430  -35.763  -51.803  12.413 0.5000000000
117384  -36.703  -51.155  12.107 0.5000000000
115961  -35.762  -50.959  12.441 0.5000000000
35005  -33.648  -49.528  14.906 0.4000000060
35827  -33.693  -48.879  14.453 0.5000000000
36636  -34.485  -47.812  13.864 0.5000000000
36637  -35.201  -47.677  13.421 0.5000000000
35836  -35.218  -48.411  12.923 0.5000000000
36643  -35.846  -47.845  12.819 0.5000000000
35040  -42.626  -50.040  11.059 0.6000000238
34226  -42.799  -51.024  10.931 0.6000000238
35844  -35.991  -48.579  12.548 0.5000000000
35028  -34.836  -49.744  12.777 0.5000000000
108395  -42.757  -50.409  10.781 0.6000000238
34230  -40.284  -50.651  10.453 0.6000000238
114570  -38.612  -51.206  11.148 0.5000000000
34215  -35.243  -50.400  12.584 0.5000000000
34216  -36.203  -50.255  12.330 0.5000000000
34223  -37.133  -50.354  11.911 0.5000000000
36628  -34.299  -47.671  14.523 0.5000000000
108025  -36.595  -47.122  12.516 0.6000000238
36644  -36.577  -47.890  12.367 0.5000000000
35854  -42.500  -49.245  10.976 0.6000000238
34231  -41.846  -50.851  10.576 0.6000000238
112563  -35.541  -49.787  12.540 0.5000000000
35045  -40.834  -49.789  10.451 0.6000000238
35030  -36.133  -49.387  12.390 0.5000000000
34225  -39.046  -50.447  10.987 0.5000000000
35037  -37.468  -49.595  11.742 0.5000000000
35038  -38.430  -49.566  11.334 0.5000000000
35820  -33.664  -48.781  15.331 0.4000000060
36629  -34.902  -47.285  14.181 0.4000000060
34997  -33.560  -49.550  15.951 0.4000000060
37469  -37.083  -46.520  12.299 0.6000000238
36645  -37.298  -47.315  11.968 0.6000000238
35859  -41.559  -49.046  10.565 0.6000000238
36650  -37.267  -48.148  11.925 0.5000000000
35845  -36.860  -48.862  12.122 0.5000000000
36652  -39.792  -47.938  10.813 0.6000000238
35851  -37.783  -48.792  11.637 0.5000000000
35821  -33.877  -48.162  14.865 0.5000000000
37453  -35.374  -46.673  14.563 0.4000000060
37454  -36.010  -46.353  14.093 0.5000000000
37452  -34.701  -47.034  15.004 0.4000000060
37475  -37.780  -46.517  11.835 0.6000000238
36651  -38.027  -47.986  11.612 0.5000000000
119602  -38.851  -47.805  11.288 0.5000000000
34208  -33.881  -50.681  13.413 0.5000000000
34214  -34.462  -50.504  12.935 0.5000000000
113348  -34.912  -51.158  12.647 0.5000000000
36620  -33.761  -48.126  15.660 0.4000000060
28782  -38.012  -56.089  14.786 0.4000000060
32470  -38.765  -52.668  12.770 0.6000000238
35848  -42.288  -47.694  11.232 0.6000000238
35855  -42.443  -48.075  10.893 0.6000000238
36658  -41.141  -48.082  10.574 0.6000000238
35860  -42.473  -48.337  10.849 0.6000000238
115192  -39.379  -47.208  11.159 0.6000000238
112064  -38.295  -47.224  11.570 0.6000000238
37461  -35.582  -46.955  13.773 0.5000000000
30605  -39.423  -55.141  11.514 0.5000000000
112426  -39.496  -54.860  11.105 0.5000000000
113310  -38.078  -55.809  11.256 0.5000000000
31487  -39.980  -53.846  10.891 0.6000000238
35835  -34.554  -48.329  13.411 0.5000000000
32488  -41.822  -52.476  10.882 0.6000000238
114294  -37.609  -51.075  11.557 0.5000000000
33445  -41.205  -51.919  10.502 0.6000000238
33446  -42.238  -51.771  10.832 0.6000000238
34224  -38.013  -50.358  11.448 0.5000000000
35047  -42.611  -49.563  10.846 0.6000000238
35039  -39.532  -49.617  10.740 0.6000000238
35852  -38.913  -48.640  11.169 0.5000000000
35816  -48.398  -48.381  16.183 0.3000000119
35001  -47.204  -49.595  16.273 0.3000000119
35824  -48.608  -48.662  15.467 0.3000000119
36625  -48.925  -47.972  15.753 0.3000000119
35832  -48.851  -48.932  14.666 0.3000000119
35825  -49.203  -48.221  15.055 0.3000000119
36633  -50.216  -47.352  13.736 0.3000000119
36617  -49.208  -47.213  16.029 0.3000000119
37457  -49.692  -46.891  15.214 0.3000000119
37458  -50.214  -46.692  14.435 0.3000000119
37466  -50.503  -46.507  13.573 0.3000000119
37450  -50.166  -45.953  15.107 0.3000000119
38363  -50.494  -45.680  14.228 0.3000000119
41629  -52.293  -41.540  13.048 0.3000000119
41621  -52.042  -41.308  13.948 0.3000000119
42435  -53.139  -40.033  13.827 0.3000000119
42434  -52.469  -40.512  14.372 0.3000000119
43240  -53.615  -38.698  14.682 0.3000000119
43249  -52.911  -39.594  14.769 0.3000000119
28798  -39.656  -56.545  10.917 0.4000000060
35002  -47.981  -49.117  15.905 0.3000000119
27911  -38.942  -57.291  10.822 0.4000000060
35840  -49.681  -48.594  13.299 0.3000000119
36641  -50.446  -47.222  12.838 0.3000000119
112983  -50.167  -43.774  13.351 0.3000000119
107800  -51.510  -41.978  13.433 0.3000000119
41628  -51.761  -42.164  12.549 0.3000000119
41635  -52.366  -41.633  12.002 0.3000000119
42445  -52.911  -40.988  12.413 0.3000000119
42441  -53.402  -40.259  12.777 0.3000000119
43250  -53.478  -39.345  14.081 0.3000000119
35833  -49.448  -48.434  14.238 0.3000000119
37472  -50.806  -46.412  12.661 0.3000000119
22696  -29.665  -63.016  18.524 0.4000000060
23573  -29.638  -62.040  18.740 0.3000000119
24396  -30.609  -61.324  19.220 0.3000000119
107419  -31.372  -59.832  19.411 0.3000000119
29671  -33.736  -54.997  13.044 0.4000000060
114460  -34.371  -54.865  12.652 0.4000000060
28785  -33.768  -56.436  13.355 0.4000000060
28786  -34.212  -56.415  12.765 0.4000000060
31476  -33.534  -53.527  13.293 0.4000000060
32474  -34.270  -52.736  12.882 0.4000000060
30601  -33.831  -54.193  12.969 0.4000000060
31478  -34.842  -53.385  12.627 0.4000000060
30602  -35.106  -54.648  12.310 0.4000000060
29676  -35.704  -55.107  11.837 0.4000000060
30608  -36.634  -54.711  11.727 0.4000000060
28791  -34.837  -56.273  12.251 0.4000000060
28792  -35.588  -55.951  11.784 0.4000000060
32444  -33.488  -52.647  16.738 0.3000000119
33428  -33.832  -52.187  13.234 0.4000000060
113869  -33.644  -51.929  16.173 0.3000000119
28796  -36.613  -55.501  11.647 0.4000000060
30603  -35.826  -54.317  11.995 0.4000000060
27896  -34.280  -57.184  13.138 0.4000000060
29672  -34.228  -55.670  12.638 0.4000000060
29673  -34.942  -55.450  12.227 0.4000000060
20999  -40.183  -66.003  12.184 0.3000000119
21000  -41.152  -65.628  11.716 0.3000000119
22764  -42.301  -63.761  11.865 0.3000000119
23621  -41.845  -61.964  12.687 0.3000000119
24450  -42.293  -60.999  12.787 0.3000000119
25267  -43.147  -60.727  10.879 0.3000000119
24458  -42.849  -61.332  10.421 0.3000000119
24457  -41.788  -61.013  10.585 0.3000000119
26117  -42.188  -59.914  10.735 0.3000000119
26116  -41.368  -59.696  10.642 0.3000000119
25266  -40.570  -60.438  10.851 0.3000000119
26982  -41.669  -58.992  11.489 0.3000000119
26984  -41.588  -59.176  10.862 0.3000000119
26983  -40.782  -58.999  10.709 0.3000000119
26976  -41.010  -58.394  11.785 0.3000000119
26980  -40.262  -58.276  10.747 0.3000000119
109888  -41.271  -61.339  13.398 0.3000000119
27912  -39.908  -56.795  10.971 0.3000000119
27907  -40.366  -57.605  10.994 0.3000000119
23626  -42.830  -62.681  11.870 0.3000000119
19139  -36.404  -67.643  13.542 0.4000000060
20052  -36.745  -65.948  14.182 0.4000000060
22748  -38.473  -63.272  14.368 0.4000000060
22749  -39.142  -62.964  13.970 0.4000000060
22763  -41.283  -63.782  12.502 0.4000000060
23553  -30.166  -61.885  19.100 0.3000000119
23586  -35.485  -62.267  17.639 0.3000000119
23594  -36.708  -62.125  16.229 0.3000000119
24432  -37.791  -61.273  15.729 0.4000000060
24433  -38.539  -61.092  15.326 0.4000000060
24453  -42.853  -61.687  12.179 0.3000000119
25203  -31.351  -60.734  19.265 0.3000000119
25268  -40.495  -59.745  10.649 0.3000000119
25269  -41.209  -60.185  10.607 0.3000000119
25270  -42.084  -60.419  10.586 0.3000000119
25271  -42.820  -60.677  10.645 0.3000000119
26035  -35.360  -59.133  21.737 0.3000000119
26071  -35.455  -60.292  19.095 0.3000000119
26072  -36.004  -59.502  18.741 0.3000000119
26078  -37.342  -59.380  17.426 0.3000000119
26079  -38.161  -58.851  17.043 0.3000000119
26084  -37.842  -59.658  16.699 0.4000000060
26086  -39.138  -58.494  16.245 0.4000000060
26093  -39.538  -58.651  15.731 0.4000000060
26094  -39.967  -59.243  15.252 0.4000000060
26114  -42.277  -59.583  11.176 0.3000000119
26118  -42.706  -60.189  10.901 0.3000000119
26923  -35.570  -58.857  20.070 0.3000000119
26934  -36.686  -58.760  18.516 0.3000000119
26935  -37.436  -58.164  18.219 0.3000000119
26942  -38.504  -58.083  17.198 0.4000000060
26981  -41.038  -58.432  10.942 0.3000000119
27780  -36.213  -57.816  24.931 0.3000000119
27843  -37.625  -56.967  18.922 0.3000000119
27899  -39.864  -57.423  12.909 0.4000000060
27903  -34.821  -57.040  12.477 0.4000000060
28686  -35.747  -57.000  23.606 0.3000000119
28722  -36.601  -56.853  20.870 0.3000000119
28750  -37.851  -56.219  18.676 0.3000000119
28767  -37.895  -56.577  16.658 0.4000000060
29532  -37.592  -55.837  25.858 0.3000000119
29564  -36.259  -55.469  23.866 0.3000000119
29575  -36.326  -55.345  22.995 0.3000000119
29587  -37.135  -55.138  21.284 0.3000000119
29598  -37.430  -55.265  20.585 0.3000000119
29647  -37.447  -55.789  16.235 0.4000000060
29664  -33.717  -55.756  13.106 0.4000000060
29678  -39.613  -55.463  10.972 0.5000000000
30467  -36.846  -54.865  25.069 0.3000000119
30487  -36.988  -54.209  24.605 0.3000000119
30562  -36.766  -53.650  18.928 0.3000000119
30573  -37.271  -54.817  18.350 0.3000000119
31340  -38.790  -53.761  25.244 0.3000000119
31418  -32.113  -53.636  19.114 0.4000000060
31420  -37.021  -53.661  20.025 0.3000000119
31448  -35.831  -52.728  16.253 0.3000000119
31470  -38.365  -53.429  13.106 0.5000000000
31477  -34.015  -53.445  12.900 0.4000000060
32351  -38.359  -52.344  24.279 0.3000000119
32352  -39.061  -52.457  24.505 0.3000000119
32353  -39.822  -52.736  24.558 0.3000000119
32354  -41.061  -53.070  24.175 0.3000000119
32381  -37.517  -52.230  23.091 0.3000000119
32423  -31.238  -52.671  19.388 0.5000000000
32424  -31.901  -52.948  19.076 0.5000000000
32426  -36.339  -52.290  20.104 0.3000000119
32437  -32.367  -52.624  18.595 0.5000000000
32457  -35.841  -52.130  15.872 0.4000000060
32469  -37.865  -51.995  13.536 0.6999999881
32473  -33.728  -52.912  13.168 0.4000000060
32478  -41.090  -53.271  11.064 0.6000000238
32486  -39.294  -53.029  10.751 0.6000000238
33298  -38.824  -51.764  24.065 0.3000000119
33313  -39.278  -51.193  23.641 0.3000000119
33334  -41.350  -51.001  22.786 0.3000000119
33345  -42.635  -50.936  21.696 0.3000000119
33372  -36.026  -51.594  19.697 0.3000000119
33386  -35.592  -50.954  18.635 0.4000000060
33395  -32.623  -51.233  18.151 0.5000000000
33409  -36.126  -51.129  15.336 0.6000000238
33416  -36.534  -51.264  14.788 0.6000000238
33436  -37.323  -51.557  11.695 0.5000000000
33439  -41.769  -52.594  10.966 0.6000000238
33440  -42.337  -51.761  10.920 0.6000000238
33444  -40.343  -52.330  10.502 0.6000000238
34111  -41.383  -50.220  22.151 0.3000000119
34122  -37.555  -50.299  21.628 0.3000000119
34125  -42.372  -50.229  20.916 0.3000000119
34162  -35.645  -50.159  18.515 0.4000000060
34174  -33.306  -50.297  17.114 0.5000000000
34175  -35.548  -50.040  17.829 0.5000000000
34176  -42.624  -51.025  16.579 0.4000000060
34185  -35.580  -50.369  17.153 0.5000000000
34186  -45.517  -51.127  15.848 0.3000000119
34192  -35.642  -50.698  16.372 0.5000000000
34193  -35.901  -50.616  15.672 0.6000000238
34227  -42.842  -51.139  10.949 0.6000000238
34229  -39.725  -51.435  10.565 0.6000000238
34952  -40.883  -49.517  19.609 0.4000000060
34959  -36.023  -49.605  19.012 0.5000000000
34999  -35.924  -49.402  16.074 0.6000000238
35029  -35.354  -49.139  12.658 0.5000000000
35036  -36.781  -49.694  12.140 0.5000000000
35041  -42.688  -50.369  11.074 0.6000000238
35046  -41.909  -49.915  10.639 0.6000000238
35765  -37.861  -48.761  19.959 0.4000000060
35777  -39.887  -48.843  19.273 0.4000000060
35790  -36.406  -48.150  18.143 0.4000000060
35807  -36.250  -48.239  17.255 0.6000000238
35814  -36.242  -48.605  16.302 0.6000000238
35815  -47.699  -48.710  16.612 0.3000000119
35822  -36.500  -49.084  15.471 0.6000000238
35829  -36.999  -49.164  14.841 0.6999999881
35841  -50.137  -47.963  13.003 0.3000000119
35853  -40.214  -48.819  10.590 0.6000000238
36575  -38.313  -47.662  18.770 0.4000000060
36576  -39.070  -48.031  18.861 0.4000000060
36581  -44.257  -47.705  19.535 0.4000000060
36626  -49.354  -47.592  15.351 0.3000000119
36632  -49.710  -47.586  14.543 0.3000000119
37388  -43.059  -46.085  19.903 0.5000000000
37391  -45.005  -46.241  20.261 0.4000000060
37399  -44.720  -46.933  19.978 0.4000000060
37410  -37.906  -47.172  18.373 0.5000000000
37414  -41.166  -46.040  18.630 0.5000000000
37415  -46.945  -47.003  18.751 0.4000000060
37416  -47.378  -46.131  18.821 0.4000000060
37427  -37.924  -46.678  17.852 0.5000000000
37439  -37.739  -46.584  17.108 0.6000000238
37440  -38.317  -46.210  16.652 0.6000000238
37465  -41.498  -46.258  12.493 0.8000000119
37471  -41.761  -46.643  11.606 0.8000000119
37476  -38.783  -46.541  11.468 0.6000000238
38299  -44.554  -45.714  20.394 0.5000000000
38301  -45.959  -45.526  20.250 0.4000000060
38310  -47.174  -45.455  19.311 0.4000000060
38322  -41.491  -45.262  18.453 0.6000000238
38347  -49.446  -45.592  16.545 0.4000000060
38375  -37.914  -45.090  12.003 0.6999999881
39157  -43.601  -44.312  20.374 0.5000000000
39167  -46.840  -44.768  19.662 0.4000000060
39177  -35.499  -44.888  17.961 0.4000000060
39178  -41.524  -44.579  18.223 0.6000000238
39187  -41.227  -44.953  17.041 0.6000000238
39189  -49.192  -45.010  17.152 0.4000000060
39219  -41.819  -44.762  12.114 0.6999999881
39225  -40.396  -44.018  11.678 0.8000000119
39227  -41.805  -45.169  11.871 0.8000000119
39916  -42.943  -43.792  20.142 0.6000000238
39918  -44.073  -43.634  20.523 0.5000000000
39929  -46.349  -44.123  19.942 0.4000000060
39950  -41.486  -43.869  18.091 0.6000000238
39958  -37.374  -43.268  16.754 0.8000000119
39971  -41.028  -43.871  14.086 0.6999999881
39972  -49.233  -43.137  14.008 0.4000000060
39979  -50.466  -43.469  12.865 0.3000000119
39985  -41.332  -44.058  12.178 0.6999999881
39990  -39.338  -43.273  11.703 0.8000000119
40744  -45.249  -43.142  20.297 0.5000000000
40779  -48.165  -42.888  16.659 0.4000000060
40796  -38.085  -41.856  14.702 0.6999999881
40797  -40.048  -42.192  15.449 0.6000000238
40798  -48.330  -42.386  15.503 0.4000000060
40799  -48.667  -42.578  15.018 0.4000000060
40822  -40.165  -42.225  12.777 0.6000000238
40823  -40.284  -42.358  11.893 0.6000000238
40828  -38.927  -42.148  11.781 0.6999999881
41552  -43.513  -41.632  20.275 0.5000000000
41598  -40.086  -42.022  16.828 0.6000000238
41640  -39.822  -41.860  11.848 0.6000000238
42359  -43.831  -41.046  19.950 0.4000000060
42376  -41.300  -40.178  19.009 0.6000000238
42391  -40.173  -40.321  17.896 0.6000000238
42402  -39.702  -40.875  15.935 0.6000000238
42422  -48.549  -41.036  15.752 0.4000000060
42424  -50.441  -40.828  15.546 0.4000000060
42440  -52.733  -40.799  13.458 0.3000000119
42444  -38.786  -40.572  12.075 0.6999999881
43200  -39.758  -39.947  16.993 0.6000000238
43222  -50.541  -39.611  16.477 0.3000000119
43239  -52.484  -39.423  15.664 0.4000000060
43253  -38.683  -39.171  12.480 0.6999999881
44068  -40.406  -38.182  13.940 0.6999999881
44069  -46.795  -38.294  12.352 0.5000000000
44076  -54.004  -38.792  13.719 0.3000000119
44088  -39.008  -38.748  11.937 0.6999999881
44827  -41.618  -37.400  17.138 0.6000000238
44828  -42.393  -37.597  17.526 0.6000000238
44847  -41.777  -36.705  16.167 0.6000000238
44881  -46.714  -38.231  11.743 0.5000000000
44882  -47.138  -38.112  11.959 0.5000000000
44898  -39.515  -37.745  11.897 0.6999999881
45761  -38.602  -36.139  16.156 0.6999999881
45773  -39.539  -36.019  14.187 0.6000000238
45795  -47.301  -37.617  11.802 0.5000000000
45813  -39.966  -36.482  11.646 0.6999999881
46681  -47.769  -35.009  19.685 0.4000000060
46682  -48.364  -35.662  19.653 0.4000000060
46685  -51.767  -35.128  19.647 0.4000000060
46693  -52.267  -35.874  18.979 0.3000000119
46755  -46.419  -36.298  11.095 0.6000000238
47590  -50.241  -34.837  20.101 0.3000000119
47591  -51.543  -34.381  20.003 0.4000000060
47598  -45.337  -34.932  18.941 0.5000000000
47599  -53.783  -34.697  18.922 0.3000000119
47601  -54.984  -34.204  18.483 0.3000000119
47607  -55.687  -34.212  18.058 0.3000000119
47608  -56.234  -34.441  17.552 0.3000000119
47626  -38.579  -34.544  16.271 0.6000000238
48462  -50.252  -33.300  19.988 0.4000000060
48466  -53.941  -33.578  19.194 0.3000000119
48471  -44.306  -33.205  18.459 0.5000000000
48472  -54.652  -33.541  18.834 0.3000000119
48533  -45.416  -32.542  9.926 0.6000000238
49303  -53.596  -32.996  19.308 0.5000000000
49322  -56.709  -32.811  17.466 0.3000000119
49323  -57.284  -32.657  17.105 0.3000000119
50103  -47.807  -31.761  19.414 0.4000000060
50120  -51.659  -31.112  18.247 0.5000000000
50137  -51.492  -30.690  17.490 0.4000000060
50984  -47.703  -30.334  18.899 0.4000000060
51001  -43.444  -30.808  17.880 0.5000000000
51002  -49.555  -30.213  17.595 0.4000000060
51007  -53.832  -30.714  17.300 0.5000000000
51021  -50.663  -30.185  16.124 0.4000000060
51045  -37.449  -30.047  11.714 0.4000000060
51051  -37.780  -30.041  11.613 0.4000000060
51845  -51.595  -29.681  15.339 0.4000000060
51872  -53.309  -30.204  13.669 0.5000000000
52616  -45.649  -28.846  19.465 0.5000000000
52618  -47.277  -28.836  19.249 0.5000000000
52661  -44.209  -27.995  15.342 0.6000000238
52665  -56.683  -28.010  15.307 0.4000000060
52684  -44.798  -28.015  12.984 0.6000000238
52693  -54.416  -28.817  12.514 0.4000000060
53425  -46.291  -27.522  19.546 0.5000000000
53513  -53.844  -28.025  12.658 0.3000000119
54296  -48.685  -26.408  18.936 0.4000000060
54315  -48.943  -27.057  18.623 0.4000000060
54361  -44.259  -26.678  13.573 0.5000000000
55165  -52.693  -25.732  15.306 0.3000000119
55171  -53.128  -25.922  14.519 0.3000000119
55920  -47.151  -24.501  19.591 0.3000000119
55969  -44.671  -24.006  15.541 0.3000000119
56764  -49.177  -23.515  19.067 0.3000000119
56765  -49.813  -23.476  18.484 0.3000000119
56809  -43.913  -22.965  14.851 0.4000000060
57622  -47.067  -22.907  19.555 0.3000000119
57678  -44.052  -22.627  15.021 0.3000000119
58540  -50.494  -21.539  17.476 0.3000000119
59298  -43.361  -20.073  17.698 0.3000000119
59326  -51.756  -20.430  13.889 0.3000000119
59336  -51.160  -20.687  13.496 0.3000000119
60083  -47.881  -19.436  19.138 0.3000000119
60084  -48.584  -19.764  18.814 0.3000000119
60118  -50.654  -19.325  16.737 0.3000000119
60154  -50.138  -19.502  12.710 0.3000000119
60937  -46.554  -18.609  19.016 0.3000000119
60939  -48.443  -18.991  18.680 0.3000000119
61759  -49.045  -17.893  17.906 0.3000000119
62623  -49.880  -16.632  15.795 0.3000000119
62654  -50.151  -16.820  13.870 0.3000000119
62677  -48.908  -16.967  12.252 0.3000000119
104151  -36.216  -43.319  18.036 0.6000000238
104157  -53.033  -35.742  18.701 0.3000000119
105285  -47.649  -33.438  19.709 0.5000000000
105331  -36.146  -35.869  16.689 0.6000000238
105431  -40.925  -43.530  16.556 0.6999999881
105475  -52.801  -32.957  19.495 0.5000000000
105876  -44.951  -29.131  19.503 0.5000000000
106564  -36.673  -60.017  17.578 0.3000000119
107716  -41.205  -46.623  10.952 0.8000000119
107955  -57.661  -31.362  16.609 0.3000000119
108595  -35.547  -57.758  22.053 0.3000000119
108617  -37.491  -43.652  15.909 0.6999999881
109086  -39.775  -48.365  18.760 0.4000000060
109105  -40.766  -53.603  24.601 0.3000000119
109666  -48.263  -25.314  19.420 0.3000000119
109770  -54.925  -28.931  14.479 0.5000000000
109879  -44.433  -44.351  20.511 0.5000000000
110346  -48.014  -22.185  19.525 0.3000000119
110603  -44.094  -45.090  20.459 0.5000000000
110829  -50.390  -26.921  17.652 0.3000000119
111870  -37.299  -52.035  22.344 0.3000000119
112251  -36.126  -57.027  24.844 0.3000000119
112585  -35.310  -59.702  20.415 0.3000000119
113191  -51.596  -20.326  15.906 0.3000000119
113312  -41.285  -44.373  16.772 0.6999999881
113781  -37.952  -56.638  17.489 0.4000000060
113977  -35.719  -52.626  17.047 0.3000000119
114113  -58.742  -29.840  15.857 0.3000000119
114597  -33.440  -51.849  17.211 0.5000000000
115118  -39.545  -38.908  12.248 0.6999999881
115681  -35.460  -59.108  22.456 0.3000000119
115895  -36.737  -54.135  24.025 0.3000000119
115995  -47.910  -41.074  15.896 0.4000000060
116404  -38.263  -46.295  17.325 0.6000000238
117100  -44.500  -30.462  19.279 0.5000000000
117138  -35.514  -58.494  22.847 0.3000000119
117725  -51.065  -34.743  20.119 0.4000000060
118146  -37.980  -56.595  18.060 0.3000000119
118240  -49.857  -47.978  13.771 0.3000000119
118306  -46.582  -43.482  19.569 0.5000000000
118651  -37.141  -56.533  20.203 0.3000000119
118799  -37.757  -30.938  11.549 0.5000000000
118995  -50.406  -23.387  18.036 0.3000000119
119037  -48.050  -46.682  17.831 0.4000000060
119061  -38.724  -58.443  16.734 0.4000000060
119330  -39.327  -40.203  12.226 0.6999999881
119510  -38.174  -48.144  14.133 0.6999999881
120046  -36.524  -53.293  15.155 0.5000000000
120164  -49.437  -20.709  18.319 0.3000000119
120315  -55.262  -26.849  12.989 0.3000000119
120409  -34.552  -54.093  12.659 0.4000000060
120530  -36.936  -53.637  22.755 0.3000000119
121537  -35.247  -53.977  12.397 0.4000000060
121840  -49.161  -43.995  16.341 0.4000000060
122235  -41.833  -46.237  12.020 0.6999999881
122343  -42.531  -35.852  14.673 0.6000000238
122497  -36.244  -47.475  12.687 0.5000000000
122964  -37.382  -49.235  20.285 0.3000000119
123063  -43.712  -30.874  18.415 0.5000000000
123127  -47.462  -42.341  17.549 0.4000000060
123199  -55.519  -31.262  17.377 0.4000000060
123297  -45.987  -44.447  20.247 0.5000000000
123338  -55.826  -30.060  16.469 0.4000000060
123546  -42.485  -21.379  18.271 0.3000000119
123720  -35.622  -51.308  16.449 0.5000000000
123920  -36.549  -54.810  22.808 0.3000000119
124513  -40.445  -53.055  24.499 0.3000000119
124611  -45.217  -35.322  17.049 0.5000000000
