#!ascii label  , from subject sub-v1s7x0051322_ses-1 vox2ras=TkReg
495
20042  -19.218  -65.489  14.152 0.6999999881
112996  -21.931  -65.412  14.218 0.6000000238
122758  -22.381  -66.480  14.661 0.6000000238
19107  -23.872  -67.511  15.184 0.4000000060
18150  -20.346  -68.218  19.201 0.6999999881
19063  -21.235  -67.924  18.428 0.6999999881
19062  -19.964  -67.684  18.665 0.6999999881
19061  -19.358  -67.784  18.386 0.6999999881
19080  -20.748  -67.290  17.849 0.6000000238
19079  -19.546  -67.174  17.946 0.6000000238
19995  -20.189  -66.515  17.364 0.6000000238
19993  -18.292  -66.171  16.809 0.6000000238
20950  -21.100  -64.766  16.173 0.5000000000
120567  -19.060  -64.747  16.275 0.5000000000
21835  -20.181  -63.743  15.544 0.5000000000
21857  -20.174  -62.831  14.092 0.6000000238
20976  -18.493  -63.974  14.619 0.6000000238
20977  -20.377  -63.261  13.843 0.6000000238
20978  -21.544  -63.881  13.438 0.6000000238
20979  -22.621  -64.398  13.553 0.6000000238
18151  -21.847  -68.570  19.107 0.6000000238
19064  -22.523  -68.109  18.280 0.6000000238
19081  -21.965  -67.464  17.680 0.6000000238
19997  -22.504  -66.681  17.167 0.6000000238
20019  -22.969  -65.907  16.745 0.6000000238
19996  -21.413  -66.651  17.210 0.6000000238
20017  -20.798  -65.778  16.697 0.6000000238
20951  -21.974  -64.730  16.145 0.6000000238
21836  -21.366  -63.655  15.429 0.6000000238
121131  -20.399  -62.982  14.889 0.6000000238
21848  -21.119  -62.756  14.419 0.6999999881
22728  -21.028  -62.680  13.791 0.6000000238
21866  -21.511  -62.984  13.507 0.6000000238
112954  -23.842  -65.698  14.528 0.5000000000
20030  -24.478  -66.367  14.928 0.5000000000
18152  -23.165  -68.602  18.920 0.6000000238
19065  -23.621  -68.030  18.306 0.6000000238
19083  -24.008  -67.334  17.751 0.6000000238
19998  -23.459  -66.650  17.264 0.6000000238
20020  -23.818  -65.855  16.853 0.6000000238
20952  -23.308  -65.107  16.439 0.6000000238
107884  -22.595  -65.175  16.407 0.6000000238
21837  -22.626  -64.256  15.805 0.6000000238
21849  -22.169  -63.181  14.730 0.6999999881
21858  -22.499  -63.367  13.201 0.6000000238
20980  -23.524  -64.701  13.816 0.6000000238
20031  -25.376  -66.656  15.185 0.4000000060
18136  -23.718  -68.846  19.639 0.6000000238
18153  -24.198  -68.426  19.011 0.6000000238
19066  -24.557  -67.773  18.441 0.6000000238
116503  -24.289  -66.518  17.381 0.6000000238
20954  -24.983  -64.984  16.805 0.5000000000
20953  -24.162  -65.063  16.571 0.6000000238
120480  -24.010  -63.589  15.342 0.6999999881
22741  -23.485  -63.086  13.331 0.6000000238
22729  -21.799  -62.709  13.754 0.6000000238
118136  -23.340  -63.292  13.108 0.6000000238
122757  -24.342  -63.448  12.978 0.6000000238
20983  -25.854  -65.080  14.348 0.6000000238
20981  -24.383  -64.988  14.141 0.6000000238
20047  -25.820  -65.958  14.960 0.5000000000
18121  -24.126  -68.798  20.471 0.5000000000
19052  -25.045  -68.028  19.242 0.6000000238
20000  -25.526  -66.557  18.009 0.6000000238
118263  -24.967  -66.310  17.517 0.5000000000
20934  -25.439  -65.623  17.456 0.5000000000
106510  -25.295  -64.203  16.629 0.6000000238
103218  -25.455  -62.914  15.755 0.6000000238
22719  -24.881  -63.520  15.694 0.6999999881
22731  -24.289  -63.168  14.346 0.6999999881
21850  -23.127  -63.459  15.082 0.6999999881
23612  -25.651  -62.678  13.317 0.6000000238
116392  -23.517  -63.122  14.283 0.6999999881
22750  -25.031  -63.134  13.000 0.6000000238
22751  -25.619  -63.107  13.142 0.6000000238
21868  -24.274  -63.403  13.001 0.6000000238
21860  -26.058  -64.300  13.592 0.6000000238
108398  -26.361  -65.746  15.145 0.4000000060
18123  -25.295  -68.075  19.952 0.6000000238
19053  -25.773  -67.476  19.555 0.6000000238
19067  -25.371  -67.368  18.619 0.5000000000
20919  -26.129  -65.950  18.183 0.6000000238
20935  -26.099  -65.054  17.719 0.5000000000
21823  -25.572  -64.803  17.162 0.6000000238
22710  -26.053  -64.137  17.244 0.5000000000
23589  -26.074  -62.759  16.538 0.5000000000
22720  -25.690  -63.472  16.504 0.5000000000
24427  -25.774  -61.686  15.026 0.5000000000
23596  -25.478  -62.454  14.811 0.6000000238
107780  -25.853  -61.139  14.375 0.5000000000
22732  -25.019  -62.988  14.598 0.6000000238
25251  -26.192  -61.088  13.808 0.4000000060
23604  -25.277  -62.697  13.604 0.6999999881
114279  -26.895  -60.007  13.637 0.4000000060
24445  -26.969  -61.501  13.434 0.5000000000
23613  -26.197  -62.468  13.325 0.6000000238
119843  -27.222  -61.893  13.642 0.5000000000
22752  -26.541  -62.858  13.398 0.6000000238
23597  -27.569  -62.005  14.453 0.5000000000
22743  -26.288  -63.576  13.405 0.6000000238
20967  -27.012  -65.497  15.510 0.5000000000
22744  -27.019  -63.305  13.877 0.6000000238
21861  -26.756  -64.088  14.185 0.6000000238
20966  -26.495  -64.865  14.662 0.6000000238
19042  -25.611  -67.598  20.405 0.5000000000
19979  -26.093  -66.819  18.780 0.5000000000
20920  -26.632  -65.329  18.479 0.5000000000
22694  -26.496  -63.552  17.962 0.4000000060
113028  -26.275  -63.232  17.167 0.4000000060
23588  -25.870  -62.239  15.857 0.5000000000
24421  -26.078  -61.469  16.013 0.5000000000
26961  -26.328  -58.989  14.051 0.4000000060
26095  -26.073  -59.412  14.003 0.4000000060
26096  -26.590  -59.601  13.835 0.4000000060
26088  -27.419  -59.683  14.633 0.5000000000
25235  -27.303  -60.314  13.984 0.5000000000
26089  -27.875  -59.963  15.461 0.5000000000
24436  -27.305  -61.230  13.810 0.5000000000
111783  -28.092  -61.035  15.510 0.5000000000
21840  -27.765  -64.205  15.881 0.5000000000
105366  -27.465  -62.928  14.590 0.6000000238
21851  -27.177  -64.602  15.169 0.5000000000
24422  -26.308  -62.015  16.651 0.4000000060
25227  -25.944  -60.685  16.164 0.5000000000
116485  -25.595  -60.056  15.341 0.5000000000
26087  -25.514  -59.300  14.586 0.5000000000
26954  -26.825  -58.820  14.485 0.4000000060
25229  -28.220  -60.534  15.897 0.5000000000
113511  -28.203  -63.355  16.335 0.5000000000
21841  -28.325  -64.237  16.691 0.3000000119
26082  -28.126  -59.781  16.296 0.5000000000
24429  -28.009  -61.723  15.486 0.5000000000
23590  -28.336  -62.329  16.342 0.5000000000
112975  -25.044  -58.667  14.820 0.4000000060
26953  -25.975  -58.293  14.450 0.4000000060
26952  -24.950  -57.922  14.744 0.4000000060
27872  -26.736  -57.745  15.659 0.4000000060
26945  -26.449  -58.115  14.864 0.4000000060
26937  -27.493  -58.317  16.570 0.4000000060
27860  -27.083  -57.471  16.570 0.4000000060
26947  -27.694  -59.006  16.173 0.5000000000
23584  -29.169  -62.493  18.089 0.4000000060
122222  -29.230  -63.048  18.084 0.4000000060
25222  -28.465  -60.600  16.855 0.5000000000
23583  -28.700  -62.027  17.234 0.5000000000
25215  -28.544  -59.877  17.389 0.5000000000
24415  -28.685  -61.280  17.280 0.5000000000
27861  -27.616  -57.862  17.240 0.4000000060
24416  -29.073  -61.665  18.085 0.4000000060
26074  -28.034  -59.131  17.023 0.5000000000
27849  -27.465  -57.151  17.467 0.4000000060
25201  -29.422  -60.563  18.987 0.4000000060
24395  -29.847  -61.284  19.165 0.3000000119
26931  -28.098  -58.448  17.503 0.5000000000
26068  -28.599  -59.133  17.909 0.5000000000
25216  -28.924  -60.723  17.947 0.5000000000
28746  -27.653  -56.466  18.141 0.4000000060
111541  -29.662  -59.683  19.187 0.3000000119
25202  -30.347  -60.397  19.371 0.3000000119
27850  -28.193  -57.778  17.916 0.4000000060
110451  -29.035  -59.830  18.390 0.5000000000
27851  -28.934  -57.695  18.647 0.4000000060
26932  -28.743  -58.394  18.308 0.5000000000
26069  -29.241  -59.047  18.747 0.5000000000
29629  -28.103  -55.815  18.789 0.4000000060
26055  -30.547  -59.236  19.451 0.3000000119
26056  -31.402  -59.064  19.466 0.3000000119
107855  -28.273  -57.119  18.352 0.4000000060
26920  -30.240  -58.343  19.416 0.4000000060
27838  -29.767  -57.631  19.278 0.4000000060
29612  -27.592  -55.042  18.842 0.5000000000
26921  -31.047  -58.417  19.573 0.3000000119
113986  -32.141  -57.950  19.161 0.4000000060
28747  -28.467  -56.502  18.778 0.4000000060
27839  -30.648  -57.524  19.561 0.4000000060
28734  -29.366  -56.064  19.370 0.5000000000
28748  -29.125  -56.982  19.038 0.5000000000
107421  -29.955  -56.928  19.428 0.5000000000
28735  -30.626  -56.455  19.592 0.4000000060
28736  -31.581  -56.408  19.409 0.4000000060
28737  -32.213  -56.487  19.041 0.4000000060
27852  -32.471  -57.334  18.714 0.3000000119
29613  -28.662  -55.087  19.339 0.5000000000
29614  -29.499  -55.335  19.494 0.5000000000
116013  -32.051  -54.796  19.249 0.4000000060
30561  -32.638  -54.485  18.284 0.3000000119
113713  -28.315  -53.707  19.312 0.5000000000
114538  -31.513  -54.843  19.466 0.4000000060
29617  -31.982  -55.576  19.253 0.4000000060
114436  -32.436  -55.809  18.684 0.4000000060
115421  -32.679  -55.928  17.934 0.3000000119
122207  -28.728  -54.330  19.427 0.5000000000
29615  -30.207  -55.488  19.588 0.5000000000
29616  -31.157  -55.604  19.592 0.5000000000
121813  -29.644  -54.685  19.559 0.5000000000
30548  -32.298  -54.314  19.016 0.4000000060
31431  -32.518  -53.763  18.548 0.4000000060
31414  -28.785  -52.879  19.300 0.5000000000
30570  -32.888  -54.686  17.199 0.3000000119
107710  -29.244  -53.781  19.515 0.5000000000
30545  -30.277  -53.958  19.613 0.5000000000
30546  -31.136  -54.082  19.581 0.5000000000
112181  -30.702  -54.779  19.624 0.5000000000
31432  -32.853  -53.096  18.173 0.4000000060
33368  -28.921  -51.862  18.957 0.5000000000
33370  -30.888  -51.881  19.287 0.5000000000
31440  -33.243  -53.290  17.262 0.3000000119
31439  -32.889  -53.903  17.732 0.3000000119
32421  -29.648  -52.412  19.376 0.5000000000
31415  -29.904  -53.132  19.543 0.5000000000
108914  -19.113  -63.950  14.061 0.6000000238
19126  -23.015  -66.982  15.027 0.5000000000
20016  -19.681  -65.665  16.775 0.6000000238
21838  -23.617  -64.292  16.037 0.6999999881
20982  -25.081  -64.169  13.402 0.6000000238
22742  -24.730  -62.955  13.395 0.6999999881
24443  -26.138  -61.924  13.493 0.5000000000
21869  -24.916  -63.378  12.960 0.6000000238
25234  -25.838  -60.884  15.239 0.5000000000
25243  -25.908  -60.217  14.235 0.5000000000
24435  -25.696  -61.948  13.876 0.4000000060
23598  -27.844  -62.587  15.459 0.5000000000
122012  -27.688  -63.346  15.427 0.5000000000
26946  -27.169  -58.492  15.473 0.4000000060
26081  -27.567  -59.277  15.418 0.5000000000
27871  -25.679  -57.503  14.948 0.4000000060
26054  -29.816  -58.935  19.250 0.4000000060
113810  -31.496  -57.787  19.454 0.4000000060
28749  -32.569  -56.528  18.376 0.3000000119
31416  -30.798  -53.292  19.576 0.5000000000
12036  -20.834  -75.679  13.375 0.5000000000
12930  -19.738  -74.691  12.208 0.5000000000
12931  -20.248  -74.369  12.609 0.5000000000
124119  -17.657  -72.297  11.858 0.5000000000
13796  -17.657  -72.940  11.472 0.5000000000
13797  -18.907  -73.513  11.633 0.4000000060
12912  -21.445  -74.226  13.771 0.5000000000
13768  -20.219  -73.421  12.671 0.6000000238
115003  -20.728  -74.019  13.134 0.6000000238
14687  -18.578  -72.821  11.806 0.5000000000
14688  -19.387  -73.072  12.108 0.5000000000
17306  -16.772  -69.670  11.266 0.4000000060
13737  -22.625  -73.458  15.837 0.6999999881
14647  -22.226  -73.239  15.047 0.6999999881
14668  -21.336  -72.740  13.946 0.6999999881
14666  -20.052  -72.074  13.153 0.5000000000
14667  -20.766  -72.400  13.561 0.6999999881
108872  -16.897  -71.398  12.044 0.5000000000
14680  -18.590  -72.205  12.297 0.5000000000
121381  -19.262  -71.885  12.806 0.5000000000
17293  -17.387  -69.111  11.554 0.5000000000
119483  -16.252  -69.941  11.383 0.5000000000
13691  -22.179  -73.476  18.154 0.5000000000
12840  -22.553  -73.742  17.482 0.6999999881
15487  -22.602  -72.123  16.857 0.6999999881
13722  -22.751  -73.616  16.611 0.6999999881
15501  -22.400  -72.171  16.051 0.6999999881
14646  -21.695  -72.609  14.555 0.6000000238
15532  -19.350  -71.373  13.317 0.6999999881
15533  -20.331  -71.536  13.859 0.6000000238
16377  -16.343  -69.729  12.222 0.5000000000
120545  -17.220  -70.085  13.054 0.6000000238
16370  -18.511  -70.713  13.432 0.6000000238
18245  -16.936  -68.746  12.061 0.5000000000
18247  -19.424  -68.634  11.839 0.5000000000
14581  -21.999  -72.904  18.529 0.5000000000
15479  -22.528  -72.192  17.630 0.6999999881
15500  -21.862  -71.584  15.627 0.6999999881
16343  -21.507  -70.777  16.027 0.6999999881
16333  -21.642  -70.696  16.921 0.6999999881
15517  -20.923  -71.437  14.502 0.8000000119
16341  -19.829  -69.886  15.155 0.6999999881
17270  -16.965  -69.195  13.445 0.6000000238
16357  -18.207  -69.939  13.924 0.6999999881
18229  -16.818  -68.394  12.662 0.6999999881
103157  -16.697  -68.625  12.897 0.6000000238
18246  -18.066  -68.599  11.891 0.6000000238
18230  -17.464  -68.205  12.464 0.6000000238
18233  -21.368  -68.527  12.252 0.6000000238
14571  -20.639  -72.761  19.865 0.5000000000
15465  -21.113  -71.991  19.525 0.6000000238
14572  -21.361  -72.865  19.218 0.5000000000
15470  -21.268  -71.148  18.878 0.6000000238
15471  -22.066  -71.606  18.148 0.6000000238
15478  -22.217  -71.412  17.338 0.6999999881
16332  -20.908  -70.102  16.459 0.6999999881
17223  -20.122  -69.424  16.988 0.6000000238
16342  -20.734  -70.301  15.550 0.6999999881
17238  -20.162  -69.561  16.019 0.6999999881
118033  -19.361  -70.176  14.462 0.6999999881
18218  -17.069  -67.783  13.130 0.6999999881
119314  -20.332  -68.398  13.113 0.6999999881
106354  -19.299  -68.044  13.114 0.6999999881
15453  -20.396  -71.848  20.214 0.5000000000
16317  -20.199  -70.343  19.394 0.6000000238
106558  -20.527  -70.262  18.453 0.6000000238
16323  -20.765  -70.128  17.425 0.6000000238
17237  -19.187  -69.132  15.617 0.8000000119
18189  -18.555  -68.282  16.082 0.5000000000
18174  -18.826  -68.062  17.277 0.6000000238
18204  -17.092  -68.065  14.525 0.6999999881
19106  -16.914  -67.141  14.627 0.6999999881
19135  -18.612  -67.295  13.739 0.6999999881
19122  -17.424  -66.457  14.168 0.6999999881
18221  -21.934  -68.664  13.307 0.5000000000
18205  -20.117  -67.960  13.773 0.6999999881
102975  -22.452  -68.465  14.274 0.5000000000
14560  -19.953  -72.658  20.499 0.5000000000
16300  -19.884  -70.551  20.338 0.5000000000
17195  -19.544  -69.090  19.764 0.6000000238
117317  -20.570  -71.192  19.711 0.6000000238
16313  -19.658  -69.512  19.715 0.6000000238
123562  -19.791  -69.627  19.027 0.6000000238
18148  -19.460  -68.320  18.745 0.6000000238
17211  -19.755  -69.339  18.180 0.6000000238
20013  -17.164  -65.944  15.360 0.6000000238
106748  -17.679  -65.985  16.176 0.5000000000
18161  -19.034  -67.819  17.995 0.5000000000
20040  -17.109  -65.800  14.635 0.6000000238
20029  -17.114  -65.361  14.947 0.6000000238
19123  -19.888  -67.165  14.183 0.6000000238
109429  -18.371  -66.227  14.121 0.6000000238
19125  -22.180  -67.404  14.723 0.5000000000
15452  -19.766  -71.698  20.866 0.5000000000
103519  -19.697  -69.540  20.222 0.6000000238
18132  -19.614  -68.742  19.440 0.6000000238
19077  -18.172  -66.622  16.840 0.5000000000
19994  -19.083  -66.368  17.307 0.5000000000
20964  -17.709  -64.630  15.126 0.5000000000
20014  -17.869  -65.262  16.000 0.5000000000
120131  -20.482  -66.423  14.297 0.6000000238
15437  -19.344  -71.630  21.509 0.5000000000
16299  -19.688  -70.125  20.844 0.6000000238
18119  -19.693  -69.057  20.121 0.6000000238
18133  -19.837  -68.579  19.667 0.6000000238
122105  -18.954  -63.427  14.624 0.5000000000
20948  -18.323  -64.462  15.722 0.4000000060
15423  -19.085  -71.228  22.210 0.5000000000
120154  -19.722  -69.982  21.242 0.5000000000
17180  -19.804  -69.640  20.675 0.6000000238
18134  -20.677  -68.606  19.712 0.6000000238
17166  -19.748  -70.022  22.036 0.5000000000
120984  -19.906  -69.785  21.271 0.6000000238
18120  -20.325  -68.912  20.263 0.6000000238
16281  -18.827  -70.837  23.050 0.5000000000
17150  -19.467  -70.149  22.994 0.5000000000
17167  -20.355  -69.716  21.882 0.5000000000
17182  -21.345  -69.335  20.831 0.6000000238
17196  -21.817  -69.064  20.048 0.6000000238
17151  -20.249  -69.694  22.934 0.5000000000
112633  -19.118  -70.243  23.818 0.5000000000
18135  -22.792  -68.955  19.557 0.5000000000
17137  -19.788  -69.786  23.744 0.5000000000
17168  -21.211  -69.525  21.653 0.5000000000
17123  -19.117  -69.479  24.488 0.5000000000
17138  -20.440  -69.446  23.773 0.5000000000
17153  -22.037  -69.316  22.324 0.5000000000
17197  -23.137  -69.219  20.350 0.4000000060
17124  -19.957  -69.302  24.295 0.5000000000
18100  -21.822  -69.125  23.132 0.5000000000
18113  -22.821  -69.007  22.034 0.4000000060
17170  -23.022  -69.256  21.226 0.4000000060
121434  -21.497  -68.848  23.677 0.4000000060
18101  -22.513  -68.700  22.816 0.4000000060
18115  -24.217  -68.486  21.283 0.4000000060
20975  -17.592  -64.986  14.705 0.6000000238
20043  -21.499  -66.437  14.459 0.5000000000
104838  -23.057  -67.895  14.959 0.4000000060
19078  -18.799  -67.098  17.527 0.6000000238
117940  -23.662  -69.006  21.010 0.4000000060
18122  -24.941  -68.201  20.678 0.4000000060
15518  -21.485  -71.843  14.855 0.6999999881
17236  -18.068  -68.602  15.118 0.6999999881
18217  -16.873  -68.006  13.345 0.6999999881
18203  -16.859  -67.598  14.037 0.6999999881
17222  -19.399  -68.867  16.590 0.6000000238
119720  -19.382  -68.760  17.559 0.6000000238
18188  -17.601  -67.592  15.453 0.6999999881
19120  -16.883  -66.950  14.284 0.6999999881
19124  -21.102  -67.381  14.454 0.6000000238
18206  -20.799  -67.961  14.197 0.6000000238
12911  -20.766  -74.793  13.208 0.5000000000
13747  -21.696  -73.362  14.196 0.6999999881
13748  -22.476  -73.979  15.335 0.6999999881
13769  -20.984  -73.271  13.439 0.6999999881
13789  -19.678  -73.909  12.068 0.5000000000
14582  -22.511  -72.910  17.897 0.6999999881
14599  -22.775  -72.888  17.180 0.6999999881
14615  -22.702  -72.835  16.388 0.6999999881
14629  -22.053  -72.375  15.288 0.6999999881
14645  -21.138  -72.074  14.167 0.8000000119
14681  -19.733  -72.572  12.645 0.5000000000
14686  -16.449  -72.025  11.535 0.5000000000
15472  -22.276  -72.325  18.224 0.6999999881
15486  -22.151  -71.404  16.475 0.6999999881
15499  -21.188  -71.073  15.161 0.6999999881
15531  -18.102  -71.205  12.820 0.5000000000
15540  -16.161  -70.438  11.727 0.5000000000
16272  -18.780  -70.081  24.331 0.5000000000
16316  -19.472  -68.935  19.147 0.6000000238
16324  -21.526  -70.844  17.857 0.6000000238
16358  -20.312  -70.721  14.623 0.6999999881
16369  -16.557  -69.223  12.689 0.6999999881
16371  -19.420  -70.745  13.909 0.6999999881
16378  -16.815  -70.532  12.412 0.5000000000
17122  -18.367  -69.725  24.579 0.5000000000
17139  -21.062  -69.304  23.423 0.5000000000
17152  -21.148  -69.495  22.587 0.5000000000
17169  -22.172  -69.371  21.467 0.5000000000
17181  -20.241  -69.468  20.889 0.6000000238
17183  -22.355  -69.320  20.767 0.4000000060
17210  -19.287  -68.444  18.276 0.6000000238
17254  -16.857  -68.394  13.732 0.6999999881
17255  -17.456  -68.973  14.275 0.6999999881
17256  -18.733  -69.471  14.753 0.6999999881
17281  -16.514  -69.071  12.192 0.5000000000
17292  -16.525  -69.401  11.666 0.5000000000
18083  -20.884  -68.925  24.113 0.4000000060
18102  -23.205  -68.319  22.411 0.4000000060
18114  -23.515  -68.705  21.685 0.4000000060
18137  -24.646  -68.499  19.823 0.6000000238
18149  -19.656  -68.208  19.072 0.6000000238
18160  -18.469  -67.260  17.106 0.5000000000
18173  -18.257  -67.545  16.423 0.6000000238
18207  -21.559  -68.180  14.248 0.6000000238
18219  -17.936  -67.700  12.949 0.6999999881
18220  -20.995  -68.367  13.671 0.6999999881
18231  -18.690  -68.273  12.287 0.6000000238
18232  -20.192  -68.394  12.077 0.5000000000
19043  -26.148  -67.167  20.193 0.5000000000
19082  -23.048  -67.462  17.683 0.6000000238
19084  -24.826  -67.059  17.874 0.5000000000
19096  -17.116  -66.678  15.200 0.6999999881
19097  -17.766  -66.748  16.106 0.5000000000
19108  -24.825  -67.542  15.324 0.4000000060
19121  -16.944  -66.663  14.281 0.6999999881
19133  -16.928  -67.366  13.857 0.6999999881
19134  -17.288  -67.215  13.680 0.6999999881
19999  -24.624  -65.734  17.058 0.5000000000
20015  -18.650  -65.425  16.594 0.6000000238
20018  -21.960  -65.740  16.614 0.6000000238
20039  -16.925  -66.269  14.700 0.6999999881
20041  -18.154  -64.773  14.263 0.6000000238
20044  -23.008  -65.800  14.489 0.5000000000
20045  -23.655  -66.545  14.908 0.5000000000
20046  -25.212  -65.497  14.546 0.5000000000
20949  -19.986  -64.769  16.216 0.5000000000
20955  -27.661  -65.249  16.011 0.5000000000
20965  -18.550  -63.751  14.976 0.5000000000
21834  -19.068  -63.894  15.581 0.5000000000
21839  -24.486  -64.257  16.272 0.6999999881
21847  -19.463  -63.141  14.716 0.6000000238
21859  -23.231  -63.713  13.185 0.6000000238
21867  -22.348  -63.056  13.263 0.6000000238
21870  -25.524  -63.577  13.174 0.6000000238
22727  -20.381  -62.795  14.356 0.6000000238
22730  -22.718  -62.897  13.844 0.6000000238
22733  -27.321  -63.741  14.820 0.6000000238
22739  -21.802  -62.834  13.550 0.6000000238
22740  -22.498  -62.953  13.347 0.6000000238
23605  -27.196  -62.541  13.735 0.6000000238
23614  -26.833  -62.180  13.427 0.6000000238
24409  -29.396  -61.276  18.697 0.4000000060
24423  -28.404  -61.362  16.347 0.5000000000
24428  -27.681  -61.127  14.739 0.5000000000
24444  -26.554  -61.860  13.408 0.5000000000
25236  -27.767  -60.452  15.064 0.5000000000
25244  -26.529  -60.243  13.722 0.4000000060
25245  -26.961  -60.690  13.522 0.5000000000
25252  -26.587  -61.205  13.544 0.5000000000
26097  -26.897  -59.514  13.925 0.4000000060
26919  -29.469  -58.335  19.023 0.5000000000
26922  -31.784  -58.536  19.369 0.4000000060
26960  -25.651  -58.671  14.397 0.5000000000
27840  -31.277  -57.081  19.527 0.4000000060
27841  -31.905  -57.187  19.246 0.4000000060
29630  -32.389  -55.039  18.871 0.3000000119
29638  -32.685  -55.255  18.055 0.3000000119
32422  -30.465  -52.504  19.479 0.5000000000
102946  -16.275  -69.814  11.599 0.5000000000
103059  -19.606  -70.871  21.053 0.5000000000
105917  -28.752  -63.909  17.317 0.3000000119
106298  -21.764  -72.118  18.809 0.5000000000
109698  -23.866  -63.977  13.240 0.6000000238
110559  -20.504  -64.925  14.081 0.6000000238
112404  -19.520  -70.600  21.627 0.5000000000
113698  -19.344  -70.543  22.383 0.5000000000
115954  -28.787  -62.977  17.336 0.5000000000
119447  -19.353  -63.260  14.330 0.5000000000
119819  -19.366  -69.787  24.213 0.5000000000
121094  -22.462  -72.809  15.709 0.6999999881
121288  -17.336  -65.329  15.423 0.6000000238
121620  -20.424  -72.740  13.036 0.5000000000
124367  -20.792  -62.788  13.813 0.6000000238
124490  -17.523  -65.478  14.394 0.6000000238
