#!ascii label  , from subject sub-v1s7x0051322_ses-1 vox2ras=TkReg
466
11069  -35.626  -76.996  23.054 0.0000000000
12854  -43.525  -75.064  17.344 0.0000000000
14546  -35.148  -71.853  21.390 0.0000000000
11099  -40.506  -76.084  21.137 0.0000000000
15473  -38.249  -71.342  18.379 0.0000000000
13618  -32.886  -73.493  24.852 0.0000000000
111097  -32.039  -69.391  25.914 0.0000000000
18897  -34.523  -66.987  31.796 0.0000000000
17171  -34.855  -69.540  21.669 0.0000000000
15455  -37.327  -71.793  20.264 0.0000000000
18125  -36.199  -68.862  19.857 0.0000000000
14506  -32.418  -71.871  24.993 0.0000000000
16231  -33.454  -70.225  27.725 0.0000000000
21615  -37.256  -64.692  31.378 0.0000000000
21646  -33.637  -64.185  29.551 0.0000000000
8703  -36.515  -78.988  22.620 0.0000000000
11115  -42.311  -76.144  19.824 0.0000000000
9570  -41.686  -79.532  20.954 0.0000000000
10342  -42.157  -77.537  18.825 0.0000000000
118089  -34.705  -75.460  20.747 0.0000000000
11081  -37.666  -76.867  21.224 0.0000000000
13676  -39.439  -73.499  20.010 0.0000000000
14601  -40.255  -72.629  17.512 0.0000000000
13643  -32.648  -73.481  22.259 0.0000000000
16282  -32.536  -70.742  23.144 0.0000000000
19009  -33.078  -67.614  23.658 0.0000000000
16195  -33.740  -70.266  31.434 0.0000000000
110018  -32.547  -68.229  28.645 0.0000000000
114399  -32.628  -65.548  26.139 0.0000000000
21722  -34.965  -64.670  24.966 0.0000000000
8705  -39.379  -79.331  21.928 0.0000000000
17267  -45.468  -68.725  13.926 0.0000000000
13758  -44.793  -72.983  14.732 0.0000000000
12030  -41.901  -75.779  13.334 0.0000000000
19034  -34.764  -68.001  21.291 0.0000000000
18124  -35.590  -68.845  20.471 0.0000000000
9542  -36.489  -78.147  23.046 0.0000000000
12843  -43.062  -75.507  18.183 0.0000000000
103208  -43.254  -77.101  19.171 0.0000000000
11129  -43.608  -76.397  18.165 0.0000000000
11150  -42.542  -76.826  17.402 0.0000000000
121515  -43.577  -76.306  17.388 0.0000000000
13654  -34.769  -73.561  20.615 0.0000000000
13656  -36.441  -72.964  20.618 0.0000000000
16318  -37.648  -71.434  18.885 0.0000000000
14574  -38.333  -72.543  20.192 0.0000000000
14584  -38.844  -72.817  18.721 0.0000000000
14585  -39.736  -73.183  18.252 0.0000000000
14600  -39.502  -72.243  17.839 0.0000000000
12796  -33.282  -74.777  22.025 0.0000000000
116712  -32.591  -73.576  23.508 0.0000000000
109185  -31.979  -70.557  25.319 0.0000000000
15414  -32.064  -71.444  23.649 0.0000000000
106565  -32.164  -69.780  24.329 0.0000000000
17141  -33.193  -69.331  23.254 0.0000000000
18070  -32.419  -68.181  24.860 0.0000000000
17987  -33.206  -68.985  31.547 0.0000000000
17056  -32.692  -69.004  29.918 0.0000000000
107763  -32.635  -67.577  30.883 0.0000000000
22537  -33.929  -63.666  28.235 0.0000000000
21662  -32.823  -64.765  27.973 0.0000000000
21686  -33.468  -64.250  26.836 0.0000000000
20798  -33.004  -65.165  25.433 0.0000000000
11082  -39.139  -76.939  21.317 0.0000000000
10303  -39.183  -78.127  22.064 0.0000000000
10304  -40.215  -78.143  22.172 0.0000000000
7962  -40.388  -80.649  20.444 0.0000000000
17265  -43.930  -68.663  13.919 0.0000000000
105066  -45.153  -71.388  14.045 0.0000000000
13778  -42.832  -73.619  13.043 0.0000000000
15440  -35.278  -71.074  21.568 0.0000000000
14547  -36.326  -72.169  20.833 0.0000000000
16301  -36.067  -70.322  20.606 0.0000000000
16302  -36.556  -70.699  20.084 0.0000000000
17205  -37.673  -69.876  18.567 0.0000000000
118560  -32.635  -72.997  24.382 0.0000000000
15392  -33.190  -71.305  26.366 0.0000000000
17098  -32.336  -69.518  26.615 0.0000000000
20715  -35.900  -65.562  31.454 0.0000000000
20713  -33.621  -65.794  31.196 0.0000000000
21614  -35.505  -64.460  31.116 0.0000000000
115312  -35.502  -63.101  29.742 0.0000000000
23404  -36.460  -62.586  28.651 0.0000000000
11913  -40.878  -75.697  20.693 0.0000000000
116027  -41.563  -77.497  21.874 0.0000000000
11102  -42.639  -77.395  20.594 0.0000000000
9585  -42.519  -78.108  20.212 0.0000000000
9600  -39.624  -78.737  19.093 0.0000000000
11127  -40.390  -77.205  18.026 0.0000000000
11148  -39.546  -76.751  17.447 0.0000000000
11972  -39.517  -76.019  15.939 0.0000000000
11899  -35.201  -76.054  21.137 0.0000000000
10307  -36.950  -77.223  21.974 0.0000000000
11097  -37.659  -76.151  20.581 0.0000000000
11911  -39.004  -75.379  20.625 0.0000000000
118853  -37.235  -73.018  20.585 0.0000000000
112178  -38.502  -73.736  20.501 0.0000000000
12815  -39.645  -74.556  20.423 0.0000000000
12830  -40.631  -74.845  19.772 0.0000000000
13695  -41.243  -74.251  18.163 0.0000000000
13712  -41.639  -73.749  17.372 0.0000000000
11897  -33.805  -75.322  21.590 0.0000000000
12803  -33.501  -74.620  21.148 0.0000000000
13644  -33.914  -73.233  21.020 0.0000000000
14515  -32.229  -72.319  23.296 0.0000000000
14529  -32.970  -71.990  22.099 0.0000000000
15425  -33.714  -71.278  22.054 0.0000000000
16284  -34.498  -70.012  22.222 0.0000000000
18104  -34.240  -68.243  22.108 0.0000000000
112691  -34.211  -67.229  22.274 0.0000000000
16213  -33.523  -70.022  29.675 0.0000000000
16224  -33.056  -69.582  28.376 0.0000000000
104467  -32.371  -68.831  27.059 0.0000000000
112098  -32.580  -66.154  29.731 0.0000000000
108619  -32.431  -66.981  28.004 0.0000000000
18971  -32.353  -67.262  26.026 0.0000000000
19884  -32.710  -66.328  24.812 0.0000000000
19885  -33.242  -66.136  24.035 0.0000000000
9543  -37.242  -78.365  22.682 0.0000000000
8704  -38.378  -79.228  22.047 0.0000000000
8721  -41.021  -79.887  21.671 0.0000000000
7941  -39.408  -81.295  20.474 0.0000000000
15491  -40.739  -71.334  16.708 0.0000000000
105809  -41.291  -72.178  16.541 0.0000000000
14617  -43.021  -72.830  15.931 0.0000000000
14635  -44.669  -72.338  14.960 0.0000000000
13726  -44.415  -74.373  16.083 0.0000000000
12010  -44.002  -75.386  15.933 0.0000000000
12008  -42.024  -76.142  14.708 0.0000000000
19940  -34.869  -67.207  21.577 0.0000000000
19035  -35.445  -67.460  20.938 0.0000000000
10300  -35.691  -77.917  23.400 0.0000000000
11070  -36.336  -77.499  22.840 0.0000000000
11932  -43.419  -76.266  18.472 0.0000000000
11948  -43.746  -75.924  17.847 0.0000000000
11173  -43.777  -75.928  17.367 0.0000000000
12855  -43.840  -75.500  17.182 0.0000000000
14561  -34.894  -72.641  20.993 0.0000000000
13655  -35.678  -73.719  20.484 0.0000000000
14562  -35.627  -72.863  20.716 0.0000000000
108514  -38.171  -72.107  18.853 0.0000000000
15474  -38.807  -71.747  18.143 0.0000000000
110423  -32.895  -74.177  24.632 0.0000000000
12788  -32.900  -74.272  23.837 0.0000000000
13628  -32.711  -73.583  24.153 0.0000000000
16249  -31.927  -69.715  25.198 0.0000000000
118313  -31.904  -70.395  24.684 0.0000000000
17125  -32.353  -68.994  24.638 0.0000000000
17108  -32.167  -68.843  25.419 0.0000000000
18898  -35.787  -67.058  31.736 0.0000000000
18879  -36.345  -67.763  31.764 0.0000000000
18878  -35.047  -67.618  32.128 0.0000000000
17975  -34.790  -68.380  32.409 0.0000000000
18877  -33.975  -67.763  32.059 0.0000000000
17986  -32.801  -68.359  31.213 0.0000000000
18896  -33.613  -66.988  31.601 0.0000000000
22555  -35.266  -63.029  27.930 0.0000000000
22553  -33.746  -63.903  27.507 0.0000000000
22570  -34.236  -63.885  26.876 0.0000000000
22571  -35.189  -63.662  27.063 0.0000000000
11098  -39.594  -76.122  20.991 0.0000000000
10310  -39.661  -77.524  21.793 0.0000000000
11083  -40.081  -76.754  21.494 0.0000000000
15538  -44.317  -71.606  13.357 0.0000000000
13779  -43.789  -72.876  13.378 0.0000000000
14672  -43.024  -72.869  13.132 0.0000000000
108553  -35.114  -70.327  21.642 0.0000000000
16292  -35.781  -70.700  21.195 0.0000000000
17172  -35.471  -69.794  21.042 0.0000000000
17184  -35.881  -69.536  20.318 0.0000000000
17198  -36.335  -69.779  19.829 0.0000000000
17199  -36.881  -70.096  19.143 0.0000000000
18138  -36.874  -69.089  19.354 0.0000000000
16240  -32.818  -70.352  26.801 0.0000000000
20716  -37.262  -65.644  31.380 0.0000000000
108806  -36.411  -64.823  31.329 0.0000000000
23382  -35.969  -62.739  29.236 0.0000000000
116546  -36.845  -79.864  21.744 0.0000000000
11921  -41.245  -75.532  20.119 0.0000000000
11914  -41.738  -76.238  20.589 0.0000000000
11101  -42.541  -76.784  20.368 0.0000000000
10343  -43.043  -77.283  18.777 0.0000000000
10330  -42.919  -77.417  19.619 0.0000000000
10329  -41.888  -78.036  19.552 0.0000000000
10341  -40.994  -77.673  18.873 0.0000000000
10340  -39.867  -77.857  18.740 0.0000000000
120971  -41.820  -76.690  16.988 0.0000000000
107324  -40.496  -76.757  17.230 0.0000000000
11170  -41.162  -76.615  16.580 0.0000000000
11169  -40.034  -76.430  16.628 0.0000000000
11184  -41.624  -76.462  15.673 0.0000000000
123467  -38.290  -75.799  20.570 0.0000000000
12813  -38.026  -74.271  20.548 0.0000000000
15454  -36.688  -71.695  20.627 0.0000000000
108565  -37.172  -72.311  20.551 0.0000000000
107602  -38.500  -73.119  20.370 0.0000000000
13658  -39.201  -73.625  20.274 0.0000000000
12829  -39.906  -74.198  20.097 0.0000000000
12816  -40.384  -75.025  20.294 0.0000000000
13694  -40.229  -73.936  18.605 0.0000000000
13711  -40.638  -73.474  17.798 0.0000000000
119429  -32.851  -74.232  22.346 0.0000000000
12802  -33.020  -74.097  21.629 0.0000000000
120491  -33.408  -73.937  21.068 0.0000000000
114663  -33.119  -73.359  21.507 0.0000000000
114400  -32.447  -72.951  23.714 0.0000000000
14510  -32.235  -72.186  24.208 0.0000000000
15424  -32.381  -71.704  22.820 0.0000000000
118923  -32.966  -71.222  22.503 0.0000000000
15426  -34.500  -70.757  21.947 0.0000000000
16283  -33.651  -70.439  22.526 0.0000000000
18087  -33.168  -68.537  23.431 0.0000000000
18103  -33.748  -68.832  22.784 0.0000000000
19022  -33.627  -67.919  22.858 0.0000000000
19923  -33.600  -67.059  23.082 0.0000000000
16204  -33.580  -70.178  30.482 0.0000000000
18007  -32.526  -68.299  29.517 0.0000000000
17069  -33.140  -69.547  29.306 0.0000000000
17068  -32.732  -68.936  28.963 0.0000000000
17082  -32.617  -68.788  27.988 0.0000000000
104473  -32.497  -68.043  27.996 0.0000000000
20735  -33.338  -65.356  30.698 0.0000000000
20752  -32.855  -65.750  30.248 0.0000000000
20753  -33.164  -64.950  29.928 0.0000000000
20777  -32.596  -65.369  27.727 0.0000000000
124518  -32.461  -66.201  28.050 0.0000000000
20784  -32.474  -65.833  27.115 0.0000000000
18964  -32.285  -67.341  26.898 0.0000000000
19853  -32.391  -66.501  26.505 0.0000000000
18989  -32.474  -67.248  25.055 0.0000000000
19865  -32.503  -66.419  25.618 0.0000000000
21721  -34.103  -64.676  24.859 0.0000000000
20799  -33.458  -65.040  24.934 0.0000000000
20814  -33.788  -65.290  24.258 0.0000000000
20830  -33.964  -65.807  23.470 0.0000000000
10301  -37.110  -77.846  22.646 0.0000000000
10308  -37.795  -77.572  21.920 0.0000000000
9544  -38.747  -78.607  22.175 0.0000000000
8718  -37.935  -79.919  21.624 0.0000000000
8719  -38.997  -80.060  21.500 0.0000000000
9560  -42.326  -78.548  21.551 0.0000000000
8707  -41.364  -79.294  22.151 0.0000000000
8722  -41.676  -79.500  21.720 0.0000000000
7960  -39.449  -81.470  19.814 0.0000000000
7942  -40.065  -81.002  20.531 0.0000000000
112503  -40.090  -70.928  17.066 0.0000000000
16327  -40.604  -70.340  16.917 0.0000000000
103107  -42.152  -72.102  15.997 0.0000000000
14636  -44.821  -72.269  14.550 0.0000000000
120047  -44.918  -71.722  14.432 0.0000000000
119849  -44.768  -72.949  15.091 0.0000000000
14618  -44.178  -73.177  15.580 0.0000000000
13738  -44.484  -73.713  15.485 0.0000000000
11977  -44.342  -74.857  16.137 0.0000000000
12877  -44.256  -74.621  15.474 0.0000000000
12031  -42.480  -75.379  14.300 0.0000000000
18117  -35.051  -68.870  21.113 0.0000000000
109897  -35.313  -68.187  20.738 0.0000000000
19044  -36.105  -67.919  20.281 0.0000000000
22489  -37.252  -63.738  31.234 0.0000000000
21617  -38.555  -64.048  31.589 0.0000000000
11931  -42.720  -75.814  19.014 0.0000000000
123386  -42.871  -76.729  19.841 0.0000000000
11922  -43.153  -76.659  19.244 0.0000000000
11128  -43.455  -76.809  18.444 0.0000000000
10358  -43.146  -77.080  18.093 0.0000000000
10357  -42.464  -77.282  18.071 0.0000000000
11151  -43.374  -76.676  17.762 0.0000000000
11172  -43.023  -76.496  16.947 0.0000000000
109187  -34.844  -74.625  20.480 0.0000000000
113668  -36.653  -73.744  20.486 0.0000000000
16303  -37.114  -71.218  19.609 0.0000000000
14573  -37.814  -72.229  20.297 0.0000000000
15466  -37.909  -72.001  19.862 0.0000000000
14583  -38.535  -72.595  19.756 0.0000000000
13692  -38.985  -73.083  19.721 0.0000000000
13693  -39.322  -73.640  19.027 0.0000000000
12795  -32.638  -73.935  22.962 0.0000000000
15407  -31.958  -71.163  24.575 0.0000000000
107294  -31.968  -70.593  23.993 0.0000000000
16273  -32.560  -69.925  23.627 0.0000000000
16274  -33.131  -69.983  23.049 0.0000000000
17140  -32.688  -69.143  23.913 0.0000000000
18086  -32.701  -68.343  24.129 0.0000000000
118605  -34.362  -69.123  32.513 0.0000000000
17048  -33.279  -69.639  31.135 0.0000000000
17047  -32.788  -69.035  30.809 0.0000000000
17998  -32.558  -68.338  30.438 0.0000000000
18913  -32.434  -67.548  30.013 0.0000000000
22519  -34.243  -63.586  29.068 0.0000000000
21645  -33.007  -64.619  28.923 0.0000000000
21663  -33.334  -64.182  28.155 0.0000000000
21673  -33.177  -64.374  27.499 0.0000000000
21672  -32.755  -64.894  27.042 0.0000000000
121483  -33.138  -64.677  26.140 0.0000000000
21707  -33.638  -64.614  25.477 0.0000000000
21708  -34.447  -64.429  25.566 0.0000000000
123696  -38.359  -77.112  21.365 0.0000000000
10309  -38.699  -77.650  21.776 0.0000000000
9545  -39.756  -78.718  22.155 0.0000000000
8744  -40.899  -80.158  20.694 0.0000000000
17266  -44.870  -69.021  13.547 0.0000000000
16376  -45.116  -69.748  13.534 0.0000000000
15525  -45.411  -70.231  13.920 0.0000000000
15539  -44.986  -70.749  13.521 0.0000000000
113927  -44.827  -71.612  13.668 0.0000000000
13780  -44.541  -72.711  13.923 0.0000000000
12902  -43.944  -74.203  14.537 0.0000000000
12901  -42.894  -74.493  13.723 0.0000000000
12900  -42.279  -75.152  13.176 0.0000000000
119945  -35.682  -72.141  21.102 0.0000000000
15441  -35.981  -71.492  21.141 0.0000000000
16293  -36.374  -71.067  20.772 0.0000000000
109683  -36.809  -71.359  20.327 0.0000000000
122056  -37.367  -70.671  18.831 0.0000000000
16319  -38.006  -70.606  18.373 0.0000000000
15401  -33.016  -71.975  25.715 0.0000000000
15400  -32.367  -71.305  25.527 0.0000000000
15391  -32.397  -70.735  26.042 0.0000000000
107712  -32.069  -70.072  26.046 0.0000000000
121318  -36.395  -66.568  31.511 0.0000000000
19793  -35.125  -66.320  31.618 0.0000000000
19792  -34.060  -66.329  31.509 0.0000000000
20714  -34.474  -65.623  31.368 0.0000000000
21613  -34.658  -64.830  31.120 0.0000000000
21632  -34.766  -64.127  30.643 0.0000000000
22488  -36.284  -63.959  31.029 0.0000000000
21633  -35.440  -63.853  30.693 0.0000000000
21647  -34.335  -63.808  29.984 0.0000000000
124399  -34.843  -63.419  29.602 0.0000000000
22520  -35.152  -63.094  28.909 0.0000000000
23403  -35.779  -62.756  28.485 0.0000000000
11084  -41.059  -76.755  21.568 0.0000000000
11100  -41.295  -76.287  21.106 0.0000000000
104829  -42.080  -77.108  21.238 0.0000000000
9572  -42.467  -78.429  20.964 0.0000000000
119823  -42.201  -78.825  20.851 0.0000000000
10355  -39.174  -77.303  18.122 0.0000000000
11147  -38.506  -76.813  17.540 0.0000000000
11168  -38.939  -76.262  16.830 0.0000000000
11079  -35.122  -76.316  22.165 0.0000000000
11080  -36.015  -76.694  21.840 0.0000000000
11096  -36.754  -76.498  20.945 0.0000000000
122870  -36.389  -76.032  20.582 0.0000000000
114685  -38.524  -76.380  20.828 0.0000000000
14563  -37.883  -72.721  20.458 0.0000000000
12814  -38.775  -74.397  20.539 0.0000000000
11912  -40.041  -75.401  20.733 0.0000000000
12831  -41.613  -75.344  19.404 0.0000000000
13677  -40.028  -74.165  19.532 0.0000000000
12841  -40.896  -74.638  18.993 0.0000000000
12842  -41.973  -75.036  18.592 0.0000000000
12853  -42.352  -74.621  17.765 0.0000000000
13713  -42.748  -74.132  16.982 0.0000000000
11898  -34.491  -75.709  21.382 0.0000000000
120761  -34.044  -75.110  20.775 0.0000000000
12810  -33.963  -74.251  20.699 0.0000000000
14545  -34.267  -72.288  21.399 0.0000000000
13636  -32.395  -73.143  23.010 0.0000000000
14528  -32.472  -72.572  22.554 0.0000000000
14544  -33.424  -72.586  21.570 0.0000000000
15438  -33.738  -71.910  21.715 0.0000000000
15439  -34.461  -71.510  21.670 0.0000000000
17154  -33.802  -69.637  22.709 0.0000000000
17155  -34.340  -69.233  22.250 0.0000000000
18116  -34.629  -68.791  21.671 0.0000000000
121839  -34.501  -67.647  21.774 0.0000000000
17057  -33.106  -69.593  30.236 0.0000000000
17090  -32.748  -69.584  27.454 0.0000000000
107616  -32.160  -68.779  26.221 0.0000000000
18895  -32.981  -66.870  31.199 0.0000000000
19811  -32.642  -66.667  30.413 0.0000000000
19824  -32.424  -66.812  29.502 0.0000000000
115184  -32.708  -65.469  29.418 0.0000000000
106724  -32.401  -66.873  28.669 0.0000000000
18946  -32.464  -67.547  28.336 0.0000000000
18955  -32.408  -67.465  27.656 0.0000000000
18036  -32.269  -68.060  26.541 0.0000000000
18048  -32.304  -68.051  25.671 0.0000000000
19008  -32.667  -67.665  24.373 0.0000000000
18990  -32.823  -66.959  24.232 0.0000000000
114470  -32.715  -65.784  25.334 0.0000000000
113652  -33.242  -66.836  23.663 0.0000000000
19903  -33.618  -66.430  23.403 0.0000000000
20831  -34.744  -65.743  22.963 0.0000000000
10302  -38.062  -78.103  22.315 0.0000000000
119412  -37.942  -78.602  22.362 0.0000000000
116787  -37.477  -79.122  22.330 0.0000000000
9547  -41.359  -78.349  22.228 0.0000000000
9546  -40.671  -78.836  22.300 0.0000000000
8720  -40.068  -80.053  21.515 0.0000000000
7943  -40.608  -80.539  20.859 0.0000000000
7924  -40.537  -80.480  21.100 0.0000000000
7923  -39.726  -80.860  21.027 0.0000000000
19036  -36.373  -67.003  20.802 0.0000000000
107655  -37.443  -69.275  18.901 0.0000000000
17206  -38.514  -69.747  18.171 0.0000000000
16325  -38.791  -70.610  17.821 0.0000000000
15480  -39.474  -71.194  17.492 0.0000000000
15481  -40.094  -71.729  17.234 0.0000000000
14616  -40.626  -72.164  16.948 0.0000000000
112303  -41.388  -70.614  16.499 0.0000000000
14602  -41.054  -72.888  17.097 0.0000000000
13723  -42.112  -73.077  16.576 0.0000000000
12862  -43.715  -74.430  16.678 0.0000000000
15510  -45.129  -70.873  14.251 0.0000000000
15509  -44.353  -71.359  14.823 0.0000000000
14634  -43.376  -71.928  15.420 0.0000000000
13725  -44.279  -74.087  16.188 0.0000000000
12863  -44.148  -74.867  16.633 0.0000000000
11976  -43.977  -75.431  16.685 0.0000000000
11975  -43.548  -75.996  16.595 0.0000000000
11974  -42.596  -76.333  15.967 0.0000000000
12009  -43.004  -75.773  15.454 0.0000000000
11973  -40.580  -76.347  15.746 0.0000000000
7961  -40.039  -80.969  19.906 0.0000000000
8706  -40.473  -79.427  22.034 0.0000000000
8734  -41.200  -79.996  21.247 0.0000000000
9559  -42.101  -78.962  22.023 0.0000000000
9571  -42.107  -79.110  21.421 0.0000000000
10311  -40.653  -77.443  21.945 0.0000000000
10312  -42.203  -78.120  21.823 0.0000000000
10313  -42.576  -77.958  21.187 0.0000000000
11149  -41.469  -76.945  17.480 0.0000000000
11152  -43.664  -76.349  17.915 0.0000000000
11171  -42.148  -76.590  16.549 0.0000000000
11910  -37.974  -75.189  20.476 0.0000000000
12878  -44.467  -74.288  15.730 0.0000000000
12903  -44.529  -73.876  15.091 0.0000000000
13724  -43.441  -73.652  16.352 0.0000000000
13757  -44.293  -73.403  14.195 0.0000000000
14657  -44.914  -72.190  14.068 0.0000000000
15526  -45.252  -70.042  13.664 0.0000000000
16364  -45.548  -69.248  13.980 0.0000000000
16365  -45.400  -69.482  13.804 0.0000000000
17035  -33.701  -69.610  32.078 0.0000000000
17251  -45.468  -68.811  14.125 0.0000000000
17268  -45.445  -68.771  13.896 0.0000000000
17280  -45.269  -69.053  13.669 0.0000000000
17974  -33.814  -68.681  32.197 0.0000000000
18028  -32.380  -68.101  27.369 0.0000000000
18928  -32.445  -67.564  29.108 0.0000000000
19790  -33.053  -66.101  30.933 0.0000000000
19791  -33.405  -66.399  31.317 0.0000000000
19794  -37.373  -66.625  31.312 0.0000000000
19845  -32.372  -66.714  27.357 0.0000000000
19924  -34.128  -66.400  22.844 0.0000000000
20771  -32.606  -65.385  28.524 0.0000000000
20813  -33.062  -65.597  24.774 0.0000000000
21612  -33.927  -65.188  31.024 0.0000000000
21616  -38.039  -64.449  31.462 0.0000000000
21631  -33.886  -64.554  30.489 0.0000000000
21709  -35.379  -64.642  25.761 0.0000000000
22505  -35.067  -63.553  30.203 0.0000000000
22538  -34.581  -63.344  28.335 0.0000000000
23425  -36.083  -62.715  27.952 0.0000000000
109378  -33.907  -64.205  26.134 0.0000000000
109552  -32.413  -66.125  29.002 0.0000000000
112304  -33.156  -67.641  31.511 0.0000000000
116120  -33.581  -63.992  28.793 0.0000000000
116814  -42.644  -77.597  19.442 0.0000000000
117359  -36.952  -75.736  20.386 0.0000000000
118753  -32.813  -72.782  21.921 0.0000000000
119158  -34.560  -64.926  24.395 0.0000000000
120922  -33.359  -68.292  31.732 0.0000000000
123984  -41.702  -79.549  21.388 0.0000000000
