#!ascii label  , from subject sub-v1s7x0051322_ses-1 vox2ras=TkReg
658
28931  25.821  -50.667  92.771 0.0000000000
50715  40.463  -26.516  79.146 0.0000000000
54218  50.487  -22.240  79.312 0.0000000000
46883  40.771  -30.969  88.249 0.0000000000
32734  30.953  -47.038  89.687 0.0000000000
28116  29.121  -51.673  89.275 0.0000000000
52546  45.117  -24.795  78.603 0.0000000000
51605  45.304  -25.414  83.518 0.0000000000
43382  37.187  -35.283  89.150 0.0000000000
105627  34.560  -45.314  89.859 0.0000000000
60866  52.696  -14.652  70.989 0.0000000000
56123  49.659  -20.247  74.960 0.0000000000
114931  37.411  -29.899  84.436 0.0000000000
52462  39.401  -24.982  86.368 0.0000000000
30819  28.775  -48.902  91.501 0.0000000000
28092  27.032  -51.530  91.646 0.0000000000
107591  42.572  -25.473  79.260 0.0000000000
51663  44.909  -25.157  80.977 0.0000000000
51638  42.656  -25.419  81.510 0.0000000000
115076  39.415  -40.259  86.923 0.0000000000
29850  32.636  -48.988  89.414 0.0000000000
33670  32.612  -45.551  90.355 0.0000000000
30865  34.172  -48.026  88.151 0.0000000000
59928  51.387  -16.262  70.374 0.0000000000
59911  53.298  -16.583  72.596 0.0000000000
58032  51.679  -18.052  71.935 0.0000000000
54238  47.836  -22.354  76.469 0.0000000000
55155  47.847  -21.417  74.587 0.0000000000
110008  50.120  -20.990  77.420 0.0000000000
57065  52.143  -19.927  76.785 0.0000000000
54235  51.806  -21.660  77.895 0.0000000000
45043  38.783  -32.729  89.285 0.0000000000
45079  37.821  -32.421  86.977 0.0000000000
46902  38.565  -30.099  88.066 0.0000000000
50614  37.342  -26.629  85.930 0.0000000000
49693  39.128  -27.396  88.711 0.0000000000
50612  41.858  -26.126  86.789 0.0000000000
109078  40.581  -28.739  86.450 0.0000000000
29840  30.644  -49.409  90.400 0.0000000000
52570  45.324  -24.251  76.863 0.0000000000
53381  48.020  -23.457  78.978 0.0000000000
108103  47.596  -24.636  80.878 0.0000000000
50675  47.393  -26.404  82.134 0.0000000000
37955  35.158  -40.078  90.086 0.0000000000
39669  36.712  -38.148  89.564 0.0000000000
109387  39.489  -36.759  87.852 0.0000000000
44191  41.234  -34.014  87.433 0.0000000000
45086  41.197  -32.260  86.406 0.0000000000
36223  34.308  -41.964  89.917 0.0000000000
34531  36.167  -44.032  89.222 0.0000000000
60873  53.451  -15.188  70.160 0.0000000000
125662  50.177  -19.290  72.409 0.0000000000
115328  52.174  -18.808  75.316 0.0000000000
56108  53.334  -19.669  75.555 0.0000000000
116688  39.571  -26.268  82.630 0.0000000000
107179  42.917  -25.120  84.871 0.0000000000
49739  43.959  -27.119  84.413 0.0000000000
27206  25.865  -52.625  92.025 0.0000000000
28079  26.417  -51.633  92.056 0.0000000000
110992  26.529  -52.332  91.608 0.0000000000
51680  41.828  -25.763  79.477 0.0000000000
51664  42.907  -25.362  80.762 0.0000000000
51666  41.405  -25.947  80.766 0.0000000000
29849  33.348  -48.876  89.004 0.0000000000
59037  51.012  -17.155  70.245 0.0000000000
59028  52.164  -17.116  71.734 0.0000000000
125167  50.723  -18.334  70.745 0.0000000000
54229  49.006  -22.175  78.117 0.0000000000
55128  48.672  -21.649  76.459 0.0000000000
54228  50.061  -21.749  78.758 0.0000000000
55116  51.263  -21.291  78.437 0.0000000000
45041  40.075  -31.966  88.935 0.0000000000
45983  38.657  -31.268  89.081 0.0000000000
46866  39.539  -30.424  89.169 0.0000000000
48777  38.688  -28.356  88.837 0.0000000000
47834  39.827  -28.942  88.737 0.0000000000
48790  40.555  -28.246  87.872 0.0000000000
46901  40.721  -29.976  87.694 0.0000000000
29825  29.482  -49.484  91.217 0.0000000000
28965  29.460  -50.596  89.896 0.0000000000
28979  30.662  -50.421  88.900 0.0000000000
52559  43.851  -25.097  77.752 0.0000000000
52572  43.957  -24.709  76.384 0.0000000000
112220  45.447  -24.468  77.770 0.0000000000
53390  46.704  -23.802  77.627 0.0000000000
122448  46.695  -24.286  78.817 0.0000000000
125321  47.495  -24.389  80.127 0.0000000000
52528  46.737  -24.544  79.689 0.0000000000
51636  45.240  -25.287  82.682 0.0000000000
51635  46.795  -25.472  82.361 0.0000000000
122446  46.879  -26.124  82.804 0.0000000000
49768  46.848  -26.793  82.497 0.0000000000
49747  45.847  -26.860  83.652 0.0000000000
120211  36.425  -40.512  89.708 0.0000000000
112562  36.302  -38.844  89.766 0.0000000000
37976  37.896  -40.572  88.615 0.0000000000
109558  39.625  -38.017  87.279 0.0000000000
42541  40.379  -35.466  87.955 0.0000000000
33669  33.297  -45.247  90.418 0.0000000000
34534  33.233  -44.091  90.199 0.0000000000
36211  34.090  -42.794  90.135 0.0000000000
36210  34.897  -42.586  90.205 0.0000000000
35411  35.317  -44.093  89.797 0.0000000000
60874  51.907  -14.698  70.494 0.0000000000
61727  53.162  -14.420  70.828 0.0000000000
59018  53.693  -17.185  73.317 0.0000000000
56124  48.874  -20.582  74.465 0.0000000000
124205  48.089  -20.793  73.442 0.0000000000
56138  48.652  -20.482  73.710 0.0000000000
57101  48.926  -20.066  72.385 0.0000000000
57092  49.920  -19.703  73.692 0.0000000000
57091  50.612  -19.186  73.311 0.0000000000
106258  51.308  -19.317  75.190 0.0000000000
55139  52.516  -21.105  76.568 0.0000000000
56109  53.116  -19.986  76.226 0.0000000000
42513  36.352  -36.269  89.117 0.0000000000
42542  36.600  -35.248  87.943 0.0000000000
115520  37.821  -31.075  85.555 0.0000000000
45094  37.504  -32.599  85.172 0.0000000000
51551  37.869  -25.708  86.452 0.0000000000
51577  36.701  -26.069  84.244 0.0000000000
51590  38.228  -25.571  84.206 0.0000000000
121234  38.649  -26.265  82.482 0.0000000000
51589  39.411  -25.509  84.207 0.0000000000
51588  41.084  -25.491  83.609 0.0000000000
51574  41.173  -24.883  85.006 0.0000000000
122658  41.789  -27.126  85.965 0.0000000000
50626  43.272  -26.021  86.077 0.0000000000
48829  42.887  -27.277  84.775 0.0000000000
48843  44.019  -27.609  83.538 0.0000000000
28942  28.150  -50.264  91.613 0.0000000000
28104  28.169  -51.612  90.387 0.0000000000
27254  28.610  -53.361  88.897 0.0000000000
27231  27.349  -53.365  90.259 0.0000000000
52531  44.199  -25.093  78.651 0.0000000000
52520  45.344  -25.033  80.214 0.0000000000
111654  43.840  -25.267  80.783 0.0000000000
51637  43.533  -25.313  81.580 0.0000000000
51606  44.254  -25.270  82.647 0.0000000000
30830  31.705  -48.212  90.455 0.0000000000
32733  31.494  -46.495  90.002 0.0000000000
31766  32.863  -47.797  90.217 0.0000000000
31765  33.385  -47.142  90.129 0.0000000000
32731  34.603  -46.253  89.515 0.0000000000
32730  35.281  -46.206  88.976 0.0000000000
31788  34.735  -47.457  87.588 0.0000000000
59927  52.149  -15.524  70.929 0.0000000000
59917  53.072  -15.920  72.023 0.0000000000
59918  52.585  -16.068  71.655 0.0000000000
59020  52.449  -17.424  72.656 0.0000000000
58018  52.707  -17.630  73.693 0.0000000000
54247  46.790  -22.639  75.422 0.0000000000
55129  47.893  -21.903  75.673 0.0000000000
55141  48.440  -21.348  75.419 0.0000000000
56111  50.055  -20.379  75.938 0.0000000000
56122  50.643  -19.892  75.553 0.0000000000
56097  50.625  -20.526  77.010 0.0000000000
55115  51.787  -21.100  77.912 0.0000000000
111773  37.887  -34.097  89.288 0.0000000000
44176  37.459  -34.099  88.507 0.0000000000
45059  38.138  -32.531  88.757 0.0000000000
46886  38.374  -30.998  87.811 0.0000000000
47858  37.937  -29.452  86.335 0.0000000000
47873  37.258  -28.684  85.182 0.0000000000
48804  37.807  -28.556  86.860 0.0000000000
50602  38.174  -26.428  87.444 0.0000000000
51530  39.132  -25.558  88.129 0.0000000000
119256  41.303  -24.947  86.756 0.0000000000
50600  40.734  -26.295  87.637 0.0000000000
49716  40.876  -27.489  87.161 0.0000000000
48816  40.700  -28.390  85.750 0.0000000000
31755  28.933  -48.316  90.468 0.0000000000
31754  29.918  -48.050  90.658 0.0000000000
110239  30.886  -48.005  90.829 0.0000000000
29839  31.460  -49.089  90.219 0.0000000000
28978  31.605  -49.969  88.806 0.0000000000
53398  46.690  -23.447  76.831 0.0000000000
53389  47.470  -23.309  77.776 0.0000000000
53380  49.038  -22.986  79.650 0.0000000000
53366  48.592  -23.653  80.045 0.0000000000
52517  49.039  -24.605  80.765 0.0000000000
52509  48.662  -25.176  81.263 0.0000000000
51662  46.081  -25.063  81.356 0.0000000000
51634  47.606  -25.641  82.054 0.0000000000
38844  34.498  -39.227  88.903 0.0000000000
39670  34.932  -38.736  89.510 0.0000000000
120377  36.140  -37.411  89.460 0.0000000000
41610  37.165  -36.362  89.548 0.0000000000
109964  38.490  -39.249  88.100 0.0000000000
108702  38.158  -37.822  88.535 0.0000000000
105183  37.996  -35.922  89.341 0.0000000000
42509  39.001  -34.604  89.206 0.0000000000
44174  40.131  -33.477  88.595 0.0000000000
44172  41.226  -32.638  87.792 0.0000000000
46016  41.429  -32.000  87.077 0.0000000000
106985  41.517  -33.624  86.615 0.0000000000
37025  34.633  -41.219  89.749 0.0000000000
37039  35.291  -41.709  90.104 0.0000000000
35408  37.276  -42.887  88.801 0.0000000000
33694  36.492  -45.235  88.162 0.0000000000
34543  37.607  -44.224  87.921 0.0000000000
61741  53.263  -14.253  69.085 0.0000000000
58034  50.176  -18.832  70.596 0.0000000000
58020  50.952  -18.738  72.419 0.0000000000
58006  52.154  -18.285  73.986 0.0000000000
57996  53.020  -18.388  75.066 0.0000000000
57072  52.384  -19.307  76.035 0.0000000000
57071  53.102  -19.366  75.783 0.0000000000
57081  53.645  -18.989  75.052 0.0000000000
44208  37.236  -34.002  86.405 0.0000000000
50678  38.456  -26.694  81.586 0.0000000000
50676  40.131  -26.647  80.987 0.0000000000
51608  41.637  -25.612  82.621 0.0000000000
106759  42.654  -25.334  83.145 0.0000000000
126282  44.395  -25.405  84.494 0.0000000000
51560  42.334  -25.044  86.278 0.0000000000
50625  43.757  -25.777  85.414 0.0000000000
50637  45.108  -26.351  84.393 0.0000000000
49748  45.263  -27.265  83.595 0.0000000000
46912  40.807  -30.870  86.629 0.0000000000
117428  40.194  -29.889  85.048 0.0000000000
28080  25.799  -51.577  92.450 0.0000000000
28081  25.214  -52.316  92.585 0.0000000000
28069  25.221  -51.339  92.948 0.0000000000
110883  26.289  -50.939  92.431 0.0000000000
50697  41.119  -26.193  79.880 0.0000000000
120845  41.749  -25.775  80.189 0.0000000000
122871  51.329  -17.790  70.942 0.0000000000
58061  50.573  -18.057  70.238 0.0000000000
54219  49.555  -22.419  79.137 0.0000000000
55107  50.946  -21.641  78.913 0.0000000000
46000  40.485  -31.404  88.600 0.0000000000
45981  39.828  -31.174  89.119 0.0000000000
47825  39.157  -29.726  89.164 0.0000000000
47835  39.854  -29.762  88.881 0.0000000000
46884  40.544  -30.237  88.352 0.0000000000
28103  28.721  -51.157  90.065 0.0000000000
28128  29.609  -52.127  88.546 0.0000000000
52558  44.597  -24.802  77.842 0.0000000000
52545  45.981  -24.553  78.696 0.0000000000
52529  45.721  -24.835  79.476 0.0000000000
51604  46.154  -25.613  83.147 0.0000000000
106824  45.749  -25.812  83.754 0.0000000000
50658  46.153  -26.259  83.477 0.0000000000
37965  37.198  -41.042  89.166 0.0000000000
109174  37.096  -40.065  89.239 0.0000000000
34517  33.958  -44.906  90.396 0.0000000000
34518  33.502  -44.498  90.398 0.0000000000
125198  33.934  -44.370  90.446 0.0000000000
35412  33.609  -43.412  90.062 0.0000000000
35399  33.834  -43.818  90.361 0.0000000000
35398  34.633  -43.474  90.237 0.0000000000
34533  34.483  -44.381  90.218 0.0000000000
61729  52.490  -14.050  70.483 0.0000000000
61728  52.978  -14.171  70.774 0.0000000000
60865  53.030  -14.767  71.224 0.0000000000
56137  49.374  -20.156  74.092 0.0000000000
56147  49.130  -20.091  73.260 0.0000000000
110034  50.710  -19.360  74.201 0.0000000000
57083  50.225  -19.771  74.592 0.0000000000
55138  52.916  -20.543  76.082 0.0000000000
42531  36.674  -35.654  89.017 0.0000000000
42532  36.244  -35.985  88.494 0.0000000000
43400  37.067  -35.013  88.644 0.0000000000
46921  37.640  -30.457  85.013 0.0000000000
46927  37.412  -30.632  84.328 0.0000000000
110114  38.092  -25.361  85.972 0.0000000000
108567  38.126  -25.410  85.214 0.0000000000
105908  38.992  -25.276  85.009 0.0000000000
51575  39.892  -25.087  84.893 0.0000000000
119733  40.486  -24.967  84.889 0.0000000000
52469  40.486  -24.892  85.465 0.0000000000
48830  41.717  -27.852  84.612 0.0000000000
49728  42.122  -27.346  85.354 0.0000000000
124577  42.517  -27.737  84.181 0.0000000000
28943  27.505  -50.585  91.872 0.0000000000
113161  27.826  -49.846  92.113 0.0000000000
28091  27.731  -51.372  91.117 0.0000000000
28956  28.469  -50.725  90.918 0.0000000000
27230  27.729  -52.453  90.325 0.0000000000
27217  27.057  -52.595  91.008 0.0000000000
51693  42.015  -25.714  78.607 0.0000000000
106855  42.264  -25.597  77.630 0.0000000000
51692  42.781  -25.410  78.422 0.0000000000
51691  43.439  -25.241  78.301 0.0000000000
105071  43.376  -25.280  79.059 0.0000000000
51679  44.214  -25.163  79.828 0.0000000000
115646  43.177  -25.308  79.948 0.0000000000
106150  43.242  -25.325  82.185 0.0000000000
30848  32.514  -48.359  90.050 0.0000000000
31751  32.076  -47.494  90.440 0.0000000000
30866  33.739  -48.505  88.587 0.0000000000
113261  33.589  -47.867  89.556 0.0000000000
30846  34.123  -48.063  88.944 0.0000000000
31764  34.227  -47.217  89.389 0.0000000000
32747  34.994  -46.798  88.831 0.0000000000
59936  51.351  -15.558  70.093 0.0000000000
59036  51.799  -16.660  70.960 0.0000000000
54239  47.050  -22.831  76.186 0.0000000000
54246  47.360  -22.347  75.733 0.0000000000
125715  49.381  -21.295  76.902 0.0000000000
55127  49.444  -20.993  76.300 0.0000000000
56112  49.119  -20.772  75.266 0.0000000000
54226  51.474  -21.665  78.543 0.0000000000
55126  52.345  -21.075  77.345 0.0000000000
44161  38.329  -33.500  89.296 0.0000000000
44175  37.876  -33.539  89.008 0.0000000000
45044  38.304  -32.877  89.103 0.0000000000
46885  38.504  -30.861  88.741 0.0000000000
46002  38.276  -31.725  88.401 0.0000000000
46903  38.075  -30.314  86.969 0.0000000000
47847  38.197  -29.337  87.451 0.0000000000
49681  38.881  -28.039  88.966 0.0000000000
48778  38.507  -27.916  88.486 0.0000000000
50589  38.586  -26.627  88.207 0.0000000000
50601  38.626  -25.872  87.951 0.0000000000
50588  38.984  -26.125  88.374 0.0000000000
51529  39.682  -25.817  88.258 0.0000000000
50586  40.208  -26.367  88.253 0.0000000000
47857  40.590  -29.055  87.353 0.0000000000
119251  40.617  -28.252  87.029 0.0000000000
48803  40.896  -27.761  86.313 0.0000000000
30833  28.486  -48.612  91.172 0.0000000000
124470  28.256  -48.455  90.735 0.0000000000
29824  30.157  -49.043  91.108 0.0000000000
30818  29.522  -48.885  91.285 0.0000000000
30832  30.180  -48.354  90.984 0.0000000000
30831  30.829  -48.610  90.737 0.0000000000
52571  44.639  -24.460  76.574 0.0000000000
53408  45.606  -23.539  75.567 0.0000000000
53399  45.863  -23.795  76.387 0.0000000000
53382  47.091  -23.889  78.409 0.0000000000
54220  48.505  -22.817  78.519 0.0000000000
115292  48.190  -24.232  80.471 0.0000000000
52518  48.485  -24.635  81.022 0.0000000000
52510  48.111  -24.997  81.658 0.0000000000
50674  48.035  -26.106  81.728 0.0000000000
110000  34.806  -39.824  89.769 0.0000000000
39671  34.652  -38.825  89.113 0.0000000000
38838  35.057  -39.292  89.903 0.0000000000
39660  36.037  -38.361  89.822 0.0000000000
40684  36.341  -37.641  89.606 0.0000000000
41611  36.556  -36.855  89.481 0.0000000000
40683  36.917  -37.210  89.590 0.0000000000
38847  38.553  -40.160  88.060 0.0000000000
38856  39.081  -39.764  87.458 0.0000000000
40692  39.393  -37.465  87.641 0.0000000000
40699  38.934  -37.989  87.821 0.0000000000
40693  38.743  -37.221  88.208 0.0000000000
41609  37.839  -36.909  89.098 0.0000000000
41623  38.733  -36.363  88.589 0.0000000000
42530  38.842  -35.468  88.961 0.0000000000
43415  40.831  -34.863  87.660 0.0000000000
121804  40.349  -34.788  88.225 0.0000000000
43397  40.641  -34.105  88.134 0.0000000000
44173  40.920  -33.164  88.112 0.0000000000
44206  41.559  -33.443  87.097 0.0000000000
113774  41.507  -34.274  86.814 0.0000000000
33671  32.029  -45.965  90.210 0.0000000000
33683  31.844  -45.823  89.692 0.0000000000
33682  32.342  -45.243  90.023 0.0000000000
36234  34.444  -42.037  89.159 0.0000000000
37053  34.569  -41.155  88.622 0.0000000000
37977  34.614  -40.423  89.097 0.0000000000
37040  34.589  -41.207  89.624 0.0000000000
35410  35.555  -43.318  89.830 0.0000000000
36222  35.848  -42.474  89.817 0.0000000000
36221  36.671  -42.439  89.389 0.0000000000
35409  36.473  -43.179  89.351 0.0000000000
33695  35.727  -45.582  88.708 0.0000000000
61734  53.327  -14.281  70.136 0.0000000000
60882  53.341  -15.221  69.169 0.0000000000
55156  47.050  -21.862  73.986 0.0000000000
111354  49.535  -19.629  71.944 0.0000000000
57112  48.826  -20.030  71.460 0.0000000000
57111  49.492  -19.526  70.987 0.0000000000
57110  50.205  -19.156  71.597 0.0000000000
58033  50.848  -18.533  71.340 0.0000000000
57082  51.558  -18.832  74.359 0.0000000000
58007  51.421  -18.658  73.404 0.0000000000
57997  52.488  -18.435  74.886 0.0000000000
57073  51.587  -19.577  76.164 0.0000000000
57984  53.281  -18.725  75.321 0.0000000000
122844  37.661  -33.004  87.563 0.0000000000
44193  37.382  -33.797  87.554 0.0000000000
44207  37.541  -33.176  86.663 0.0000000000
49718  37.157  -27.186  85.709 0.0000000000
50660  39.215  -26.558  81.969 0.0000000000
50677  39.347  -26.872  81.285 0.0000000000
50659  39.965  -26.520  81.862 0.0000000000
51640  40.892  -26.151  81.581 0.0000000000
51609  40.526  -26.044  82.615 0.0000000000
116569  41.816  -25.106  84.504 0.0000000000
51587  42.260  -25.195  83.770 0.0000000000
51586  43.508  -25.147  84.094 0.0000000000
51547  41.765  -25.396  86.751 0.0000000000
50611  42.583  -25.672  86.442 0.0000000000
49726  43.647  -26.525  85.273 0.0000000000
50638  44.445  -26.448  84.806 0.0000000000
51571  44.560  -25.782  84.817 0.0000000000
50649  45.434  -26.839  84.020 0.0000000000
49738  44.810  -27.093  84.108 0.0000000000
48854  44.104  -27.825  82.886 0.0000000000
46911  41.186  -31.323  87.087 0.0000000000
46026  41.128  -31.593  86.699 0.0000000000
28944  26.884  -50.787  92.212 0.0000000000
111778  42.357  -25.488  80.066 0.0000000000
51665  42.134  -25.614  80.799 0.0000000000
29868  32.843  -49.325  88.696 0.0000000000
30847  33.122  -48.405  89.556 0.0000000000
29867  33.306  -48.989  88.257 0.0000000000
54230  48.085  -22.615  77.461 0.0000000000
54237  48.581  -22.095  77.162 0.0000000000
55118  49.466  -21.569  77.597 0.0000000000
55117  50.591  -21.243  78.334 0.0000000000
45042  39.551  -32.609  89.161 0.0000000000
45058  38.483  -32.156  89.123 0.0000000000
106337  39.172  -31.819  89.305 0.0000000000
45982  39.123  -30.979  89.226 0.0000000000
107832  38.609  -29.921  88.811 0.0000000000
47846  38.544  -29.227  88.475 0.0000000000
47836  38.684  -29.251  88.948 0.0000000000
48764  39.127  -28.870  89.078 0.0000000000
48776  39.572  -28.143  88.744 0.0000000000
110070  40.245  -27.869  88.404 0.0000000000
48775  40.173  -28.513  88.441 0.0000000000
47845  40.440  -29.260  88.300 0.0000000000
121292  29.028  -49.240  91.539 0.0000000000
28955  29.178  -50.253  90.762 0.0000000000
28954  29.898  -49.802  90.608 0.0000000000
28964  30.280  -50.127  89.781 0.0000000000
52560  43.546  -25.094  76.994 0.0000000000
108202  44.241  -24.820  77.119 0.0000000000
124550  44.836  -24.563  77.227 0.0000000000
52557  46.037  -23.997  77.244 0.0000000000
52544  46.316  -24.216  78.050 0.0000000000
52527  47.517  -24.078  79.485 0.0000000000
114790  45.654  -25.234  82.099 0.0000000000
49757  46.314  -26.940  83.058 0.0000000000
118061  45.615  -27.306  83.217 0.0000000000
37954  35.849  -40.028  90.016 0.0000000000
38837  35.724  -39.228  89.987 0.0000000000
38842  36.379  -39.607  89.753 0.0000000000
38841  36.936  -39.115  89.345 0.0000000000
39683  39.154  -38.801  87.470 0.0000000000
41632  39.612  -35.923  88.235 0.0000000000
107093  40.384  -36.316  87.503 0.0000000000
42540  40.980  -36.090  86.957 0.0000000000
34519  32.877  -44.792  90.289 0.0000000000
35424  33.078  -43.882  89.038 0.0000000000
35423  33.611  -43.225  89.367 0.0000000000
36224  33.915  -42.681  89.900 0.0000000000
62553  52.923  -13.601  70.331 0.0000000000
124137  48.470  -21.002  74.749 0.0000000000
109034  47.642  -21.222  73.683 0.0000000000
56125  48.247  -20.909  74.103 0.0000000000
56148  48.376  -20.447  72.922 0.0000000000
57100  49.692  -19.658  72.815 0.0000000000
56095  52.300  -20.536  77.110 0.0000000000
57064  52.722  -19.953  76.498 0.0000000000
55125  52.642  -20.480  76.678 0.0000000000
41624  35.803  -36.706  88.727 0.0000000000
46027  37.895  -31.663  86.326 0.0000000000
45087  37.658  -32.513  85.975 0.0000000000
46034  37.662  -31.878  85.340 0.0000000000
45095  37.320  -32.144  84.473 0.0000000000
51552  37.492  -26.170  86.188 0.0000000000
51564  37.139  -26.333  85.402 0.0000000000
51563  37.507  -25.793  85.582 0.0000000000
51576  37.389  -25.731  84.676 0.0000000000
51591  37.156  -25.836  83.753 0.0000000000
51611  37.918  -25.906  83.123 0.0000000000
51610  38.969  -25.920  83.349 0.0000000000
105170  40.005  -25.832  83.453 0.0000000000
105037  40.441  -25.314  84.313 0.0000000000
124479  41.107  -25.219  84.313 0.0000000000
51573  42.400  -24.943  85.653 0.0000000000
49714  42.385  -26.415  86.304 0.0000000000
49727  42.842  -26.725  85.751 0.0000000000
48844  43.233  -27.719  83.934 0.0000000000
29827  28.322  -49.363  91.862 0.0000000000
27242  28.381  -52.507  89.565 0.0000000000
27244  27.888  -52.970  89.793 0.0000000000
52530  44.891  -24.987  79.328 0.0000000000
106551  44.542  -25.261  81.768 0.0000000000
37975  38.619  -41.059  88.016 0.0000000000
31752  31.298  -47.500  90.508 0.0000000000
32718  31.783  -46.759  90.375 0.0000000000
31750  32.585  -46.929  90.444 0.0000000000
32717  33.126  -46.188  90.406 0.0000000000
32732  33.883  -46.531  89.993 0.0000000000
33681  33.921  -45.753  90.223 0.0000000000
33680  35.144  -45.705  89.324 0.0000000000
31777  35.131  -46.789  87.959 0.0000000000
59926  52.911  -15.236  71.541 0.0000000000
59027  52.856  -16.558  72.408 0.0000000000
59019  53.054  -17.073  73.123 0.0000000000
108582  53.255  -17.427  73.744 0.0000000000
59008  53.184  -17.719  74.233 0.0000000000
54258  46.578  -22.434  74.597 0.0000000000
54257  47.349  -22.055  75.009 0.0000000000
124204  47.861  -21.666  75.160 0.0000000000
56110  51.158  -20.042  76.576 0.0000000000
56096  51.686  -20.447  77.376 0.0000000000
56081  51.153  -20.819  77.964 0.0000000000
109250  37.708  -34.783  89.286 0.0000000000
43399  37.547  -34.492  89.051 0.0000000000
44192  37.731  -33.221  88.325 0.0000000000
45070  37.933  -32.445  88.000 0.0000000000
46001  38.340  -31.687  88.901 0.0000000000
46017  38.062  -31.726  87.423 0.0000000000
109414  38.062  -31.123  86.951 0.0000000000
46913  37.945  -30.285  85.857 0.0000000000
47872  37.591  -29.528  85.300 0.0000000000
47884  37.192  -29.061  84.565 0.0000000000
48817  37.617  -28.653  85.863 0.0000000000
48805  37.476  -27.802  86.275 0.0000000000
49717  37.464  -27.061  86.564 0.0000000000
48792  38.301  -28.391  87.854 0.0000000000
116575  38.219  -27.602  87.769 0.0000000000
50613  37.637  -26.513  86.724 0.0000000000
126446  37.800  -26.111  86.822 0.0000000000
51539  38.316  -25.785  87.182 0.0000000000
51549  39.600  -25.009  87.101 0.0000000000
52461  40.366  -24.838  86.475 0.0000000000
51537  39.690  -25.281  87.738 0.0000000000
51536  40.450  -25.588  87.673 0.0000000000
49704  41.210  -26.613  87.262 0.0000000000
49705  40.558  -27.159  87.909 0.0000000000
49715  41.510  -26.922  86.630 0.0000000000
107552  41.238  -27.827  85.492 0.0000000000
31767  30.484  -47.623  90.114 0.0000000000
32719  31.104  -47.179  90.281 0.0000000000
30849  32.124  -48.843  90.019 0.0000000000
28963  31.116  -49.731  89.614 0.0000000000
29851  31.922  -49.387  89.539 0.0000000000
29869  32.328  -49.554  89.010 0.0000000000
53407  46.363  -23.250  75.884 0.0000000000
121430  47.395  -22.930  76.912 0.0000000000
121081  49.952  -22.869  79.792 0.0000000000
53365  49.422  -23.482  80.207 0.0000000000
52516  49.468  -24.086  80.368 0.0000000000
53352  48.950  -24.036  80.647 0.0000000000
52519  46.435  -24.853  80.555 0.0000000000
52511  47.254  -25.027  81.692 0.0000000000
51633  48.251  -25.497  81.722 0.0000000000
39677  34.389  -38.625  88.487 0.0000000000
40686  35.120  -37.738  89.086 0.0000000000
39661  35.481  -38.615  89.784 0.0000000000
40673  35.847  -37.964  89.630 0.0000000000
40685  35.640  -37.578  89.311 0.0000000000
41612  36.058  -36.921  89.206 0.0000000000
124644  36.493  -36.502  89.340 0.0000000000
42512  36.793  -36.034  89.436 0.0000000000
38848  37.758  -39.611  88.680 0.0000000000
39675  37.641  -38.580  88.784 0.0000000000
39674  38.504  -38.508  88.142 0.0000000000
119645  37.362  -37.689  89.212 0.0000000000
42511  37.421  -35.573  89.369 0.0000000000
42510  38.167  -35.077  89.380 0.0000000000
43381  38.317  -34.249  89.359 0.0000000000
44160  39.282  -33.597  89.362 0.0000000000
42529  39.685  -35.096  88.559 0.0000000000
43398  39.849  -34.270  88.669 0.0000000000
125574  39.813  -33.067  88.934 0.0000000000
45057  40.268  -32.721  88.680 0.0000000000
123579  40.824  -32.193  88.313 0.0000000000
123827  40.975  -31.571  88.120 0.0000000000
45999  41.257  -32.048  87.683 0.0000000000
45078  41.514  -32.872  86.783 0.0000000000
45085  41.266  -33.218  86.015 0.0000000000
44217  41.398  -34.278  86.049 0.0000000000
33684  31.357  -46.414  89.269 0.0000000000
34536  32.162  -45.113  89.298 0.0000000000
37978  34.364  -39.678  88.623 0.0000000000
37966  34.649  -39.925  89.409 0.0000000000
37956  34.734  -40.452  89.786 0.0000000000
105212  34.522  -41.856  90.052 0.0000000000
37024  34.886  -41.005  90.081 0.0000000000
37023  35.638  -40.807  90.037 0.0000000000
37038  36.354  -41.573  89.689 0.0000000000
37037  37.281  -41.996  89.010 0.0000000000
36233  38.058  -42.453  88.365 0.0000000000
34532  35.297  -44.914  89.465 0.0000000000
126137  35.715  -44.450  89.346 0.0000000000
34544  36.812  -44.514  88.429 0.0000000000
35422  37.082  -43.733  88.639 0.0000000000
28919  25.325  -50.342  93.273 0.0000000000
58019  51.943  -18.194  72.981 0.0000000000
58005  52.838  -18.028  74.515 0.0000000000
58994  53.410  -18.318  74.673 0.0000000000
57985  52.829  -18.767  75.491 0.0000000000
57090  53.966  -19.070  74.227 0.0000000000
50716  39.649  -26.943  79.443 0.0000000000
115653  37.098  -34.540  88.006 0.0000000000
43416  36.984  -34.637  87.138 0.0000000000
51641  37.712  -26.078  82.195 0.0000000000
50700  38.710  -27.150  80.745 0.0000000000
50699  39.500  -26.984  80.400 0.0000000000
50698  40.280  -26.649  80.085 0.0000000000
122320  40.762  -26.323  80.650 0.0000000000
51639  41.836  -25.660  81.576 0.0000000000
51607  42.528  -25.404  82.314 0.0000000000
105721  43.431  -25.276  83.021 0.0000000000
51585  44.439  -25.264  83.772 0.0000000000
52468  41.385  -24.908  85.974 0.0000000000
51559  43.146  -25.310  86.093 0.0000000000
51572  43.265  -25.198  85.728 0.0000000000
106346  43.854  -25.344  85.050 0.0000000000
51584  45.179  -25.606  84.249 0.0000000000
50648  45.680  -26.294  84.004 0.0000000000
49759  44.650  -27.527  83.410 0.0000000000
49758  44.856  -27.689  82.878 0.0000000000
122079  40.885  -30.658  87.848 0.0000000000
113851  40.928  -30.702  87.299 0.0000000000
109771  40.621  -29.829  86.711 0.0000000000
46033  40.652  -31.422  85.926 0.0000000000
106946  40.489  -30.311  85.808 0.0000000000
47871  40.436  -29.239  85.616 0.0000000000
31742  29.329  -48.477  91.077 0.0000000000
31753  30.642  -47.760  90.638 0.0000000000
34545  36.020  -44.778  88.853 0.0000000000
35413  33.192  -43.793  89.848 0.0000000000
38843  34.746  -39.332  89.479 0.0000000000
40674  35.269  -38.140  89.422 0.0000000000
41613  35.381  -37.271  88.919 0.0000000000
44190  41.347  -33.180  87.527 0.0000000000
45069  41.453  -32.694  87.310 0.0000000000
46867  38.760  -30.342  89.098 0.0000000000
46900  41.116  -31.330  87.592 0.0000000000
48791  38.570  -28.571  88.695 0.0000000000
48818  37.102  -27.959  85.474 0.0000000000
49692  39.891  -27.248  88.481 0.0000000000
49694  38.663  -27.536  88.584 0.0000000000
49695  38.383  -27.160  88.002 0.0000000000
49706  37.859  -27.014  87.290 0.0000000000
50587  39.462  -26.610  88.492 0.0000000000
50599  41.287  -25.751  87.312 0.0000000000
50639  36.692  -26.433  84.663 0.0000000000
51538  38.957  -25.363  87.597 0.0000000000
51548  40.492  -24.974  87.273 0.0000000000
51550  38.693  -25.295  86.659 0.0000000000
51561  39.636  -24.987  85.674 0.0000000000
51562  38.767  -25.135  85.823 0.0000000000
105041  41.124  -25.151  87.242 0.0000000000
106228  32.377  -46.234  90.395 0.0000000000
115668  40.222  -30.657  88.793 0.0000000000
116094  37.745  -27.702  87.139 0.0000000000
117804  38.866  -26.839  88.522 0.0000000000
118102  37.980  -30.890  86.287 0.0000000000
119059  40.827  -35.599  87.384 0.0000000000
123507  36.982  -26.058  84.962 0.0000000000
123609  34.684  -40.633  89.642 0.0000000000
124142  32.386  -48.013  90.355 0.0000000000
125799  36.631  -35.478  88.599 0.0000000000
125894  33.661  -48.426  89.130 0.0000000000
125921  42.968  -24.987  86.142 0.0000000000
126433  40.043  -37.247  87.288 0.0000000000
