#!ascii label  , from subject sub-v1s7x0051322_ses-1 vox2ras=TkReg
1161
38033  18.674  -39.499  84.707 0.0000000000
39653  27.952  -38.252  92.327 0.0000000000
58066  34.116  -18.022  69.933 0.0000000000
124409  26.537  -27.064  77.604 0.0000000000
44221  30.401  -31.578  85.795 0.0000000000
69680  45.377  -5.344  66.191 0.0000000000
54277  35.036  -21.766  73.533 0.0000000000
111603  30.086  -21.315  71.884 0.0000000000
38051  13.652  -40.178  83.319 0.0000000000
35451  23.108  -42.308  87.159 0.0000000000
36270  26.340  -41.668  86.222 0.0000000000
36323  22.348  -41.428  81.170 0.0000000000
64302  39.824  -11.972  67.086 0.0000000000
113562  19.912  -41.924  89.327 0.0000000000
37057  15.678  -40.319  88.732 0.0000000000
59940  39.547  -16.038  69.801 0.0000000000
37983  11.837  -39.504  88.468 0.0000000000
35432  8.218  -43.303  88.721 0.0000000000
54231  27.497  -21.939  77.768 0.0000000000
114185  29.565  -29.468  81.509 0.0000000000
44259  26.037  -33.374  82.141 0.0000000000
41650  24.498  -36.303  86.076 0.0000000000
55147  34.023  -20.598  75.791 0.0000000000
54294  32.599  -21.804  72.167 0.0000000000
56130  31.602  -20.492  74.477 0.0000000000
55144  36.548  -21.418  75.644 0.0000000000
38928  17.532  -39.466  81.102 0.0000000000
38077  15.469  -40.796  81.423 0.0000000000
38908  15.928  -39.367  83.664 0.0000000000
36285  20.772  -40.414  85.496 0.0000000000
36296  23.146  -41.202  84.095 0.0000000000
38058  20.373  -40.018  82.766 0.0000000000
38094  19.872  -40.593  79.637 0.0000000000
59964  34.631  -16.714  67.235 0.0000000000
58038  36.835  -18.744  71.541 0.0000000000
59050  36.531  -16.913  69.923 0.0000000000
60896  37.328  -15.313  67.540 0.0000000000
37031  14.685  -40.045  90.247 0.0000000000
37996  13.533  -39.454  88.147 0.0000000000
106793  13.593  -39.885  90.291 0.0000000000
124426  8.087  -41.697  92.626 0.0000000000
122929  8.582  -41.857  90.264 0.0000000000
35406  7.375  -43.447  90.027 0.0000000000
112130  5.943  -45.306  90.074 0.0000000000
33657  5.015  -45.393  92.242 0.0000000000
49751  29.910  -27.912  83.822 0.0000000000
46058  30.732  -30.923  83.648 0.0000000000
44269  28.517  -32.147  81.573 0.0000000000
44236  28.071  -32.706  84.472 0.0000000000
35505  25.053  -42.769  82.515 0.0000000000
39703  25.651  -39.512  86.461 0.0000000000
38045  25.575  -40.537  83.266 0.0000000000
40735  24.482  -37.860  83.725 0.0000000000
52562  26.684  -24.814  77.492 0.0000000000
53423  26.308  -23.715  74.599 0.0000000000
50776  25.541  -26.519  75.216 0.0000000000
70547  48.574  -3.489  64.481 0.0000000000
69687  46.601  -4.804  63.908 0.0000000000
56163  34.742  -21.169  71.371 0.0000000000
54323  33.191  -22.166  70.396 0.0000000000
56151  36.998  -20.854  73.605 0.0000000000
35400  25.785  -42.039  89.832 0.0000000000
37979  26.665  -40.611  89.306 0.0000000000
34577  24.587  -42.490  86.513 0.0000000000
108939  23.982  -42.309  82.948 0.0000000000
36322  23.447  -42.544  80.872 0.0000000000
63412  42.117  -12.289  68.986 0.0000000000
65171  42.347  -10.405  68.486 0.0000000000
67020  42.442  -8.416  67.237 0.0000000000
67928  43.293  -7.108  64.570 0.0000000000
36260  18.891  -41.219  87.323 0.0000000000
37092  17.223  -40.191  86.430 0.0000000000
36238  18.046  -41.439  88.651 0.0000000000
35427  21.374  -42.244  88.643 0.0000000000
62573  39.992  -13.983  68.022 0.0000000000
38021  15.159  -39.321  86.213 0.0000000000
38022  11.936  -39.868  85.815 0.0000000000
38010  10.722  -40.990  86.133 0.0000000000
37971  10.552  -39.750  89.841 0.0000000000
37072  9.511  -41.716  87.801 0.0000000000
31733  3.500  -47.843  93.526 0.0000000000
56091  30.278  -19.769  77.691 0.0000000000
126061  27.441  -25.968  79.497 0.0000000000
50683  28.420  -26.658  81.718 0.0000000000
49805  28.110  -28.405  79.767 0.0000000000
46087  28.156  -31.369  79.582 0.0000000000
123654  26.627  -32.756  79.874 0.0000000000
43478  23.632  -33.881  79.835 0.0000000000
40697  26.645  -37.677  89.975 0.0000000000
41628  26.407  -35.675  88.849 0.0000000000
44213  26.986  -32.372  86.544 0.0000000000
43436  24.734  -33.850  85.149 0.0000000000
42583  23.572  -35.970  82.064 0.0000000000
55165  28.361  -21.378  74.401 0.0000000000
53452  27.079  -22.705  71.407 0.0000000000
56101  34.122  -20.177  76.710 0.0000000000
56116  32.956  -20.265  75.877 0.0000000000
56102  32.550  -19.849  76.783 0.0000000000
56100  34.781  -20.242  77.117 0.0000000000
38061  18.113  -39.139  82.930 0.0000000000
38916  17.309  -39.139  82.178 0.0000000000
122212  17.383  -39.145  84.234 0.0000000000
37106  19.982  -40.323  84.843 0.0000000000
37105  20.920  -40.233  84.380 0.0000000000
38046  19.681  -39.605  83.243 0.0000000000
38914  18.984  -39.294  81.592 0.0000000000
59060  34.536  -17.002  68.820 0.0000000000
58050  35.477  -18.158  71.024 0.0000000000
59041  36.928  -17.376  70.718 0.0000000000
109787  35.787  -17.108  69.848 0.0000000000
122553  35.294  -16.742  68.733 0.0000000000
123232  7.143  -42.791  92.333 0.0000000000
35394  7.570  -42.558  91.224 0.0000000000
35386  7.117  -43.022  91.658 0.0000000000
34528  6.845  -43.901  90.504 0.0000000000
34515  6.280  -44.322  90.969 0.0000000000
120733  5.707  -44.702  91.491 0.0000000000
125745  31.654  -30.173  84.710 0.0000000000
45103  31.103  -31.438  84.760 0.0000000000
44246  29.355  -32.248  84.075 0.0000000000
109894  29.262  -32.096  85.305 0.0000000000
40667  28.219  -37.519  92.176 0.0000000000
36321  25.339  -42.461  81.733 0.0000000000
37132  25.605  -41.488  82.562 0.0000000000
36333  25.696  -42.027  81.096 0.0000000000
108102  25.557  -40.962  81.741 0.0000000000
51709  26.706  -25.490  77.784 0.0000000000
51722  26.333  -25.295  76.412 0.0000000000
68788  44.832  -5.839  66.737 0.0000000000
69673  46.035  -5.006  67.563 0.0000000000
70534  46.500  -4.356  66.131 0.0000000000
70543  47.121  -3.962  65.542 0.0000000000
69689  45.901  -5.276  64.130 0.0000000000
55199  35.206  -21.503  72.109 0.0000000000
109253  34.083  -21.576  70.883 0.0000000000
54307  34.188  -22.066  71.865 0.0000000000
55191  30.670  -21.229  72.303 0.0000000000
54310  31.507  -21.937  70.835 0.0000000000
54311  30.638  -21.784  70.901 0.0000000000
54262  35.844  -21.611  74.665 0.0000000000
55174  35.864  -21.573  73.627 0.0000000000
56161  36.106  -20.797  72.534 0.0000000000
38064  14.431  -40.623  82.280 0.0000000000
37123  12.979  -40.740  83.298 0.0000000000
125572  24.180  -42.678  88.134 0.0000000000
34563  25.008  -42.635  87.618 0.0000000000
34579  23.698  -42.412  86.771 0.0000000000
36297  22.514  -40.918  83.451 0.0000000000
35494  23.825  -41.701  83.643 0.0000000000
109613  22.993  -41.829  81.953 0.0000000000
35521  23.389  -42.325  81.687 0.0000000000
113591  22.914  -42.051  80.882 0.0000000000
36336  22.142  -41.684  79.736 0.0000000000
46114  27.334  -31.484  77.577 0.0000000000
126674  40.961  -11.874  67.953 0.0000000000
64293  42.055  -11.341  68.705 0.0000000000
64300  41.059  -11.120  67.730 0.0000000000
66105  41.093  -9.234  66.472 0.0000000000
67040  41.685  -8.541  64.775 0.0000000000
67926  42.668  -7.562  65.845 0.0000000000
36248  19.236  -41.530  87.914 0.0000000000
107382  18.490  -41.383  87.762 0.0000000000
36237  18.575  -41.566  88.584 0.0000000000
35429  20.055  -41.951  88.831 0.0000000000
35442  20.157  -41.638  88.209 0.0000000000
61745  41.199  -14.200  68.999 0.0000000000
60886  39.992  -15.033  69.082 0.0000000000
61756  37.679  -14.695  67.255 0.0000000000
37068  16.780  -40.564  87.610 0.0000000000
38020  15.960  -39.491  86.042 0.0000000000
37994  15.603  -39.742  87.362 0.0000000000
37997  12.433  -39.465  87.826 0.0000000000
38860  12.957  -39.402  87.137 0.0000000000
38009  11.869  -39.752  86.766 0.0000000000
110881  11.323  -40.403  86.068 0.0000000000
114007  11.024  -40.408  86.753 0.0000000000
37019  9.998  -40.292  91.556 0.0000000000
36241  8.487  -42.589  89.136 0.0000000000
37047  9.344  -41.319  89.315 0.0000000000
36240  9.096  -42.107  88.643 0.0000000000
36252  9.544  -42.038  86.922 0.0000000000
52521  27.169  -24.387  80.085 0.0000000000
49772  29.796  -28.554  82.711 0.0000000000
109544  29.302  -27.171  83.130 0.0000000000
49780  29.183  -28.112  81.560 0.0000000000
50722  28.115  -27.325  80.572 0.0000000000
48883  28.553  -28.860  80.388 0.0000000000
47929  28.392  -30.058  79.762 0.0000000000
46964  28.824  -30.415  80.508 0.0000000000
43459  26.949  -33.076  81.855 0.0000000000
44270  27.256  -32.845  81.110 0.0000000000
44272  26.285  -33.169  81.371 0.0000000000
44294  24.464  -33.260  79.733 0.0000000000
44273  25.054  -33.278  81.627 0.0000000000
37067  26.435  -41.166  87.781 0.0000000000
112058  26.610  -39.289  89.784 0.0000000000
38859  26.106  -40.274  87.754 0.0000000000
40716  25.160  -38.151  86.243 0.0000000000
40703  25.562  -37.260  88.303 0.0000000000
123754  25.370  -35.945  87.721 0.0000000000
43417  26.689  -33.616  88.154 0.0000000000
43425  25.315  -34.317  86.837 0.0000000000
44215  25.494  -33.522  86.218 0.0000000000
42555  24.401  -35.227  85.834 0.0000000000
39754  24.482  -38.964  81.645 0.0000000000
40736  24.136  -37.246  83.188 0.0000000000
56075  28.847  -20.329  78.308 0.0000000000
56105  29.283  -20.374  76.167 0.0000000000
55136  28.077  -21.372  76.265 0.0000000000
52606  25.589  -24.904  73.494 0.0000000000
53433  26.167  -23.420  73.017 0.0000000000
70557  49.597  -3.504  63.576 0.0000000000
55159  34.684  -21.547  74.677 0.0000000000
54278  34.198  -21.795  73.092 0.0000000000
55160  33.675  -21.352  74.301 0.0000000000
105061  31.920  -20.870  73.607 0.0000000000
55178  30.351  -20.866  73.024 0.0000000000
55121  36.401  -20.903  76.815 0.0000000000
105393  35.593  -21.466  75.599 0.0000000000
38075  16.905  -40.052  80.917 0.0000000000
38062  15.704  -39.953  81.971 0.0000000000
113644  15.025  -39.565  83.557 0.0000000000
35467  22.056  -41.298  86.326 0.0000000000
35480  23.090  -41.752  85.893 0.0000000000
36284  21.825  -40.715  85.477 0.0000000000
37119  21.786  -40.384  83.899 0.0000000000
37134  21.085  -40.369  82.232 0.0000000000
37156  20.720  -40.666  79.906 0.0000000000
38084  20.167  -40.076  80.416 0.0000000000
38085  19.157  -39.884  80.015 0.0000000000
63438  38.854  -12.144  66.113 0.0000000000
36214  19.964  -41.800  90.452 0.0000000000
58036  38.459  -18.293  71.913 0.0000000000
109731  37.772  -17.121  70.678 0.0000000000
59942  37.849  -16.416  69.339 0.0000000000
60888  38.342  -15.612  68.520 0.0000000000
59953  36.684  -16.291  68.449 0.0000000000
59962  36.300  -16.113  67.652 0.0000000000
112344  15.028  -39.984  89.213 0.0000000000
37070  15.181  -39.956  88.404 0.0000000000
37059  14.347  -40.007  89.426 0.0000000000
37968  13.666  -39.854  89.661 0.0000000000
117476  12.341  -39.491  89.349 0.0000000000
37020  9.197  -41.064  91.738 0.0000000000
124121  8.505  -41.582  91.468 0.0000000000
35405  7.692  -42.733  90.385 0.0000000000
35418  7.904  -42.989  89.554 0.0000000000
34556  7.442  -44.566  88.862 0.0000000000
48858  30.477  -29.078  83.480 0.0000000000
47908  30.288  -29.800  82.452 0.0000000000
46070  29.518  -31.061  81.508 0.0000000000
45129  29.843  -31.303  82.428 0.0000000000
118567  28.453  -32.546  82.861 0.0000000000
43444  26.944  -33.267  83.176 0.0000000000
126552  25.627  -41.970  84.321 0.0000000000
120986  26.278  -40.827  85.950 0.0000000000
38032  26.123  -40.922  84.555 0.0000000000
38892  25.713  -39.947  84.749 0.0000000000
40725  25.179  -38.491  85.167 0.0000000000
40726  24.659  -37.584  84.663 0.0000000000
39727  25.168  -39.252  83.437 0.0000000000
39739  24.781  -39.643  81.892 0.0000000000
53391  26.854  -23.571  77.733 0.0000000000
54241  27.025  -22.722  76.436 0.0000000000
53402  26.506  -24.013  76.313 0.0000000000
51747  25.929  -25.093  75.160 0.0000000000
71441  47.824  -3.430  65.852 0.0000000000
109520  47.938  -4.070  64.112 0.0000000000
123999  34.468  -19.337  70.831 0.0000000000
121651  33.179  -19.266  69.772 0.0000000000
127255  33.677  -20.575  70.386 0.0000000000
112075  32.862  -22.083  71.549 0.0000000000
124021  32.624  -22.183  70.131 0.0000000000
55130  37.616  -21.225  76.018 0.0000000000
56128  37.316  -20.972  74.721 0.0000000000
56150  37.637  -20.280  73.539 0.0000000000
122428  37.201  -20.267  72.879 0.0000000000
57116  35.693  -19.787  71.564 0.0000000000
37943  27.096  -40.074  91.542 0.0000000000
38839  27.250  -39.258  91.010 0.0000000000
37041  26.620  -40.977  89.632 0.0000000000
35438  26.285  -42.023  87.874 0.0000000000
34588  25.434  -42.416  86.428 0.0000000000
35465  23.760  -41.990  85.580 0.0000000000
34604  24.219  -41.921  84.643 0.0000000000
35477  25.042  -42.159  84.613 0.0000000000
35506  24.514  -42.687  82.575 0.0000000000
121644  24.676  -42.871  81.540 0.0000000000
124997  24.449  -42.864  80.054 0.0000000000
66082  43.604  -9.609  69.140 0.0000000000
65186  40.737  -9.928  66.909 0.0000000000
66098  42.156  -9.170  67.604 0.0000000000
67015  43.472  -8.485  68.279 0.0000000000
67918  43.513  -7.425  67.195 0.0000000000
68790  43.833  -6.588  66.108 0.0000000000
68794  44.161  -6.203  65.524 0.0000000000
125978  44.731  -6.181  64.129 0.0000000000
37090  18.795  -40.473  86.089 0.0000000000
37109  17.526  -39.802  85.715 0.0000000000
37091  18.003  -40.341  86.302 0.0000000000
36262  17.347  -40.820  87.425 0.0000000000
37056  16.666  -40.654  88.261 0.0000000000
36216  18.242  -41.391  89.559 0.0000000000
105904  16.680  -40.730  89.355 0.0000000000
37030  15.723  -40.335  89.888 0.0000000000
37923  27.502  -39.263  92.848 0.0000000000
36191  26.265  -41.134  91.522 0.0000000000
34521  24.795  -42.379  89.948 0.0000000000
105564  23.381  -42.604  89.104 0.0000000000
105436  22.333  -42.471  89.211 0.0000000000
124974  21.947  -42.278  88.192 0.0000000000
35454  20.742  -41.567  87.638 0.0000000000
36271  20.279  -40.747  86.493 0.0000000000
62564  42.548  -13.606  69.545 0.0000000000
62571  41.458  -13.436  68.742 0.0000000000
62579  40.257  -13.209  67.773 0.0000000000
61748  38.781  -14.874  68.190 0.0000000000
62581  38.760  -13.782  67.242 0.0000000000
63425  38.631  -12.772  66.315 0.0000000000
38035  16.956  -39.351  84.943 0.0000000000
38882  15.358  -39.358  85.358 0.0000000000
38896  13.853  -39.387  84.675 0.0000000000
38008  14.115  -39.315  87.367 0.0000000000
38884  13.597  -39.349  85.547 0.0000000000
38897  12.955  -39.580  84.777 0.0000000000
38039  11.777  -40.721  84.470 0.0000000000
110597  11.044  -41.124  84.775 0.0000000000
122991  12.266  -39.592  90.478 0.0000000000
37984  11.126  -39.608  89.085 0.0000000000
37046  9.968  -40.329  88.944 0.0000000000
37060  9.960  -40.843  87.970 0.0000000000
37071  9.862  -41.202  87.124 0.0000000000
31732  4.107  -46.945  93.026 0.0000000000
56072  31.728  -19.611  78.271 0.0000000000
55100  27.420  -21.816  79.195 0.0000000000
114141  26.798  -23.834  78.793 0.0000000000
51698  27.083  -25.329  78.693 0.0000000000
50738  27.224  -26.532  78.685 0.0000000000
51671  27.761  -26.175  81.034 0.0000000000
50723  27.625  -26.586  79.797 0.0000000000
49806  27.422  -27.383  78.994 0.0000000000
48903  27.338  -29.310  78.561 0.0000000000
46971  27.896  -30.656  79.189 0.0000000000
46088  28.005  -31.777  79.007 0.0000000000
45140  28.335  -31.924  80.395 0.0000000000
45132  27.880  -32.247  79.696 0.0000000000
106638  26.862  -33.038  78.882 0.0000000000
44309  25.710  -33.139  78.673 0.0000000000
43490  23.879  -34.440  77.962 0.0000000000
106121  29.623  -31.882  87.234 0.0000000000
112327  27.288  -38.310  91.215 0.0000000000
41614  27.705  -36.711  90.886 0.0000000000
41615  27.781  -36.039  90.414 0.0000000000
40709  25.599  -38.488  88.133 0.0000000000
41635  26.189  -36.594  89.051 0.0000000000
43384  27.596  -34.559  89.604 0.0000000000
44180  27.460  -33.148  88.512 0.0000000000
44196  28.062  -32.356  87.790 0.0000000000
112842  28.449  -32.144  85.861 0.0000000000
44224  27.976  -32.588  85.127 0.0000000000
44238  26.627  -32.960  84.681 0.0000000000
44250  25.587  -33.288  83.641 0.0000000000
41657  24.062  -36.053  84.250 0.0000000000
109159  24.206  -34.393  83.749 0.0000000000
120175  24.277  -33.920  83.034 0.0000000000
127200  23.305  -34.872  80.956 0.0000000000
108171  30.692  -19.882  76.307 0.0000000000
55149  29.668  -20.626  74.728 0.0000000000
54281  28.948  -21.343  72.741 0.0000000000
125364  27.204  -22.337  74.558 0.0000000000
54283  27.511  -22.195  73.012 0.0000000000
54313  28.047  -21.999  71.515 0.0000000000
69698  45.721  -5.716  63.548 0.0000000000
56088  33.786  -19.829  77.680 0.0000000000
124048  33.327  -19.807  77.095 0.0000000000
56089  32.678  -19.636  77.813 0.0000000000
38047  18.919  -39.194  83.689 0.0000000000
38048  18.068  -39.055  84.002 0.0000000000
37107  19.153  -40.104  85.256 0.0000000000
37122  19.510  -39.658  84.344 0.0000000000
59052  33.723  -17.511  69.036 0.0000000000
58067  33.334  -18.431  69.531 0.0000000000
58051  34.637  -18.498  70.670 0.0000000000
58065  35.083  -17.627  70.180 0.0000000000
111780  34.503  -17.414  69.492 0.0000000000
107077  7.044  -42.828  93.026 0.0000000000
35387  6.605  -43.313  92.317 0.0000000000
34505  6.674  -43.619  91.326 0.0000000000
109810  6.059  -44.012  91.854 0.0000000000
46036  31.633  -31.057  85.828 0.0000000000
46045  31.599  -31.195  85.126 0.0000000000
45089  30.837  -31.390  85.674 0.0000000000
106601  29.904  -31.857  85.332 0.0000000000
44222  29.882  -31.846  85.870 0.0000000000
39652  28.436  -37.561  92.740 0.0000000000
35519  25.219  -42.544  80.738 0.0000000000
50748  26.775  -26.313  78.074 0.0000000000
50749  26.531  -26.141  77.344 0.0000000000
69674  45.444  -5.454  67.126 0.0000000000
69679  45.939  -4.884  66.631 0.0000000000
69683  45.927  -4.784  65.693 0.0000000000
69684  45.378  -5.284  65.081 0.0000000000
54291  35.311  -21.605  73.225 0.0000000000
55190  34.936  -21.733  72.435 0.0000000000
54292  34.623  -21.807  72.716 0.0000000000
54296  30.912  -21.602  71.528 0.0000000000
54312  29.801  -21.560  71.301 0.0000000000
106602  29.879  -21.805  70.516 0.0000000000
54276  35.665  -21.728  73.948 0.0000000000
54275  36.116  -21.616  74.244 0.0000000000
55189  35.478  -21.453  72.946 0.0000000000
38050  14.277  -40.045  82.978 0.0000000000
38065  13.733  -40.713  82.702 0.0000000000
116580  23.492  -42.588  88.056 0.0000000000
34565  24.064  -42.658  87.701 0.0000000000
105618  23.597  -42.521  87.406 0.0000000000
36310  22.443  -41.236  82.366 0.0000000000
36309  23.155  -41.497  82.999 0.0000000000
37155  21.546  -41.006  80.386 0.0000000000
45178  27.423  -32.069  77.580 0.0000000000
63418  40.386  -12.366  67.601 0.0000000000
64301  40.454  -11.538  67.410 0.0000000000
67039  42.302  -8.103  64.450 0.0000000000
35443  19.480  -41.668  88.452 0.0000000000
36249  18.831  -41.591  88.278 0.0000000000
35430  19.258  -41.747  88.828 0.0000000000
59932  39.880  -16.443  70.526 0.0000000000
60878  40.428  -15.590  69.708 0.0000000000
60879  39.616  -15.583  69.290 0.0000000000
37069  15.887  -40.193  87.910 0.0000000000
37998  11.379  -39.932  87.539 0.0000000000
35431  8.690  -42.844  88.358 0.0000000000
107702  9.138  -42.679  87.594 0.0000000000
48867  29.726  -28.648  82.114 0.0000000000
49773  29.531  -27.959  82.254 0.0000000000
48873  29.408  -28.873  81.561 0.0000000000
48882  28.742  -28.547  81.075 0.0000000000
110468  28.994  -29.243  81.064 0.0000000000
47923  28.736  -29.633  80.411 0.0000000000
47917  29.276  -29.903  81.103 0.0000000000
43451  26.750  -33.297  82.409 0.0000000000
43460  26.667  -33.217  81.741 0.0000000000
124700  25.196  -33.413  82.240 0.0000000000
111688  26.457  -41.494  87.250 0.0000000000
38005  26.424  -41.036  87.643 0.0000000000
37078  26.428  -41.243  86.730 0.0000000000
41649  24.874  -37.138  86.670 0.0000000000
41642  25.228  -36.776  87.575 0.0000000000
41643  24.874  -36.108  87.063 0.0000000000
42545  25.288  -35.192  87.390 0.0000000000
42550  24.746  -35.206  86.595 0.0000000000
55108  27.989  -20.980  78.157 0.0000000000
56093  28.655  -20.603  77.501 0.0000000000
55123  28.068  -21.307  77.206 0.0000000000
55146  34.849  -21.316  75.409 0.0000000000
112834  34.115  -21.130  75.033 0.0000000000
56129  32.307  -20.360  75.195 0.0000000000
55161  32.611  -20.848  74.352 0.0000000000
55162  30.961  -20.684  73.720 0.0000000000
56085  36.796  -20.650  77.618 0.0000000000
55134  35.046  -20.964  76.234 0.0000000000
121097  35.354  -21.570  75.035 0.0000000000
38917  16.412  -39.357  82.726 0.0000000000
121025  15.583  -39.595  82.863 0.0000000000
108444  21.206  -40.705  86.255 0.0000000000
37121  20.290  -39.924  83.863 0.0000000000
37120  21.025  -40.320  83.350 0.0000000000
37133  21.773  -40.725  82.854 0.0000000000
37144  20.980  -40.458  81.023 0.0000000000
38073  20.408  -39.927  81.614 0.0000000000
38927  18.358  -39.314  81.100 0.0000000000
38938  18.860  -39.502  80.758 0.0000000000
38939  18.287  -39.744  80.464 0.0000000000
57114  37.304  -19.470  72.039 0.0000000000
58037  37.649  -18.388  71.600 0.0000000000
59049  37.372  -16.777  69.994 0.0000000000
59048  38.173  -16.665  70.083 0.0000000000
59943  37.051  -16.525  69.191 0.0000000000
59955  34.882  -16.630  68.068 0.0000000000
59954  35.797  -16.425  68.221 0.0000000000
59963  35.469  -16.371  67.407 0.0000000000
37044  14.856  -40.075  89.637 0.0000000000
126150  13.090  -39.633  89.546 0.0000000000
37969  12.935  -39.717  90.046 0.0000000000
36196  8.576  -41.429  92.232 0.0000000000
35419  7.686  -43.779  89.194 0.0000000000
34529  6.413  -44.646  90.054 0.0000000000
33690  6.947  -44.868  89.308 0.0000000000
124989  5.311  -44.973  91.837 0.0000000000
32704  4.791  -45.994  91.689 0.0000000000
120895  4.710  -45.934  92.297 0.0000000000
47893  31.281  -29.948  84.119 0.0000000000
48857  30.902  -29.397  83.887 0.0000000000
114092  30.814  -30.195  83.468 0.0000000000
47901  30.604  -29.723  83.300 0.0000000000
46951  30.409  -30.200  82.880 0.0000000000
46952  30.244  -30.600  82.509 0.0000000000
46062  30.169  -30.924  82.906 0.0000000000
44247  28.748  -32.535  84.110 0.0000000000
105866  28.837  -32.512  83.578 0.0000000000
43434  28.098  -32.744  84.006 0.0000000000
125350  27.727  -32.883  83.481 0.0000000000
43435  27.514  -32.947  83.731 0.0000000000
35504  25.366  -42.473  83.054 0.0000000000
36294  25.892  -41.623  84.385 0.0000000000
36306  25.750  -41.659  83.568 0.0000000000
38044  25.853  -40.880  83.850 0.0000000000
113949  25.519  -39.359  85.194 0.0000000000
111079  25.504  -39.943  83.871 0.0000000000
38906  25.415  -39.917  83.068 0.0000000000
38072  25.550  -40.684  81.220 0.0000000000
122603  26.734  -24.333  77.792 0.0000000000
52574  26.661  -24.068  77.177 0.0000000000
51734  25.896  -25.680  75.762 0.0000000000
51735  25.630  -25.743  74.807 0.0000000000
70548  47.039  -4.242  64.606 0.0000000000
69696  47.312  -4.480  63.750 0.0000000000
106671  47.167  -5.072  63.042 0.0000000000
56173  34.851  -20.153  71.142 0.0000000000
57127  33.981  -19.955  70.671 0.0000000000
56174  34.184  -20.821  70.766 0.0000000000
55211  33.507  -21.886  70.369 0.0000000000
56175  33.643  -21.287  70.339 0.0000000000
55221  33.162  -21.671  69.754 0.0000000000
54340  32.834  -22.053  69.733 0.0000000000
54279  33.221  -21.715  72.899 0.0000000000
54293  33.634  -22.049  72.193 0.0000000000
54325  31.866  -22.066  70.204 0.0000000000
54324  32.046  -21.924  69.623 0.0000000000
55120  37.142  -21.019  76.920 0.0000000000
55119  37.688  -20.944  76.688 0.0000000000
55131  37.083  -21.333  76.151 0.0000000000
55172  36.853  -21.258  74.013 0.0000000000
55157  36.902  -21.299  74.964 0.0000000000
56141  37.222  -20.925  74.119 0.0000000000
56140  37.773  -20.481  74.286 0.0000000000
56162  35.541  -20.794  71.821 0.0000000000
116324  36.120  -20.269  71.964 0.0000000000
57126  35.158  -19.085  71.195 0.0000000000
36201  26.458  -41.274  90.684 0.0000000000
37027  26.726  -40.834  90.392 0.0000000000
35414  26.245  -41.801  89.369 0.0000000000
122084  25.606  -42.482  87.837 0.0000000000
34575  25.498  -42.458  87.206 0.0000000000
35450  25.959  -42.261  86.899 0.0000000000
34589  24.945  -42.480  86.280 0.0000000000
116408  22.728  -41.209  85.222 0.0000000000
35479  23.529  -41.626  84.866 0.0000000000
35478  23.844  -41.688  84.553 0.0000000000
35493  24.239  -42.026  83.742 0.0000000000
34619  24.414  -41.999  84.250 0.0000000000
35492  24.438  -42.406  83.367 0.0000000000
113826  24.249  -42.501  82.905 0.0000000000
35520  23.959  -42.629  82.021 0.0000000000
124371  23.935  -42.839  80.902 0.0000000000
35532  23.532  -42.672  79.693 0.0000000000
37170  20.380  -41.167  79.436 0.0000000000
63407  42.810  -12.775  69.535 0.0000000000
65165  42.786  -10.799  69.227 0.0000000000
65170  43.053  -9.991  68.815 0.0000000000
65187  40.120  -10.394  66.478 0.0000000000
67027  41.498  -8.706  66.126 0.0000000000
66104  41.705  -8.782  66.910 0.0000000000
66097  42.853  -8.820  67.950 0.0000000000
67019  43.163  -8.099  67.584 0.0000000000
67018  43.745  -7.760  67.952 0.0000000000
67025  42.844  -7.736  66.770 0.0000000000
67925  43.117  -7.195  65.404 0.0000000000
67922  43.344  -7.121  66.256 0.0000000000
68795  43.597  -6.736  65.400 0.0000000000
36273  18.473  -40.793  86.832 0.0000000000
36250  18.062  -41.395  88.158 0.0000000000
36261  17.854  -41.115  87.597 0.0000000000
36251  17.369  -40.992  87.900 0.0000000000
36239  17.401  -41.139  88.472 0.0000000000
36215  19.202  -41.634  89.844 0.0000000000
37029  17.868  -41.080  89.902 0.0000000000
36217  17.474  -41.064  89.519 0.0000000000
110594  16.986  -40.616  89.968 0.0000000000
37934  27.021  -39.709  92.351 0.0000000000
105565  23.862  -42.770  89.072 0.0000000000
34554  21.602  -42.382  89.264 0.0000000000
34553  22.178  -42.373  88.687 0.0000000000
35441  21.227  -41.968  88.064 0.0000000000
35453  21.658  -41.670  87.293 0.0000000000
36259  19.877  -41.279  87.360 0.0000000000
36272  19.293  -40.848  86.686 0.0000000000
57142  32.799  -19.954  69.507 0.0000000000
61746  40.431  -14.433  68.659 0.0000000000
62572  40.749  -13.706  68.369 0.0000000000
60889  37.657  -15.623  68.130 0.0000000000
60895  38.006  -15.094  67.907 0.0000000000
61763  37.500  -14.485  66.544 0.0000000000
61762  38.039  -14.064  66.955 0.0000000000
62589  38.391  -13.458  66.596 0.0000000000
38019  16.728  -39.688  85.855 0.0000000000
38895  14.744  -39.384  84.568 0.0000000000
38883  14.497  -39.313  85.456 0.0000000000
37980  14.449  -39.692  88.358 0.0000000000
38873  12.516  -39.554  86.337 0.0000000000
38872  13.354  -39.376  86.401 0.0000000000
38885  12.688  -39.529  85.622 0.0000000000
38038  12.538  -40.331  84.173 0.0000000000
106348  12.111  -39.915  84.951 0.0000000000
37094  10.939  -40.879  85.511 0.0000000000
37095  10.454  -41.594  85.347 0.0000000000
117467  11.259  -39.551  90.555 0.0000000000
37970  11.750  -39.550  89.894 0.0000000000
36205  8.825  -41.519  90.877 0.0000000000
37033  9.117  -41.439  90.163 0.0000000000
37061  9.553  -41.276  88.538 0.0000000000
33658  4.730  -46.002  92.945 0.0000000000
32695  4.237  -46.248  93.814 0.0000000000
31724  3.763  -47.050  94.041 0.0000000000
56059  29.236  -20.421  79.564 0.0000000000
54209  27.132  -22.380  79.528 0.0000000000
108733  26.890  -22.793  78.934 0.0000000000
53367  26.908  -23.417  79.584 0.0000000000
118238  27.322  -25.115  79.787 0.0000000000
52532  27.050  -24.510  79.324 0.0000000000
51686  27.286  -25.373  79.245 0.0000000000
110828  26.993  -25.718  78.422 0.0000000000
50724  27.384  -26.002  79.053 0.0000000000
50664  29.045  -26.973  82.316 0.0000000000
50704  28.209  -26.955  81.171 0.0000000000
49792  28.353  -28.078  80.393 0.0000000000
49793  27.837  -27.489  79.724 0.0000000000
117017  27.630  -28.074  79.290 0.0000000000
48893  27.205  -28.267  78.615 0.0000000000
48892  27.647  -28.855  79.237 0.0000000000
46970  28.413  -30.707  79.833 0.0000000000
46100  27.796  -31.404  78.891 0.0000000000
45130  29.425  -31.478  81.824 0.0000000000
45139  28.843  -31.433  81.078 0.0000000000
45131  28.703  -31.818  81.269 0.0000000000
44279  27.016  -32.787  80.464 0.0000000000
106129  27.567  -32.527  80.207 0.0000000000
44291  27.119  -32.720  79.539 0.0000000000
44290  27.573  -32.506  78.995 0.0000000000
44308  26.410  -33.013  78.274 0.0000000000
44292  26.505  -32.915  79.111 0.0000000000
111147  23.955  -33.738  78.838 0.0000000000
43479  23.492  -34.545  78.976 0.0000000000
37967  26.749  -40.385  89.899 0.0000000000
38845  26.920  -39.965  90.126 0.0000000000
39678  26.742  -38.471  90.257 0.0000000000
40696  27.109  -37.532  90.683 0.0000000000
41626  27.171  -36.772  90.316 0.0000000000
38870  25.950  -40.151  86.611 0.0000000000
39692  25.710  -39.489  87.350 0.0000000000
41636  25.706  -36.260  88.326 0.0000000000
41627  27.003  -36.043  89.702 0.0000000000
42533  27.043  -35.081  89.323 0.0000000000
43401  27.833  -33.697  89.391 0.0000000000
43402  27.151  -34.139  88.953 0.0000000000
44198  26.399  -33.176  87.269 0.0000000000
44197  27.168  -32.665  87.579 0.0000000000
44211  28.881  -32.079  86.838 0.0000000000
44212  27.935  -32.283  86.733 0.0000000000
117914  27.702  -32.189  85.842 0.0000000000
44227  25.260  -33.410  85.403 0.0000000000
44226  26.039  -32.977  85.493 0.0000000000
126361  25.826  -33.069  84.855 0.0000000000
108222  26.095  -33.124  84.187 0.0000000000
44239  25.142  -33.344  84.529 0.0000000000
41656  24.390  -36.706  84.657 0.0000000000
41665  24.175  -37.022  84.027 0.0000000000
41676  23.768  -36.617  82.650 0.0000000000
41666  23.896  -36.333  83.469 0.0000000000
42575  23.740  -35.634  82.877 0.0000000000
43452  23.904  -34.704  82.997 0.0000000000
42576  23.616  -35.036  82.246 0.0000000000
43461  23.862  -34.207  82.320 0.0000000000
42584  23.418  -35.381  81.470 0.0000000000
56073  30.748  -19.751  78.608 0.0000000000
56090  31.146  -19.613  77.639 0.0000000000
55135  28.695  -20.848  75.765 0.0000000000
56118  29.311  -20.557  75.409 0.0000000000
55150  28.827  -20.848  74.901 0.0000000000
55164  29.164  -21.013  74.086 0.0000000000
54282  28.636  -21.373  73.538 0.0000000000
53411  26.635  -23.231  75.855 0.0000000000
54253  27.079  -22.497  75.393 0.0000000000
53422  26.617  -23.005  74.814 0.0000000000
53440  26.815  -22.694  72.462 0.0000000000
53432  26.720  -22.718  73.279 0.0000000000
54299  27.543  -22.198  72.148 0.0000000000
54298  28.338  -21.668  72.289 0.0000000000
71467  50.351  -3.141  64.066 0.0000000000
70556  50.198  -3.525  63.164 0.0000000000
118586  51.073  -3.295  63.526 0.0000000000
68805  45.210  -6.262  63.354 0.0000000000
55148  33.296  -20.713  75.069 0.0000000000
56115  33.416  -20.093  76.453 0.0000000000
126519  32.095  -20.088  76.022 0.0000000000
38915  18.198  -39.067  81.885 0.0000000000
38907  17.299  -39.108  83.273 0.0000000000
38049  16.699  -39.182  83.881 0.0000000000
38059  19.758  -39.477  82.170 0.0000000000
38060  18.982  -39.258  82.610 0.0000000000
59061  34.106  -17.233  67.998 0.0000000000
57125  35.958  -18.829  71.481 0.0000000000
58049  36.340  -18.012  71.225 0.0000000000
59042  36.005  -17.464  70.552 0.0000000000
59944  36.074  -16.709  69.112 0.0000000000
59051  35.223  -17.063  69.398 0.0000000000
37958  14.138  -39.925  90.623 0.0000000000
35395  7.234  -43.255  90.860 0.0000000000
33665  5.494  -44.603  92.416 0.0000000000
46929  31.887  -30.418  85.178 0.0000000000
46930  31.537  -30.505  84.550 0.0000000000
46050  31.308  -31.020  84.414 0.0000000000
45110  30.175  -31.493  83.676 0.0000000000
45104  30.440  -31.580  84.427 0.0000000000
44234  29.302  -32.165  84.738 0.0000000000
44235  28.662  -32.466  84.633 0.0000000000
36308  25.445  -42.374  82.407 0.0000000000
36307  25.664  -41.965  82.867 0.0000000000
36320  25.658  -42.017  82.039 0.0000000000
37142  25.646  -41.488  81.798 0.0000000000
37153  25.766  -41.285  81.012 0.0000000000
51710  26.562  -25.380  77.078 0.0000000000
50760  26.242  -25.970  76.585 0.0000000000
68786  45.035  -6.095  67.572 0.0000000000
68778  45.273  -6.347  68.360 0.0000000000
70533  47.124  -3.822  66.455 0.0000000000
69688  46.175  -4.729  64.775 0.0000000000
55200  34.501  -21.772  71.627 0.0000000000
55201  33.812  -22.025  71.045 0.0000000000
54295  31.615  -21.495  72.190 0.0000000000
111871  32.010  -21.862  71.476 0.0000000000
54326  30.787  -21.875  70.182 0.0000000000
54250  36.175  -21.469  75.159 0.0000000000
54249  36.520  -21.396  75.108 0.0000000000
55173  36.362  -21.516  73.903 0.0000000000
56152  36.584  -20.798  73.092 0.0000000000
55188  36.076  -21.286  73.254 0.0000000000
55198  35.679  -21.247  72.579 0.0000000000
38063  15.027  -40.505  81.930 0.0000000000
36313  12.597  -41.717  83.097 0.0000000000
37110  12.207  -41.150  83.742 0.0000000000
34549  24.784  -42.672  88.668 0.0000000000
35415  25.833  -42.246  89.089 0.0000000000
107870  24.749  -42.637  88.164 0.0000000000
107279  24.558  -42.637  87.222 0.0000000000
34578  24.141  -42.537  86.808 0.0000000000
35507  23.581  -42.129  82.527 0.0000000000
36335  22.881  -42.299  79.736 0.0000000000
46981  27.216  -30.644  77.701 0.0000000000
109425  41.654  -12.742  68.659 0.0000000000
63413  41.541  -12.069  68.426 0.0000000000
64294  41.453  -11.434  68.179 0.0000000000
65172  41.678  -10.772  68.082 0.0000000000
66106  40.427  -9.662  66.043 0.0000000000
123066  40.958  -9.016  65.379 0.0000000000
67026  42.093  -8.172  66.286 0.0000000000
67033  42.162  -8.036  65.300 0.0000000000
67929  42.706  -7.579  64.954 0.0000000000
67940  42.788  -7.641  64.232 0.0000000000
123627  18.258  -41.074  87.334 0.0000000000
106380  20.680  -42.029  88.586 0.0000000000
61739  40.865  -14.894  69.338 0.0000000000
61747  39.620  -14.657  68.392 0.0000000000
37080  16.934  -40.515  87.007 0.0000000000
37093  16.494  -39.895  86.585 0.0000000000
37081  16.258  -40.073  87.217 0.0000000000
38006  15.771  -39.541  86.787 0.0000000000
38007  15.017  -39.335  87.032 0.0000000000
37962  10.919  -39.672  91.321 0.0000000000
37032  10.220  -39.990  90.697 0.0000000000
36229  8.803  -41.973  89.584 0.0000000000
53353  26.894  -23.405  80.548 0.0000000000
51672  27.404  -25.262  80.512 0.0000000000
49763  29.760  -28.129  83.113 0.0000000000
108579  29.592  -27.629  83.303 0.0000000000
50663  29.427  -27.534  82.687 0.0000000000
110546  29.269  -27.396  82.100 0.0000000000
50682  28.854  -27.152  81.714 0.0000000000
50703  28.627  -27.523  81.343 0.0000000000
48891  28.260  -29.247  79.751 0.0000000000
46086  28.593  -31.010  80.205 0.0000000000
43458  27.616  -32.715  82.155 0.0000000000
109792  27.951  -32.595  81.202 0.0000000000
44271  26.850  -33.053  81.204 0.0000000000
44280  26.432  -32.911  80.619 0.0000000000
44293  25.726  -32.927  79.634 0.0000000000
44281  25.385  -33.030  80.658 0.0000000000
44282  24.138  -33.397  80.748 0.0000000000
37066  26.548  -40.875  88.508 0.0000000000
38850  26.684  -39.964  89.601 0.0000000000
37993  26.497  -40.536  88.648 0.0000000000
38851  26.367  -39.769  88.929 0.0000000000
39679  26.206  -38.722  89.299 0.0000000000
39704  25.439  -39.067  85.923 0.0000000000
39693  25.459  -38.776  86.854 0.0000000000
40710  25.280  -37.793  87.283 0.0000000000
42544  25.836  -35.335  88.138 0.0000000000
42534  26.496  -34.687  88.535 0.0000000000
43418  25.934  -34.258  87.664 0.0000000000
43424  25.817  -33.607  86.929 0.0000000000
44214  26.223  -32.947  86.357 0.0000000000
115806  24.788  -34.237  85.951 0.0000000000
42556  24.405  -34.665  85.188 0.0000000000
39728  24.404  -38.072  82.873 0.0000000000
40752  24.183  -38.310  81.967 0.0000000000
40744  23.925  -37.490  82.322 0.0000000000
41685  23.646  -36.856  81.749 0.0000000000
41686  23.488  -36.216  81.173 0.0000000000
40768  23.903  -37.683  80.333 0.0000000000
56074  29.750  -20.017  78.443 0.0000000000
56092  29.413  -20.103  77.621 0.0000000000
56106  28.636  -20.784  76.637 0.0000000000
55151  28.205  -21.408  75.340 0.0000000000
52605  25.921  -24.060  73.956 0.0000000000
122121  26.508  -23.267  73.941 0.0000000000
118935  25.769  -24.239  73.097 0.0000000000
107921  48.776  -3.866  63.601 0.0000000000
70546  49.380  -3.265  64.212 0.0000000000
54264  34.506  -21.774  73.903 0.0000000000
55175  33.701  -21.643  73.537 0.0000000000
55176  32.879  -21.344  73.592 0.0000000000
54280  32.249  -21.338  72.868 0.0000000000
55177  31.291  -20.993  72.900 0.0000000000
55192  29.783  -21.131  72.484 0.0000000000
55132  36.568  -21.329  76.164 0.0000000000
55122  35.627  -20.670  76.875 0.0000000000
55133  35.926  -21.293  76.183 0.0000000000
55145  36.120  -21.470  75.640 0.0000000000
54251  35.798  -21.541  75.092 0.0000000000
54263  35.363  -21.721  74.390 0.0000000000
38076  16.228  -40.404  81.212 0.0000000000
38929  16.638  -39.637  81.605 0.0000000000
38918  14.983  -40.020  82.571 0.0000000000
38909  14.123  -39.626  83.817 0.0000000000
35452  22.635  -41.928  86.805 0.0000000000
37104  22.345  -40.731  84.499 0.0000000000
126636  21.563  -40.461  84.772 0.0000000000
37143  21.746  -40.835  81.678 0.0000000000
38074  19.591  -39.625  81.056 0.0000000000
64310  39.333  -11.666  66.416 0.0000000000
64309  39.934  -11.176  66.809 0.0000000000
35404  19.911  -41.813  89.858 0.0000000000
59032  38.308  -17.533  71.293 0.0000000000
59033  37.516  -17.639  71.154 0.0000000000
59040  38.484  -16.941  70.699 0.0000000000
59933  38.991  -16.542  70.286 0.0000000000
59941  38.618  -16.258  69.572 0.0000000000
60880  38.944  -15.860  69.107 0.0000000000
59951  38.265  -16.088  68.978 0.0000000000
59952  37.580  -16.096  68.623 0.0000000000
60890  37.032  -15.846  67.933 0.0000000000
60898  36.027  -16.079  66.816 0.0000000000
37058  14.755  -39.917  88.979 0.0000000000
37981  13.975  -39.929  88.985 0.0000000000
37045  14.114  -39.993  90.089 0.0000000000
37982  13.049  -39.484  88.897 0.0000000000
36206  8.092  -41.987  90.801 0.0000000000
36218  8.229  -42.326  89.940 0.0000000000
34541  7.117  -44.184  89.661 0.0000000000
48849  30.746  -28.875  84.105 0.0000000000
49750  30.265  -28.483  83.683 0.0000000000
49762  30.045  -28.719  83.173 0.0000000000
48866  30.094  -29.171  82.770 0.0000000000
48872  29.985  -29.303  81.971 0.0000000000
47916  29.978  -29.989  81.732 0.0000000000
46958  30.048  -30.624  81.858 0.0000000000
46069  30.021  -31.066  82.095 0.0000000000
45121  29.495  -31.730  82.543 0.0000000000
45111  29.720  -31.694  83.262 0.0000000000
44258  29.291  -32.181  83.200 0.0000000000
44268  28.903  -32.162  82.349 0.0000000000
43443  27.894  -32.810  82.970 0.0000000000
43450  27.305  -33.098  82.854 0.0000000000
44249  26.237  -33.381  82.917 0.0000000000
35475  25.782  -41.802  85.122 0.0000000000
37088  26.373  -41.310  86.126 0.0000000000
117385  26.296  -41.365  85.616 0.0000000000
107312  26.309  -40.993  85.433 0.0000000000
38891  26.090  -40.505  85.071 0.0000000000
37131  25.666  -41.465  83.197 0.0000000000
38881  25.797  -39.916  85.689 0.0000000000
40717  24.784  -37.449  85.683 0.0000000000
40734  24.887  -38.537  84.145 0.0000000000
111296  24.732  -38.551  83.369 0.0000000000
38925  25.273  -40.354  82.194 0.0000000000
107601  25.107  -39.631  82.650 0.0000000000
39740  24.701  -38.941  82.580 0.0000000000
106293  27.154  -22.792  77.937 0.0000000000
54232  27.110  -22.731  77.323 0.0000000000
53401  26.687  -23.486  76.635 0.0000000000
53412  26.377  -23.846  75.385 0.0000000000
52575  26.537  -24.720  76.753 0.0000000000
52586  26.273  -24.741  75.822 0.0000000000
52596  26.112  -24.395  74.890 0.0000000000
52597  25.718  -24.961  74.394 0.0000000000
71457  48.557  -3.193  65.303 0.0000000000
70542  47.807  -3.659  64.944 0.0000000000
69695  47.974  -4.477  63.239 0.0000000000
58052  33.765  -19.014  70.350 0.0000000000
57128  33.391  -19.923  70.157 0.0000000000
56183  33.260  -20.829  69.822 0.0000000000
54308  33.396  -22.128  71.265 0.0000000000
54309  32.538  -22.153  70.787 0.0000000000
55143  36.983  -21.371  75.563 0.0000000000
55142  37.445  -21.100  75.378 0.0000000000
114527  38.203  -19.533  73.237 0.0000000000
57102  37.801  -19.556  72.750 0.0000000000
57103  36.687  -20.263  72.314 0.0000000000
57115  36.477  -19.589  71.771 0.0000000000
38828  27.434  -38.940  91.843 0.0000000000
37942  27.244  -39.743  91.273 0.0000000000
37026  26.780  -40.514  90.108 0.0000000000
112002  26.668  -40.783  89.409 0.0000000000
35425  26.208  -42.064  88.568 0.0000000000
36236  26.351  -41.819  88.380 0.0000000000
123458  26.467  -41.391  88.339 0.0000000000
36247  26.415  -41.686  87.688 0.0000000000
115261  26.274  -42.034  86.613 0.0000000000
35464  25.653  -42.165  85.722 0.0000000000
35466  23.434  -42.153  86.398 0.0000000000
34591  23.937  -42.236  86.158 0.0000000000
107671  24.308  -42.264  85.996 0.0000000000
34590  24.064  -42.062  85.376 0.0000000000
108913  24.608  -42.251  85.785 0.0000000000
34601  25.145  -42.211  85.548 0.0000000000
35476  25.313  -41.944  84.887 0.0000000000
35491  25.278  -42.341  83.868 0.0000000000
107356  25.042  -42.713  83.236 0.0000000000
37169  21.137  -41.341  79.408 0.0000000000
49815  26.650  -28.037  77.829 0.0000000000
66090  43.776  -8.889  68.918 0.0000000000
65179  40.555  -10.727  67.195 0.0000000000
65178  41.228  -10.343  67.522 0.0000000000
65177  41.926  -9.984  67.867 0.0000000000
66099  41.431  -9.529  67.274 0.0000000000
66092  42.611  -9.597  68.222 0.0000000000
66091  43.229  -9.220  68.570 0.0000000000
67003  44.318  -8.533  69.395 0.0000000000
67014  44.037  -8.141  68.634 0.0000000000
122215  44.320  -7.409  68.313 0.0000000000
67917  44.082  -7.102  67.584 0.0000000000
67921  43.888  -6.798  66.817 0.0000000000
68787  44.431  -6.461  67.200 0.0000000000
68789  44.306  -6.267  66.394 0.0000000000
68793  44.766  -5.759  65.806 0.0000000000
112782  44.658  -5.848  64.861 0.0000000000
38034  17.848  -39.384  84.926 0.0000000000
37108  18.338  -39.943  85.544 0.0000000000
37079  17.711  -40.734  87.009 0.0000000000
35417  19.389  -41.765  89.355 0.0000000000
36227  18.620  -41.594  89.091 0.0000000000
37028  18.653  -41.299  90.171 0.0000000000
36228  17.570  -41.266  89.039 0.0000000000
37042  16.623  -40.780  88.843 0.0000000000
37043  15.714  -40.392  89.234 0.0000000000
37017  16.099  -40.201  90.478 0.0000000000
37018  15.218  -40.059  90.459 0.0000000000
39647  28.239  -38.270  92.973 0.0000000000
38818  27.742  -38.830  92.555 0.0000000000
37933  27.268  -39.360  92.058 0.0000000000
37012  26.886  -40.763  91.124 0.0000000000
36202  25.972  -41.737  90.941 0.0000000000
35401  25.315  -42.224  90.285 0.0000000000
107871  24.344  -42.753  89.101 0.0000000000
34551  23.793  -42.699  88.472 0.0000000000
34566  22.811  -42.433  87.971 0.0000000000
34538  22.786  -42.578  89.459 0.0000000000
35440  22.246  -42.130  87.601 0.0000000000
36258  20.950  -41.210  86.932 0.0000000000
37089  19.682  -40.439  85.865 0.0000000000
58074  33.062  -18.218  68.559 0.0000000000
62563  43.237  -13.675  69.920 0.0000000000
62570  42.084  -13.140  69.132 0.0000000000
62565  41.931  -13.931  69.343 0.0000000000
63414  40.976  -12.756  68.232 0.0000000000
63419  39.731  -12.773  67.265 0.0000000000
60887  39.233  -15.337  68.722 0.0000000000
61754  39.197  -14.209  67.810 0.0000000000
61755  38.392  -14.426  67.587 0.0000000000
62580  39.533  -13.533  67.477 0.0000000000
62588  39.080  -13.136  66.928 0.0000000000
63424  39.252  -12.415  66.704 0.0000000000
38893  16.265  -39.311  84.449 0.0000000000
38036  16.152  -39.408  85.220 0.0000000000
38894  15.587  -39.365  84.481 0.0000000000
37995  15.044  -39.708  87.766 0.0000000000
38871  14.290  -39.311  86.354 0.0000000000
38037  13.334  -39.937  83.989 0.0000000000
38023  11.448  -40.423  85.243 0.0000000000
37111  11.553  -41.562  84.105 0.0000000000
117463  9.470  -40.824  90.847 0.0000000000
118943  9.689  -40.566  89.968 0.0000000000
110339  10.763  -40.113  88.195 0.0000000000
37999  10.507  -40.529  87.351 0.0000000000
38011  10.391  -40.908  86.704 0.0000000000
117408  10.086  -41.616  86.296 0.0000000000
36274  10.017  -42.230  85.677 0.0000000000
33648  5.201  -45.198  93.042 0.0000000000
32705  4.444  -46.448  92.232 0.0000000000
31739  4.077  -47.182  92.076 0.0000000000
56071  32.368  -19.650  78.801 0.0000000000
114362  28.445  -20.570  78.947 0.0000000000
55109  27.709  -21.259  78.812 0.0000000000
54221  27.290  -22.217  78.463 0.0000000000
53383  26.920  -23.262  78.314 0.0000000000
110413  26.787  -24.140  78.230 0.0000000000
52547  26.930  -24.702  78.694 0.0000000000
52561  26.820  -24.922  78.155 0.0000000000
49814  26.948  -27.246  78.335 0.0000000000
108952  27.492  -25.909  80.018 0.0000000000
51685  27.810  -26.625  80.502 0.0000000000
50737  27.493  -26.767  79.272 0.0000000000
47930  27.777  -29.731  79.187 0.0000000000
47937  27.498  -30.191  78.471 0.0000000000
46980  27.600  -31.023  78.359 0.0000000000
46101  27.663  -31.775  78.300 0.0000000000
45164  27.856  -32.021  78.245 0.0000000000
46959  29.439  -30.524  81.302 0.0000000000
46077  28.917  -30.989  80.863 0.0000000000
46078  28.477  -31.494  80.285 0.0000000000
44278  28.192  -32.274  80.665 0.0000000000
45152  28.028  -31.981  79.589 0.0000000000
45153  27.728  -32.270  78.917 0.0000000000
45154  27.574  -32.411  78.459 0.0000000000
44307  27.043  -32.801  77.885 0.0000000000
122525  25.504  -33.369  77.845 0.0000000000
44310  24.609  -33.748  77.922 0.0000000000
114459  24.850  -33.295  78.826 0.0000000000
111211  24.451  -34.451  77.040 0.0000000000
44210  29.995  -31.795  86.586 0.0000000000
39662  27.623  -38.302  91.748 0.0000000000
40676  27.867  -37.483  91.668 0.0000000000
40675  28.165  -36.710  91.397 0.0000000000
120209  26.920  -39.118  90.450 0.0000000000
40687  27.494  -37.453  91.190 0.0000000000
42514  28.346  -35.387  90.575 0.0000000000
117374  26.293  -40.777  86.742 0.0000000000
39686  25.881  -39.432  88.339 0.0000000000
40702  26.041  -37.605  89.158 0.0000000000
108872  26.603  -36.915  89.700 0.0000000000
42515  27.708  -35.300  89.997 0.0000000000
43383  28.284  -34.507  90.170 0.0000000000
44165  28.608  -33.345  89.812 0.0000000000
44195  28.925  -32.066  88.036 0.0000000000
126662  29.481  -31.950  86.599 0.0000000000
105925  29.259  -32.040  85.996 0.0000000000
44223  28.624  -32.351  85.184 0.0000000000
44225  27.017  -32.603  85.418 0.0000000000
44237  27.432  -32.838  84.480 0.0000000000
44248  26.849  -33.023  83.953 0.0000000000
126074  26.414  -33.237  83.524 0.0000000000
109718  24.563  -36.824  85.233 0.0000000000
41651  24.231  -35.847  85.126 0.0000000000
42562  24.124  -35.010  84.439 0.0000000000
43437  24.473  -34.077  84.499 0.0000000000
44251  24.709  -33.652  83.760 0.0000000000
44260  25.121  -33.421  82.889 0.0000000000
44261  24.479  -33.621  82.316 0.0000000000
44274  23.894  -33.731  81.639 0.0000000000
43469  23.469  -34.132  80.833 0.0000000000
42592  23.409  -35.615  80.662 0.0000000000
116983  23.383  -34.915  80.051 0.0000000000
107564  31.920  -19.669  77.455 0.0000000000
56103  31.481  -19.802  76.682 0.0000000000
124094  31.265  -20.097  75.531 0.0000000000
56104  29.909  -19.887  76.751 0.0000000000
56117  30.105  -20.220  75.624 0.0000000000
56131  30.602  -20.448  74.635 0.0000000000
55163  30.030  -20.763  73.882 0.0000000000
55179  29.472  -21.062  73.258 0.0000000000
54297  29.292  -21.331  72.013 0.0000000000
54240  27.466  -21.958  76.814 0.0000000000
54252  27.539  -21.950  75.855 0.0000000000
54265  27.683  -21.909  74.885 0.0000000000
54266  27.045  -22.549  73.908 0.0000000000
109641  27.733  -21.821  73.870 0.0000000000
121001  28.259  -21.720  73.075 0.0000000000
105349  28.852  -21.581  71.579 0.0000000000
68797  45.252  -5.735  64.179 0.0000000000
69697  46.341  -5.439  63.331 0.0000000000
68804  45.990  -6.054  62.907 0.0000000000
34520  25.329  -42.335  89.542 0.0000000000
34537  24.826  -42.575  89.270 0.0000000000
34548  25.304  -42.519  88.852 0.0000000000
34550  24.319  -42.720  88.494 0.0000000000
34552  22.999  -42.490  88.730 0.0000000000
34562  25.197  -42.584  88.240 0.0000000000
34564  24.484  -42.641  87.877 0.0000000000
34576  25.014  -42.610  86.901 0.0000000000
34602  24.881  -41.984  85.006 0.0000000000
34603  24.360  -42.024  85.191 0.0000000000
34618  24.689  -42.337  83.862 0.0000000000
35426  25.738  -42.400  88.420 0.0000000000
35439  26.011  -42.278  87.516 0.0000000000
35449  26.319  -42.026  87.226 0.0000000000
35463  26.118  -42.008  85.924 0.0000000000
36212  26.427  -41.284  89.904 0.0000000000
36213  26.102  -41.686  90.206 0.0000000000
36225  26.604  -41.307  88.935 0.0000000000
36226  26.511  -41.431  89.298 0.0000000000
36257  26.441  -41.952  87.147 0.0000000000
36283  26.130  -41.584  85.386 0.0000000000
36295  25.637  -42.071  83.633 0.0000000000
37003  26.663  -40.373  91.895 0.0000000000
37011  27.113  -40.407  90.811 0.0000000000
37055  26.629  -41.068  88.747 0.0000000000
37103  26.161  -41.283  84.881 0.0000000000
37118  25.922  -41.260  83.939 0.0000000000
37957  27.109  -40.110  90.511 0.0000000000
38018  26.159  -40.598  85.908 0.0000000000
38056  25.636  -41.095  83.199 0.0000000000
38057  25.526  -40.993  82.450 0.0000000000
38905  25.819  -40.505  84.234 0.0000000000
39715  25.328  -39.274  84.430 0.0000000000
41707  23.558  -35.816  79.972 0.0000000000
42569  23.948  -35.308  83.654 0.0000000000
43449  28.259  -32.705  83.548 0.0000000000
43462  23.513  -34.527  81.605 0.0000000000
44209  30.395  -31.592  86.286 0.0000000000
44233  29.998  -31.829  84.759 0.0000000000
44245  29.841  -31.865  83.913 0.0000000000
45088  31.282  -31.152  86.101 0.0000000000
45096  31.246  -31.338  85.411 0.0000000000
45097  30.750  -31.602  85.086 0.0000000000
45109  30.729  -31.299  84.062 0.0000000000
45120  29.906  -31.315  83.037 0.0000000000
45122  29.043  -31.845  81.917 0.0000000000
46938  31.070  -30.525  83.896 0.0000000000
46945  30.528  -30.542  83.237 0.0000000000
48848  31.182  -29.315  84.514 0.0000000000
49781  28.517  -27.943  81.051 0.0000000000
50651  29.573  -27.390  83.808 0.0000000000
50681  29.166  -27.581  81.765 0.0000000000
55187  36.568  -21.228  73.646 0.0000000000
58048  37.052  -18.000  71.301 0.0000000000
58068  32.731  -19.058  69.134 0.0000000000
67034  41.676  -8.476  65.562 0.0000000000
70544  46.528  -4.382  65.348 0.0000000000
105080  24.701  -42.653  83.075 0.0000000000
105566  23.913  -42.619  89.638 0.0000000000
105735  30.697  -19.687  77.009 0.0000000000
107935  25.728  -41.991  90.489 0.0000000000
107957  24.392  -42.544  89.624 0.0000000000
108718  30.423  -31.645  85.339 0.0000000000
109796  28.253  -32.376  82.039 0.0000000000
111270  36.935  -21.258  74.468 0.0000000000
113196  29.165  -20.313  76.933 0.0000000000
114552  26.309  -41.859  89.165 0.0000000000
114704  30.287  -30.257  82.244 0.0000000000
116103  30.359  -31.178  83.446 0.0000000000
117166  27.044  -38.192  90.839 0.0000000000
117573  31.684  -29.808  85.017 0.0000000000
117705  26.821  -23.341  77.114 0.0000000000
119137  31.761  -30.871  84.936 0.0000000000
123056  25.950  -42.258  86.326 0.0000000000
124468  33.558  -17.672  68.328 0.0000000000
124549  33.264  -22.080  69.979 0.0000000000
126260  27.603  -21.601  78.327 0.0000000000
126269  26.446  -41.536  86.668 0.0000000000
126415  25.163  -33.359  78.319 0.0000000000
126654  26.042  -42.298  88.034 0.0000000000
