#!ascii label  , from subject sub-v1s7x0051322_ses-1 vox2ras=TkReg
939
79864  37.574  6.772  64.132 0.0000000000
82190  43.981  9.128  54.102 0.0000000000
85913  48.856  14.539  55.325 0.0000000000
79257  46.491  5.870  46.650 0.0000000000
79147  37.715  4.900  58.148 0.0000000000
83494  50.700  12.478  63.178 0.0000000000
82244  47.240  9.891  47.663 0.0000000000
122633  38.059  11.645  51.568 0.0000000000
82843  44.874  10.166  60.861 0.0000000000
80685  41.006  7.945  59.477 0.0000000000
78355  41.658  4.247  53.157 0.0000000000
85183  43.558  13.934  55.539 0.0000000000
84400  41.466  12.790  48.785 0.0000000000
83559  48.670  11.891  54.556 0.0000000000
85267  47.491  13.441  46.644 0.0000000000
85197  38.668  13.616  54.993 0.0000000000
81401  41.626  8.155  62.636 0.0000000000
80661  39.682  7.129  62.426 0.0000000000
78332  39.213  4.410  55.671 0.0000000000
85128  48.070  13.742  58.768 0.0000000000
84256  45.320  12.905  59.316 0.0000000000
85180  46.286  13.814  55.877 0.0000000000
84353  43.237  12.696  53.299 0.0000000000
85215  45.998  13.181  52.076 0.0000000000
82159  44.541  9.454  57.217 0.0000000000
82863  47.119  10.993  57.972 0.0000000000
82899  46.355  10.516  53.751 0.0000000000
81511  49.680  9.572  45.806 0.0000000000
83625  48.632  11.975  46.736 0.0000000000
82252  46.453  9.762  46.056 0.0000000000
82956  43.477  10.659  46.096 0.0000000000
80026  43.729  6.106  46.669 0.0000000000
77563  41.890  3.530  47.761 0.0000000000
79878  35.541  6.513  63.230 0.0000000000
79902  37.577  6.458  61.565 0.0000000000
85873  51.780  14.214  58.219 0.0000000000
80735  43.863  7.446  49.980 0.0000000000
111505  45.252  9.447  50.065 0.0000000000
80754  47.435  7.476  48.231 0.0000000000
81500  51.502  9.539  46.869 0.0000000000
114875  45.356  11.128  64.909 0.0000000000
123377  43.500  10.001  63.492 0.0000000000
82149  42.895  9.186  59.824 0.0000000000
81429  42.731  8.478  56.613 0.0000000000
79929  39.301  6.606  58.299 0.0000000000
80698  40.645  7.270  55.594 0.0000000000
80720  41.927  6.969  52.406 0.0000000000
115946  43.736  4.516  51.524 0.0000000000
79869  32.331  6.946  64.106 0.0000000000
84258  43.402  12.133  59.728 0.0000000000
111646  41.302  13.342  56.627 0.0000000000
85207  41.452  13.355  53.817 0.0000000000
83601  39.732  12.018  50.323 0.0000000000
82931  38.670  11.105  48.128 0.0000000000
83500  48.016  11.341  61.326 0.0000000000
83530  49.858  12.152  57.609 0.0000000000
85192  51.496  13.955  54.283 0.0000000000
82920  47.339  11.057  50.519 0.0000000000
84383  49.341  13.054  50.616 0.0000000000
85229  48.534  13.403  50.625 0.0000000000
85248  44.120  13.268  47.546 0.0000000000
82947  41.370  11.553  47.299 0.0000000000
85198  37.897  13.297  55.188 0.0000000000
115035  39.037  14.563  56.016 0.0000000000
79861  39.910  6.628  63.741 0.0000000000
106844  38.589  6.584  63.162 0.0000000000
85888  48.271  14.246  56.819 0.0000000000
85164  47.506  13.835  57.156 0.0000000000
121727  47.006  14.245  54.921 0.0000000000
85938  46.170  13.878  53.895 0.0000000000
85202  47.013  13.869  53.265 0.0000000000
82170  44.600  9.364  55.500 0.0000000000
124110  45.811  10.064  55.565 0.0000000000
82189  44.904  9.737  53.442 0.0000000000
80772  47.714  7.613  46.230 0.0000000000
81512  48.092  9.380  45.900 0.0000000000
111315  46.093  7.987  46.419 0.0000000000
107665  44.979  7.736  46.267 0.0000000000
79265  45.168  6.272  45.952 0.0000000000
78440  43.717  4.671  46.721 0.0000000000
78439  45.283  4.920  46.543 0.0000000000
79104  35.324  5.812  61.987 0.0000000000
85089  50.930  14.064  60.931 0.0000000000
118563  51.541  13.322  60.999 0.0000000000
79231  45.208  5.809  49.803 0.0000000000
114285  45.250  7.147  49.226 0.0000000000
79993  47.551  6.253  49.214 0.0000000000
80751  51.357  8.605  48.075 0.0000000000
79244  52.003  6.941  47.862 0.0000000000
80013  50.538  7.411  46.877 0.0000000000
80674  40.945  8.052  61.329 0.0000000000
81405  42.287  8.699  61.229 0.0000000000
81416  42.303  8.662  59.347 0.0000000000
81419  43.139  8.877  57.990 0.0000000000
81425  41.786  8.168  57.824 0.0000000000
110241  37.360  5.561  59.290 0.0000000000
79923  38.404  6.500  59.683 0.0000000000
79135  38.195  5.583  58.236 0.0000000000
77498  40.539  4.348  53.885 0.0000000000
79943  39.560  6.071  55.626 0.0000000000
112293  40.382  6.172  54.253 0.0000000000
112881  41.365  7.391  54.064 0.0000000000
79194  41.702  5.686  52.490 0.0000000000
79208  42.720  5.637  51.499 0.0000000000
78377  42.667  4.266  52.445 0.0000000000
77512  45.939  3.659  52.968 0.0000000000
85149  44.889  12.904  57.292 0.0000000000
84257  44.437  12.578  59.483 0.0000000000
84306  43.596  12.500  57.756 0.0000000000
84307  42.084  12.519  57.711 0.0000000000
85170  41.978  13.710  56.000 0.0000000000
85920  40.934  14.633  55.158 0.0000000000
85193  42.276  14.474  54.414 0.0000000000
105710  43.011  12.046  50.665 0.0000000000
117967  41.288  11.807  51.327 0.0000000000
84390  41.073  12.288  49.561 0.0000000000
84413  38.261  12.187  47.754 0.0000000000
83629  39.641  12.536  47.740 0.0000000000
82829  45.550  10.676  62.744 0.0000000000
82822  46.205  10.893  63.035 0.0000000000
82834  46.484  10.720  61.529 0.0000000000
83544  47.941  11.470  55.980 0.0000000000
83531  48.658  11.703  57.534 0.0000000000
83550  49.528  12.206  55.846 0.0000000000
113344  51.236  12.886  56.817 0.0000000000
84340  50.515  12.791  54.328 0.0000000000
82224  45.531  9.489  49.215 0.0000000000
82915  45.939  10.364  51.068 0.0000000000
112958  46.804  10.468  48.610 0.0000000000
84417  48.651  12.990  47.047 0.0000000000
83616  48.357  12.494  48.280 0.0000000000
85243  48.273  13.173  48.447 0.0000000000
85228  49.005  13.219  50.331 0.0000000000
85245  47.198  13.311  48.587 0.0000000000
84397  46.380  13.040  49.054 0.0000000000
85258  45.720  13.392  47.073 0.0000000000
81517  43.141  9.015  46.934 0.0000000000
82957  42.688  10.962  46.534 0.0000000000
81505  41.957  8.764  48.130 0.0000000000
81496  41.126  9.040  49.038 0.0000000000
83489  49.041  11.829  64.166 0.0000000000
84358  37.883  12.128  53.917 0.0000000000
83570  38.235  11.750  53.179 0.0000000000
81395  41.534  7.704  64.443 0.0000000000
80653  41.054  7.247  63.915 0.0000000000
80660  40.457  7.295  62.736 0.0000000000
80675  40.258  7.831  60.898 0.0000000000
78325  38.376  4.362  57.142 0.0000000000
108057  47.065  13.513  59.069 0.0000000000
85166  46.080  13.471  56.656 0.0000000000
121068  45.027  13.665  55.622 0.0000000000
85930  43.546  14.311  54.318 0.0000000000
119092  44.638  13.917  54.048 0.0000000000
84363  44.373  12.671  52.203 0.0000000000
84388  43.875  12.251  50.413 0.0000000000
82146  45.098  9.947  58.628 0.0000000000
82851  45.845  10.335  59.204 0.0000000000
82865  45.834  10.246  57.259 0.0000000000
82883  46.488  10.521  55.483 0.0000000000
82898  47.119  10.954  53.984 0.0000000000
82249  49.938  10.270  46.120 0.0000000000
82945  48.387  11.458  47.217 0.0000000000
82250  49.011  10.483  45.846 0.0000000000
82962  47.938  11.611  45.859 0.0000000000
82963  46.736  11.407  45.743 0.0000000000
83643  45.233  12.224  45.746 0.0000000000
82253  44.654  9.351  46.358 0.0000000000
81516  43.676  8.499  46.541 0.0000000000
80016  43.275  6.649  47.192 0.0000000000
109966  42.927  2.852  47.492 0.0000000000
114411  36.480  6.643  63.477 0.0000000000
79891  37.741  6.519  62.622 0.0000000000
79904  36.129  6.061  62.058 0.0000000000
79118  36.258  5.550  60.505 0.0000000000
79137  36.899  5.028  59.124 0.0000000000
106754  49.857  14.040  60.940 0.0000000000
85875  50.283  14.329  58.714 0.0000000000
85900  50.409  14.479  56.560 0.0000000000
81463  43.469  8.434  51.244 0.0000000000
117057  44.426  9.448  52.073 0.0000000000
81473  44.283  8.465  49.984 0.0000000000
81484  45.160  8.764  48.899 0.0000000000
80764  47.363  8.255  47.805 0.0000000000
80004  49.323  7.092  48.667 0.0000000000
81493  49.460  8.730  47.555 0.0000000000
81502  50.315  10.183  46.722 0.0000000000
81510  50.564  10.023  45.946 0.0000000000
80020  48.745  7.034  46.499 0.0000000000
79256  47.404  6.072  46.774 0.0000000000
78431  46.615  4.684  47.618 0.0000000000
114209  44.004  10.398  63.901 0.0000000000
82831  43.988  10.118  62.324 0.0000000000
81396  42.267  8.607  63.083 0.0000000000
82127  43.454  9.648  62.050 0.0000000000
82132  44.218  9.905  60.634 0.0000000000
82155  43.733  9.293  58.490 0.0000000000
82164  43.948  9.077  56.766 0.0000000000
81434  43.059  8.588  55.090 0.0000000000
79901  38.377  6.833  61.270 0.0000000000
79913  39.068  7.036  60.040 0.0000000000
80686  40.485  7.549  58.993 0.0000000000
79145  38.919  5.857  57.068 0.0000000000
79935  40.014  6.837  57.002 0.0000000000
80690  40.505  7.355  57.513 0.0000000000
80697  41.356  7.831  56.129 0.0000000000
80705  41.743  7.923  54.688 0.0000000000
81457  42.833  8.373  52.829 0.0000000000
80725  42.765  7.065  51.171 0.0000000000
79221  43.767  5.725  50.587 0.0000000000
78407  45.081  4.673  50.810 0.0000000000
77514  43.968  3.522  52.780 0.0000000000
78374  45.747  3.898  52.198 0.0000000000
116626  34.964  6.873  63.887 0.0000000000
79867  34.110  6.862  63.916 0.0000000000
79883  30.968  6.455  63.681 0.0000000000
108370  43.901  12.439  61.155 0.0000000000
84259  42.389  11.916  59.454 0.0000000000
85932  39.878  14.422  55.047 0.0000000000
84341  39.915  13.316  54.312 0.0000000000
84368  39.905  12.044  53.001 0.0000000000
84354  42.312  12.796  53.415 0.0000000000
83577  40.775  11.927  51.998 0.0000000000
83602  38.857  11.995  50.415 0.0000000000
83499  49.184  11.694  61.669 0.0000000000
119388  47.353  10.987  59.468 0.0000000000
83511  48.933  11.693  59.656 0.0000000000
84242  50.741  12.379  60.656 0.0000000000
117578  51.828  13.237  58.079 0.0000000000
85178  51.859  13.914  56.169 0.0000000000
123381  50.818  14.470  53.918 0.0000000000
82907  45.865  10.244  52.086 0.0000000000
82906  46.538  10.650  52.399 0.0000000000
83576  47.820  11.379  52.520 0.0000000000
83610  47.944  11.706  48.806 0.0000000000
83587  48.220  11.630  50.965 0.0000000000
84362  49.624  12.415  52.074 0.0000000000
84361  50.513  13.220  52.041 0.0000000000
85945  50.065  14.211  51.884 0.0000000000
85936  48.652  14.310  53.046 0.0000000000
85223  46.813  13.289  51.328 0.0000000000
84398  44.742  12.651  49.252 0.0000000000
84410  42.791  13.092  48.263 0.0000000000
84428  43.958  13.120  45.905 0.0000000000
84430  42.683  12.830  46.531 0.0000000000
84419  40.897  12.982  47.257 0.0000000000
82938  40.220  11.229  48.065 0.0000000000
121509  40.810  3.189  48.702 0.0000000000
85907  38.297  14.379  55.940 0.0000000000
85172  39.365  14.046  56.617 0.0000000000
80644  38.103  6.870  64.742 0.0000000000
79863  38.406  6.559  63.988 0.0000000000
85901  49.119  14.411  56.243 0.0000000000
85902  48.072  14.332  55.967 0.0000000000
85914  47.815  14.388  55.178 0.0000000000
105219  47.072  14.202  54.093 0.0000000000
85937  48.041  14.399  53.891 0.0000000000
82179  44.583  9.382  54.657 0.0000000000
112988  44.223  9.358  53.348 0.0000000000
80022  47.016  6.623  46.416 0.0000000000
80773  46.580  7.273  46.341 0.0000000000
80023  45.988  6.443  46.414 0.0000000000
80774  45.520  7.034  46.243 0.0000000000
79258  45.612  5.683  46.343 0.0000000000
79259  44.883  5.552  46.047 0.0000000000
84219  50.973  12.727  63.972 0.0000000000
84225  51.182  12.875  62.869 0.0000000000
84232  51.388  13.012  61.803 0.0000000000
79230  46.110  5.629  49.742 0.0000000000
79994  46.591  6.225  49.251 0.0000000000
79229  47.031  5.566  49.710 0.0000000000
80002  52.564  7.346  48.645 0.0000000000
111525  51.462  6.033  48.251 0.0000000000
79245  51.014  6.575  47.579 0.0000000000
83592  37.352  11.639  51.043 0.0000000000
80682  40.936  8.109  60.370 0.0000000000
81410  41.620  8.373  60.800 0.0000000000
81417  41.589  8.396  59.845 0.0000000000
81420  42.406  8.548  58.392 0.0000000000
81421  41.582  8.201  58.846 0.0000000000
79136  37.545  5.322  58.713 0.0000000000
79931  37.927  5.921  59.046 0.0000000000
79170  40.207  5.159  54.092 0.0000000000
78356  40.914  4.878  53.386 0.0000000000
79179  41.182  5.747  53.081 0.0000000000
78378  41.560  4.973  52.797 0.0000000000
115201  42.149  4.944  52.324 0.0000000000
117954  42.068  4.408  52.713 0.0000000000
85167  44.589  13.166  56.560 0.0000000000
85150  44.103  12.768  57.115 0.0000000000
85168  43.807  13.268  56.360 0.0000000000
85151  43.243  12.821  56.963 0.0000000000
85169  42.908  13.455  56.183 0.0000000000
85184  42.592  14.201  55.472 0.0000000000
126960  43.011  14.422  55.079 0.0000000000
84389  42.138  12.042  49.812 0.0000000000
83599  41.501  11.851  50.407 0.0000000000
112041  40.622  12.868  48.662 0.0000000000
108124  40.899  13.219  48.081 0.0000000000
106928  45.188  10.439  61.982 0.0000000000
109849  45.922  10.676  62.043 0.0000000000
107441  45.595  10.438  61.257 0.0000000000
83552  47.899  11.491  55.142 0.0000000000
83543  48.679  11.785  56.399 0.0000000000
83551  48.690  11.850  55.471 0.0000000000
83558  49.560  12.269  54.896 0.0000000000
83566  49.633  12.336  53.838 0.0000000000
82234  46.323  9.806  48.385 0.0000000000
82936  47.341  10.573  47.852 0.0000000000
84424  48.139  13.011  46.365 0.0000000000
85255  48.292  13.211  47.588 0.0000000000
85256  47.726  13.449  47.380 0.0000000000
85244  47.849  13.389  48.137 0.0000000000
115929  47.191  13.471  47.851 0.0000000000
85246  46.201  13.255  48.022 0.0000000000
85268  46.469  13.444  46.412 0.0000000000
80765  42.705  8.185  47.405 0.0000000000
81504  42.569  9.155  47.499 0.0000000000
80766  42.090  7.637  48.055 0.0000000000
80756  41.439  7.904  48.750 0.0000000000
84343  38.311  12.772  54.533 0.0000000000
84357  38.705  12.283  53.835 0.0000000000
118761  40.897  7.091  65.416 0.0000000000
109351  40.273  6.774  65.083 0.0000000000
79875  39.416  6.695  63.184 0.0000000000
80655  40.016  6.900  63.139 0.0000000000
80666  40.301  7.660  61.873 0.0000000000
80667  39.602  7.468  61.414 0.0000000000
85102  47.896  13.684  59.529 0.0000000000
85091  47.278  13.566  59.954 0.0000000000
85165  46.870  13.764  56.517 0.0000000000
85147  46.661  13.470  57.372 0.0000000000
85181  45.555  13.593  56.011 0.0000000000
85916  45.615  13.870  55.269 0.0000000000
85917  44.532  14.034  55.145 0.0000000000
85928  45.240  13.923  54.474 0.0000000000
85203  46.175  13.524  52.966 0.0000000000
85204  45.114  13.076  52.857 0.0000000000
84377  44.585  12.457  51.129 0.0000000000
82153  45.158  9.866  57.692 0.0000000000
82861  45.788  10.336  58.161 0.0000000000
82158  45.242  9.773  56.798 0.0000000000
82884  45.974  10.199  55.013 0.0000000000
82892  46.495  10.540  54.576 0.0000000000
82891  47.182  10.989  54.860 0.0000000000
122071  48.793  11.038  46.269 0.0000000000
120851  49.190  9.895  45.759 0.0000000000
81513  46.834  8.984  46.071 0.0000000000
82251  47.734  10.033  45.874 0.0000000000
82953  47.322  10.730  45.816 0.0000000000
82954  45.991  10.544  45.966 0.0000000000
82964  45.527  11.396  45.819 0.0000000000
118944  45.417  9.763  46.208 0.0000000000
80775  44.376  7.258  46.241 0.0000000000
81515  44.232  8.068  46.345 0.0000000000
80025  43.852  6.929  46.530 0.0000000000
80015  43.320  7.471  47.048 0.0000000000
79261  43.317  5.290  46.788 0.0000000000
77568  43.934  4.033  46.900 0.0000000000
77569  43.303  4.016  46.918 0.0000000000
110583  36.333  6.356  62.779 0.0000000000
122490  35.664  6.179  62.543 0.0000000000
79103  35.788  5.676  61.323 0.0000000000
79129  35.766  5.057  60.157 0.0000000000
79128  36.280  5.071  59.730 0.0000000000
85099  51.549  13.969  59.829 0.0000000000
85100  50.831  14.268  59.607 0.0000000000
85874  51.384  14.248  58.963 0.0000000000
85886  50.342  14.416  57.558 0.0000000000
85885  51.417  14.359  57.274 0.0000000000
80736  43.307  7.631  50.805 0.0000000000
81474  43.713  8.212  50.517 0.0000000000
80007  46.086  6.879  48.782 0.0000000000
80744  45.083  7.984  48.843 0.0000000000
80755  46.541  7.640  48.353 0.0000000000
118472  46.589  8.462  48.009 0.0000000000
79992  48.588  6.339  49.257 0.0000000000
79991  49.817  6.514  49.457 0.0000000000
81490  51.799  8.920  47.625 0.0000000000
80752  50.075  8.180  48.182 0.0000000000
81492  50.816  9.359  47.431 0.0000000000
81501  51.220  10.010  46.720 0.0000000000
82242  50.864  10.183  46.315 0.0000000000
82241  51.130  10.084  46.445 0.0000000000
80014  49.184  6.519  46.992 0.0000000000
80019  49.681  7.763  46.341 0.0000000000
79255  48.230  6.269  46.898 0.0000000000
109314  47.782  5.567  47.331 0.0000000000
82114  43.037  9.796  65.166 0.0000000000
82817  43.846  10.388  64.785 0.0000000000
82825  44.052  10.297  63.077 0.0000000000
81397  41.602  7.953  63.546 0.0000000000
81394  42.134  8.633  64.149 0.0000000000
82140  42.918  9.172  60.753 0.0000000000
82134  42.852  9.239  61.652 0.0000000000
82133  43.610  9.650  61.206 0.0000000000
82139  43.577  9.536  60.287 0.0000000000
82138  44.257  9.752  59.869 0.0000000000
82148  43.638  9.406  59.409 0.0000000000
81424  42.565  8.489  57.468 0.0000000000
81423  43.302  8.754  57.130 0.0000000000
81428  43.392  8.757  56.325 0.0000000000
119360  43.441  8.755  55.644 0.0000000000
118858  42.871  8.519  55.832 0.0000000000
79890  38.374  6.692  62.199 0.0000000000
79930  38.612  6.284  58.700 0.0000000000
79922  39.162  6.807  59.159 0.0000000000
80684  39.724  7.332  59.535 0.0000000000
80687  39.797  7.145  58.679 0.0000000000
78333  38.742  4.423  56.414 0.0000000000
79154  38.568  5.136  56.955 0.0000000000
79153  39.115  5.378  56.218 0.0000000000
79942  40.220  6.511  55.157 0.0000000000
79940  39.429  6.288  56.532 0.0000000000
79939  39.976  6.809  56.035 0.0000000000
80694  40.590  7.351  56.566 0.0000000000
80693  41.231  7.736  57.191 0.0000000000
80714  41.610  7.214  53.214 0.0000000000
80713  41.947  7.920  53.780 0.0000000000
81445  42.455  8.376  54.440 0.0000000000
110610  42.269  7.789  52.854 0.0000000000
125866  42.657  8.056  52.234 0.0000000000
80726  42.411  7.399  51.944 0.0000000000
79207  43.344  5.257  51.188 0.0000000000
79972  43.002  6.135  51.063 0.0000000000
78394  44.148  4.875  50.865 0.0000000000
79220  44.691  5.419  50.395 0.0000000000
77495  44.628  3.326  53.266 0.0000000000
123366  46.429  3.971  52.531 0.0000000000
80647  35.267  7.376  64.503 0.0000000000
80649  32.876  7.370  64.803 0.0000000000
79868  33.247  6.874  64.042 0.0000000000
79880  33.604  6.508  63.329 0.0000000000
79881  32.700  6.522  63.412 0.0000000000
84281  43.840  12.403  58.674 0.0000000000
84244  44.154  12.451  60.373 0.0000000000
84245  43.303  12.128  60.796 0.0000000000
84236  43.173  12.376  61.752 0.0000000000
84246  42.493  11.925  60.449 0.0000000000
84308  41.466  12.753  57.414 0.0000000000
85171  40.322  13.784  56.449 0.0000000000
126483  39.715  14.341  56.024 0.0000000000
85905  40.318  14.321  55.637 0.0000000000
85195  40.709  13.793  54.329 0.0000000000
85931  40.710  14.569  54.830 0.0000000000
84356  39.551  12.491  53.755 0.0000000000
85208  40.536  12.736  53.680 0.0000000000
85205  43.678  13.383  53.629 0.0000000000
115122  42.948  13.396  53.637 0.0000000000
84366  41.356  12.156  52.414 0.0000000000
83589  40.369  11.701  51.238 0.0000000000
83590  39.546  11.709  51.319 0.0000000000
83603  38.135  12.279  49.459 0.0000000000
84392  38.968  12.441  49.317 0.0000000000
82939  38.452  11.888  47.698 0.0000000000
118196  46.032  11.192  64.225 0.0000000000
82827  47.318  11.108  61.950 0.0000000000
82828  46.941  11.015  62.808 0.0000000000
83496  48.040  11.374  62.738 0.0000000000
105719  48.336  11.465  62.065 0.0000000000
82860  46.520  10.656  58.521 0.0000000000
82850  46.712  10.694  59.345 0.0000000000
82859  47.234  10.987  58.781 0.0000000000
119313  49.406  11.923  58.248 0.0000000000
83521  48.707  11.646  58.637 0.0000000000
83520  49.719  11.945  59.017 0.0000000000
119314  49.714  11.910  60.393 0.0000000000
83510  50.212  12.144  59.855 0.0000000000
84255  50.843  12.409  59.279 0.0000000000
84302  51.019  12.632  57.714 0.0000000000
84330  51.209  13.451  54.757 0.0000000000
84319  51.782  13.548  56.778 0.0000000000
85179  51.603  13.920  55.207 0.0000000000
85910  51.592  14.159  55.645 0.0000000000
85924  51.339  14.199  54.030 0.0000000000
110379  44.659  9.480  51.338 0.0000000000
82206  45.078  9.755  52.096 0.0000000000
119037  45.381  9.903  51.488 0.0000000000
123400  46.723  10.740  51.011 0.0000000000
82914  46.601  10.644  51.703 0.0000000000
82913  47.175  10.981  52.159 0.0000000000
119386  47.826  11.337  51.798 0.0000000000
82935  47.524  11.137  48.266 0.0000000000
83617  48.239  11.901  47.775 0.0000000000
83609  48.415  12.500  49.281 0.0000000000
83597  48.756  12.465  50.244 0.0000000000
83586  48.622  11.769  51.847 0.0000000000
84375  49.235  12.441  51.096 0.0000000000
84374  50.010  13.188  51.320 0.0000000000
85220  50.058  13.783  51.469 0.0000000000
123668  49.534  13.920  51.552 0.0000000000
108712  49.666  14.368  52.601 0.0000000000
85222  48.599  13.727  51.493 0.0000000000
108350  47.473  13.579  51.860 0.0000000000
120785  47.820  13.424  51.095 0.0000000000
84408  45.312  12.943  48.665 0.0000000000
84386  45.663  12.742  49.757 0.0000000000
112850  43.977  12.400  49.429 0.0000000000
84409  44.035  12.879  48.387 0.0000000000
82965  44.514  11.764  45.721 0.0000000000
84436  44.550  12.720  45.746 0.0000000000
84437  43.683  12.333  45.733 0.0000000000
82946  42.033  10.831  47.232 0.0000000000
83636  42.496  12.050  46.394 0.0000000000
83637  41.777  12.607  46.855 0.0000000000
84418  41.893  13.121  47.105 0.0000000000
83627  41.062  12.352  47.132 0.0000000000
82948  40.568  11.876  47.453 0.0000000000
82937  41.285  10.781  47.946 0.0000000000
80746  40.586  7.999  49.509 0.0000000000
125165  40.578  9.522  49.250 0.0000000000
78426  41.418  4.156  48.075 0.0000000000
77553  41.310  3.399  48.303 0.0000000000
85187  37.511  13.910  55.834 0.0000000000
113773  38.263  14.034  55.529 0.0000000000
85186  39.024  14.314  55.411 0.0000000000
113270  39.731  6.577  64.433 0.0000000000
80643  38.949  6.609  64.603 0.0000000000
79862  39.200  6.509  63.869 0.0000000000
122218  39.020  6.776  62.591 0.0000000000
85146  48.417  13.969  57.813 0.0000000000
113544  47.544  14.090  56.431 0.0000000000
85915  46.441  14.025  55.282 0.0000000000
85927  46.238  14.034  54.670 0.0000000000
82163  44.591  9.401  56.361 0.0000000000
82162  45.269  9.721  55.937 0.0000000000
82169  45.324  9.748  55.043 0.0000000000
82188  45.601  10.128  53.583 0.0000000000
111760  48.491  8.806  45.920 0.0000000000
111945  47.297  8.279  46.103 0.0000000000
81514  45.550  8.832  46.382 0.0000000000
80781  44.873  6.885  45.996 0.0000000000
80024  44.459  6.347  46.097 0.0000000000
79260  44.149  5.486  46.449 0.0000000000
116864  44.513  4.879  46.498 0.0000000000
78433  44.743  4.231  46.978 0.0000000000
79893  34.913  6.122  62.608 0.0000000000
79089  34.411  5.594  61.947 0.0000000000
85079  50.446  13.876  61.607 0.0000000000
85078  51.226  13.518  61.557 0.0000000000
85088  51.506  13.803  60.673 0.0000000000
84253  51.717  13.450  60.051 0.0000000000
79981  44.288  6.333  49.985 0.0000000000
79996  44.477  6.988  49.535 0.0000000000
79995  45.699  6.325  49.371 0.0000000000
80006  47.022  6.777  48.574 0.0000000000
80003  50.660  7.569  48.796 0.0000000000
80742  52.475  7.516  48.735 0.0000000000
80750  52.275  8.183  48.142 0.0000000000
80761  51.900  8.606  47.468 0.0000000000
80762  51.467  8.819  46.710 0.0000000000
80012  51.650  7.704  47.377 0.0000000000
79246  49.860  6.137  47.503 0.0000000000
118919  42.694  9.402  64.407 0.0000000000
81406  41.585  8.354  61.734 0.0000000000
81409  42.277  8.735  60.297 0.0000000000
82156  43.049  8.934  58.912 0.0000000000
81430  41.966  8.194  56.873 0.0000000000
79924  37.609  6.020  59.829 0.0000000000
79915  37.917  6.511  60.569 0.0000000000
78340  39.545  4.447  55.029 0.0000000000
79163  39.502  5.187  55.346 0.0000000000
79171  39.749  4.948  54.702 0.0000000000
79162  39.896  5.696  54.837 0.0000000000
80706  40.829  7.051  54.612 0.0000000000
79956  41.004  6.585  53.619 0.0000000000
79964  41.512  6.452  52.817 0.0000000000
79963  41.902  6.264  52.241 0.0000000000
78395  42.816  4.818  51.760 0.0000000000
77494  45.347  3.393  53.488 0.0000000000
78354  46.812  3.901  53.246 0.0000000000
84304  45.095  12.810  57.976 0.0000000000
84280  44.782  12.712  58.655 0.0000000000
121213  43.138  12.305  58.289 0.0000000000
122641  43.050  12.079  58.906 0.0000000000
119385  42.780  12.521  57.672 0.0000000000
85152  42.251  12.915  56.890 0.0000000000
85904  41.085  14.048  55.804 0.0000000000
85185  41.737  14.481  55.287 0.0000000000
105982  41.580  14.680  54.866 0.0000000000
85194  41.517  14.290  54.395 0.0000000000
84379  42.850  12.242  51.742 0.0000000000
84365  42.676  12.307  52.810 0.0000000000
83588  42.178  11.809  50.968 0.0000000000
83600  40.672  11.924  50.348 0.0000000000
84391  39.963  12.543  49.178 0.0000000000
84412  39.007  12.485  47.975 0.0000000000
119748  38.905  12.210  47.770 0.0000000000
83483  45.331  10.888  64.101 0.0000000000
82823  45.753  10.899  63.517 0.0000000000
119289  46.229  10.821  62.564 0.0000000000
122130  46.566  10.854  62.181 0.0000000000
82840  47.152  10.889  61.048 0.0000000000
82872  47.366  11.126  56.377 0.0000000000
119387  47.694  11.279  57.532 0.0000000000
83532  47.878  11.390  56.819 0.0000000000
83542  49.553  12.127  56.766 0.0000000000
84303  50.410  12.426  57.015 0.0000000000
84321  50.447  12.555  56.246 0.0000000000
84331  50.491  12.686  55.303 0.0000000000
84339  51.115  13.508  53.800 0.0000000000
82922  45.772  9.975  50.129 0.0000000000
82929  46.238  10.203  49.290 0.0000000000
82928  47.177  10.891  49.395 0.0000000000
83632  48.590  12.435  46.619 0.0000000000
83624  48.631  12.567  47.254 0.0000000000
84407  48.490  12.959  47.847 0.0000000000
84396  48.479  12.971  48.803 0.0000000000
84384  48.805  13.018  49.775 0.0000000000
85236  48.472  13.137  49.395 0.0000000000
118855  48.311  13.305  49.842 0.0000000000
121114  47.861  13.342  49.636 0.0000000000
85230  47.507  13.284  50.251 0.0000000000
85238  47.314  13.233  49.412 0.0000000000
85247  44.967  13.280  47.756 0.0000000000
82255  43.256  9.930  46.579 0.0000000000
83635  43.111  11.606  45.962 0.0000000000
82245  42.739  9.991  47.166 0.0000000000
82246  42.125  9.899  47.821 0.0000000000
82236  41.504  9.730  48.415 0.0000000000
117671  49.915  12.135  63.675 0.0000000000
84344  37.508  12.473  54.683 0.0000000000
83578  38.527  11.628  52.351 0.0000000000
80642  40.442  6.774  64.237 0.0000000000
80654  40.509  6.996  63.487 0.0000000000
80659  41.099  7.462  63.079 0.0000000000
80665  40.996  7.835  62.248 0.0000000000
80683  40.314  7.763  59.940 0.0000000000
79146  38.183  4.982  57.604 0.0000000000
77463  39.036  3.508  56.005 0.0000000000
77472  39.577  3.546  55.185 0.0000000000
77485  39.983  4.168  54.449 0.0000000000
77484  40.729  3.613  54.149 0.0000000000
77497  41.161  3.950  53.613 0.0000000000
77516  42.438  3.755  53.058 0.0000000000
85103  46.577  13.369  59.696 0.0000000000
85130  46.143  13.189  59.143 0.0000000000
114276  47.347  13.577  58.074 0.0000000000
85129  46.423  13.275  58.294 0.0000000000
84279  45.595  12.970  58.505 0.0000000000
85148  45.732  13.128  57.545 0.0000000000
126021  44.982  13.424  56.123 0.0000000000
85182  44.421  13.575  55.870 0.0000000000
85918  43.634  14.344  54.846 0.0000000000
85940  43.932  14.034  53.971 0.0000000000
117499  44.508  13.444  53.600 0.0000000000
85939  45.325  13.626  53.662 0.0000000000
84352  44.088  12.775  53.183 0.0000000000
84378  43.706  12.351  51.465 0.0000000000
108404  43.132  12.220  49.640 0.0000000000
82852  44.979  9.989  59.552 0.0000000000
82842  45.524  10.290  60.257 0.0000000000
82864  46.452  10.634  57.653 0.0000000000
82874  45.983  10.205  56.326 0.0000000000
123973  46.412  10.565  56.923 0.0000000000
82873  46.752  10.733  56.314 0.0000000000
82882  47.257  11.059  55.692 0.0000000000
83560  47.856  11.454  54.274 0.0000000000
118758  49.247  10.472  46.485 0.0000000000
82243  48.402  10.823  46.953 0.0000000000
82952  48.516  11.050  45.943 0.0000000000
111347  48.522  11.768  46.314 0.0000000000
83633  48.158  12.317  46.078 0.0000000000
83641  47.278  12.248  45.729 0.0000000000
84434  46.689  12.981  45.737 0.0000000000
124128  46.274  13.269  45.992 0.0000000000
83642  46.160  12.187  45.736 0.0000000000
82955  44.610  10.532  46.028 0.0000000000
121359  44.640  8.529  46.402 0.0000000000
113497  44.068  8.873  46.379 0.0000000000
82254  43.885  9.739  46.302 0.0000000000
80777  43.335  8.180  46.859 0.0000000000
80017  42.561  6.266  47.711 0.0000000000
78435  42.130  4.332  47.501 0.0000000000
78434  42.888  4.501  46.953 0.0000000000
77562  42.694  3.618  47.329 0.0000000000
76693  42.353  2.866  47.738 0.0000000000
79865  36.762  6.947  64.117 0.0000000000
79876  37.802  6.570  63.425 0.0000000000
79877  37.105  6.494  63.030 0.0000000000
79892  36.938  6.307  62.252 0.0000000000
79903  36.639  6.037  61.390 0.0000000000
79916  37.148  6.038  60.614 0.0000000000
79127  36.905  5.551  59.824 0.0000000000
126955  37.284  4.792  58.578 0.0000000000
85090  48.498  13.766  60.416 0.0000000000
85101  48.841  13.893  59.483 0.0000000000
105857  50.018  14.156  60.172 0.0000000000
85127  49.104  14.075  58.687 0.0000000000
85876  49.567  14.265  58.015 0.0000000000
85887  49.302  14.341  57.182 0.0000000000
85912  50.067  14.572  55.518 0.0000000000
81456  43.250  8.621  52.190 0.0000000000
82199  43.942  9.208  52.546 0.0000000000
82207  43.898  9.097  51.682 0.0000000000
81462  44.069  8.885  50.849 0.0000000000
82215  44.715  9.199  50.437 0.0000000000
80745  44.563  7.737  49.439 0.0000000000
81485  44.759  8.390  49.324 0.0000000000
82225  44.881  8.984  49.621 0.0000000000
82235  45.711  9.122  48.512 0.0000000000
81494  46.313  9.107  47.951 0.0000000000
81503  47.276  9.109  47.656 0.0000000000
79228  47.975  5.612  49.757 0.0000000000
80005  48.133  6.985  48.502 0.0000000000
117540  48.986  7.764  48.236 0.0000000000
80753  48.265  8.001  47.891 0.0000000000
80763  48.571  9.292  47.292 0.0000000000
114672  48.175  9.957  47.189 0.0000000000
80770  50.658  8.663  46.306 0.0000000000
109729  50.196  9.201  45.919 0.0000000000
80771  48.925  8.131  46.071 0.0000000000
80021  47.990  6.885  46.413 0.0000000000
79249  46.099  5.155  46.960 0.0000000000
79248  46.973  5.366  47.193 0.0000000000
82816  44.651  10.702  64.410 0.0000000000
82824  44.857  10.626  63.473 0.0000000000
82830  44.687  10.421  62.575 0.0000000000
125429  44.881  10.279  61.445 0.0000000000
107638  41.952  8.129  65.058 0.0000000000
82125  42.832  9.415  63.518 0.0000000000
81400  42.234  8.731  62.140 0.0000000000
82128  42.834  9.258  62.541 0.0000000000
82124  43.437  9.789  62.820 0.0000000000
82835  44.318  10.076  61.287 0.0000000000
122517  44.766  10.026  60.250 0.0000000000
82147  44.359  9.657  59.010 0.0000000000
82154  44.438  9.583  58.096 0.0000000000
82160  43.830  9.196  57.606 0.0000000000
82171  43.966  9.058  55.941 0.0000000000
82180  43.885  8.910  55.033 0.0000000000
81444  43.233  8.732  54.259 0.0000000000
79889  38.992  7.026  61.825 0.0000000000
79914  38.548  6.828  60.502 0.0000000000
79900  38.981  7.214  60.922 0.0000000000
80676  39.627  7.498  60.454 0.0000000000
123829  38.536  5.526  57.550 0.0000000000
79936  39.388  6.461  57.441 0.0000000000
80691  39.888  6.990  57.867 0.0000000000
124823  40.334  7.355  58.250 0.0000000000
80689  41.026  7.687  58.217 0.0000000000
81436  42.163  8.267  56.032 0.0000000000
107165  41.275  7.607  55.192 0.0000000000
80696  41.759  8.032  55.464 0.0000000000
81435  42.331  8.321  55.262 0.0000000000
81449  43.436  8.856  53.278 0.0000000000
81464  42.883  7.900  51.540 0.0000000000
79982  43.445  6.716  50.552 0.0000000000
117769  42.375  6.460  51.721 0.0000000000
79219  45.627  5.184  50.339 0.0000000000
79218  46.560  5.109  50.372 0.0000000000
77515  43.143  3.742  52.726 0.0000000000
78376  43.424  4.092  52.184 0.0000000000
117911  44.285  3.933  52.037 0.0000000000
77513  44.996  3.631  52.647 0.0000000000
120838  45.038  3.929  51.912 0.0000000000
78375  44.619  4.335  51.413 0.0000000000
78393  45.516  4.258  51.497 0.0000000000
78406  46.046  4.618  50.927 0.0000000000
80645  37.154  7.285  64.814 0.0000000000
79866  35.878  6.911  63.998 0.0000000000
120472  34.526  7.223  64.379 0.0000000000
79879  34.519  6.498  63.273 0.0000000000
79894  33.993  6.080  62.664 0.0000000000
79882  31.809  6.506  63.530 0.0000000000
79896  32.163  6.047  62.853 0.0000000000
84247  41.456  12.134  60.180 0.0000000000
84282  42.364  12.211  58.462 0.0000000000
84260  41.518  12.147  59.067 0.0000000000
84261  40.659  12.431  59.527 0.0000000000
85906  39.697  14.391  55.515 0.0000000000
85196  39.430  13.946  54.792 0.0000000000
85921  40.294  14.508  55.180 0.0000000000
108430  40.117  14.122  54.694 0.0000000000
84342  39.105  13.038  54.404 0.0000000000
83569  39.066  11.887  53.105 0.0000000000
116003  42.972  14.482  54.579 0.0000000000
85206  42.273  13.955  53.880 0.0000000000
119067  41.972  12.285  52.896 0.0000000000
84355  41.398  12.518  53.238 0.0000000000
84367  40.695  12.166  52.795 0.0000000000
110695  40.124  11.772  52.129 0.0000000000
123153  39.341  11.682  52.257 0.0000000000
123304  38.747  11.708  51.439 0.0000000000
83591  38.071  11.847  50.595 0.0000000000
84403  38.338  12.451  48.390 0.0000000000
117532  46.582  11.136  63.578 0.0000000000
107727  48.792  11.630  63.361 0.0000000000
83495  49.396  11.790  62.686 0.0000000000
83498  50.588  12.368  62.140 0.0000000000
108295  46.294  10.528  59.934 0.0000000000
82849  47.070  10.800  60.153 0.0000000000
119123  47.724  11.179  60.630 0.0000000000
83512  47.964  11.303  59.120 0.0000000000
83505  47.913  11.262  59.947 0.0000000000
83504  48.749  11.560  60.671 0.0000000000
83503  50.033  12.106  61.158 0.0000000000
84233  51.105  12.608  61.378 0.0000000000
84254  51.393  12.711  60.110 0.0000000000
126044  51.694  12.927  59.469 0.0000000000
85125  52.095  13.917  58.234 0.0000000000
121554  51.705  13.147  57.360 0.0000000000
84301  52.027  13.691  57.463 0.0000000000
85884  51.948  14.120  57.462 0.0000000000
85899  51.382  14.354  56.367 0.0000000000
120276  50.998  14.460  55.767 0.0000000000
85925  49.818  14.624  54.436 0.0000000000
82198  44.631  9.616  52.724 0.0000000000
82197  45.337  10.043  52.817 0.0000000000
114872  46.088  10.463  52.950 0.0000000000
82905  46.944  10.980  53.035 0.0000000000
83568  47.806  11.422  53.388 0.0000000000
83567  48.621  11.861  53.660 0.0000000000
83598  48.056  11.634  49.876 0.0000000000
83575  48.647  11.805  52.760 0.0000000000
84351  49.347  12.193  53.040 0.0000000000
112889  50.577  12.912  53.493 0.0000000000
84350  50.825  13.560  52.829 0.0000000000
85227  49.559  13.350  51.069 0.0000000000
85211  50.668  14.046  51.924 0.0000000000
85210  50.939  14.026  52.533 0.0000000000
85934  50.927  14.196  53.232 0.0000000000
125649  49.309  14.452  53.184 0.0000000000
108095  49.016  14.525  53.740 0.0000000000
85213  47.955  13.898  52.523 0.0000000000
118972  47.048  13.647  52.575 0.0000000000
85224  45.978  12.943  51.300 0.0000000000
85231  46.346  12.951  50.545 0.0000000000
84376  45.441  12.657  50.774 0.0000000000
84387  44.726  12.469  50.131 0.0000000000
124402  43.261  12.606  48.879 0.0000000000
84399  42.401  12.671  48.856 0.0000000000
84426  45.365  13.352  46.317 0.0000000000
85269  44.306  13.369  46.391 0.0000000000
85260  43.778  13.340  47.003 0.0000000000
113882  43.013  12.376  46.060 0.0000000000
85270  43.464  13.234  46.438 0.0000000000
85261  42.858  13.320  47.011 0.0000000000
85249  42.270  13.316  47.643 0.0000000000
84411  41.797  13.216  48.194 0.0000000000
85251  40.602  13.149  47.650 0.0000000000
83618  39.521  12.095  47.606 0.0000000000
107234  39.256  11.539  47.955 0.0000000000
82237  40.721  10.132  48.780 0.0000000000
82226  40.099  9.892  49.368 0.0000000000
78432  45.695  4.375  47.437 0.0000000000
108608  45.005  3.557  47.751 0.0000000000
76694  41.754  2.857  48.096 0.0000000000
77554  40.798  3.879  48.643 0.0000000000
77560  44.287  3.631  47.334 0.0000000000
79193  42.239  5.627  51.964 0.0000000000
79937  38.806  6.073  57.875 0.0000000000
79957  40.630  5.759  53.607 0.0000000000
80011  52.399  7.670  47.983 0.0000000000
80641  40.998  7.051  64.738 0.0000000000
80743  52.021  7.924  48.617 0.0000000000
80776  43.794  7.728  46.502 0.0000000000
81450  42.652  8.407  53.572 0.0000000000
81486  40.323  9.098  49.592 0.0000000000
81491  51.601  9.264  47.367 0.0000000000
81495  45.808  8.370  48.441 0.0000000000
81509  51.035  9.807  46.252 0.0000000000
82120  43.292  9.938  64.208 0.0000000000
82178  45.142  9.737  54.184 0.0000000000
82214  45.275  9.759  50.772 0.0000000000
82836  43.966  9.963  61.740 0.0000000000
82841  46.348  10.589  60.697 0.0000000000
82893  45.805  10.140  54.368 0.0000000000
82921  46.532  10.497  50.262 0.0000000000
83522  47.864  11.315  58.259 0.0000000000
83604  37.334  11.825  49.629 0.0000000000
83626  41.885  11.772  46.845 0.0000000000
83628  40.253  12.574  47.421 0.0000000000
83634  43.804  11.355  45.801 0.0000000000
84241  51.583  12.960  60.916 0.0000000000
84276  51.880  13.409  58.969 0.0000000000
84277  51.425  12.732  58.683 0.0000000000
84278  50.354  12.261  58.432 0.0000000000
84305  44.397  12.590  57.895 0.0000000000
84320  51.357  13.328  55.864 0.0000000000
84364  43.488  12.483  52.565 0.0000000000
84373  50.841  13.841  52.090 0.0000000000
84380  42.033  12.208  52.018 0.0000000000
84385  46.646  13.018  49.816 0.0000000000
84401  39.954  12.950  48.017 0.0000000000
84402  39.182  12.642  48.476 0.0000000000
84404  37.683  12.098  47.951 0.0000000000
84420  40.256  12.886  47.567 0.0000000000
84425  47.131  13.330  45.954 0.0000000000
84427  44.703  13.193  45.994 0.0000000000
84429  43.339  12.859  46.068 0.0000000000
84435  45.549  12.932  45.881 0.0000000000
85092  46.576  13.396  60.383 0.0000000000
85098  51.905  13.973  59.074 0.0000000000
85126  49.783  14.193  59.340 0.0000000000
85163  52.012  13.965  56.893 0.0000000000
85191  51.471  14.120  54.761 0.0000000000
85201  51.196  13.994  53.419 0.0000000000
85212  49.122  14.147  52.108 0.0000000000
85214  46.684  13.430  52.180 0.0000000000
85216  45.266  12.787  51.743 0.0000000000
85221  49.321  13.549  51.082 0.0000000000
85237  48.010  13.361  49.065 0.0000000000
85250  41.306  13.298  47.605 0.0000000000
85257  46.800  13.502  47.195 0.0000000000
85259  44.679  13.414  46.975 0.0000000000
85266  48.262  13.301  46.972 0.0000000000
85898  51.819  14.113  56.638 0.0000000000
85903  47.115  14.147  55.734 0.0000000000
85911  51.039  14.426  54.818 0.0000000000
85919  42.344  14.636  54.971 0.0000000000
85926  48.486  14.515  54.524 0.0000000000
85929  44.219  14.124  54.455 0.0000000000
85935  50.061  14.478  53.338 0.0000000000
85941  43.077  14.218  53.936 0.0000000000
85944  50.542  14.247  52.458 0.0000000000
108985  43.595  9.200  46.541 0.0000000000
109180  51.164  14.134  60.326 0.0000000000
111481  41.852  3.619  53.498 0.0000000000
112763  44.503  10.211  61.879 0.0000000000
114223  51.025  14.446  58.161 0.0000000000
115172  43.283  13.281  47.652 0.0000000000
115970  52.029  8.731  47.936 0.0000000000
117420  50.217  12.683  52.835 0.0000000000
118522  47.084  10.967  57.082 0.0000000000
120597  45.311  13.257  56.694 0.0000000000
120943  47.307  11.061  51.386 0.0000000000
122331  50.501  13.677  51.734 0.0000000000
122390  47.717  14.146  53.377 0.0000000000
122989  47.528  12.866  45.875 0.0000000000
123009  37.163  6.685  63.636 0.0000000000
123211  45.682  7.558  48.595 0.0000000000
123383  50.277  14.374  58.118 0.0000000000
123660  44.562  9.469  53.958 0.0000000000
124499  44.211  4.460  46.743 0.0000000000
124762  41.057  7.782  58.884 0.0000000000
124911  47.636  14.374  54.530 0.0000000000
125643  51.104  12.801  63.437 0.0000000000
126147  41.304  7.495  54.642 0.0000000000
126256  44.965  6.481  49.554 0.0000000000
