#!ascii label  , from subject sub-v1s7x0051322_ses-1 vox2ras=TkReg
1872
26132  35.946  -54.561  22.499 0.6000000238
109895  35.398  -55.147  24.722 0.5000000000
27959  37.123  -52.782  21.365 0.6999999881
27083  37.425  -53.304  20.681 0.6000000238
27097  37.738  -52.790  20.105 0.6000000238
27057  36.275  -53.657  22.661 0.6999999881
26148  36.483  -54.125  21.846 0.6000000238
27071  37.003  -53.722  21.265 0.5000000000
26158  37.536  -54.317  20.702 0.5000000000
27082  37.988  -53.855  20.131 0.6000000238
27096  38.404  -53.208  19.449 0.6000000238
26118  35.716  -54.085  23.423 0.5000000000
26133  35.428  -55.029  23.137 0.5000000000
107188  36.396  -55.128  21.761 0.6000000238
27109  38.913  -53.040  18.664 0.6000000238
23313  35.913  -57.043  25.333 0.5000000000
123517  36.299  -56.413  25.846 0.5000000000
29691  37.766  -50.611  20.508 0.6000000238
29699  38.005  -50.365  19.597 0.6999999881
27946  36.649  -52.802  22.840 0.6000000238
27945  37.130  -52.204  22.218 0.6999999881
28810  37.549  -51.430  20.880 0.6000000238
28820  37.677  -51.241  19.979 0.6000000238
27981  37.932  -52.090  19.632 0.6000000238
27041  36.268  -53.266  23.435 0.6000000238
27072  36.711  -53.181  21.998 0.6999999881
27994  38.458  -52.191  18.951 0.6000000238
27013  35.844  -53.665  24.841 0.5000000000
109737  36.442  -52.903  24.053 0.5000000000
27993  38.949  -52.187  18.326 0.6000000238
25159  35.788  -55.147  25.661 0.5000000000
28002  39.509  -52.231  17.813 0.6000000238
121573  36.093  -55.753  25.948 0.5000000000
28001  40.202  -52.283  17.345 0.6000000238
29727  40.919  -50.663  16.693 0.6999999881
28010  40.967  -52.379  16.772 0.6000000238
29726  41.986  -50.692  16.286 0.6999999881
28849  41.405  -51.540  16.507 0.6000000238
28009  41.994  -52.484  16.301 0.6000000238
28022  43.625  -52.780  15.160 0.6000000238
28008  43.036  -52.630  15.640 0.6000000238
30732  40.750  -49.149  13.997 0.5000000000
31665  39.621  -48.174  14.324 0.6999999881
31659  40.071  -48.778  14.526 0.6000000238
32633  39.036  -47.449  14.134 0.8000000119
31660  39.392  -48.706  15.226 0.6999999881
30664  38.530  -49.241  20.468 0.6000000238
30672  38.307  -49.477  19.691 0.6999999881
28796  37.562  -51.375  21.842 0.6999999881
116162  38.023  -50.196  21.016 0.6000000238
29710  38.412  -50.587  18.758 0.6999999881
30685  38.418  -49.685  18.927 0.6999999881
27929  37.131  -52.059  23.281 0.6000000238
28783  37.616  -51.448  22.714 0.6000000238
117741  38.867  -50.030  18.237 0.8000000119
27910  37.460  -52.354  24.629 0.5000000000
112784  36.960  -52.383  24.013 0.5000000000
30693  39.711  -49.617  17.616 0.8000000119
112936  38.825  -50.830  18.230 0.6000000238
27011  37.177  -53.194  25.989 0.5000000000
27025  36.333  -53.139  24.730 0.5000000000
28840  39.738  -51.454  17.502 0.6000000238
25149  36.853  -55.198  26.705 0.5000000000
30692  40.607  -49.775  16.927 0.8000000119
30708  41.455  -49.947  16.528 0.8000000119
29715  40.086  -50.610  17.243 0.6999999881
30707  42.620  -49.688  16.195 0.6999999881
117282  43.512  -49.435  15.047 0.6999999881
121753  43.226  -49.204  15.762 0.6999999881
28848  42.518  -51.625  15.953 0.6999999881
30723  43.493  -49.998  14.417 0.6000000238
29742  43.645  -50.904  15.099 0.6000000238
29725  43.029  -50.763  15.648 0.6000000238
30733  42.788  -49.547  13.743 0.6999999881
29748  43.242  -50.222  14.091 0.6999999881
29741  43.552  -50.814  14.682 0.6000000238
126812  41.561  -49.113  13.591 0.6999999881
30734  42.160  -49.542  13.749 0.6000000238
31664  40.365  -48.399  13.705 0.8000000119
31668  41.236  -48.521  13.318 0.8000000119
30731  41.350  -49.695  14.141 0.6000000238
32639  39.318  -47.177  13.285 0.8999999762
32626  38.022  -47.243  15.287 0.6999999881
31642  38.551  -48.037  15.621 0.6999999881
31603  38.893  -48.708  20.482 0.6000000238
31611  39.170  -48.246  20.129 0.6999999881
32568  39.747  -47.653  20.534 0.6999999881
29690  38.089  -49.892  20.386 0.6000000238
32567  40.347  -46.954  20.004 0.6000000238
29676  39.104  -49.815  21.887 0.4000000060
29662  37.955  -50.774  22.237 0.6000000238
30649  38.489  -49.695  21.138 0.6000000238
123675  39.119  -48.411  19.348 0.6999999881
28782  38.255  -51.048  22.995 0.6000000238
30684  39.104  -48.965  18.489 0.8000000119
28750  38.765  -51.866  24.299 0.4000000060
28751  38.022  -51.768  24.228 0.5000000000
28768  37.820  -51.514  23.540 0.6000000238
31630  40.159  -48.492  17.890 0.8000000119
27896  37.731  -52.690  25.456 0.5000000000
27010  38.069  -53.112  26.200 0.4000000060
30691  41.551  -48.958  16.748 0.8000000119
27001  37.512  -53.835  26.682 0.5000000000
32604  42.484  -47.930  16.330 0.8000000119
111417  41.646  -47.183  15.680 0.8000000119
108512  43.078  -48.633  15.693 0.6999999881
31628  42.108  -47.860  16.970 0.8000000119
32635  42.330  -48.478  13.710 0.8000000119
32623  42.786  -48.057  15.592 0.6999999881
33574  41.551  -47.400  13.453 0.8999999762
112149  42.039  -48.480  13.443 0.8999999762
32630  42.631  -48.257  14.592 0.6999999881
32637  41.496  -47.960  13.064 0.8999999762
30730  43.183  -49.677  13.878 0.6999999881
31667  42.071  -48.845  13.465 0.6000000238
32638  40.191  -47.356  12.769 0.8999999762
31669  40.770  -47.898  12.943 0.8999999762
33567  37.443  -46.703  14.803 0.8000000119
125061  36.388  -46.984  15.840 0.8000000119
33578  37.708  -46.568  14.033 0.8000000119
32627  37.215  -47.024  15.636 0.8000000119
33577  38.525  -46.864  13.732 0.8000000119
127095  38.612  -47.486  14.869 0.6999999881
33510  40.291  -46.259  21.024 0.6000000238
32560  39.867  -47.732  21.253 0.5000000000
125115  40.398  -46.384  20.240 0.6999999881
106255  39.772  -49.205  21.812 0.4000000060
30663  39.086  -49.053  21.182 0.6000000238
32590  39.961  -47.952  18.772 0.6999999881
29660  39.481  -50.442  22.435 0.5000000000
32577  40.733  -47.008  19.070 0.6999999881
28780  40.146  -51.017  22.671 0.5000000000
28781  39.120  -50.951  23.118 0.6000000238
27927  40.203  -52.051  23.823 0.4000000060
28765  39.899  -51.407  23.315 0.4000000060
34427  40.444  -46.176  17.634 0.8000000119
33529  41.372  -46.815  18.217 0.8000000119
27907  40.091  -52.625  24.632 0.4000000060
33534  41.672  -46.801  17.374 0.8000000119
32589  41.674  -46.865  17.655 0.8000000119
31629  41.222  -48.113  17.449 0.8000000119
27000  38.537  -53.711  26.779 0.3000000119
33566  40.048  -46.449  15.141 0.8000000119
33545  41.009  -46.776  16.063 0.8000000119
107842  41.782  -46.923  16.685 0.8000000119
33576  40.654  -46.442  14.326 0.8000000119
34456  40.937  -46.179  13.368 0.8999999762
33575  41.217  -46.847  13.893 0.8999999762
34463  41.111  -45.818  12.371 0.8999999762
33581  41.389  -47.297  12.830 0.8999999762
34468  41.095  -45.924  11.956 0.8999999762
33586  41.136  -46.714  12.425 0.8999999762
33587  40.808  -46.597  12.111 0.8999999762
121736  36.516  -46.571  15.116 0.8000000119
33568  35.448  -46.621  15.623 0.8000000119
33588  40.060  -46.566  12.087 0.8999999762
33583  39.634  -46.897  12.626 0.8999999762
33584  38.794  -46.671  13.069 0.8000000119
32559  40.377  -47.103  21.535 0.6000000238
123563  40.179  -46.980  20.860 0.6000000238
34388  39.820  -45.337  21.270 0.6000000238
32549  40.716  -47.227  22.142 0.6000000238
30629  41.441  -48.916  22.232 0.4000000060
30630  40.779  -48.484  22.228 0.4000000060
31581  40.861  -47.834  22.285 0.4000000060
31594  40.345  -47.939  21.845 0.5000000000
33520  40.610  -46.399  19.459 0.6999999881
30648  40.681  -49.345  22.104 0.4000000060
34409  40.436  -45.981  19.031 0.6999999881
29674  41.131  -50.259  21.940 0.5000000000
108376  40.940  -46.412  18.661 0.6999999881
28794  41.537  -51.020  21.832 0.5000000000
34428  39.265  -45.752  17.453 0.8000000119
34419  40.108  -45.783  18.351 0.8000000119
34450  39.404  -45.881  15.654 0.8000000119
33535  41.147  -46.602  17.103 0.8000000119
35320  39.528  -45.446  14.762 0.8000000119
35335  40.237  -44.156  13.293 0.8999999762
34457  40.273  -45.814  14.064 0.8999999762
127009  40.685  -44.685  12.894 0.8999999762
34472  41.046  -45.393  11.732 0.8999999762
34473  40.439  -45.305  11.587 1.0000000000
34458  36.431  -45.708  14.160 0.8000000119
34469  39.678  -45.968  11.847 1.0000000000
33585  37.342  -46.044  13.690 0.8000000119
34470  38.756  -45.695  12.280 1.0000000000
34465  38.203  -46.071  12.989 0.8000000119
34466  37.526  -45.548  13.290 0.8000000119
34387  40.393  -45.729  21.459 0.6000000238
35260  39.481  -44.698  21.801 0.6000000238
34381  41.000  -45.778  22.085 0.6000000238
35268  39.081  -45.126  20.916 0.6999999881
32547  42.191  -47.609  22.541 0.4000000060
32548  41.320  -47.378  22.408 0.4000000060
31579  42.151  -48.523  22.329 0.4000000060
34410  39.799  -45.633  19.112 0.6999999881
30646  42.530  -49.806  21.714 0.5000000000
31578  42.963  -48.186  22.326 0.4000000060
34411  38.794  -45.387  19.267 0.8000000119
122828  39.645  -46.163  17.015 0.8000000119
35288  37.615  -44.400  18.816 0.8000000119
36117  38.012  -44.198  16.058 0.8000000119
34440  39.161  -45.807  16.452 0.8000000119
36134  38.794  -43.587  14.659 0.8000000119
35321  38.767  -45.053  15.569 0.8000000119
111323  40.002  -44.993  13.739 0.8999999762
36139  41.030  -44.136  12.228 0.8999999762
36140  40.520  -43.435  12.662 0.8999999762
35340  41.214  -44.295  11.823 1.0000000000
36146  41.105  -43.868  11.689 1.0000000000
35345  40.360  -44.388  11.479 1.0000000000
35336  37.297  -44.816  13.190 0.8000000119
33580  35.919  -46.125  14.705 0.8000000119
35346  39.187  -44.322  11.671 1.0000000000
35342  37.752  -44.265  12.598 0.8000000119
34471  37.979  -45.252  12.777 0.8000000119
114675  41.045  -44.994  22.368 0.6000000238
35250  40.304  -44.539  22.429 0.6000000238
106694  38.271  -44.557  20.729 0.6999999881
36078  37.993  -43.881  21.361 0.6999999881
112337  42.581  -46.760  22.579 0.4000000060
112922  42.177  -46.100  22.622 0.5000000000
123390  41.556  -46.165  22.437 0.5000000000
109829  37.943  -44.583  20.078 0.8000000119
35269  37.625  -44.031  20.473 0.8000000119
35279  38.030  -44.868  19.413 0.8000000119
32558  43.646  -47.822  22.189 0.4000000060
32546  43.121  -47.356  22.473 0.4000000060
35311  37.845  -44.469  17.052 0.8000000119
115407  37.757  -44.507  17.959 0.8000000119
36118  37.634  -43.665  16.778 0.8000000119
117218  38.583  -44.097  15.250 0.8000000119
36133  39.475  -43.485  13.781 0.8999999762
36940  38.740  -42.743  14.426 0.8000000119
36142  41.120  -43.507  11.786 1.0000000000
37870  40.209  -41.823  12.668 1.0000000000
117569  40.983  -43.256  11.580 1.0000000000
36956  38.912  -42.866  11.694 1.0000000000
35343  37.042  -44.057  12.997 0.8999999762
35328  36.173  -44.900  14.036 0.8000000119
35338  36.059  -44.017  13.822 0.8999999762
36144  38.135  -43.439  12.164 1.0000000000
36145  37.257  -43.306  12.639 1.0000000000
36141  36.620  -43.478  13.222 1.0000000000
124012  38.803  -41.987  11.731 1.0000000000
114592  40.982  -40.513  10.889 1.0000000000
114616  39.330  -41.208  11.507 1.0000000000
38764  38.448  -40.577  11.756 1.0000000000
39585  41.463  -39.722  10.741 1.0000000000
38763  39.620  -40.352  11.337 1.0000000000
35251  39.568  -43.997  22.546 0.6999999881
35252  38.703  -44.056  22.090 0.6999999881
36064  38.971  -43.368  22.567 0.6999999881
106022  41.013  -44.391  22.957 0.6000000238
36062  40.376  -43.890  23.005 0.6000000238
123823  38.656  -44.506  21.416 0.6999999881
34380  41.662  -45.516  22.568 0.6000000238
34378  43.362  -45.364  22.676 0.5000000000
36079  37.266  -43.322  20.919 0.8000000119
114263  43.758  -46.101  22.502 0.4000000060
36088  37.136  -43.447  20.006 0.8000000119
36103  37.404  -43.758  18.196 0.8000000119
113082  37.355  -43.123  17.436 0.8000000119
36127  37.702  -43.335  16.132 0.8000000119
120085  37.519  -42.975  16.651 0.8000000119
120304  38.121  -42.423  15.253 0.6999999881
36126  38.185  -43.267  15.400 0.8000000119
116220  39.048  -41.864  13.871 0.8999999762
104956  38.550  -41.122  14.584 0.8000000119
36939  39.772  -42.685  13.239 0.8999999762
37864  39.251  -40.898  13.680 1.0000000000
37877  40.922  -42.182  11.757 1.0000000000
113153  40.163  -40.949  12.740 1.0000000000
38748  39.725  -40.175  13.375 1.0000000000
38747  40.791  -40.325  12.396 1.0000000000
38757  40.957  -41.348  11.764 1.0000000000
38761  41.699  -40.048  10.866 1.0000000000
115273  40.719  -41.146  11.263 1.0000000000
36954  37.132  -42.469  12.621 1.0000000000
36947  36.638  -42.534  13.174 1.0000000000
38762  41.465  -40.431  10.939 1.0000000000
37878  37.560  -41.704  12.226 1.0000000000
112861  37.684  -40.832  12.219 1.0000000000
38759  37.938  -40.103  12.246 1.0000000000
39586  40.326  -39.585  11.008 1.0000000000
38758  38.561  -39.925  11.745 1.0000000000
36063  39.796  -43.288  23.072 0.6999999881
36069  38.198  -43.339  22.086 0.6999999881
36053  42.330  -43.596  23.292 0.5000000000
36055  40.664  -43.226  23.349 0.6999999881
36070  37.619  -43.176  21.585 0.6999999881
35240  41.675  -44.083  23.238 0.6000000238
35248  43.062  -44.743  22.866 0.5000000000
35239  42.439  -44.423  23.072 0.5000000000
36879  36.747  -42.510  20.435 0.8000000119
36890  36.826  -42.815  19.348 0.8000000119
36899  36.680  -42.237  18.610 0.6999999881
36906  36.970  -42.351  17.747 0.8000000119
37847  37.495  -41.533  16.474 0.8000000119
36924  37.333  -42.339  16.930 0.8000000119
37858  38.155  -41.251  15.257 0.6999999881
37859  37.842  -41.751  15.581 0.6999999881
38740  38.650  -40.308  14.621 0.8999999762
105120  38.210  -39.238  15.927 0.8000000119
41462  38.650  -38.055  15.804 0.8000000119
41449  38.981  -37.271  15.868 0.8000000119
40549  38.646  -38.818  15.409 0.8000000119
40548  39.088  -38.014  15.249 0.8000000119
38739  39.066  -40.036  14.058 1.0000000000
40565  39.182  -38.695  14.646 0.8999999762
41477  39.633  -37.823  14.471 0.8999999762
118901  39.419  -37.342  15.175 0.8000000119
39562  39.350  -39.390  13.987 0.8999999762
40575  40.257  -38.759  13.296 1.0000000000
39577  41.447  -39.851  11.675 1.0000000000
107739  41.006  -40.934  11.236 1.0000000000
39576  41.954  -39.371  11.142 1.0000000000
39588  41.857  -39.473  10.784 1.0000000000
39579  37.703  -39.597  12.819 1.0000000000
40581  41.934  -38.409  11.400 1.0000000000
40592  41.724  -38.828  10.667 1.0000000000
39578  38.276  -39.430  12.226 1.0000000000
40587  42.040  -38.225  10.804 1.0000000000
119496  41.862  -37.383  10.696 1.0000000000
41508  40.070  -37.965  11.337 1.0000000000
36849  41.208  -42.556  23.399 0.6999999881
36850  40.236  -42.409  23.248 0.6999999881
120810  39.614  -41.992  22.928 0.6999999881
112643  38.923  -42.036  22.623 0.6999999881
36862  38.155  -41.992  22.281 0.6999999881
36848  42.093  -42.746  23.352 0.6000000238
37795  37.466  -41.866  21.722 0.6999999881
36052  42.962  -42.996  23.195 0.5000000000
36870  36.775  -41.723  21.126 0.6999999881
36061  43.226  -43.947  23.052 0.5000000000
37802  36.536  -41.480  20.311 0.8000000119
37814  36.397  -41.093  19.537 0.6999999881
38698  36.776  -40.934  17.966 0.6999999881
37825  36.514  -41.454  18.733 0.6999999881
121748  37.294  -40.884  17.116 0.6999999881
125535  37.556  -40.735  16.478 0.6999999881
38729  38.234  -40.564  15.332 0.6999999881
38730  37.751  -40.957  15.832 0.6999999881
108110  38.278  -38.516  16.160 0.8000000119
41440  37.997  -37.374  17.268 0.8000000119
42358  38.889  -35.971  17.669 0.8000000119
41450  38.385  -37.677  16.442 0.8000000119
42359  38.653  -36.711  16.839 0.8000000119
42373  39.277  -36.486  16.187 0.8000000119
42404  39.825  -36.896  14.710 0.8999999762
42389  39.552  -36.662  15.489 0.8000000119
41476  40.304  -37.228  13.999 1.0000000000
42388  40.077  -36.147  15.073 0.8000000119
39568  40.770  -39.286  12.612 1.0000000000
40564  40.222  -38.051  13.651 1.0000000000
40582  41.499  -38.935  12.040 1.0000000000
41499  41.488  -37.966  12.373 1.0000000000
41497  42.266  -36.785  11.128 1.0000000000
121908  38.092  -39.033  12.743 1.0000000000
39570  37.225  -39.778  13.641 1.0000000000
41505  42.125  -37.025  10.785 1.0000000000
42433  41.945  -36.734  10.684 1.0000000000
41507  40.910  -37.556  10.914 1.0000000000
40583  39.252  -38.339  11.801 1.0000000000
117740  41.323  -36.089  11.006 1.0000000000
37785  40.285  -41.491  22.846 0.6999999881
37786  39.444  -41.413  22.563 0.6999999881
37794  38.012  -41.261  21.931 0.6000000238
38660  37.278  -40.919  21.424 0.6000000238
38661  36.712  -40.844  20.790 0.6000000238
109696  36.479  -40.738  20.167 0.6999999881
112556  36.472  -40.722  18.846 0.6999999881
38682  36.468  -40.205  19.576 0.6999999881
113633  36.680  -39.963  18.530 0.6999999881
38697  37.145  -40.177  17.542 0.6999999881
41441  37.562  -37.938  17.724 0.8000000119
39524  37.486  -39.614  17.044 0.6999999881
40525  37.863  -38.197  16.872 0.8000000119
105140  39.351  -35.915  16.791 0.8000000119
113671  40.395  -35.288  16.079 0.8000000119
42403  40.501  -36.452  14.353 0.8000000119
125248  40.903  -35.207  15.124 0.8000000119
41487  41.466  -37.044  12.661 1.0000000000
42402  41.113  -35.970  13.915 1.0000000000
43285  41.217  -35.272  14.418 0.6999999881
42414  41.583  -36.223  12.975 1.0000000000
44071  41.475  -34.639  14.079 0.8999999762
43303  42.180  -35.741  12.199 1.0000000000
42422  42.366  -35.976  11.282 1.0000000000
43302  42.474  -35.275  11.432 1.0000000000
39564  37.265  -39.071  14.152 1.0000000000
43310  42.416  -35.511  10.940 1.0000000000
112203  42.190  -35.397  10.719 1.0000000000
41500  39.489  -37.507  11.995 1.0000000000
41501  38.810  -37.964  12.472 1.0000000000
40577  37.664  -38.903  13.444 1.0000000000
42430  40.294  -37.095  11.457 1.0000000000
37787  38.695  -41.392  22.305 0.6999999881
39493  36.925  -39.400  20.632 0.6000000238
39494  36.628  -39.449  20.044 0.6999999881
109751  37.232  -38.504  18.255 0.6999999881
39517  36.848  -39.045  18.800 0.6999999881
40526  37.490  -38.763  17.378 0.6999999881
109735  37.465  -37.724  18.639 0.8000000119
106157  38.217  -36.679  17.904 0.6999999881
43240  39.230  -35.324  18.425 0.6999999881
44042  40.316  -34.696  17.332 0.6999999881
44054  40.629  -34.788  16.484 0.6999999881
44053  41.082  -34.362  16.103 0.6999999881
108125  41.431  -34.084  14.755 0.8000000119
44064  41.225  -34.636  15.167 0.6999999881
43293  41.650  -35.347  13.262 0.8999999762
114766  42.273  -35.105  12.277 1.0000000000
44957  42.498  -33.840  12.079 1.0000000000
41490  37.927  -37.996  13.790 1.0000000000
44100  42.381  -34.943  10.865 1.0000000000
42425  39.014  -37.155  12.743 1.0000000000
43304  40.982  -35.444  11.287 1.0000000000
38658  39.535  -40.184  21.890 0.6000000238
109132  38.787  -40.229  21.858 0.6000000238
111637  37.549  -40.102  21.382 0.6000000238
127228  38.629  -38.985  21.497 0.6000000238
39486  37.424  -39.402  21.131 0.6000000238
40475  37.982  -38.762  21.273 0.6000000238
40486  37.383  -38.607  20.714 0.6000000238
40499  37.135  -38.287  20.035 0.6000000238
40516  37.147  -38.320  19.184 0.6000000238
41425  37.876  -36.951  19.971 0.6999999881
42352  38.498  -36.072  18.652 0.6999999881
44029  39.803  -34.722  18.697 0.6999999881
44043  39.935  -34.931  18.028 0.6999999881
44901  40.616  -33.778  18.408 0.6999999881
44913  40.636  -34.146  17.650 0.6999999881
44041  40.836  -34.209  16.928 0.6999999881
52280  46.176  -25.535  20.526 0.3000000119
44937  41.332  -33.863  15.571 0.6999999881
44928  41.058  -33.615  16.500 0.6999999881
53141  46.497  -24.474  19.665 0.3000000119
112092  41.431  -33.279  14.792 0.8000000119
36909  33.841  -42.023  17.677 0.8999999762
44081  41.914  -34.456  12.857 1.0000000000
38713  35.261  -40.607  16.625 1.0000000000
40567  36.925  -38.715  14.855 1.0000000000
39551  36.468  -39.324  15.296 1.0000000000
44966  42.574  -33.701  10.726 1.0000000000
44102  41.379  -34.517  11.139 1.0000000000
43311  41.833  -35.486  10.710 1.0000000000
42424  39.699  -36.530  12.280 1.0000000000
41489  38.463  -37.588  13.266 1.0000000000
43305  40.142  -35.572  12.199 1.0000000000
39483  39.893  -39.535  21.627 0.6000000238
116219  39.315  -38.811  21.548 0.6000000238
40474  38.643  -38.263  21.343 0.6000000238
106998  40.217  -37.167  21.573 0.6000000238
42320  39.428  -36.733  21.328 0.6999999881
42328  39.027  -36.104  20.933 0.6999999881
41416  38.195  -37.176  20.712 0.6000000238
42329  38.450  -36.472  20.436 0.6999999881
44877  45.672  -33.526  20.945 0.3000000119
44867  45.137  -33.200  21.303 0.3000000119
42339  38.316  -36.243  19.614 0.6999999881
115637  39.346  -35.028  19.156 0.6999999881
44019  40.301  -34.244  18.993 0.6999999881
51354  45.529  -26.548  21.315 0.3000000119
51374  45.673  -25.890  21.041 0.4000000060
53124  45.982  -24.779  20.255 0.4000000060
52281  45.299  -25.137  20.894 0.4000000060
108026  33.099  -42.087  18.065 0.6999999881
105095  32.361  -42.387  18.265 0.6999999881
55785  45.367  -21.328  18.702 0.3000000119
53142  45.875  -24.158  19.937 0.3000000119
112461  41.220  -33.044  15.777 0.6999999881
38699  33.920  -40.664  17.604 0.8999999762
54853  45.674  -22.106  19.020 0.3000000119
53125  45.268  -24.295  20.420 0.3000000119
44943  41.599  -33.877  13.879 0.8000000119
38714  34.533  -40.560  17.298 0.8999999762
54835  45.124  -22.631  19.592 0.3000000119
53974  45.368  -23.499  19.904 0.3000000119
44948  41.908  -33.651  12.991 0.8000000119
121266  42.713  -33.243  11.401 1.0000000000
41478  37.481  -37.384  14.625 1.0000000000
44969  42.619  -33.187  10.578 1.0000000000
42417  38.592  -36.757  13.537 1.0000000000
42418  38.062  -37.079  14.077 1.0000000000
44968  41.603  -33.726  10.888 1.0000000000
121853  39.127  -36.432  13.111 1.0000000000
44093  40.472  -34.646  12.112 1.0000000000
116402  39.763  -34.897  12.751 1.0000000000
44094  39.780  -34.055  12.834 1.0000000000
120970  40.314  -36.347  21.523 0.6999999881
43208  39.749  -35.822  21.290 0.6999999881
107261  45.186  -34.988  21.479 0.3000000119
123144  45.016  -33.994  21.506 0.4000000060
43217  40.171  -35.179  21.133 0.6999999881
43218  39.469  -35.485  20.758 0.6999999881
43230  39.369  -35.226  19.894 0.6999999881
45755  44.832  -32.526  21.327 0.4000000060
46655  45.207  -31.801  20.859 0.3000000119
45756  43.980  -32.494  21.571 0.5000000000
44891  40.641  -33.751  19.451 0.6999999881
44900  40.664  -33.060  19.053 0.6999999881
46656  44.433  -31.749  21.349 0.5000000000
115018  40.663  -33.091  18.170 0.6999999881
111125  44.728  -28.880  21.470 0.4000000060
112542  43.309  -28.938  21.642 0.6000000238
44912  40.762  -33.567  17.437 0.6999999881
105638  44.934  -28.187  21.521 0.3000000119
124335  40.824  -33.188  16.982 0.6999999881
53997  42.151  -23.329  18.947 0.4000000060
51356  43.813  -26.640  21.509 0.4000000060
45811  40.884  -32.777  16.564 0.6999999881
37835  31.602  -42.033  18.255 0.6999999881
54838  42.693  -22.847  19.315 0.4000000060
52265  44.989  -25.869  21.392 0.4000000060
112155  44.276  -26.042  21.448 0.4000000060
36912  30.796  -42.610  18.300 0.6000000238
55786  44.512  -21.102  18.907 0.3000000119
54836  44.212  -22.481  19.755 0.3000000119
54837  43.361  -22.272  19.436 0.4000000060
111104  44.611  -24.561  20.798 0.4000000060
52266  43.564  -25.927  21.313 0.4000000060
120449  41.329  -32.518  15.189 0.6999999881
45820  40.996  -32.034  15.865 0.6999999881
37833  33.402  -41.242  17.787 0.6999999881
53976  43.414  -22.981  19.870 0.4000000060
53126  43.812  -24.455  20.746 0.4000000060
52282  43.196  -25.241  20.855 0.4000000060
45827  41.450  -32.410  14.374 0.8000000119
53975  44.618  -23.082  20.023 0.3000000119
45834  41.763  -32.226  13.445 0.8000000119
40550  36.435  -38.235  15.664 1.0000000000
45842  42.297  -31.843  12.478 0.8999999762
45852  42.920  -32.825  10.655 1.0000000000
43294  38.718  -35.951  13.726 1.0000000000
44958  40.654  -33.547  11.965 1.0000000000
44967  41.989  -33.445  10.522 1.0000000000
44082  39.175  -34.542  13.398 1.0000000000
43287  38.178  -35.464  14.261 1.0000000000
44949  38.903  -33.639  13.322 1.0000000000
44083  38.235  -34.188  13.633 1.0000000000
106230  41.166  -36.205  21.785 0.6000000238
107153  42.288  -35.139  22.125 0.6000000238
43206  41.486  -35.413  21.817 0.6000000238
43999  40.988  -34.912  21.354 0.6999999881
43204  43.624  -35.146  22.198 0.5000000000
43198  42.945  -34.870  22.287 0.6000000238
118350  44.190  -33.879  21.869 0.5000000000
44869  43.618  -33.295  21.830 0.4000000060
44008  40.621  -34.536  20.783 0.6999999881
111040  40.439  -34.341  19.896 0.6999999881
44870  42.659  -33.385  21.869 0.6000000238
44878  41.254  -33.367  20.925 0.6999999881
45757  43.041  -32.530  21.718 0.6000000238
44890  40.922  -33.153  20.048 0.6999999881
108769  44.109  -31.064  21.422 0.6000000238
47635  43.407  -30.666  21.547 0.6000000238
45775  40.827  -32.251  19.710 0.6999999881
117381  44.128  -29.319  21.560 0.5000000000
48562  42.683  -29.384  21.556 0.6000000238
47637  41.633  -30.169  21.196 0.6000000238
45786  40.594  -32.258  18.510 0.6000000238
106894  41.636  -24.740  17.942 0.4000000060
50402  44.153  -27.508  21.612 0.4000000060
49502  43.255  -28.083  21.612 0.4000000060
48563  41.978  -29.412  21.353 0.5000000000
47644  41.153  -30.125  20.621 0.6000000238
46688  40.569  -31.478  18.337 0.6999999881
53161  41.760  -24.070  18.766 0.4000000060
109977  42.648  -27.813  21.394 0.5000000000
110533  40.586  -31.764  17.667 0.6999999881
53965  42.648  -23.676  19.700 0.4000000060
122284  41.636  -25.400  18.348 0.5000000000
51357  43.043  -26.568  21.336 0.4000000060
51375  42.484  -26.516  20.905 0.4000000060
116341  40.694  -31.951  16.822 0.6999999881
38700  33.386  -40.457  17.594 0.8999999762
37834  32.371  -41.488  18.012 0.6999999881
118074  44.031  -23.148  20.195 0.4000000060
52283  42.445  -25.807  20.455 0.4000000060
46727  41.526  -31.606  14.032 0.6999999881
46720  41.386  -31.756  14.943 0.6999999881
53127  42.972  -24.409  20.375 0.4000000060
123648  35.107  -38.956  16.912 0.8999999762
45841  42.889  -32.310  11.230 0.8999999762
39552  36.050  -38.719  16.090 0.8999999762
42405  38.168  -36.187  14.284 1.0000000000
45853  42.455  -32.503  10.273 1.0000000000
42406  37.527  -36.410  14.776 1.0000000000
45854  41.293  -32.813  10.925 1.0000000000
43288  37.558  -35.569  14.627 1.0000000000
41463  36.947  -36.700  15.357 1.0000000000
45843  40.209  -32.511  11.990 1.0000000000
44961  36.751  -32.725  12.381 0.8999999762
45845  37.323  -31.991  11.922 1.0000000000
44960  38.234  -32.819  12.714 1.0000000000
44073  36.649  -34.620  13.863 1.0000000000
44072  37.654  -34.788  14.178 1.0000000000
44950  37.777  -33.440  13.104 1.0000000000
44084  37.011  -33.902  13.263 1.0000000000
44962  36.059  -33.330  12.420 1.0000000000
44085  35.688  -34.045  12.637 0.8999999762
43998  42.472  -34.304  22.039 0.6000000238
44871  41.860  -33.681  21.570 0.6999999881
44007  41.231  -34.156  21.146 0.6999999881
124708  42.095  -33.129  21.612 0.6999999881
46659  41.658  -31.904  21.220 0.6999999881
46658  42.455  -31.782  21.532 0.6000000238
45765  41.234  -32.529  20.684 0.6999999881
112447  41.361  -30.950  20.909 0.6000000238
124421  40.855  -31.574  19.877 0.6000000238
106842  40.875  -30.898  20.051 0.6000000238
53172  41.705  -24.593  16.738 0.3000000119
109079  42.713  -31.051  21.544 0.6000000238
47636  42.469  -30.202  21.516 0.6000000238
47652  40.710  -30.614  19.107 0.6000000238
52321  41.824  -25.419  17.245 0.4000000060
52332  41.897  -25.247  15.991 0.4000000060
49504  41.794  -28.804  21.124 0.6000000238
120544  41.176  -29.428  20.380 0.6000000238
49521  41.458  -28.647  20.524 0.5000000000
46689  40.601  -30.992  18.549 0.6000000238
50427  41.637  -27.707  20.268 0.4000000060
47666  40.652  -30.927  17.796 0.6000000238
52310  41.699  -26.033  18.108 0.5000000000
116268  41.756  -27.044  20.043 0.4000000060
51376  42.058  -26.515  20.248 0.4000000060
47681  40.973  -30.557  16.960 0.6000000238
52284  41.915  -26.041  19.796 0.4000000060
46709  41.309  -31.030  15.453 0.6000000238
52300  41.540  -25.868  19.044 0.4000000060
51393  41.682  -26.573  19.529 0.4000000060
39525  33.881  -39.838  17.455 0.8999999762
46737  42.336  -30.892  12.631 0.8999999762
121298  41.936  -31.508  13.313 0.8000000119
39534  34.147  -38.793  17.040 0.8999999762
40534  35.255  -37.814  16.508 0.8999999762
41465  35.381  -37.181  16.180 0.8999999762
41464  36.260  -37.126  15.873 0.8999999762
118034  41.507  -32.016  10.373 1.0000000000
45844  38.872  -32.342  12.119 1.0000000000
42390  36.843  -35.739  15.139 1.0000000000
43289  36.381  -35.253  14.474 0.8999999762
45846  35.236  -33.497  12.353 1.0000000000
44086  35.098  -34.550  12.549 1.0000000000
43295  35.683  -34.810  13.441 0.8999999762
44951  34.716  -33.832  12.441 1.0000000000
43307  34.181  -34.419  12.686 0.8999999762
45759  41.696  -32.862  21.317 0.6999999881
54011  41.557  -23.715  16.583 0.3000000119
111745  40.878  -29.906  19.714 0.6000000238
51412  42.095  -25.886  16.537 0.5000000000
51425  42.191  -26.051  15.780 0.4000000060
48589  41.172  -29.043  19.741 0.5000000000
49531  41.413  -28.217  19.606 0.5000000000
120242  41.397  -28.726  18.816 0.5000000000
110504  40.966  -30.016  17.683 0.5000000000
123762  41.960  -26.153  17.275 0.5000000000
50445  41.567  -27.325  19.352 0.5000000000
48600  41.271  -29.291  18.159 0.5000000000
49561  42.232  -27.648  16.582 0.5000000000
120374  41.549  -27.899  18.597 0.5000000000
121370  40.924  -31.168  16.360 0.6000000238
50469  41.843  -27.443  17.628 0.5000000000
50457  41.642  -27.215  18.449 0.5000000000
118352  41.590  -30.916  14.500 0.6999999881
49562  42.365  -28.215  15.903 0.5000000000
126577  41.950  -28.543  16.713 0.5000000000
47721  42.151  -30.063  13.966 0.6000000238
46742  42.794  -31.139  11.453 0.8999999762
46752  42.562  -31.147  10.200 0.8999999762
46746  43.045  -31.502  10.478 0.8999999762
46747  41.059  -31.245  10.518 0.8999999762
45856  38.415  -31.617  11.594 0.8999999762
123885  39.446  -31.917  11.599 0.8999999762
115834  40.348  -31.818  10.893 1.0000000000
43279  35.983  -35.709  15.072 0.8999999762
42391  36.330  -36.277  15.504 0.8999999762
120247  35.634  -35.391  14.144 0.8999999762
115655  35.774  -32.636  12.356 0.8000000119
45835  35.175  -33.153  12.475 0.6999999881
43290  35.128  -35.831  14.447 0.8999999762
43306  34.382  -34.838  12.617 0.8999999762
43296  34.791  -35.331  13.135 0.8999999762
53185  41.514  -24.449  15.892 0.3000000119
52343  41.449  -25.002  15.557 0.4000000060
112374  41.347  -25.437  15.337 0.3000000119
52342  41.834  -25.716  15.417 0.3000000119
51436  41.892  -26.284  14.924 0.4000000060
51435  42.306  -26.462  14.974 0.4000000060
110460  40.877  -29.942  18.665 0.6000000238
119307  42.549  -27.306  15.413 0.5000000000
50492  42.532  -27.143  14.392 0.4000000060
48613  41.522  -29.219  17.203 0.5000000000
107987  41.333  -29.827  16.815 0.5000000000
49572  42.699  -27.868  14.925 0.5000000000
114110  41.667  -28.408  17.655 0.5000000000
47693  41.462  -30.187  16.020 0.5000000000
48625  41.871  -29.153  16.204 0.5000000000
47709  41.801  -30.156  14.944 0.5000000000
49573  42.420  -28.652  15.416 0.5000000000
48638  42.169  -29.372  15.294 0.5000000000
48637  42.601  -28.527  14.560 0.5000000000
48663  42.632  -29.260  13.411 0.6000000238
47730  42.442  -29.987  12.976 0.6000000238
48670  42.026  -28.830  11.394 0.6999999881
48674  42.750  -30.189  10.694 0.6999999881
47736  42.855  -30.954  10.378 0.6999999881
48676  41.408  -29.195  10.883 0.6999999881
105381  40.570  -30.309  10.668 0.8000000119
47737  42.390  -30.401  10.407 0.8000000119
126873  34.835  -36.840  15.746 0.8999999762
46749  38.438  -30.664  11.248 0.8999999762
46748  39.780  -30.870  10.782 0.8999999762
107457  36.244  -31.980  11.915 0.6999999881
41480  33.623  -36.719  13.963 0.8999999762
42407  34.154  -36.054  13.520 0.8999999762
44952  34.066  -34.118  13.067 1.0000000000
51437  41.381  -26.248  15.070 0.3000000119
51426  40.676  -25.851  15.667 0.3000000119
51444  42.289  -26.858  14.274 0.4000000060
50494  41.072  -27.134  14.872 0.3000000119
50502  42.481  -27.358  13.661 0.4000000060
50493  41.909  -26.687  14.374 0.4000000060
50504  41.536  -27.338  14.132 0.4000000060
49587  42.654  -27.694  13.917 0.4000000060
50503  42.251  -27.059  13.938 0.4000000060
49588  42.123  -27.325  13.380 0.4000000060
49594  42.796  -27.656  13.225 0.4000000060
49595  42.563  -27.588  12.922 0.4000000060
49597  42.753  -28.087  12.749 0.5000000000
48652  42.800  -28.349  13.431 0.5000000000
48677  40.227  -29.351  10.933 0.6000000238
47739  39.230  -29.923  11.022 0.8000000119
45857  37.318  -31.135  11.602 0.6999999881
114662  36.074  -31.718  11.957 0.6999999881
43297  33.909  -35.486  12.830 0.8999999762
42419  33.296  -36.102  13.287 0.8999999762
44075  33.718  -34.381  13.667 0.8999999762
44076  33.110  -34.827  13.544 0.8000000119
43299  32.745  -35.571  13.463 0.8000000119
44067  33.189  -34.849  14.113 0.6999999881
43281  33.399  -35.567  15.218 0.8000000119
51427  40.138  -26.727  16.525 0.3000000119
50482  40.591  -26.899  15.666 0.3000000119
49574  40.523  -28.067  14.756 0.3000000119
50495  40.176  -27.825  15.617 0.4000000060
49589  41.013  -28.075  13.758 0.4000000060
49590  39.904  -28.853  14.324 0.4000000060
48654  40.304  -28.792  13.190 0.5000000000
49596  41.658  -27.979  12.654 0.5000000000
48655  39.121  -29.209  13.638 0.5000000000
48664  40.595  -28.840  12.106 0.5000000000
48665  39.252  -28.859  12.464 0.5000000000
48672  39.525  -28.974  11.510 0.5000000000
48678  38.662  -29.242  11.378 0.6000000238
47740  37.998  -29.593  11.258 0.6999999881
123352  37.320  -29.548  11.555 0.6999999881
46744  36.264  -30.876  11.847 0.6999999881
123251  35.790  -32.297  12.466 0.6999999881
45828  36.109  -32.327  13.899 0.6999999881
44074  34.336  -33.852  13.435 0.8000000119
44944  34.923  -33.440  13.765 0.6999999881
52334  40.399  -25.378  16.200 0.3000000119
51414  39.681  -26.447  17.246 0.3000000119
50470  39.371  -27.231  17.065 0.4000000060
50483  39.809  -27.507  16.359 0.3000000119
49563  39.403  -28.110  16.113 0.4000000060
49575  39.456  -28.623  15.421 0.4000000060
48639  38.855  -29.235  14.701 0.3000000119
48656  37.999  -29.162  13.839 0.5000000000
48666  38.213  -28.829  12.813 0.6000000238
126200  37.720  -29.482  14.534 0.3000000119
48667  37.530  -28.991  12.693 0.5000000000
47722  37.052  -30.094  13.552 0.4000000060
47741  37.719  -29.160  11.540 0.6999999881
123686  37.137  -29.208  11.886 0.6999999881
47731  36.958  -29.615  12.707 0.6000000238
47735  36.625  -29.986  12.064 0.6999999881
122413  36.629  -30.785  11.700 0.6999999881
47723  36.524  -30.598  12.706 0.6999999881
46729  36.310  -31.531  13.243 0.6000000238
49576  38.605  -28.477  16.161 0.3000000119
126737  38.402  -28.883  15.560 0.3000000119
48640  37.977  -29.198  15.062 0.3000000119
49577  37.916  -28.854  16.013 0.3000000119
48641  37.675  -29.448  15.439 0.3000000119
47694  37.446  -30.241  15.907 0.3000000119
47710  37.352  -30.000  14.611 0.3000000119
46728  36.907  -30.824  14.014 0.5000000000
123188  37.287  -30.938  15.040 0.5000000000
46721  36.838  -31.704  14.645 0.6000000238
51404  39.322  -26.140  17.958 0.4000000060
51415  38.970  -26.921  17.732 0.3000000119
50471  38.518  -27.674  17.378 0.3000000119
49551  37.951  -28.193  17.665 0.3000000119
49565  38.048  -28.372  16.794 0.3000000119
114703  37.634  -28.917  17.130 0.3000000119
48626  37.642  -29.257  16.330 0.3000000119
117961  37.500  -29.883  16.985 0.3000000119
111016  37.493  -31.005  16.935 0.3000000119
46710  37.211  -31.619  15.964 0.4000000060
118568  37.294  -31.896  17.038 0.4000000060
45821  36.578  -32.602  15.413 0.6000000238
45812  36.971  -32.591  16.682 0.4000000060
43280  34.146  -35.331  16.065 0.6999999881
43282  32.550  -36.128  15.170 0.8000000119
117862  38.846  -25.912  18.653 0.4000000060
50458  38.340  -27.395  18.190 0.3000000119
106299  37.694  -28.855  18.159 0.3000000119
48614  37.529  -29.645  17.888 0.3000000119
47682  37.409  -30.603  17.861 0.4000000060
45796  36.997  -32.472  17.698 0.4000000060
44914  36.624  -33.280  17.449 0.4000000060
44929  36.472  -33.344  16.419 0.4000000060
44930  35.909  -33.945  16.077 0.5000000000
44915  36.193  -34.026  17.116 0.4000000060
44939  35.479  -33.734  14.971 0.6000000238
44044  35.556  -34.533  16.676 0.4000000060
44056  34.823  -34.957  16.291 0.6999999881
121142  35.130  -34.955  17.194 0.4000000060
43269  34.465  -35.466  17.174 0.4000000060
123291  33.793  -35.860  17.519 0.5000000000
42360  33.193  -36.213  17.233 0.6000000238
43271  33.038  -36.010  16.163 0.6999999881
42361  32.591  -36.359  17.711 0.6999999881
53163  38.930  -25.072  19.019 0.3000000119
50446  38.203  -27.322  19.133 0.3000000119
50459  37.903  -28.107  18.618 0.3000000119
48601  37.550  -29.476  18.663 0.3000000119
47667  37.409  -30.252  18.722 0.3000000119
46690  37.196  -31.291  18.835 0.4000000060
46691  36.918  -32.207  18.595 0.3000000119
45787  36.375  -32.571  19.134 0.3000000119
109858  36.080  -33.798  18.104 0.3000000119
44903  35.814  -33.256  18.861 0.3000000119
119479  35.550  -34.435  17.640 0.4000000060
121149  35.149  -34.037  18.487 0.3000000119
123349  34.815  -34.903  17.920 0.3000000119
44030  34.181  -34.568  18.477 0.3000000119
43241  34.066  -35.491  18.032 0.3000000119
44031  33.409  -35.311  18.380 0.4000000060
43254  32.678  -36.002  18.306 0.5000000000
120516  32.080  -36.368  18.029 0.5000000000
51394  38.209  -26.643  19.756 0.3000000119
50447  37.742  -28.060  19.604 0.3000000119
49541  37.615  -28.885  19.212 0.3000000119
111490  37.400  -29.776  19.453 0.3000000119
47653  37.088  -30.615  19.567 0.3000000119
45776  35.566  -32.525  19.447 0.3000000119
44892  35.060  -33.287  19.093 0.3000000119
123136  33.881  -33.934  18.683 0.3000000119
109817  33.358  -34.205  18.563 0.3000000119
44032  32.423  -34.740  18.465 0.4000000060
43242  31.821  -35.713  18.301 0.5000000000
43255  31.321  -36.254  17.896 0.5000000000
51395  37.846  -27.353  20.081 0.3000000119
48590  37.403  -29.298  19.997 0.3000000119
46675  36.712  -31.370  19.598 0.3000000119
46676  36.253  -31.966  19.624 0.3000000119
45777  34.795  -32.720  19.382 0.3000000119
45778  34.111  -32.567  19.308 0.3000000119
44033  31.356  -34.650  18.398 0.4000000060
44908  30.782  -33.710  18.306 0.4000000060
43243  30.938  -35.468  18.245 0.5000000000
44034  30.507  -34.580  18.353 0.4000000060
109043  38.572  -25.186  19.990 0.3000000119
48578  37.012  -28.956  20.546 0.3000000119
47654  36.554  -30.812  20.136 0.3000000119
46667  35.862  -31.010  20.383 0.3000000119
46677  35.636  -31.698  19.987 0.3000000119
44905  33.630  -33.258  18.826 0.3000000119
124198  33.021  -32.826  18.696 0.3000000119
44906  32.616  -33.382  18.517 0.3000000119
44907  31.659  -33.645  18.383 0.4000000060
52285  38.146  -25.974  20.457 0.3000000119
51377  37.502  -27.247  20.897 0.3000000119
50429  37.063  -27.701  21.217 0.3000000119
50428  37.426  -28.073  20.568 0.3000000119
48579  36.399  -29.492  20.813 0.3000000119
47645  36.203  -30.274  20.606 0.3000000119
48581  34.937  -29.706  20.950 0.3000000119
46668  35.080  -31.165  20.366 0.3000000119
46678  34.752  -31.980  19.791 0.3000000119
47647  34.635  -30.369  20.502 0.3000000119
45788  33.356  -32.384  18.930 0.3000000119
52268  37.753  -25.704  21.428 0.3000000119
49522  36.793  -28.322  21.123 0.3000000119
50407  36.405  -27.734  21.558 0.3000000119
49505  36.089  -28.443  21.428 0.3000000119
48580  35.661  -29.721  20.981 0.3000000119
46669  34.227  -31.112  20.072 0.3000000119
46679  33.775  -31.779  19.466 0.3000000119
46692  32.984  -31.582  18.831 0.3000000119
51340  37.209  -26.196  21.926 0.3000000119
51341  36.616  -26.392  22.243 0.3000000119
49506  35.351  -28.602  21.431 0.3000000119
50387  36.070  -27.103  22.174 0.4000000060
49507  34.637  -28.898  21.254 0.3000000119
48582  34.273  -29.563  20.681 0.3000000119
47655  33.861  -30.209  20.164 0.3000000119
50409  34.910  -28.008  21.560 0.4000000060
50388  35.532  -26.690  22.299 0.4000000060
51342  36.024  -26.331  22.489 0.3000000119
51358  34.831  -26.497  22.120 0.4000000060
36143  39.048  -43.601  11.665 1.0000000000
37880  40.272  -41.933  11.411 1.0000000000
115479  38.443  -44.093  12.060 0.8999999762
112952  34.679  -33.515  12.873 0.6999999881
44065  34.624  -34.087  14.370 0.8000000119
44066  34.235  -34.901  14.972 0.8000000119
44055  35.156  -34.388  15.566 0.6999999881
27970  37.420  -52.367  20.773 0.6000000238
27012  36.366  -53.565  25.516 0.5000000000
27002  36.758  -53.822  26.231 0.5000000000
29677  38.294  -50.223  21.706 0.6000000238
27908  39.148  -52.427  24.827 0.4000000060
28766  39.322  -51.543  23.811 0.5000000000
27895  38.631  -52.741  25.504 0.4000000060
31621  40.962  -47.505  18.185 0.6999999881
33564  41.564  -47.353  14.536 0.8999999762
125219  39.648  -45.453  20.754 0.6999999881
126517  40.107  -50.512  22.392 0.5000000000
28779  41.087  -51.410  22.362 0.5000000000
34420  39.026  -45.552  18.393 0.8000000119
27894  39.563  -52.943  25.385 0.4000000060
33546  40.012  -46.408  16.438 0.8000000119
34398  39.660  -45.474  20.040 0.6999999881
30628  42.122  -49.227  22.050 0.4000000060
35337  36.628  -44.437  13.472 0.8000000119
35259  40.371  -45.147  21.848 0.6000000238
114346  43.279  -46.658  22.534 0.4000000060
31593  42.819  -49.004  21.958 0.4000000060
36094  37.235  -43.613  19.077 0.8000000119
107828  40.161  -43.165  11.393 1.0000000000
33493  42.939  -46.049  22.668 0.5000000000
34379  42.491  -45.283  22.764 0.5000000000
36953  37.854  -42.604  12.148 1.0000000000
36054  41.497  -43.341  23.393 0.6999999881
37876  40.869  -41.872  11.581 1.0000000000
40590  39.872  -38.756  11.270 1.0000000000
40589  40.835  -38.644  10.737 1.0000000000
38712  37.797  -40.022  16.122 0.8000000119
42423  42.077  -36.516  11.974 1.0000000000
43251  39.995  -35.272  16.670 0.8000000119
42415  40.967  -36.744  13.564 1.0000000000
41488  40.837  -37.551  13.216 1.0000000000
41435  37.792  -36.844  18.937 0.6999999881
44956  42.698  -33.902  11.115 1.0000000000
44101  42.257  -34.285  10.691 1.0000000000
111647  42.266  -32.908  12.502 1.0000000000
41408  38.710  -37.405  21.194 0.6000000238
49500  45.441  -28.859  21.283 0.4000000060
37849  34.846  -41.341  16.880 1.0000000000
109076  35.724  -39.654  16.222 1.0000000000
50401  45.238  -27.348  21.488 0.4000000060
44959  39.536  -33.158  12.659 1.0000000000
47633  45.131  -30.277  21.000 0.4000000060
49501  44.065  -28.475  21.613 0.5000000000
47634  44.291  -30.250  21.421 0.5000000000
53144  41.558  -25.004  18.961 0.4000000060
53143  42.233  -24.606  19.667 0.4000000060
50405  42.025  -27.974  21.022 0.5000000000
44087  33.460  -34.637  13.013 0.8000000119
50468  42.191  -26.668  16.774 0.5000000000
48653  42.416  -29.288  14.293 0.5000000000
47729  42.657  -30.073  11.826 0.6999999881
48662  42.685  -29.017  12.524 0.6000000238
49598  42.273  -28.200  12.271 0.5000000000
48671  40.924  -28.898  11.276 0.5000000000
45829  35.254  -32.912  13.113 0.6999999881
44938  35.729  -33.013  14.460 0.6999999881
127086  36.764  -31.945  19.225 0.3000000119
28864  43.449  -51.768  14.761 0.5000000000
28875  42.907  -51.690  14.504 0.5000000000
29749  42.690  -50.157  13.915 0.5000000000
26230  42.912  -54.593  15.142 0.5000000000
28030  42.392  -52.937  14.521 0.5000000000
26213  42.281  -55.302  16.256 0.5000000000
27148  43.469  -54.043  15.074 0.5000000000
27147  43.550  -53.585  14.921 0.5000000000
26200  41.870  -54.816  16.784 0.5000000000
26187  40.360  -54.555  18.012 0.4000000060
27131  41.636  -53.543  16.626 0.5000000000
27108  39.586  -53.764  18.372 0.4000000060
111832  40.691  -53.070  17.159 0.5000000000
27119  40.012  -53.241  17.701 0.5000000000
35314  32.732  -44.970  16.498 0.6999999881
34429  32.192  -45.698  16.470 0.6999999881
35323  33.874  -44.949  15.665 0.8000000119
35330  34.868  -44.428  14.805 0.8000000119
35322  34.416  -44.684  15.246 0.8000000119
36135  35.666  -43.609  14.309 0.8999999762
35300  32.436  -44.449  17.531 0.6999999881
36129  34.730  -43.813  15.321 0.8999999762
35312  34.205  -44.231  15.999 0.8999999762
36136  35.198  -43.926  14.704 0.8999999762
36941  36.326  -42.254  13.896 0.8999999762
36104  33.400  -43.335  17.531 0.6000000238
36120  33.834  -43.774  16.795 0.8000000119
36128  35.387  -43.251  14.936 0.8999999762
36942  35.816  -42.765  14.390 0.8999999762
37871  36.701  -41.666  13.353 0.8999999762
38760  37.121  -41.182  12.767 0.8999999762
40484  42.166  -39.077  20.691 0.5000000000
39482  40.871  -39.695  21.368 0.5000000000
38647  41.720  -40.671  22.172 0.6000000238
111846  40.829  -40.802  22.410 0.5000000000
38648  39.944  -40.787  22.321 0.5000000000
37784  41.421  -41.298  22.829 0.6000000238
125081  32.360  -43.109  18.243 0.6000000238
36927  34.066  -42.854  17.190 0.8999999762
36936  35.049  -42.826  15.768 0.8999999762
36119  34.429  -43.373  16.299 0.8999999762
36935  35.569  -42.432  15.102 0.8999999762
37865  36.450  -41.444  14.115 0.8999999762
38750  36.851  -40.760  13.597 0.8999999762
41406  41.517  -37.894  21.477 0.5000000000
106741  40.943  -37.516  21.589 0.5000000000
41405  42.323  -37.968  21.371 0.5000000000
115607  41.068  -39.106  21.294 0.5000000000
118014  40.267  -38.785  21.493 0.5000000000
39492  41.591  -39.560  20.928 0.5000000000
36908  34.459  -42.041  17.094 0.8999999762
127268  33.478  -42.621  17.757 0.6999999881
36926  35.007  -42.078  16.389 0.8999999762
37860  35.696  -41.655  15.324 0.8999999762
38742  36.143  -41.186  14.880 0.8999999762
110071  36.492  -40.772  14.414 0.8999999762
42319  42.684  -36.916  21.770 0.5000000000
41404  43.322  -37.524  21.367 0.5000000000
119650  43.875  -37.872  20.931 0.5000000000
37848  35.365  -41.444  16.131 0.8999999762
38731  35.749  -40.826  15.709 0.8999999762
38741  36.266  -40.336  15.166 0.8999999762
106437  41.677  -37.052  21.736 0.5000000000
116604  43.631  -35.952  22.058 0.5000000000
43205  42.935  -35.564  22.215 0.5000000000
108028  44.157  -36.377  21.706 0.5000000000
43996  44.339  -34.643  21.915 0.4000000060
126166  31.506  -41.368  17.871 0.6000000238
38703  30.929  -40.931  17.458 0.6000000238
38701  32.658  -40.639  17.624 0.8000000119
38716  32.035  -40.074  17.136 0.6999999881
38718  30.399  -40.556  16.788 0.6999999881
107799  29.758  -40.736  16.659 0.6999999881
38719  29.149  -40.559  16.322 0.6999999881
38715  32.906  -39.879  17.346 0.8000000119
39537  31.453  -39.666  16.372 0.6999999881
39538  30.657  -39.942  16.221 0.6999999881
38732  29.927  -40.277  16.162 0.6999999881
39554  30.968  -39.334  15.529 0.6999999881
39555  30.090  -39.536  15.620 0.6999999881
40536  33.293  -38.312  16.349 0.8000000119
40537  32.457  -38.663  16.089 0.8000000119
115654  34.028  -37.981  16.518 0.8000000119
40554  31.296  -38.636  14.947 0.6999999881
40553  31.972  -38.441  15.067 0.6999999881
40552  32.636  -38.078  15.327 0.8000000119
41451  34.549  -37.446  16.196 0.8000000119
40568  31.639  -37.937  14.503 0.6999999881
41467  32.681  -37.576  14.438 0.8000000119
41483  31.380  -37.163  14.349 0.6000000238
41466  34.077  -37.064  15.140 0.8000000119
127210  33.295  -37.287  14.350 0.8000000119
41492  32.080  -36.707  13.840 0.6000000238
42410  30.820  -36.875  14.775 0.6000000238
42396  30.396  -37.038  15.379 0.6000000238
41481  32.773  -37.011  13.636 0.8000000119
42409  31.689  -36.562  14.373 0.6000000238
42395  31.098  -36.539  15.008 0.6000000238
41491  32.601  -36.253  13.557 0.6999999881
42394  31.993  -36.267  14.412 0.6000000238
42374  32.358  -36.455  16.493 0.6999999881
42375  30.945  -36.982  16.349 0.6000000238
126502  31.867  -36.482  15.319 0.6000000238
42362  31.685  -36.633  17.252 0.6000000238
121734  32.566  -35.349  13.971 0.6999999881
26157  38.252  -55.054  20.251 0.4000000060
27095  39.160  -54.155  19.019 0.5000000000
109526  39.359  -52.852  18.171 0.5000000000
113269  42.645  -53.381  16.045 0.5000000000
37879  36.969  -41.887  12.780 0.8999999762
43203  44.468  -35.634  21.773 0.3000000119
39535  33.154  -39.101  16.940 0.8000000119
26212  42.902  -54.558  15.540 0.5000000000
27118  40.957  -54.153  17.342 0.5000000000
35313  33.489  -44.541  16.286 0.8000000119
38668  41.656  -40.022  20.796 0.5000000000
39536  32.284  -39.409  16.620 0.8000000119
39553  31.702  -39.038  15.712 0.6999999881
41452  33.501  -37.643  15.564 0.8000000119
40569  30.919  -37.938  14.645 0.6999999881
41482  32.080  -37.412  14.045 0.6999999881
34377  44.212  -45.349  22.495 0.4000000060
35258  45.330  -44.406  22.123 0.4000000060
112704  44.089  -43.924  22.671 0.4000000060
35247  44.834  -43.796  22.368 0.4000000060
36858  43.511  -42.347  22.773 0.5000000000
36068  45.515  -43.557  21.889 0.4000000060
36067  46.270  -43.312  21.384 0.4000000060
37782  43.195  -41.426  22.509 0.5000000000
37783  42.266  -41.322  22.703 0.5000000000
37792  44.509  -41.309  21.727 0.5000000000
36867  44.821  -42.100  22.008 0.4000000060
36857  44.284  -42.598  22.487 0.4000000060
112679  46.359  -42.587  21.103 0.4000000060
36866  45.612  -42.573  21.586 0.4000000060
36856  44.956  -42.985  22.224 0.4000000060
36077  47.011  -43.024  20.756 0.4000000060
37781  44.082  -41.673  22.320 0.5000000000
37800  45.470  -41.124  20.512 0.4000000060
37799  46.295  -41.512  20.218 0.4000000060
123027  46.168  -41.469  16.992 0.4000000060
37822  46.904  -41.714  18.834 0.4000000060
36889  46.963  -41.860  19.845 0.4000000060
36905  46.949  -41.927  16.719 0.4000000060
37828  46.833  -41.757  17.722 0.4000000060
38646  42.637  -40.693  21.942 0.5000000000
37793  43.666  -40.813  21.693 0.5000000000
37801  44.442  -40.739  20.886 0.4000000060
42400  50.199  -35.909  13.572 0.3000000119
37791  45.240  -41.525  21.380 0.4000000060
41474  49.653  -37.514  14.148 0.3000000119
37813  45.694  -41.027  19.551 0.4000000060
41486  49.780  -37.748  13.034 0.3000000119
40561  49.370  -38.378  13.780 0.3000000119
40563  48.101  -39.420  14.708 0.3000000119
39548  47.363  -40.002  14.988 0.3000000119
37846  45.964  -40.888  16.583 0.4000000060
37829  45.935  -41.301  17.674 0.4000000060
37823  45.940  -41.208  18.586 0.4000000060
39560  48.554  -39.578  13.952 0.3000000119
38728  47.087  -40.723  15.182 0.3000000119
38710  46.517  -40.812  15.910 0.4000000060
38654  42.689  -40.449  20.828 0.4000000060
124103  43.378  -40.493  20.582 0.4000000060
38665  44.566  -40.627  19.535 0.4000000060
38666  43.542  -40.393  19.753 0.4000000060
42401  49.900  -36.606  14.445 0.3000000119
41446  49.395  -36.930  16.021 0.3000000119
40546  48.436  -38.669  15.380 0.3000000119
40532  47.759  -38.769  16.096 0.3000000119
39531  46.578  -39.642  16.265 0.4000000060
39532  46.147  -40.322  16.373 0.4000000060
37824  45.205  -40.868  17.889 0.4000000060
41475  49.201  -38.149  14.817 0.3000000119
40547  47.625  -39.303  15.466 0.3000000119
120046  47.054  -39.690  15.666 0.3000000119
38655  41.907  -40.328  21.076 0.4000000060
41433  48.499  -37.087  17.443 0.3000000119
40513  46.718  -38.222  18.388 0.3000000119
40514  45.297  -39.353  17.922 0.4000000060
121209  45.835  -38.614  18.557 0.4000000060
39515  44.054  -39.911  18.377 0.4000000060
38692  43.549  -40.028  18.831 0.4000000060
42371  49.457  -36.154  16.097 0.3000000119
123854  48.339  -37.781  16.956 0.3000000119
40522  47.098  -38.449  17.506 0.3000000119
40524  45.704  -39.493  17.365 0.4000000060
38696  44.459  -40.106  17.987 0.4000000060
38691  44.057  -40.156  18.470 0.4000000060
41447  48.877  -37.401  16.578 0.3000000119
41448  47.797  -38.328  16.840 0.3000000119
40523  46.397  -39.206  17.038 0.4000000060
39523  45.023  -39.973  17.412 0.4000000060
38690  44.553  -40.452  18.148 0.4000000060
41461  49.036  -37.805  15.748 0.3000000119
105245  47.109  -38.907  16.595 0.3000000119
38711  45.533  -40.431  16.987 0.4000000060
38678  44.955  -40.769  18.647 0.4000000060
40483  43.895  -38.400  20.346 0.4000000060
39491  42.129  -39.894  20.321 0.4000000060
120789  46.520  -37.821  19.176 0.3000000119
40497  44.420  -38.623  19.662 0.4000000060
39501  43.720  -39.607  18.943 0.4000000060
38681  42.677  -40.011  19.819 0.4000000060
40496  45.480  -38.267  19.371 0.4000000060
38680  43.154  -40.095  19.331 0.4000000060
40555  30.536  -38.719  15.083 0.6000000238
39556  29.232  -39.384  15.617 0.6000000238
41468  30.220  -37.209  15.090 0.5000000000
40570  30.144  -37.872  14.997 0.5000000000
119337  29.665  -37.562  15.475 0.5000000000
42397  29.794  -37.259  15.800 0.5000000000
42376  30.139  -37.067  16.523 0.5000000000
42363  30.751  -36.668  17.288 0.5000000000
47669  32.609  -30.757  18.514 0.3000000119
117280  32.335  -29.870  17.997 0.3000000119
47683  32.026  -30.713  17.675 0.3000000119
49523  33.952  -28.771  20.768 0.3000000119
48592  33.617  -29.367  20.233 0.3000000119
48602  33.291  -29.805  19.530 0.3000000119
48603  32.796  -29.227  18.824 0.3000000119
127188  32.329  -28.992  18.020 0.3000000119
108915  31.783  -30.011  17.062 0.3000000119
48615  31.945  -29.176  17.266 0.3000000119
49533  33.402  -28.582  20.121 0.3000000119
48593  33.211  -29.085  19.621 0.3000000119
49534  32.959  -28.417  19.327 0.3000000119
49542  32.499  -28.329  18.497 0.3000000119
49552  32.081  -28.335  17.626 0.3000000119
49553  31.706  -28.428  16.647 0.3000000119
49566  31.218  -28.522  15.719 0.3000000119
108640  34.553  -27.279  21.572 0.3000000119
50431  33.651  -27.965  20.614 0.3000000119
50448  33.207  -27.788  19.838 0.3000000119
122501  33.025  -27.090  19.657 0.3000000119
50449  32.708  -27.504  19.010 0.3000000119
112093  32.465  -26.878  18.440 0.3000000119
50460  32.263  -27.552  18.100 0.3000000119
52269  34.356  -25.676  21.737 0.3000000119
51378  33.549  -26.504  20.717 0.3000000119
115337  33.400  -27.185  20.318 0.3000000119
51397  32.724  -26.505  19.137 0.3000000119
120766  32.203  -26.752  17.643 0.3000000119
53130  33.347  -25.044  20.660 0.3000000119
51396  33.119  -26.478  19.974 0.3000000119
52302  32.891  -25.785  19.611 0.3000000119
116241  32.483  -26.057  18.217 0.3000000119
53116  33.841  -24.943  21.381 0.3000000119
53146  33.051  -24.327  20.038 0.3000000119
53147  32.719  -24.998  19.230 0.3000000119
120479  33.442  -24.232  20.967 0.3000000119
54822  33.600  -22.702  20.944 0.3000000119
55763  34.008  -21.886  21.351 0.3000000119
36888  47.512  -42.375  19.444 0.4000000060
34376  45.045  -45.227  22.239 0.4000000060
112101  45.753  -45.042  21.721 0.4000000060
36076  47.741  -43.004  20.057 0.4000000060
111851  46.820  -43.940  21.070 0.4000000060
36923  47.199  -42.071  15.844 0.4000000060
36904  47.547  -42.441  17.299 0.4000000060
36897  47.572  -42.357  18.390 0.4000000060
41485  50.275  -37.107  12.207 0.3000000119
41496  49.964  -37.936  11.856 0.3000000119
40573  49.128  -39.221  13.404 0.3000000119
105887  48.843  -40.103  13.247 0.3000000119
38738  47.609  -40.771  14.438 0.3000000119
37857  47.104  -41.492  15.394 0.3000000119
42412  50.325  -36.355  12.589 0.3000000119
43284  49.863  -35.678  14.690 0.3000000119
42372  49.103  -36.422  16.784 0.3000000119
43277  49.470  -35.404  15.628 0.3000000119
42327  45.002  -37.054  21.107 0.4000000060
41414  45.473  -37.221  20.598 0.4000000060
41423  46.005  -37.489  19.972 0.4000000060
41422  47.362  -37.313  19.046 0.3000000119
41434  47.872  -37.206  18.242 0.3000000119
41403  44.238  -37.124  21.343 0.4000000060
38733  29.440  -39.986  15.876 0.6000000238
52252  35.023  -25.615  22.354 0.3000000119
53115  34.553  -24.706  22.102 0.3000000119
53957  34.368  -23.675  21.962 0.3000000119
54821  34.137  -22.818  21.662 0.3000000119
123351  34.515  -22.255  22.017 0.3000000119
120005  50.197  -35.174  13.154 0.3000000119
111615  43.745  -44.651  22.689 0.4000000060
41460  49.530  -37.256  15.148 0.3000000119
40498  43.389  -39.197  19.729 0.4000000060
50410  33.893  -27.269  21.027 0.3000000119
50472  31.930  -27.532  17.112 0.3000000119
52303  32.636  -25.738  18.950 0.3000000119
56743  34.562  -20.492  21.793 0.3000000119
33492  44.752  -46.163  22.223 0.3000000119
127116  45.463  -45.749  21.888 0.3000000119
31631  37.229  -48.014  16.860 0.6000000238
32607  36.894  -47.391  16.451 0.6999999881
31633  36.045  -48.333  17.537 0.6999999881
35267  46.618  -44.917  21.201 0.3000000119
27024  40.908  -53.140  24.638 0.3000000119
27926  41.082  -52.424  23.431 0.3000000119
32608  34.059  -47.245  16.646 0.6999999881
32557  44.391  -47.866  21.789 0.3000000119
32598  34.506  -47.745  17.277 0.6999999881
125177  35.065  -47.691  17.319 0.6999999881
32555  45.808  -47.249  21.343 0.3000000119
34386  46.138  -45.762  21.502 0.3000000119
33547  35.975  -47.275  16.543 0.6999999881
33500  46.334  -46.525  21.231 0.3000000119
34408  47.888  -45.471  19.944 0.3000000119
122692  47.405  -45.993  20.429 0.3000000119
34396  46.799  -45.824  20.954 0.3000000119
35286  48.677  -44.473  18.261 0.3000000119
35277  48.382  -44.051  19.198 0.3000000119
35278  47.856  -44.516  20.011 0.3000000119
27943  41.442  -52.136  22.671 0.3000000119
30645  43.396  -49.601  21.554 0.4000000060
33570  34.332  -46.238  15.630 0.6999999881
31591  44.673  -48.623  21.402 0.3000000119
31592  43.728  -48.636  21.787 0.3000000119
116837  34.760  -46.677  16.051 0.6999999881
116820  34.970  -47.193  16.655 0.6999999881
33509  46.945  -46.592  20.695 0.3000000119
123807  47.881  -46.191  19.960 0.3000000119
111420  47.225  -44.466  20.687 0.3000000119
34417  48.871  -45.392  18.570 0.3000000119
28793  42.375  -51.336  21.599 0.4000000060
126485  33.659  -46.146  15.748 0.6999999881
29672  43.922  -50.215  21.146 0.3000000119
30644  44.246  -49.375  21.324 0.3000000119
32566  46.073  -48.099  20.966 0.3000000119
31590  45.397  -48.689  21.032 0.3000000119
33569  35.040  -45.847  14.989 0.6999999881
122645  47.109  -47.222  20.493 0.3000000119
36093  48.068  -43.061  17.912 0.3000000119
36087  47.972  -43.689  19.782 0.3000000119
107583  48.429  -43.865  16.651 0.3000000119
36101  48.441  -43.760  17.524 0.3000000119
34451  34.339  -45.466  15.261 0.6999999881
30661  45.493  -49.385  20.681 0.3000000119
34460  34.819  -45.081  14.697 0.6999999881
30659  46.963  -49.188  20.188 0.3000000119
31600  46.567  -48.670  20.483 0.3000000119
36102  48.117  -43.162  16.761 0.3000000119
30660  46.302  -49.484  20.362 0.3000000119
35329  35.469  -44.490  14.399 0.6999999881
36922  47.550  -42.575  16.265 0.3000000119
41413  46.212  -36.659  20.476 0.3000000119
30709  38.622  -49.074  16.000 0.5000000000
30696  35.703  -49.082  17.683 0.6999999881
30694  37.266  -48.850  17.034 0.6000000238
30695  36.545  -49.031  17.463 0.6000000238
31643  37.901  -48.489  16.407 0.6000000238
32600  32.776  -47.801  17.021 0.6999999881
32609  33.234  -47.181  16.578 0.6999999881
27056  42.079  -52.410  22.351 0.3000000119
33549  32.936  -46.595  16.243 0.6999999881
28792  43.174  -51.652  21.319 0.4000000060
34453  32.817  -45.638  15.926 0.6999999881
28809  43.742  -51.097  20.922 0.4000000060
114947  43.045  -50.609  21.395 0.4000000060
35324  33.206  -45.125  15.854 0.6999999881
29689  44.339  -50.696  20.753 0.3000000119
29688  44.997  -50.822  20.520 0.3000000119
122596  45.613  -51.040  20.266 0.3000000119
33502  44.953  -47.117  21.745 0.3000000119
34452  33.610  -45.696  15.606 0.6999999881
31632  36.741  -48.360  17.315 0.6000000238
122125  46.424  -50.221  20.047 0.3000000119
28808  44.414  -51.420  20.621 0.3000000119
116043  41.788  -52.115  14.509 0.5000000000
30725  40.729  -49.845  14.629 0.5000000000
28866  40.509  -51.189  14.844 0.5000000000
28876  42.284  -50.983  14.383 0.4000000060
27137  32.544  -52.987  15.438 0.4000000060
26221  30.550  -54.405  16.596 0.5000000000
29743  40.995  -50.451  14.600 0.4000000060
30726  40.083  -49.534  15.113 0.5000000000
25279  28.755  -55.823  17.079 0.4000000060
24354  27.421  -56.766  17.006 0.4000000060
26220  31.335  -54.073  15.944 0.5000000000
30727  39.198  -49.620  15.607 0.4000000060
24346  27.335  -56.010  17.391 0.4000000060
24363  26.292  -57.170  17.023 0.4000000060
25266  29.062  -55.109  17.377 0.4000000060
27139  30.903  -53.712  16.817 0.5000000000
26206  30.183  -54.056  17.338 0.4000000060
28013  32.319  -52.510  16.501 0.5000000000
29731  34.357  -50.953  16.681 0.4000000060
30710  37.812  -49.474  16.525 0.5000000000
111330  35.893  -50.493  16.856 0.4000000060
30711  37.090  -49.723  17.055 0.4000000060
113977  26.623  -56.222  17.350 0.4000000060
25283  23.300  -55.307  16.377 0.4000000060
26208  28.334  -54.588  17.420 0.4000000060
26226  24.553  -54.072  16.433 0.4000000060
27124  30.380  -53.268  17.211 0.5000000000
26207  29.325  -54.319  17.343 0.4000000060
27142  25.935  -53.592  16.615 0.4000000060
27123  31.087  -53.085  17.060 0.5000000000
28017  26.724  -52.520  16.436 0.4000000060
113479  25.806  -52.766  16.414 0.4000000060
28854  32.761  -51.667  16.762 0.5000000000
28858  27.144  -51.711  16.293 0.4000000060
115518  27.164  -50.923  16.156 0.4000000060
29732  33.512  -51.126  16.800 0.6000000238
29719  34.522  -50.105  17.319 0.6000000238
29718  35.379  -49.899  17.368 0.5000000000
25282  24.282  -55.412  16.507 0.4000000060
119819  23.963  -54.673  16.388 0.4000000060
25269  26.893  -55.542  17.405 0.4000000060
26225  25.333  -54.128  16.579 0.4000000060
27125  29.650  -53.536  17.313 0.5000000000
27126  28.650  -53.573  17.192 0.4000000060
28004  30.597  -52.446  17.251 0.5000000000
28016  27.548  -52.491  16.541 0.4000000060
122506  26.483  -53.157  16.565 0.4000000060
28855  31.867  -51.856  17.196 0.5000000000
29721  32.698  -50.666  17.320 0.5000000000
29736  27.579  -50.344  16.124 0.4000000060
29720  33.745  -50.371  17.262 0.6000000238
30697  34.775  -49.196  17.676 0.6000000238
109009  24.803  -54.721  16.560 0.4000000060
26209  27.435  -54.443  17.306 0.4000000060
118584  25.475  -54.750  16.801 0.4000000060
26223  26.776  -53.852  16.937 0.4000000060
27140  27.883  -53.112  16.808 0.4000000060
117330  31.114  -51.918  17.324 0.5000000000
28857  28.078  -51.860  16.501 0.4000000060
28841  32.075  -51.129  17.364 0.5000000000
110673  27.810  -51.074  16.248 0.4000000060
31634  35.137  -48.273  17.650 0.6000000238
30698  33.752  -49.423  17.598 0.6000000238
112854  33.102  -50.017  17.461 0.6000000238
106952  25.680  -56.254  17.168 0.4000000060
25280  26.062  -55.308  17.225 0.4000000060
27127  27.706  -53.770  17.126 0.4000000060
27141  27.177  -53.132  16.680 0.4000000060
28005  29.810  -52.725  17.191 0.5000000000
28006  29.127  -52.922  17.019 0.5000000000
28014  29.062  -52.086  16.797 0.5000000000
28844  29.881  -52.012  17.119 0.5000000000
28842  31.191  -51.127  17.444 0.5000000000
28843  30.429  -51.578  17.270 0.5000000000
28856  29.555  -51.211  16.942 0.5000000000
112171  28.636  -51.163  16.531 0.4000000060
30699  32.433  -49.915  17.577 0.6000000238
29734  29.131  -50.343  16.622 0.5000000000
30715  28.721  -49.630  16.268 0.4000000060
31635  34.171  -48.475  17.554 0.6000000238
31636  33.216  -48.516  17.483 0.6000000238
30700  31.153  -49.762  17.535 0.6000000238
29723  30.940  -50.350  17.501 0.5000000000
120512  29.660  -50.564  16.949 0.5000000000
115909  32.761  -49.274  17.582 0.6000000238
30701  30.484  -49.816  17.283 0.6000000238
115594  29.790  -49.993  16.948 0.5000000000
31637  32.225  -48.513  17.333 0.6000000238
32599  33.654  -47.795  17.192 0.6000000238
33551  31.018  -46.866  16.091 0.5000000000
108019  31.697  -46.757  16.315 0.6000000238
32612  30.409  -47.486  16.019 0.5000000000
32610  32.324  -47.077  16.448 0.6000000238
32611  31.278  -47.424  16.320 0.6000000238
31646  30.456  -48.214  16.317 0.5000000000
31647  29.599  -48.670  16.225 0.5000000000
125231  31.607  -48.777  17.326 0.6000000238
30713  30.074  -49.173  16.790 0.5000000000
112114  29.376  -49.461  16.496 0.5000000000
30729  28.500  -48.974  16.001 0.5000000000
34441  31.601  -46.304  16.391 0.5000000000
34430  31.399  -45.600  17.145 0.5000000000
33550  32.381  -46.285  16.205 0.6000000238
31645  31.404  -48.253  16.859 0.6000000238
29745  39.318  -50.619  15.487 0.4000000060
29728  38.424  -50.203  16.010 0.4000000060
114444  40.801  -52.485  14.486 0.5000000000
28867  39.759  -51.504  15.081 0.5000000000
28877  41.206  -51.360  14.589 0.5000000000
29744  40.298  -50.499  15.073 0.5000000000
27138  31.720  -53.263  16.343 0.5000000000
25267  28.369  -55.387  17.383 0.4000000060
25268  27.609  -55.282  17.422 0.4000000060
115016  26.211  -51.928  16.329 0.4000000060
26210  26.784  -54.774  17.278 0.4000000060
25281  25.165  -55.424  16.826 0.4000000060
26227  23.762  -54.059  16.398 0.3000000119
27144  24.287  -53.446  16.432 0.3000000119
28859  26.489  -51.150  16.232 0.3000000119
28018  24.800  -52.782  16.405 0.3000000119
28860  25.173  -51.958  16.425 0.3000000119
116321  24.213  -52.194  16.592 0.3000000119
24248  36.659  -55.902  26.458 0.5000000000
24256  35.632  -56.079  25.325 0.5000000000
24345  28.003  -56.020  17.323 0.4000000060
25158  36.340  -55.166  26.268 0.5000000000
25271  42.445  -55.214  15.810 0.5000000000
26074  37.386  -54.776  27.001 0.5000000000
26075  36.800  -54.502  26.545 0.5000000000
26086  36.229  -54.401  25.964 0.5000000000
26087  35.723  -54.305  25.248 0.5000000000
26101  35.566  -54.198  24.386 0.5000000000
26173  38.685  -54.595  19.642 0.4000000060
26224  26.041  -54.355  16.935 0.4000000060
26229  43.297  -54.118  14.839 0.5000000000
26231  42.109  -55.013  15.379 0.5000000000
26240  42.795  -54.258  14.718 0.5000000000
27009  39.028  -53.272  26.091 0.3000000119
27026  35.917  -53.480  24.143 0.5000000000
27129  43.372  -53.698  15.414 0.5000000000
27130  42.700  -54.402  16.139 0.5000000000
27143  25.146  -53.450  16.433 0.4000000060
27159  43.020  -53.676  14.632 0.5000000000
27897  36.932  -52.842  25.214 0.5000000000
27906  40.765  -52.657  24.102 0.3000000119
27909  38.278  -52.304  24.828 0.4000000060
27911  36.799  -52.680  24.543 0.5000000000
27928  39.508  -52.088  24.291 0.4000000060
27930  36.666  -52.667  23.514 0.6000000238
27944  40.657  -51.753  23.023 0.5000000000
27958  41.855  -51.787  22.025 0.3000000119
27969  43.852  -51.985  20.831 0.3000000119
27982  37.598  -51.958  20.257 0.6000000238
28003  31.487  -52.538  17.015 0.5000000000
28015  28.380  -52.663  16.767 0.5000000000
28021  43.616  -52.781  15.060 0.5000000000
28029  43.308  -52.786  14.703 0.5000000000
28767  38.528  -51.400  23.690 0.5000000000
28795  40.711  -50.693  22.199 0.5000000000
28819  38.135  -51.297  19.224 0.6000000238
28832  39.117  -51.464  17.997 0.6000000238
28833  38.610  -51.421  18.551 0.6000000238
28839  40.501  -51.485  16.999 0.6000000238
28847  43.491  -51.771  15.250 0.6000000238
28865  43.651  -51.812  15.015 0.6000000238
28878  40.205  -52.108  14.666 0.5000000000
29661  38.651  -50.518  22.400 0.6000000238
29673  42.060  -50.504  21.682 0.5000000000
29675  40.121  -50.004  22.142 0.5000000000
29678  37.775  -50.709  21.371 0.6000000238
29687  45.705  -50.243  20.394 0.3000000119
29698  46.197  -50.875  19.950 0.3000000119
29716  39.322  -50.664  17.756 0.6000000238
29717  36.237  -49.797  17.304 0.6000000238
29722  31.764  -50.323  17.572 0.6000000238
29730  35.177  -50.730  16.687 0.4000000060
29733  30.258  -50.671  17.258 0.5000000000
29735  28.308  -50.375  16.268 0.4000000060
29750  41.824  -50.301  14.242 0.6000000238
30643  44.937  -49.210  21.063 0.3000000119
30647  41.648  -49.748  21.909 0.4000000060
30662  44.791  -49.964  20.795 0.3000000119
30706  43.427  -50.000  15.391 0.6999999881
30712  30.945  -49.011  17.223 0.6000000238
30714  29.048  -49.014  16.099 0.5000000000
30724  43.687  -50.175  14.964 0.6999999881
31580  41.419  -48.133  22.418 0.4000000060
31595  39.716  -48.481  21.454 0.6000000238
31599  47.310  -48.545  20.171 0.3000000119
31601  45.951  -48.855  20.691 0.3000000119
31602  39.371  -48.333  20.844 0.5000000000
31612  38.647  -48.785  19.854 0.6000000238
31622  38.595  -49.012  19.213 0.6999999881
31641  42.678  -48.615  16.313 0.8000000119
31644  32.002  -47.784  16.800 0.6000000238
31657  43.273  -49.299  14.263 0.6000000238
31658  43.175  -48.719  14.926 0.6999999881
31666  42.693  -49.092  13.669 0.6999999881
32545  44.012  -47.031  22.306 0.4000000060
32556  45.242  -47.954  21.402 0.3000000119
32565  46.849  -47.890  20.484 0.3000000119
32578  39.843  -47.679  19.683 0.6000000238
32594  41.993  -47.233  17.058 0.8000000119
32595  41.655  -47.270  17.597 0.8000000119
32596  36.475  -47.753  17.147 0.6999999881
32597  35.628  -47.693  17.260 0.6999999881
32605  42.219  -47.470  16.200 0.8000000119
32606  37.731  -47.625  16.141 0.6000000238
32624  42.199  -47.673  15.169 0.8000000119
32625  39.092  -47.938  14.874 0.8000000119
32631  42.040  -47.847  14.037 0.8000000119
32632  39.860  -47.760  13.497 0.8999999762
32634  38.222  -47.020  14.436 0.6999999881
32636  41.718  -47.872  13.202 0.8999999762
32640  41.355  -47.375  12.787 0.8999999762
32641  40.990  -47.263  12.496 0.8999999762
32642  40.378  -46.971  12.341 0.8999999762
33494  41.138  -46.635  22.284 0.5000000000
33501  45.581  -46.439  21.656 0.3000000119
33503  40.652  -46.437  21.802 0.6000000238
33508  47.546  -46.741  20.269 0.3000000119
33548  33.659  -46.588  16.118 0.6999999881
33565  40.920  -46.945  14.946 0.8999999762
33571  33.125  -46.124  15.867 0.6999999881
33579  36.874  -46.244  14.400 0.8000000119
33582  41.287  -46.726  12.917 0.8999999762
33589  39.154  -46.380  12.448 0.8000000119
33590  40.609  -46.017  11.802 0.8999999762
34395  47.302  -45.195  20.561 0.3000000119
34397  40.376  -45.880  19.988 0.6999999881
34399  38.611  -45.022  20.079 0.8000000119
34407  48.467  -44.962  19.295 0.3000000119
34418  40.776  -46.116  18.356 0.8000000119
34426  49.006  -45.174  17.527 0.3000000119
34459  35.622  -45.371  14.499 0.6999999881
34464  40.771  -45.369  13.092 0.8999999762
34467  36.860  -45.297  13.642 0.8000000119
34474  39.413  -45.142  11.726 1.0000000000
35241  41.033  -43.800  23.269 0.6000000238
35249  41.735  -44.802  22.872 0.6000000238
35257  46.072  -44.197  21.597 0.4000000060
35266  47.485  -43.761  20.445 0.3000000119
35280  37.542  -44.191  19.651 0.8000000119
35287  38.163  -45.103  18.574 0.8000000119
35296  48.705  -44.452  17.029 0.3000000119
35297  38.318  -45.174  17.653 0.8000000119
35298  37.573  -43.896  17.465 0.8000000119
35299  33.160  -44.162  17.163 0.8000000119
35327  39.288  -44.396  14.440 0.8999999762
35334  41.160  -44.838  12.197 0.8999999762
35341  38.518  -44.833  12.189 0.8000000119
35344  41.121  -44.693  11.682 1.0000000000
36059  44.391  -43.312  22.521 0.4000000060
36060  43.753  -43.207  22.812 0.5000000000
36105  32.737  -43.639  17.865 0.6000000238
36116  47.933  -43.220  15.730 0.3000000119
36147  40.740  -43.625  11.448 1.0000000000
36148  39.884  -43.798  11.472 1.0000000000
36859  42.667  -42.118  23.074 0.5000000000
36860  39.320  -42.644  22.862 0.6999999881
36861  38.517  -42.688  22.448 0.6999999881
36868  37.784  -42.626  21.990 0.6999999881
36869  37.166  -42.570  21.359 0.6999999881
36876  47.278  -42.450  20.204 0.4000000060
36877  46.672  -42.215  20.533 0.4000000060
36878  46.022  -41.857  20.967 0.4000000060
36891  36.512  -41.954  19.509 0.6999999881
36898  37.065  -42.987  18.399 0.8000000119
36907  36.727  -41.733  18.049 0.8000000119
36910  32.931  -42.853  18.068 0.6000000238
36925  35.375  -42.098  15.748 0.8999999762
36933  38.367  -41.860  14.831 0.6999999881
36934  37.619  -42.520  16.002 0.8000000119
36948  36.147  -43.106  13.761 0.8999999762
36952  40.938  -42.762  11.666 1.0000000000
36955  40.763  -42.616  11.473 1.0000000000
37771  41.788  -41.937  23.228 0.6999999881
37772  40.977  -41.793  23.229 0.6000000238
37812  46.424  -41.445  19.454 0.4000000060
37830  45.560  -40.987  17.142 0.4000000060
37831  37.087  -41.624  17.352 0.8000000119
37832  34.211  -41.300  17.493 0.8999999762
37845  46.520  -41.394  16.327 0.4000000060
37866  36.026  -41.965  14.600 0.8999999762
38649  39.173  -40.784  22.197 0.6999999881
38650  38.558  -40.825  22.014 0.6000000238
38656  41.160  -40.243  21.528 0.5000000000
38657  40.332  -40.199  21.821 0.5000000000
38659  38.061  -40.487  21.720 0.6000000238
38667  42.270  -40.131  20.340 0.4000000060
38669  36.984  -40.106  21.016 0.6000000238
38670  36.641  -40.104  20.422 0.6999999881
38679  43.711  -40.281  18.950 0.4000000060
38695  44.967  -40.451  17.596 0.4000000060
38702  31.783  -40.774  17.546 0.6000000238
38717  31.197  -40.302  16.946 0.6999999881
38749  37.370  -40.373  12.831 1.0000000000
38756  41.319  -40.588  11.305 1.0000000000
38765  41.755  -39.893  10.859 1.0000000000
39484  39.069  -39.545  21.699 0.6000000238
39485  38.207  -39.629  21.541 0.6000000238
39490  42.707  -39.559  20.024 0.4000000060
39502  43.106  -39.898  19.319 0.4000000060
39503  36.628  -39.484  19.338 0.6999999881
39514  44.558  -39.797  17.970 0.4000000060
39516  37.102  -39.330  17.900 0.6999999881
39522  45.803  -39.892  16.828 0.4000000060
39533  35.502  -38.541  16.519 0.8999999762
39549  46.725  -40.183  15.699 0.3000000119
39550  38.395  -39.740  15.372 0.8000000119
39561  48.079  -40.122  14.156 0.3000000119
39563  38.829  -39.487  14.690 0.8999999762
39565  36.919  -39.422  14.446 1.0000000000
39569  40.038  -39.425  13.265 1.0000000000
39571  36.698  -40.081  14.399 0.8999999762
39583  41.936  -38.880  10.739 1.0000000000
39584  41.934  -39.552  10.932 1.0000000000
39587  39.092  -39.268  11.563 1.0000000000
40472  41.587  -38.671  21.213 0.5000000000
40473  40.969  -38.336  21.445 0.5000000000
40485  38.025  -37.940  21.027 0.6000000238
40487  36.895  -38.887  20.273 0.6999999881
40500  36.806  -38.874  19.661 0.6999999881
40515  44.698  -39.227  18.625 0.4000000060
40531  48.393  -38.148  16.276 0.3000000119
40533  37.823  -39.055  16.550 0.8000000119
40535  34.769  -38.201  16.737 0.8999999762
40551  35.857  -37.902  16.267 0.8999999762
40562  48.808  -38.931  14.363 0.3000000119
40566  37.404  -38.330  14.367 1.0000000000
40574  40.759  -38.398  12.855 1.0000000000
40576  38.273  -38.404  12.987 1.0000000000
40584  38.569  -38.726  12.264 1.0000000000
40588  42.100  -38.755  10.863 1.0000000000
41407  39.502  -37.850  21.490 0.6000000238
41415  44.627  -37.731  20.626 0.4000000060
41417  37.645  -37.736  20.384 0.6000000238
41424  45.223  -37.843  20.064 0.4000000060
41426  37.476  -37.609  19.572 0.6000000238
41439  47.890  -37.798  17.566 0.3000000119
41479  36.932  -37.735  15.190 1.0000000000
41498  41.952  -37.402  11.674 1.0000000000
41506  42.207  -37.764  10.980 1.0000000000
41509  41.953  -37.249  10.686 1.0000000000
41510  41.862  -38.043  10.689 1.0000000000
41511  41.576  -37.911  10.706 1.0000000000
42317  44.816  -36.442  21.405 0.4000000060
42318  43.518  -36.686  21.740 0.5000000000
42321  38.702  -36.728  20.997 0.6999999881
42351  47.757  -36.555  18.745 0.3000000119
42387  49.665  -36.348  15.388 0.3000000119
42392  35.517  -36.446  15.491 0.8999999762
42393  34.577  -36.448  14.802 0.8999999762
42408  32.190  -36.009  13.824 0.6999999881
42413  50.124  -36.883  13.399 0.3000000119
42416  39.377  -35.594  13.120 1.0000000000
42421  50.505  -36.300  11.313 0.3000000119
42428  42.255  -36.211  10.858 1.0000000000
42429  41.099  -36.740  11.026 1.0000000000
42432  42.099  -36.461  10.738 1.0000000000
42434  41.516  -36.846  10.815 1.0000000000
43207  40.622  -35.618  21.480 0.6999999881
43219  38.798  -35.750  20.236 0.6999999881
43231  38.829  -35.529  19.343 0.6999999881
43252  39.615  -35.335  17.479 0.8000000119
43253  33.361  -36.054  18.010 0.5000000000
43268  39.836  -35.865  15.948 0.8000000119
43270  33.725  -35.803  16.603 0.6999999881
43278  40.450  -35.515  15.449 0.8000000119
43286  40.679  -35.736  14.721 0.8000000119
43298  33.799  -34.939  12.723 0.8999999762
43312  40.588  -36.263  11.459 1.0000000000
43315  42.240  -35.815  10.795 1.0000000000
43316  42.080  -36.059  10.699 1.0000000000
43317  41.732  -36.358  10.761 1.0000000000
43997  43.408  -34.210  22.146 0.6000000238
44009  40.014  -34.921  20.355 0.6999999881
44020  39.881  -34.712  19.480 0.6999999881
44028  40.335  -34.426  18.176 0.6999999881
44077  32.966  -35.023  13.352 0.8000000119
44091  42.565  -34.688  11.012 1.0000000000
44092  42.512  -34.589  11.671 1.0000000000
44095  35.000  -34.028  12.241 1.0000000000
44096  34.691  -34.282  12.452 1.0000000000
44868  44.476  -33.242  21.571 0.4000000060
44879  40.865  -33.883  20.384 0.6999999881
44893  34.394  -33.127  19.118 0.3000000119
44902  36.501  -32.993  18.389 0.3000000119
44904  34.381  -33.710  18.806 0.3000000119
45758  42.236  -32.601  21.574 0.6999999881
45795  40.677  -32.676  17.448 0.6999999881
45855  39.279  -31.368  11.239 0.8999999762
45858  42.913  -32.647  10.458 1.0000000000
45859  42.210  -31.611  10.167 0.8999999762
46657  43.451  -31.618  21.551 0.6000000238
46666  41.128  -31.686  20.464 0.6000000238
46674  40.656  -31.440  19.183 0.6000000238
46700  37.266  -31.605  17.848 0.4000000060
46738  36.012  -31.375  12.154 0.6999999881
46743  36.392  -31.413  11.741 0.6999999881
46750  37.333  -30.254  11.478 0.6999999881
46751  42.920  -31.856  10.170 1.0000000000
46753  41.757  -30.765  10.335 0.8000000119
47646  35.390  -30.388  20.654 0.3000000119
47733  43.004  -30.484  10.856 0.6999999881
47734  36.791  -30.076  11.752 0.6999999881
47738  41.454  -29.889  10.633 0.6999999881
48560  44.932  -29.547  21.294 0.4000000060
48561  43.381  -29.798  21.598 0.5000000000
48564  35.860  -29.091  21.247 0.3000000119
48565  35.240  -29.229  21.253 0.3000000119
48577  41.467  -29.422  20.934 0.6000000238
48591  36.994  -29.957  20.272 0.3000000119
48669  42.628  -29.536  11.375 0.6999999881
48673  38.096  -28.799  11.871 0.6999999881
48675  42.226  -29.583  10.804 0.6999999881
49503  42.478  -28.617  21.434 0.5000000000
49532  37.523  -28.678  20.053 0.3000000119
49564  38.878  -27.902  16.696 0.3000000119
49599  41.579  -28.563  11.914 0.5000000000
50403  43.209  -27.284  21.494 0.4000000060
50404  42.516  -27.190  21.223 0.4000000060
50406  36.927  -27.000  21.643 0.3000000119
50408  35.249  -27.254  21.976 0.4000000060
50426  42.069  -27.150  20.664 0.4000000060
50430  34.235  -28.075  21.223 0.3000000119
50481  42.390  -26.798  15.863 0.5000000000
51355  44.683  -26.639  21.511 0.4000000060
51359  34.133  -26.506  21.394 0.3000000119
51403  41.565  -26.618  18.745 0.5000000000
51405  38.727  -26.644  18.363 0.4000000060
51413  41.821  -26.704  17.829 0.5000000000
52249  37.304  -25.470  22.202 0.3000000119
52250  36.581  -25.693  22.519 0.3000000119
52267  42.912  -25.984  21.064 0.4000000060
52270  33.651  -25.758  21.107 0.3000000119
52286  33.249  -25.797  20.354 0.3000000119
52299  42.006  -25.411  19.703 0.4000000060
53129  38.256  -25.117  20.919 0.3000000119
53958  33.729  -23.495  21.300 0.3000000119
53963  44.451  -23.765  20.455 0.3000000119
53964  43.543  -23.701  20.311 0.4000000060
53967  33.334  -23.465  20.521 0.3000000119
53973  46.245  -23.729  19.464 0.3000000119
55741  34.640  -21.409  22.114 0.3000000119
55774  44.811  -21.864  19.273 0.3000000119
105811  42.835  -40.236  19.977 0.4000000060
106087  38.420  -45.146  16.652 0.8000000119
106424  41.165  -45.081  11.866 0.8999999762
107095  34.882  -39.721  17.124 0.8999999762
107121  39.653  -38.649  13.849 0.8999999762
108045  35.651  -27.848  21.690 0.3000000119
108160  48.076  -43.134  19.070 0.3000000119
108538  44.550  -44.561  22.442 0.4000000060
109703  41.721  -34.593  21.722 0.6999999881
111290  40.191  -48.681  21.894 0.5000000000
111345  41.649  -33.059  13.689 0.8000000119
111386  37.478  -40.295  16.861 0.6999999881
112332  40.911  -42.750  12.111 1.0000000000
112411  37.370  -52.020  21.434 0.6000000238
112511  42.884  -50.657  14.199 0.6999999881
112578  42.581  -25.080  20.268 0.4000000060
112667  44.775  -31.010  21.089 0.5000000000
112766  35.212  -55.561  23.839 0.5000000000
113055  46.185  -38.875  17.788 0.4000000060
113299  37.486  -51.922  24.000 0.5000000000
113358  41.938  -30.999  21.406 0.6999999881
113732  47.372  -37.799  18.300 0.3000000119
115300  31.835  -49.346  17.562 0.6000000238
115623  36.101  -33.349  15.518 0.5000000000
115792  43.340  -50.951  14.435 0.6999999881
115881  40.339  -53.188  25.208 0.3000000119
116096  41.637  -22.887  17.071 0.3000000119
116365  32.868  -30.091  18.858 0.3000000119
116713  41.807  -46.783  22.546 0.5000000000
117184  43.567  -53.403  15.201 0.5000000000
117364  33.071  -25.189  19.967 0.3000000119
117486  46.520  -47.270  20.885 0.3000000119
117561  43.006  -32.329  10.265 1.0000000000
117605  36.227  -31.412  20.011 0.3000000119
118104  41.332  -46.508  17.961 0.8000000119
118200  41.944  -30.852  13.607 0.8000000119
118590  38.620  -35.067  13.843 1.0000000000
118753  36.453  -28.870  21.060 0.3000000119
119000  33.329  -35.260  13.031 0.8999999762
119063  34.586  -42.629  16.551 0.8999999762
119232  37.438  -29.544  13.641 0.4000000060
119260  42.917  -48.781  14.115 0.6999999881
119471  42.488  -28.727  12.128 0.6999999881
119622  40.722  -31.272  17.119 0.6000000238
119720  32.167  -37.904  14.574 0.6999999881
119787  40.706  -30.494  18.344 0.6000000238
120084  48.371  -43.690  18.419 0.3000000119
120327  44.257  -25.274  21.174 0.4000000060
120394  37.868  -26.740  20.464 0.3000000119
120471  38.234  -41.217  11.835 1.0000000000
120576  42.990  -36.238  22.055 0.5000000000
120583  37.607  -26.493  21.162 0.3000000119
120627  42.172  -36.077  22.082 0.5000000000
120948  38.107  -46.445  13.494 0.8000000119
121390  41.144  -29.389  19.037 0.5000000000
121407  34.351  -46.784  16.210 0.6999999881
122009  40.840  -34.971  15.763 0.6999999881
122045  25.788  -51.392  16.386 0.3000000119
122581  32.144  -45.163  17.194 0.6999999881
122586  33.957  -24.201  21.554 0.3000000119
122768  40.021  -45.702  20.774 0.6000000238
123343  39.858  -42.518  11.429 1.0000000000
123798  37.058  -35.176  14.586 1.0000000000
123876  41.234  -40.791  11.081 1.0000000000
124412  46.419  -41.491  18.195 0.4000000060
124463  40.371  -37.931  21.532 0.5000000000
124641  43.072  -38.521  20.630 0.5000000000
124663  35.387  -54.778  23.884 0.5000000000
124956  38.457  -26.976  18.646 0.3000000119
125060  47.217  -39.270  16.015 0.3000000119
125183  36.855  -42.932  12.875 1.0000000000
125223  31.567  -36.703  16.140 0.6999999881
125778  45.984  -41.194  16.769 0.4000000060
125787  40.896  -41.338  22.872 0.6999999881
125851  40.540  -48.962  17.225 0.8000000119
125922  37.743  -37.275  18.094 0.8000000119
126242  30.632  -37.326  14.683 0.5000000000
126243  47.050  -37.792  18.781 0.4000000060
126257  37.765  -28.809  16.561 0.3000000119
126289  36.898  -33.359  12.723 1.0000000000
126484  44.265  -40.447  18.641 0.4000000060
126623  33.256  -50.537  17.249 0.6000000238
126631  40.162  -45.722  19.516 0.6999999881
126773  40.858  -36.831  21.684 0.6000000238
127000  36.971  -25.972  22.321 0.3000000119
