#!ascii label  , from subject sub-v1s7x0051322_ses-1 vox2ras=TkReg
608
20137  22.648  -62.032  14.055 0.6000000238
16407  27.962  -65.569  20.525 0.6999999881
17275  27.262  -64.521  18.793 0.6999999881
125855  25.001  -64.731  16.850 0.8999999762
17303  24.319  -64.135  16.177 0.8000000119
18272  23.282  -63.727  15.176 0.8000000119
20127  22.534  -61.763  14.514 0.6000000238
20975  22.782  -61.246  14.303 0.6999999881
20966  24.280  -60.378  14.238 0.6999999881
17264  28.261  -64.874  20.160 0.6999999881
16392  28.155  -65.790  21.308 0.6999999881
16416  27.446  -65.232  19.632 0.6999999881
18216  27.098  -63.905  18.097 0.6000000238
17286  26.514  -64.636  18.221 0.6999999881
17295  25.652  -63.993  16.974 0.8000000119
17302  24.961  -63.876  16.496 0.8000000119
18254  23.734  -63.615  15.628 0.8000000119
19188  22.630  -62.456  15.035 0.6000000238
118733  22.453  -61.113  14.854 0.6000000238
20967  23.205  -60.421  14.461 0.6999999881
21740  24.798  -59.756  14.551 0.6999999881
16391  28.546  -65.148  20.952 0.5000000000
16368  28.427  -65.159  21.776 0.6000000238
17273  28.561  -64.243  19.943 0.4000000060
17274  27.990  -64.373  19.410 0.6000000238
17285  27.830  -63.626  18.683 0.5000000000
18234  26.877  -63.272  17.618 0.6000000238
17294  26.389  -63.980  17.561 0.8000000119
18252  25.463  -63.170  16.515 0.6999999881
19174  25.074  -62.370  16.285 0.6999999881
20112  23.523  -61.405  15.839 0.6999999881
117800  22.424  -61.128  15.137 0.5000000000
21742  22.727  -59.688  14.914 0.6000000238
21732  24.255  -59.298  15.139 0.6000000238
21741  23.689  -59.800  14.708 0.6000000238
21739  25.795  -59.542  14.420 0.5000000000
18170  29.204  -63.917  21.756 0.5000000000
17227  27.962  -64.868  22.563 0.6000000238
16345  27.354  -65.264  23.088 0.6000000238
17251  28.940  -64.563  21.387 0.5000000000
19160  27.252  -62.627  17.808 0.5000000000
19161  26.635  -62.537  17.374 0.6000000238
20099  25.341  -61.704  16.641 0.6000000238
112787  22.683  -60.774  15.530 0.5000000000
123864  22.410  -60.286  15.288 0.5000000000
21743  22.400  -59.580  15.363 0.6000000238
21733  23.128  -59.165  15.170 0.6000000238
22519  24.926  -58.803  15.590 0.5000000000
105294  25.647  -58.360  16.091 0.5000000000
23407  27.696  -57.937  15.276 0.5000000000
22527  26.031  -58.901  15.160 0.5000000000
18160  28.108  -64.125  22.866 0.5000000000
17203  27.492  -64.424  23.200 0.5000000000
18182  29.047  -63.741  20.201 0.5000000000
19150  28.410  -62.841  18.981 0.4000000060
20080  27.557  -61.198  18.660 0.3000000119
20087  27.482  -61.973  18.138 0.4000000060
20088  26.919  -61.382  17.947 0.3000000119
20927  26.799  -60.628  18.365 0.3000000119
20098  26.434  -61.743  17.380 0.5000000000
109692  25.803  -61.467  17.065 0.5000000000
20938  24.134  -60.346  16.855 0.5000000000
20951  23.244  -60.393  16.297 0.5000000000
115702  22.477  -60.082  15.907 0.5000000000
123410  22.183  -59.016  15.654 0.6000000238
22521  22.644  -58.458  15.551 0.6000000238
22520  23.764  -58.625  15.586 0.5000000000
22518  26.662  -58.233  15.687 0.5000000000
18159  28.662  -63.549  22.528 0.5000000000
18158  29.346  -63.162  21.985 0.5000000000
19126  29.470  -62.280  20.522 0.5000000000
20067  29.082  -61.809  19.804 0.4000000060
118419  28.645  -62.185  19.295 0.5000000000
20079  28.354  -61.433  19.287 0.4000000060
120973  27.266  -60.451  18.917 0.3000000119
107374  26.176  -60.048  18.220 0.3000000119
21717  24.594  -59.940  17.400 0.4000000060
119981  22.744  -59.662  16.394 0.4000000060
23393  24.309  -57.180  16.504 0.5000000000
23399  24.559  -58.170  16.201 0.5000000000
23392  27.985  -57.259  16.119 0.5000000000
23397  27.088  -57.584  16.318 0.4000000060
23398  26.253  -57.844  16.391 0.5000000000
18142  28.259  -62.948  23.193 0.5000000000
19093  28.892  -62.659  22.583 0.5000000000
20051  29.433  -61.794  21.449 0.5000000000
20066  29.247  -61.390  20.544 0.4000000060
20920  27.900  -60.620  19.351 0.4000000060
20921  27.365  -59.930  19.368 0.3000000119
122734  25.078  -59.412  17.921 0.4000000060
21709  24.276  -59.201  17.619 0.4000000060
22508  22.971  -58.427  17.211 0.4000000060
20939  23.603  -59.659  16.981 0.4000000060
21719  22.790  -59.049  16.762 0.4000000060
22509  22.191  -58.333  16.406 0.5000000000
105675  22.045  -57.923  16.106 0.5000000000
22522  22.117  -58.504  15.765 0.6000000238
126718  25.297  -56.965  16.911 0.4000000060
122181  25.429  -57.667  16.568 0.5000000000
20032  29.166  -61.839  22.423 0.4000000060
125618  28.991  -60.839  20.594 0.4000000060
20902  29.196  -60.918  21.195 0.4000000060
21698  28.103  -59.947  19.975 0.4000000060
21699  27.454  -59.289  19.809 0.4000000060
21707  26.150  -59.328  18.690 0.4000000060
22498  25.737  -58.541  18.779 0.4000000060
21708  25.493  -59.099  18.390 0.4000000060
21710  23.924  -58.512  17.704 0.4000000060
116504  22.020  -57.907  16.644 0.5000000000
23402  22.467  -57.343  16.341 0.5000000000
23394  23.265  -56.848  16.292 0.5000000000
24356  23.771  -56.193  16.455 0.4000000060
24355  24.734  -56.238  16.762 0.4000000060
20033  28.865  -61.160  22.912 0.4000000060
20903  29.008  -60.284  21.704 0.4000000060
20892  29.252  -61.052  22.064 0.4000000060
120142  28.373  -59.562  20.588 0.4000000060
122325  26.376  -58.826  19.153 0.4000000060
22500  24.317  -57.952  18.196 0.4000000060
22502  22.510  -57.747  17.055 0.4000000060
23395  22.390  -57.258  16.553 0.5000000000
24364  22.734  -56.665  16.487 0.4000000060
20893  28.938  -60.407  22.558 0.4000000060
21685  28.674  -59.557  21.292 0.4000000060
22479  28.350  -58.823  20.813 0.4000000060
22486  26.916  -58.698  19.597 0.4000000060
22487  26.338  -58.215  19.322 0.4000000060
123322  25.284  -57.420  18.880 0.5000000000
22489  25.110  -57.962  18.642 0.4000000060
23384  23.894  -57.262  18.067 0.3000000119
24335  23.521  -56.523  17.899 0.3000000119
23385  22.980  -57.148  17.511 0.4000000060
117760  22.519  -55.879  16.866 0.4000000060
25284  22.738  -55.678  16.597 0.4000000060
24357  23.084  -56.259  16.376 0.5000000000
20876  28.661  -60.514  23.363 0.4000000060
22480  27.642  -58.547  20.186 0.4000000060
23372  26.981  -57.961  19.793 0.4000000060
23373  26.341  -57.475  19.494 0.3000000119
120215  25.703  -57.106  19.226 0.3000000119
23375  24.392  -56.697  18.448 0.3000000119
24336  22.669  -56.466  17.329 0.3000000119
125083  22.572  -55.346  16.822 0.4000000060
124535  23.330  -54.568  16.398 0.4000000060
21680  28.833  -59.560  22.282 0.3000000119
107574  28.172  -58.094  20.645 0.3000000119
23364  27.048  -57.161  19.910 0.3000000119
24314  26.342  -56.604  19.539 0.3000000119
24323  24.941  -56.213  18.788 0.4000000060
25243  24.925  -55.489  18.746 0.4000000060
24324  24.136  -55.866  18.343 0.3000000119
126310  23.740  -55.346  18.116 0.3000000119
25259  22.687  -54.971  17.339 0.3000000119
25270  22.480  -55.161  16.950 0.4000000060
27158  22.654  -53.971  16.696 0.4000000060
115403  23.085  -54.076  16.440 0.4000000060
107087  25.388  -55.857  19.068 0.4000000060
26180  24.220  -54.249  18.359 0.4000000060
25244  24.274  -55.060  18.391 0.4000000060
111815  23.439  -54.751  17.903 0.3000000119
26211  22.444  -54.351  17.031 0.4000000060
27128  22.381  -53.367  17.083 0.4000000060
28020  22.462  -52.739  16.866 0.4000000060
115149  22.485  -53.889  16.910 0.4000000060
27157  22.708  -53.346  16.664 0.4000000060
26194  23.436  -53.797  17.939 0.4000000060
27996  22.450  -52.770  17.207 0.4000000060
28007  22.343  -52.704  17.022 0.4000000060
28019  23.797  -52.773  16.526 0.3000000119
28874  22.618  -52.468  16.837 0.3000000119
18273  22.776  -63.154  14.776 0.6999999881
106775  25.789  -64.722  17.624 0.8000000119
20122  22.425  -61.791  14.892 0.6000000238
18253  24.515  -63.200  16.008 0.6999999881
19176  23.253  -62.307  15.439 0.6999999881
22528  25.198  -59.267  14.938 0.6000000238
19151  27.788  -62.724  18.359 0.4000000060
19162  25.929  -62.316  16.804 0.6999999881
20111  24.583  -61.593  16.338 0.6999999881
20113  22.697  -61.651  15.263 0.6999999881
18181  29.444  -63.191  20.641 0.5000000000
20950  24.100  -60.923  16.506 0.5000000000
20937  26.123  -60.853  17.637 0.4000000060
22515  22.057  -58.687  15.834 0.6000000238
23400  23.205  -57.650  15.834 0.5000000000
106708  22.301  -57.779  15.875 0.6000000238
24347  22.458  -56.554  17.082 0.4000000060
117401  28.759  -59.928  23.040 0.4000000060
108273  23.194  -55.680  17.714 0.3000000119
26195  22.764  -54.077  17.416 0.3000000119
28028  22.879  -52.759  16.667 0.3000000119
108156  25.883  -69.112  17.552 0.6000000238
13970  26.284  -68.755  17.138 0.6000000238
13158  27.101  -69.140  15.576 0.6000000238
15600  27.974  -66.742  15.114 0.6000000238
12267  24.833  -70.312  17.854 0.5000000000
110472  25.367  -69.699  17.781 0.6000000238
14758  25.674  -67.465  17.727 0.6999999881
13958  25.866  -68.329  17.669 0.6999999881
12286  24.957  -70.281  17.196 0.6000000238
15585  26.265  -67.104  16.443 0.6000000238
13969  26.648  -68.143  16.610 0.6000000238
15590  26.520  -66.738  15.882 0.6000000238
15589  27.248  -66.762  15.540 0.6000000238
118130  27.416  -66.207  14.975 0.6000000238
16473  28.019  -65.654  13.009 0.6999999881
12223  25.126  -70.182  19.038 0.6000000238
109140  25.904  -68.754  18.927 0.6999999881
12246  25.088  -70.114  18.341 0.5000000000
13113  25.475  -69.570  18.612 0.6999999881
114136  25.724  -68.941  18.128 0.6999999881
111807  25.570  -66.766  17.224 0.6999999881
14765  26.010  -67.587  17.125 0.6999999881
15591  25.682  -66.257  15.872 0.5000000000
16461  27.008  -65.662  14.282 0.6000000238
16475  26.559  -64.997  13.251 0.6000000238
16474  27.335  -65.489  13.372 0.6999999881
17346  26.657  -64.617  12.259 0.6999999881
17345  27.789  -64.480  11.842 0.6999999881
18267  33.148  -62.874  15.527 0.4000000060
18271  30.405  -63.098  15.522 0.5000000000
18283  29.392  -63.443  14.369 0.6000000238
18293  28.982  -63.746  13.229 0.6000000238
18294  28.244  -63.270  12.999 0.6999999881
12185  24.185  -70.338  21.208 0.5000000000
12202  24.346  -70.470  20.323 0.5000000000
13919  26.214  -68.866  19.993 0.6000000238
12201  25.118  -70.132  19.926 0.5000000000
120940  25.912  -67.854  18.731 0.6999999881
13097  25.632  -69.542  19.486 0.5000000000
14752  25.706  -67.257  18.293 0.6999999881
13946  25.758  -68.080  18.240 0.6999999881
15601  26.562  -66.025  15.233 0.6000000238
18305  27.258  -63.868  11.945 0.6999999881
18295  27.579  -63.237  12.603 0.6999999881
18284  28.620  -63.065  13.935 0.6000000238
19206  27.972  -62.636  13.413 0.6000000238
13061  25.272  -69.461  22.387 0.5000000000
12177  23.178  -70.192  22.138 0.4000000060
13072  25.750  -69.537  21.496 0.5000000000
112934  24.809  -69.988  21.794 0.5000000000
13073  25.050  -70.069  20.871 0.5000000000
13918  26.599  -68.451  20.757 0.6000000238
13071  26.268  -69.138  20.881 0.6000000238
15564  26.301  -66.559  19.234 0.6999999881
13931  26.224  -68.057  19.383 0.6000000238
14742  25.978  -67.208  18.958 0.6999999881
114078  25.387  -66.156  17.426 0.6999999881
15587  24.980  -65.938  16.052 0.6999999881
15603  25.058  -65.436  15.080 0.6999999881
15602  25.617  -65.620  15.167 0.6999999881
16462  26.114  -65.315  14.431 0.6999999881
17332  26.160  -64.333  13.070 0.6999999881
17347  26.258  -63.925  12.694 0.8000000119
19216  27.021  -63.179  12.462 0.6999999881
19196  29.192  -62.554  14.635 0.5000000000
19197  28.462  -62.376  14.136 0.6000000238
13052  23.940  -69.366  23.282 0.4000000060
13908  25.969  -69.114  22.240 0.6000000238
13907  26.460  -68.761  21.638 0.6000000238
14729  27.002  -67.601  20.575 0.6000000238
15548  26.964  -66.737  19.961 0.6000000238
15570  26.243  -65.881  18.870 0.6000000238
16437  25.458  -65.456  17.620 0.6999999881
16446  24.615  -65.411  16.235 0.6999999881
15578  25.209  -66.045  16.700 0.6999999881
16447  24.002  -64.899  15.674 0.8000000119
16455  24.441  -65.339  15.601 0.8000000119
16477  24.751  -64.764  14.371 0.6000000238
17333  25.408  -63.991  13.368 0.6000000238
18296  26.136  -63.212  13.036 0.8000000119
19208  26.621  -62.783  12.876 0.6999999881
20120  30.093  -61.700  15.650 0.5000000000
20121  29.503  -61.734  14.977 0.6000000238
20126  27.910  -61.723  13.972 0.6999999881
20959  29.750  -61.156  15.227 0.6000000238
13884  25.073  -68.361  23.391 0.5000000000
13885  24.270  -68.622  23.614 0.4000000060
14697  22.984  -68.263  24.354 0.4000000060
14721  26.867  -68.030  22.071 0.5000000000
13897  25.553  -68.784  22.818 0.5000000000
15547  27.476  -66.784  20.773 0.6000000238
15563  26.780  -65.935  19.486 0.6000000238
16427  26.024  -65.381  18.288 0.6999999881
16438  25.011  -65.499  16.936 0.8000000119
116319  24.331  -64.793  16.240 0.8000000119
17324  23.510  -64.259  14.566 0.6000000238
111254  23.785  -63.803  13.737 0.6000000238
18297  25.361  -63.529  13.312 0.6999999881
106056  25.993  -62.404  13.260 0.6999999881
20132  27.200  -61.371  13.663 0.6999999881
20125  28.783  -61.682  14.457 0.6000000238
123784  27.791  -60.878  13.951 0.6000000238
20970  28.787  -59.820  13.759 0.6000000238
20963  29.266  -60.968  14.645 0.6000000238
20964  28.524  -60.731  14.159 0.6000000238
15524  26.804  -66.968  22.876 0.5000000000
14716  25.845  -68.042  23.138 0.5000000000
14709  24.512  -67.815  23.765 0.5000000000
15495  23.234  -67.501  24.407 0.5000000000
15533  27.793  -66.512  21.520 0.5000000000
14715  26.507  -67.698  22.727 0.5000000000
15562  27.391  -66.059  20.217 0.6000000238
17313  23.532  -64.328  15.139 0.6999999881
18286  22.698  -63.273  14.159 0.6000000238
19211  23.535  -62.586  13.577 0.6000000238
19210  24.457  -62.509  13.460 0.6000000238
106862  25.876  -61.515  13.479 0.6999999881
20134  25.129  -62.027  13.465 0.6000000238
20972  26.566  -60.995  13.640 0.6000000238
20971  28.134  -60.247  13.791 0.6999999881
20962  29.850  -60.429  14.957 0.5000000000
21744  29.586  -59.231  13.759 0.4000000060
16370  27.124  -66.158  22.960 0.5000000000
15510  25.463  -66.692  23.560 0.5000000000
110067  24.829  -66.248  23.661 0.5000000000
15496  22.674  -66.778  24.532 0.5000000000
126279  21.963  -66.391  24.673 0.5000000000
16325  19.941  -65.787  25.304 0.5000000000
20136  23.061  -61.906  13.738 0.6000000238
20973  24.927  -61.106  13.786 0.6000000238
109581  25.866  -60.741  13.705 0.4000000060
21746  27.421  -59.558  13.850 0.5000000000
22532  28.143  -59.028  13.737 0.4000000060
117727  28.899  -59.112  13.662 0.4000000060
21745  28.161  -59.679  13.724 0.5000000000
16346  26.510  -65.487  23.392 0.5000000000
107346  24.010  -66.330  23.761 0.5000000000
15513  23.160  -66.083  23.933 0.5000000000
16334  21.565  -65.751  24.492 0.5000000000
107447  20.139  -65.193  24.649 0.5000000000
16335  19.336  -65.395  24.963 0.4000000060
16355  17.297  -65.578  23.820 0.5000000000
104947  16.660  -65.550  23.156 0.4000000060
124638  16.171  -65.540  22.617 0.4000000060
16374  14.536  -65.907  22.549 0.4000000060
20965  25.381  -60.222  14.051 0.6000000238
21738  26.726  -59.250  14.319 0.4000000060
122746  27.479  -58.967  14.096 0.4000000060
22531  28.868  -58.401  13.780 0.4000000060
16347  25.481  -65.683  23.550 0.5000000000
16348  24.473  -65.522  23.525 0.4000000060
16349  23.599  -65.393  23.480 0.4000000060
16351  21.935  -65.241  23.785 0.5000000000
119369  21.589  -64.759  23.352 0.4000000060
16353  19.568  -64.922  24.163 0.5000000000
17211  19.935  -64.552  23.300 0.4000000060
17233  18.214  -64.780  22.720 0.5000000000
16354  18.089  -65.161  23.654 0.5000000000
17234  17.505  -64.704  22.125 0.3000000119
16393  16.088  -65.376  21.912 0.3000000119
16394  15.208  -65.459  21.678 0.3000000119
22526  27.108  -58.622  14.777 0.4000000060
17205  25.868  -64.737  23.542 0.5000000000
111041  24.936  -64.757  23.517 0.5000000000
107855  24.061  -64.725  23.266 0.4000000060
120436  26.935  -63.771  23.535 0.4000000060
125987  26.187  -64.049  23.561 0.4000000060
116613  25.359  -63.899  23.580 0.4000000060
18146  23.917  -63.410  23.335 0.4000000060
18143  27.570  -63.267  23.501 0.4000000060
18144  26.107  -63.350  23.787 0.4000000060
18145  24.695  -63.444  23.590 0.4000000060
19082  26.900  -62.951  23.979 0.4000000060
19083  25.302  -63.032  23.855 0.4000000060
19084  24.485  -62.815  23.784 0.4000000060
18147  23.185  -62.987  22.987 0.4000000060
19081  27.698  -62.538  23.790 0.3000000119
19073  25.046  -62.331  24.345 0.4000000060
106540  23.713  -62.591  23.581 0.4000000060
19086  23.016  -62.243  23.330 0.4000000060
20017  27.899  -61.748  24.102 0.4000000060
19095  21.915  -62.935  22.229 0.4000000060
20035  21.823  -62.000  22.345 0.4000000060
125660  28.027  -61.068  24.345 0.3000000119
20002  27.330  -61.301  24.604 0.4000000060
20004  25.578  -61.685  24.768 0.4000000060
20005  24.703  -61.595  24.732 0.4000000060
19085  23.488  -61.877  23.898 0.4000000060
20006  23.881  -61.411  24.484 0.3000000119
19212  22.746  -62.636  13.820 0.6000000238
14720  27.358  -67.382  21.596 0.5000000000
13980  27.184  -68.402  15.968 0.6000000238
111667  27.168  -64.668  11.858 0.6999999881
18306  26.765  -64.188  12.025 0.6999999881
19185  31.229  -63.092  16.160 0.5000000000
19186  30.567  -62.380  16.043 0.5000000000
18282  30.173  -63.682  14.882 0.5000000000
19187  29.919  -62.413  15.319 0.4000000060
12176  23.909  -70.237  22.039 0.5000000000
15592  24.975  -65.636  15.497 0.6999999881
14741  26.522  -67.383  19.686 0.6000000238
16463  25.255  -65.176  14.647 0.6999999881
19207  27.193  -62.455  13.205 0.6999999881
13886  23.454  -68.813  23.830 0.4000000060
16465  24.044  -64.646  14.467 0.6000000238
121241  24.609  -63.784  13.522 0.6000000238
20133  26.583  -61.933  13.345 0.6999999881
20958  30.214  -60.982  15.829 0.5000000000
20110  30.693  -61.583  16.425 0.5000000000
18299  23.183  -63.798  14.082 0.6999999881
18298  24.262  -63.235  13.500 0.6999999881
110593  27.385  -60.379  13.779 0.6000000238
21737  29.317  -60.128  14.153 0.6000000238
14707  26.101  -67.259  23.324 0.5000000000
15512  23.975  -67.267  24.089 0.5000000000
124036  23.443  -66.799  24.236 0.4000000060
20135  24.088  -61.855  13.591 0.6000000238
16356  15.815  -65.938  23.301 0.3000000119
21747  26.462  -60.052  13.842 0.5000000000
16352  21.007  -65.059  24.096 0.5000000000
16371  17.449  -65.222  22.935 0.4000000060
19071  27.065  -62.132  24.341 0.4000000060
19072  26.065  -62.460  24.315 0.4000000060
12350  38.773  -70.590  12.107 0.3000000119
13189  38.070  -70.069  12.772 0.3000000119
16495  32.644  -65.708  10.054 0.4000000060
17351  35.044  -64.360  10.481 0.4000000060
16493  34.952  -65.655  9.623 0.4000000060
110588  35.987  -65.914  9.335 0.4000000060
17353  32.647  -64.703  11.514 0.4000000060
16496  31.661  -65.861  10.347 0.4000000060
16488  31.144  -65.510  10.926 0.4000000060
119013  30.343  -65.700  10.934 0.5000000000
15624  30.341  -66.229  10.886 0.5000000000
15620  29.976  -66.349  11.411 0.5000000000
18312  33.995  -63.679  11.778 0.4000000060
17358  33.142  -65.047  10.675 0.5000000000
16487  32.099  -65.274  10.842 0.5000000000
14801  30.166  -67.422  12.308 0.5000000000
18311  34.762  -63.618  11.152 0.5000000000
17357  34.330  -65.003  10.351 0.5000000000
18310  35.792  -63.671  10.660 0.5000000000
111454  35.611  -65.154  9.864 0.4000000060
17356  36.151  -64.562  10.160 0.4000000060
110816  36.291  -66.120  9.565 0.4000000060
16480  36.526  -65.469  10.295 0.4000000060
113326  35.577  -66.769  11.646 0.3000000119
14789  35.365  -67.413  13.527 0.4000000060
18292  33.223  -63.961  14.017 0.4000000060
106180  31.790  -64.683  13.453 0.4000000060
122386  31.000  -64.932  13.443 0.4000000060
121670  33.430  -63.935  13.220 0.4000000060
17339  33.223  -64.133  12.303 0.4000000060
17340  32.204  -64.633  12.477 0.4000000060
17341  31.240  -64.994  12.554 0.4000000060
16481  30.590  -65.223  11.558 0.5000000000
16489  29.897  -65.467  11.338 0.5000000000
18302  33.938  -63.521  12.625 0.4000000060
16482  30.030  -64.970  11.679 0.5000000000
16490  29.479  -65.659  11.519 0.5000000000
15621  29.534  -66.423  12.348 0.5000000000
16483  28.884  -65.638  12.085 0.6000000238
15622  28.752  -65.998  12.631 0.6000000238
15613  29.223  -66.822  13.359 0.6000000238
16484  28.071  -65.202  11.872 0.6000000238
125357  28.885  -67.096  14.028 0.5000000000
16486  36.659  -64.725  10.321 0.4000000060
15615  27.860  -66.140  14.180 0.5000000000
16479  36.668  -65.131  11.429 0.4000000060
15618  36.161  -65.739  12.541 0.4000000060
15612  35.584  -66.551  12.902 0.4000000060
17321  31.288  -64.661  14.402 0.4000000060
17330  30.452  -64.614  13.797 0.5000000000
17331  29.633  -64.412  12.969 0.5000000000
17355  29.426  -65.116  11.691 0.5000000000
18303  28.963  -64.225  12.201 0.5000000000
16491  28.933  -65.233  11.769 0.6000000238
18304  28.189  -63.875  12.134 0.6000000238
17344  28.646  -64.693  11.858 0.6000000238
11526  38.510  -71.965  11.276 0.3000000119
13188  38.954  -69.761  12.450 0.3000000119
14776  38.487  -66.269  14.336 0.3000000119
18279  33.599  -63.203  14.495 0.4000000060
18280  32.852  -63.809  14.880 0.4000000060
18268  32.389  -63.598  15.478 0.4000000060
17312  31.219  -64.333  15.174 0.4000000060
17323  29.840  -64.162  14.113 0.5000000000
17322  30.634  -64.329  14.737 0.4000000060
15614  28.566  -66.438  13.661 0.6000000238
15599  28.447  -66.882  14.510 0.5000000000
18281  31.949  -64.211  15.054 0.4000000060
17354  31.629  -65.053  11.636 0.4000000060
115845  29.655  -67.334  13.056 0.5000000000
15597  37.588  -66.541  14.277 0.3000000119
17320  32.332  -64.337  14.232 0.4000000060
17342  30.315  -64.815  12.484 0.5000000000
17343  29.467  -64.635  11.915 0.5000000000
115003  22.532  -55.803  17.156 0.3000000119
11516  38.633  -71.293  11.722 0.3000000119
12247  24.466  -70.568  18.468 0.5000000000
13051  24.799  -69.143  23.110 0.5000000000
13053  23.022  -69.435  23.319 0.4000000060
13062  24.393  -69.731  22.582 0.5000000000
13084  25.730  -69.585  20.442 0.6000000238
13896  26.251  -68.442  22.478 0.5000000000
13930  26.588  -68.111  20.064 0.6000000238
14698  22.453  -67.659  24.683 0.5000000000
14708  25.286  -67.530  23.509 0.5000000000
14710  23.776  -68.087  24.133 0.5000000000
14770  27.698  -67.656  15.496 0.6000000238
14777  37.214  -67.255  14.270 0.3000000119
15498  21.325  -66.418  25.067 0.5000000000
15509  26.288  -66.391  23.345 0.5000000000
15511  24.698  -66.984  23.798 0.5000000000
15523  27.453  -66.772  22.317 0.5000000000
15525  14.929  -66.129  23.160 0.3000000119
15571  25.744  -66.327  18.338 0.6999999881
15586  25.640  -66.552  16.593 0.6999999881
15609  38.170  -67.273  14.196 0.3000000119
15619  36.127  -65.945  11.462 0.3000000119
16333  22.365  -65.903  24.203 0.5000000000
16337  17.907  -65.594  24.532 0.5000000000
16350  22.772  -65.295  23.568 0.5000000000
16369  27.827  -65.827  22.252 0.6000000238
16372  16.778  -65.219  22.345 0.3000000119
16373  15.465  -65.676  22.521 0.4000000060
16426  26.668  -65.259  18.890 0.6000000238
16456  23.873  -64.869  15.087 0.6000000238
16464  24.538  -65.188  14.970 0.6999999881
16476  25.553  -64.602  13.865 0.6999999881
16485  27.165  -65.164  12.274 0.6999999881
16492  36.338  -65.402  9.831 0.4000000060
17204  26.751  -64.621  23.440 0.5000000000
17206  24.448  -64.053  23.351 0.4000000060
17210  20.882  -64.529  23.129 0.4000000060
17212  18.994  -64.768  23.333 0.4000000060
17226  28.650  -64.421  22.194 0.6000000238
17250  29.349  -63.968  20.978 0.5000000000
17263  28.838  -64.455  20.607 0.5000000000
17304  23.788  -64.286  15.704 0.8000000119
17329  32.732  -64.287  13.327 0.4000000060
17334  24.481  -64.231  13.886 0.6000000238
17335  23.697  -64.163  14.102 0.6000000238
17352  33.791  -64.299  11.162 0.5000000000
18161  22.543  -63.343  22.588 0.4000000060
18169  29.436  -63.427  21.340 0.5000000000
18198  28.530  -63.617  19.456 0.4000000060
18233  27.414  -63.246  18.061 0.5000000000
18235  26.228  -63.227  17.052 0.8000000119
18255  23.107  -63.085  15.267 0.6000000238
18270  30.853  -63.835  15.448 0.5000000000
18285  23.107  -63.736  14.604 0.6000000238
18291  33.829  -63.380  13.560 0.4000000060
19074  24.203  -62.134  24.172 0.4000000060
19080  28.508  -62.033  23.301 0.3000000119
19092  29.410  -62.443  22.004 0.5000000000
19094  22.503  -62.548  22.705 0.4000000060
19106  29.534  -62.723  21.333 0.5000000000
19127  29.128  -62.819  19.740 0.5000000000
19175  24.190  -62.278  15.831 0.6999999881
19198  22.514  -62.483  14.454 0.6000000238
19209  25.254  -62.838  13.320 0.6999999881
19217  26.674  -63.525  12.324 0.6999999881
19221  35.515  -62.754  11.278 0.5000000000
20003  26.463  -61.571  24.726 0.4000000060
20018  23.252  -61.278  24.166 0.3000000119
20034  22.450  -61.770  23.030 0.4000000060
20086  28.121  -62.032  18.705 0.3000000119
20097  27.000  -62.032  17.664 0.5000000000
20100  25.046  -60.843  17.002 0.5000000000
20912  28.723  -60.269  20.743 0.4000000060
20919  28.708  -60.866  19.979 0.4000000060
20928  25.464  -60.095  17.723 0.4000000060
20968  22.546  -60.369  14.845 0.6000000238
20974  23.667  -61.135  13.986 0.6000000238
21691  27.978  -59.236  20.289 0.4000000060
21700  26.804  -59.346  19.277 0.4000000060
21718  23.494  -58.995  17.326 0.4000000060
21727  22.167  -59.176  16.082 0.4000000060
21734  22.437  -58.941  15.452 0.6000000238
21735  22.255  -59.380  15.639 0.6000000238
22472  28.683  -58.811  21.684 0.3000000119
22488  25.750  -57.786  19.069 0.4000000060
22499  24.846  -58.668  18.219 0.4000000060
22501  23.439  -57.836  17.627 0.4000000060
23363  27.682  -57.675  20.285 0.3000000119
23374  24.691  -57.373  18.553 0.3000000119
23390  22.354  -57.126  17.028 0.4000000060
23401  23.197  -57.012  16.014 0.6000000238
24322  25.560  -56.428  19.175 0.4000000060
24358  22.572  -56.638  16.670 0.4000000060
24363  26.292  -57.170  17.023 0.5000000000
26228  22.577  -54.713  16.786 0.4000000060
26239  22.868  -54.696  16.482 0.4000000060
27113  22.784  -53.256  17.507 0.5000000000
27145  23.403  -53.407  16.485 0.4000000060
27146  22.413  -53.250  16.914 0.4000000060
28862  23.134  -52.127  16.784 0.3000000119
107608  25.552  -66.797  17.794 0.6999999881
110214  18.728  -65.219  24.360 0.5000000000
113131  26.744  -59.950  18.825 0.3000000119
114140  23.191  -63.295  13.746 0.6999999881
114260  25.105  -56.879  18.871 0.4000000060
116619  30.345  -60.313  15.762 0.5000000000
118726  20.293  -64.796  23.934 0.5000000000
119743  28.425  -61.186  23.732 0.4000000060
120635  29.799  -63.047  14.982 0.4000000060
121960  28.074  -63.559  23.129 0.5000000000
123509  20.759  -65.705  24.919 0.5000000000
123612  26.899  -68.072  21.340 0.6000000238
123688  29.887  -65.828  11.031 0.5000000000
124758  27.072  -67.407  22.346 0.5000000000
125627  27.653  -63.832  23.287 0.4000000060
126221  27.839  -66.187  20.864 0.6999999881
126561  24.687  -65.122  16.604 0.8000000119
126627  23.749  -62.910  15.606 0.8000000119
127262  25.680  -59.580  18.190 0.4000000060
