#!ascii label  , from subject sub-v1s7x0051322_ses-1 vox2ras=TkReg
1283
27027  29.307  -53.450  24.732 0.8999999762
126770  29.419  -54.039  24.492 0.8000000119
112863  29.831  -53.882  23.944 0.8000000119
26119  29.789  -54.682  23.286 0.6999999881
26134  30.074  -54.458  22.346 0.8000000119
27014  28.427  -53.731  25.312 0.8999999762
27931  30.023  -52.983  24.131 1.0000000000
27042  30.379  -52.589  23.398 1.0000000000
27043  30.256  -53.347  23.279 0.8999999762
27059  30.285  -53.626  22.231 0.8000000119
120297  30.094  -54.194  21.549 0.8000000119
27073  30.198  -53.613  21.110 0.8999999762
26149  29.845  -54.964  21.406 0.8000000119
27085  29.186  -54.050  20.005 0.6999999881
125214  28.768  -54.536  19.938 0.6999999881
108899  27.433  -53.641  25.481 0.8000000119
27914  28.781  -52.887  25.204 0.8999999762
27898  28.694  -52.135  25.347 0.8999999762
109503  26.955  -52.819  25.514 0.8999999762
27899  26.012  -52.826  25.466 0.8999999762
27912  30.151  -52.144  24.082 0.8999999762
126959  30.486  -51.959  23.416 1.0000000000
27961  30.449  -52.788  21.597 1.0000000000
27971  29.994  -52.928  20.461 0.8999999762
27084  29.714  -53.642  20.458 0.8000000119
27086  28.235  -54.127  19.658 0.6999999881
28739  29.202  -51.479  25.171 0.8999999762
115260  28.072  -51.932  25.518 0.8999999762
115101  27.362  -52.040  25.515 0.8999999762
115096  26.471  -52.056  25.509 0.8999999762
117201  25.586  -52.053  25.410 0.8999999762
27913  29.421  -52.363  24.764 0.8999999762
27947  30.615  -52.175  22.532 1.0000000000
27972  29.199  -52.666  19.781 0.8000000119
114139  29.380  -53.336  20.012 0.8000000119
27099  27.697  -53.290  19.480 0.8000000119
27984  27.116  -52.495  19.395 0.8000000119
27100  26.682  -53.408  19.358 0.8000000119
27985  26.216  -52.516  19.288 0.8000000119
28742  26.902  -51.337  25.529 0.8999999762
117879  24.703  -52.094  25.123 0.8999999762
29621  28.916  -50.711  25.376 0.8999999762
28744  25.201  -51.238  25.376 0.8999999762
28754  24.413  -51.225  25.061 0.8000000119
27916  23.460  -52.133  24.434 0.8000000119
28753  29.791  -51.482  24.515 0.8999999762
29638  24.045  -50.468  24.945 0.6999999881
28755  23.731  -51.255  24.636 0.6999999881
28756  23.011  -51.347  24.334 0.6999999881
28752  30.400  -51.435  23.854 0.8999999762
120369  22.600  -50.656  24.242 0.6999999881
29652  21.902  -50.625  23.896 0.6999999881
29651  30.732  -50.765  23.473 1.0000000000
29653  21.093  -50.588  23.494 0.6000000238
28769  30.766  -51.453  23.002 1.0000000000
28784  30.932  -51.457  22.024 1.0000000000
27960  30.692  -51.990  21.541 1.0000000000
28798  30.466  -52.121  20.795 1.0000000000
28812  29.717  -52.045  20.171 0.8999999762
28797  30.855  -51.324  21.070 1.0000000000
120867  29.423  -51.271  19.932 0.8999999762
27983  28.165  -52.419  19.558 0.8000000119
28822  27.437  -51.672  19.470 0.8000000119
115094  25.762  -51.787  19.201 0.8000000119
115095  26.566  -51.723  19.381 0.8000000119
124935  25.466  -51.341  19.104 0.8000000119
28741  27.713  -51.332  25.545 0.8999999762
28743  26.069  -51.285  25.483 0.8999999762
29622  28.128  -50.663  25.541 0.8999999762
29623  27.288  -50.638  25.539 0.8999999762
29624  26.550  -50.694  25.516 0.8999999762
29626  24.824  -50.424  25.309 0.8999999762
29637  29.570  -50.745  24.926 0.8999999762
29639  23.280  -50.479  24.529 0.6999999881
29636  30.220  -50.764  24.290 0.8999999762
125288  22.804  -50.180  24.370 0.6000000238
117893  20.533  -49.668  23.306 0.5000000000
29663  31.109  -50.787  22.531 1.0000000000
30619  20.964  -48.849  23.534 0.5000000000
29679  31.152  -50.828  21.664 1.0000000000
120697  30.528  -50.775  20.622 1.0000000000
28811  30.205  -51.391  20.461 1.0000000000
126927  28.183  -51.589  19.516 0.8000000119
29701  28.348  -50.340  19.605 0.8999999762
117157  27.800  -50.948  19.516 0.8000000119
29702  27.391  -50.098  19.539 0.8999999762
29703  26.431  -50.215  19.435 0.8000000119
119694  25.101  -50.900  18.971 0.8000000119
30678  25.082  -49.495  18.987 0.8000000119
29705  24.553  -50.208  18.778 0.8000000119
29625  25.790  -50.362  25.484 0.8999999762
30591  28.564  -49.965  25.497 0.8999999762
30595  25.235  -49.579  25.400 0.6999999881
30607  24.416  -49.684  25.181 0.8000000119
30606  29.965  -50.033  24.655 0.8999999762
30590  29.324  -49.986  25.270 0.8999999762
30609  23.016  -49.689  24.480 0.6999999881
29640  22.302  -49.858  24.197 0.6000000238
117895  21.450  -49.781  23.757 0.6000000238
31551  23.386  -48.847  24.669 0.6999999881
30618  21.816  -48.989  23.996 0.6000000238
111785  31.196  -50.044  23.065 1.0000000000
31567  21.421  -48.090  23.703 0.5000000000
31568  20.557  -47.846  23.265 0.5000000000
115162  31.348  -50.006  21.934 1.0000000000
29692  31.035  -50.435  21.036 1.0000000000
30666  30.326  -49.963  20.409 1.0000000000
30673  28.937  -49.935  19.723 0.8999999762
30665  31.083  -49.518  21.014 1.0000000000
116732  29.390  -49.299  19.962 0.8999999762
30674  28.258  -49.463  19.657 0.8999999762
31613  28.614  -48.613  19.792 0.8999999762
30675  27.344  -49.225  19.563 0.8999999762
116636  26.767  -49.596  19.495 0.8999999762
30677  26.014  -49.439  19.377 0.8999999762
115993  27.864  -48.769  19.644 0.8999999762
30676  26.670  -48.982  19.485 0.8999999762
31616  26.522  -48.391  19.455 0.8999999762
30592  27.725  -49.942  25.574 0.8999999762
30593  26.758  -49.883  25.556 0.8999999762
30594  26.004  -49.485  25.510 0.8999999762
31538  25.699  -48.688  25.442 1.0000000000
116920  28.184  -49.366  25.570 0.8999999762
30608  23.693  -49.711  24.811 0.6999999881
30605  30.615  -50.051  23.941 0.8999999762
117619  29.779  -49.298  25.049 0.8999999762
31552  22.841  -48.332  24.431 0.6999999881
31566  22.195  -48.244  24.155 0.5000000000
30616  30.958  -49.294  23.588 1.0000000000
32535  21.004  -47.094  23.320 0.5000000000
32536  20.234  -46.860  22.942 0.5000000000
30631  31.356  -49.174  22.646 1.0000000000
30651  31.350  -49.087  21.751 1.0000000000
31596  31.355  -48.404  21.790 1.0000000000
31597  31.055  -48.620  21.083 1.0000000000
31604  30.405  -48.926  20.459 1.0000000000
118152  30.534  -47.996  20.638 1.0000000000
32562  31.104  -47.808  21.294 1.0000000000
31605  29.556  -48.190  20.141 0.8999999762
31614  27.994  -48.110  19.712 0.8999999762
32617  24.941  -47.574  17.138 0.6999999881
31652  24.098  -47.886  17.301 0.8000000119
32619  23.409  -47.312  17.481 0.8000000119
110817  28.999  -49.128  25.526 0.8999999762
31535  28.159  -48.652  25.582 1.0000000000
115085  27.438  -49.171  25.581 1.0000000000
31537  26.420  -48.245  25.522 1.0000000000
31539  24.755  -48.860  25.259 0.6999999881
31548  30.384  -49.345  24.374 0.8999999762
32518  23.366  -47.914  24.608 0.6999999881
32534  21.869  -47.344  23.867 0.6000000238
31565  31.224  -48.503  23.317 1.0000000000
125117  30.179  -48.747  24.747 0.8999999762
33488  20.500  -46.134  22.967 0.4000000060
31582  31.412  -48.401  22.518 1.0000000000
32569  30.677  -47.176  20.908 1.0000000000
32571  29.083  -47.328  20.126 1.0000000000
32570  29.968  -47.315  20.443 1.0000000000
32585  23.072  -47.730  18.377 0.8999999762
33555  27.254  -47.111  16.936 0.6000000238
32616  25.752  -47.223  17.069 0.6000000238
126649  24.920  -46.887  17.235 0.8000000119
32618  24.244  -47.018  17.281 0.8000000119
32601  22.685  -47.604  17.841 0.8999999762
32591  22.614  -47.635  18.119 0.8999999762
31549  29.680  -48.505  25.254 0.8999999762
31534  28.958  -48.076  25.574 0.8999999762
32501  25.060  -47.973  25.246 0.8000000119
32517  24.142  -48.186  24.964 0.6999999881
121839  23.869  -47.401  24.750 0.6999999881
33486  22.435  -46.571  24.104 0.6000000238
34372  20.908  -45.513  23.298 0.4000000060
115651  30.695  -48.599  24.121 0.8999999762
32550  31.425  -47.771  22.961 1.0000000000
32561  31.419  -47.749  22.085 1.0000000000
117723  31.252  -46.963  21.647 1.0000000000
33505  30.755  -46.397  21.116 1.0000000000
33511  30.222  -46.664  20.683 1.0000000000
34400  30.089  -45.889  20.696 1.0000000000
32583  24.569  -47.058  18.814 0.8999999762
33524  23.914  -46.321  18.661 0.8999999762
112993  23.498  -47.067  18.525 0.8999999762
33542  22.513  -46.834  17.929 0.8999999762
33530  22.479  -46.802  18.064 0.8999999762
122527  28.538  -46.886  16.799 0.6000000238
33554  28.055  -47.274  16.546 0.6000000238
33556  26.445  -46.842  17.182 0.6000000238
33557  25.799  -46.545  17.275 0.8000000119
33558  24.434  -46.329  17.297 0.8000000119
33560  22.859  -46.832  17.636 0.8999999762
113204  28.082  -47.931  25.615 0.8999999762
31536  27.265  -48.271  25.602 0.8999999762
32500  25.892  -47.753  25.426 0.6999999881
32498  27.551  -47.380  25.617 0.8999999762
32499  26.694  -47.565  25.555 0.8999999762
108921  24.553  -47.269  24.984 0.6000000238
32515  30.334  -47.975  24.781 1.0000000000
33468  30.162  -47.214  25.220 1.0000000000
32516  29.717  -47.800  25.346 1.0000000000
114869  23.992  -46.555  24.675 0.6000000238
123444  23.264  -47.072  24.493 0.6000000238
32533  31.072  -47.718  23.928 1.0000000000
33485  31.211  -46.799  24.125 1.0000000000
111897  31.427  -47.026  23.270 1.0000000000
117787  31.458  -47.171  22.462 1.0000000000
33504  31.239  -46.158  21.687 1.0000000000
108162  29.091  -45.864  20.382 1.0000000000
33513  28.484  -46.573  20.088 1.0000000000
114619  28.304  -45.799  20.144 1.0000000000
33514  27.562  -46.134  19.828 1.0000000000
33515  26.590  -46.136  19.535 1.0000000000
33522  27.005  -46.906  19.617 0.8999999762
33525  22.838  -46.316  18.396 0.8999999762
34445  22.612  -46.038  17.690 0.8999999762
34431  30.389  -45.748  17.451 0.6000000238
33536  30.056  -46.376  16.966 0.6000000238
33537  28.582  -46.337  17.337 0.6000000238
111045  27.873  -46.693  17.176 0.6000000238
113399  25.178  -46.454  17.273 0.8000000119
32497  28.485  -47.265  25.691 0.8999999762
33451  26.949  -46.772  25.620 0.6999999881
33453  25.369  -47.106  25.221 0.6000000238
33470  24.891  -46.421  24.956 0.6000000238
33471  23.221  -46.319  24.397 0.5000000000
110631  30.690  -47.229  24.587 1.0000000000
33447  30.682  -46.456  24.883 0.8999999762
33495  31.474  -46.388  22.481 1.0000000000
34390  30.861  -45.612  21.315 1.0000000000
109799  30.316  -45.002  20.928 1.0000000000
34391  29.504  -45.147  20.535 1.0000000000
34392  28.643  -45.178  20.270 1.0000000000
34402  27.011  -45.379  19.665 1.0000000000
124960  26.266  -45.465  19.446 1.0000000000
34404  24.923  -45.456  19.133 0.8999999762
33516  24.791  -46.207  19.030 0.8999999762
34436  22.227  -45.372  17.976 0.8999999762
35302  30.771  -44.976  17.963 0.6000000238
34432  29.385  -45.918  17.590 0.6000000238
108612  27.745  -45.854  17.673 0.6000000238
123476  26.783  -45.627  17.644 0.6999999881
33540  25.513  -45.962  17.358 0.6999999881
33541  24.792  -45.807  17.309 0.6999999881
34444  23.117  -45.605  17.406 0.8000000119
35317  22.563  -45.178  17.650 0.8999999762
34430  31.399  -45.600  17.145 0.6000000238
122195  24.536  -45.213  17.366 0.6999999881
34443  23.928  -45.582  17.337 0.8000000119
35316  23.183  -44.948  17.399 0.8999999762
33469  25.671  -46.298  25.262 0.6999999881
33449  28.996  -46.484  25.907 0.8999999762
33450  27.893  -46.449  25.759 0.8000000119
115455  27.105  -46.064  25.697 0.6999999881
33448  29.881  -46.488  25.568 0.8000000119
33467  31.300  -45.994  24.279 1.0000000000
121007  30.967  -45.694  24.866 0.8000000119
34382  31.554  -45.718  22.936 1.0000000000
34389  31.420  -45.478  22.139 1.0000000000
35261  31.015  -44.786  21.583 1.0000000000
35262  30.414  -44.062  21.051 1.0000000000
119851  29.770  -44.494  20.643 1.0000000000
35270  28.226  -44.581  20.053 1.0000000000
34401  27.855  -45.258  19.941 1.0000000000
34403  25.646  -45.089  19.336 0.8999999762
34412  24.167  -45.045  18.758 0.8999999762
113112  23.415  -45.564  18.586 0.8999999762
35283  22.397  -44.631  18.208 0.8999999762
34433  28.549  -45.693  17.827 0.6000000238
34434  25.989  -45.467  17.532 0.6999999881
35308  22.268  -44.806  17.888 0.8999999762
35301  31.654  -44.708  17.780 0.6000000238
124540  25.828  -44.952  17.573 0.6999999881
35315  23.975  -44.744  17.373 0.6999999881
33452  26.419  -46.174  25.515 0.6999999881
34338  28.587  -45.661  26.099 0.8000000119
34336  30.392  -45.735  25.467 0.6999999881
34337  29.549  -45.708  25.961 0.8000000119
34353  31.371  -45.199  24.472 0.6999999881
35242  31.605  -44.535  23.832 0.8000000119
111200  31.623  -44.220  22.914 0.8000000119
35253  31.432  -44.679  22.317 0.8000000119
35254  31.248  -43.879  21.989 0.8999999762
35263  28.969  -44.447  20.368 1.0000000000
35271  27.385  -44.536  19.711 1.0000000000
35272  26.613  -43.995  19.521 1.0000000000
125869  28.480  -44.170  20.136 1.0000000000
112028  28.062  -43.951  19.859 1.0000000000
107983  26.426  -44.773  19.504 1.0000000000
35273  25.664  -44.200  19.373 1.0000000000
35274  24.932  -44.684  19.158 0.8999999762
35281  24.183  -44.259  18.750 0.8999999762
35282  23.081  -44.606  18.582 0.8999999762
35290  30.198  -44.346  18.366 0.6000000238
34421  29.831  -45.167  18.185 0.6000000238
35303  28.110  -45.129  18.226 0.6000000238
35304  27.292  -44.999  18.058 0.6999999881
35293  22.186  -44.734  18.033 0.8999999762
35306  25.647  -44.354  17.609 0.6999999881
35307  24.773  -44.548  17.464 0.6999999881
36122  23.329  -44.123  17.545 0.8999999762
126325  22.813  -43.663  17.739 0.8999999762
34339  27.628  -45.486  25.926 0.6000000238
34340  26.757  -45.431  25.692 0.6000000238
34355  25.238  -45.616  25.035 0.6000000238
105829  30.155  -44.876  26.047 0.6999999881
35215  28.221  -44.799  26.275 0.6000000238
35227  31.440  -44.391  24.849 0.6999999881
36065  31.643  -43.410  22.846 0.8000000119
36072  30.672  -43.080  21.366 0.8000000119
36074  29.558  -43.860  20.540 1.0000000000
36073  30.087  -43.367  20.739 0.8000000119
36082  27.828  -43.265  19.701 1.0000000000
106820  27.379  -43.812  19.652 1.0000000000
36083  26.894  -43.260  19.544 1.0000000000
36085  25.143  -43.459  19.269 1.0000000000
36892  24.529  -42.852  19.020 1.0000000000
36089  24.343  -43.547  18.843 1.0000000000
36090  23.353  -43.678  18.650 0.8999999762
35292  28.523  -44.451  18.364 0.6000000238
35289  31.076  -44.159  18.292 0.6000000238
35291  29.320  -44.452  18.405 0.6000000238
113079  27.801  -44.328  18.251 0.6999999881
36099  22.468  -43.986  18.107 0.8999999762
108101  27.079  -44.071  17.969 0.6999999881
36111  25.065  -43.688  17.556 0.6999999881
115048  23.453  -43.149  17.597 0.8999999762
35217  26.315  -44.755  25.590 0.5000000000
105168  29.169  -44.954  26.328 0.6000000238
35200  27.971  -43.903  26.434 0.5000000000
35214  29.589  -44.356  26.474 0.6999999881
35213  30.904  -44.209  25.696 0.6999999881
36024  31.441  -43.534  25.249 0.6999999881
36851  31.878  -42.922  23.675 0.6999999881
36071  31.354  -42.952  22.142 0.8000000119
36871  31.081  -42.416  21.686 0.8000000119
36872  30.461  -42.108  21.139 0.8000000119
36873  30.111  -42.775  20.762 0.8000000119
36881  28.847  -42.393  20.190 0.8999999762
115335  28.533  -43.096  20.014 1.0000000000
36880  29.648  -42.228  20.564 0.8000000119
36882  28.131  -42.515  19.758 0.8999999762
36884  26.282  -42.468  19.518 1.0000000000
36084  25.980  -43.364  19.474 1.0000000000
106977  23.753  -43.036  18.723 1.0000000000
36091  22.724  -43.819  18.387 0.8999999762
36901  22.647  -43.169  18.244 0.8999999762
36894  22.984  -42.908  18.566 0.8999999762
108100  22.535  -43.208  18.064 0.8999999762
36095  31.217  -43.403  18.387 0.6000000238
36098  28.868  -43.747  18.377 0.6000000238
36109  26.360  -43.757  17.750 0.6999999881
36928  24.509  -42.987  17.540 0.8000000119
36911  31.728  -42.878  18.373 0.6000000238
122769  27.693  -43.443  18.056 0.6999999881
36110  25.762  -43.486  17.633 0.6999999881
120226  23.986  -42.235  17.466 0.8000000119
36920  22.654  -42.738  17.934 0.8999999762
109601  25.412  -42.846  17.559 0.6999999881
36919  22.994  -42.222  17.660 0.8999999762
120212  28.833  -44.169  26.547 0.5000000000
106073  30.211  -43.949  26.425 0.6999999881
36012  28.704  -43.216  26.651 0.5000000000
36025  30.801  -43.298  26.068 0.6999999881
36837  31.769  -42.822  24.689 0.6999999881
37773  32.014  -41.922  23.167 0.6999999881
122254  31.716  -42.691  22.825 0.6999999881
37796  31.178  -41.700  21.677 0.8000000119
37803  29.920  -41.404  20.700 0.8000000119
37804  29.135  -41.613  20.337 0.8000000119
37806  27.705  -41.884  19.627 0.8999999762
36883  27.311  -42.557  19.574 1.0000000000
36885  25.355  -42.713  19.372 1.0000000000
37805  28.420  -41.786  19.914 0.8000000119
37809  25.468  -41.923  19.390 1.0000000000
36886  24.715  -42.142  19.180 1.0000000000
37808  26.141  -41.550  19.464 0.8999999762
36893  23.745  -42.240  18.817 1.0000000000
37826  22.758  -42.457  18.332 1.0000000000
37842  22.699  -41.746  17.876 0.8999999762
126439  28.240  -43.783  18.300 0.6999999881
114617  22.706  -41.558  18.249 0.8999999762
36097  29.642  -43.678  18.404 0.6000000238
36107  29.168  -43.153  18.254 0.6000000238
37854  22.937  -41.383  17.651 0.8999999762
107549  28.455  -43.020  18.089 0.6999999881
36108  26.996  -43.122  17.742 0.6999999881
124203  26.370  -42.167  17.472 0.6999999881
36918  24.966  -42.164  17.450 0.6999999881
36917  25.834  -42.047  17.457 0.6999999881
37841  23.613  -41.441  17.488 0.8000000119
119850  25.350  -41.568  17.366 0.6999999881
120974  29.453  -43.741  26.637 0.6000000238
36820  30.638  -42.410  26.258 0.6999999881
36026  29.844  -42.989  26.671 0.5000000000
111472  31.768  -41.992  25.013 0.6999999881
105670  32.137  -42.052  24.172 0.6999999881
37759  32.316  -41.196  23.768 0.6999999881
37788  32.196  -40.917  22.946 0.6999999881
37789  31.732  -41.367  22.328 0.6999999881
38662  31.338  -40.869  21.689 0.8000000119
37797  30.607  -41.159  21.226 0.8000000119
38671  30.070  -40.551  20.805 0.8000000119
38673  28.659  -41.050  20.099 0.8000000119
39495  30.232  -39.721  20.918 0.8000000119
121548  28.878  -40.387  20.246 0.8000000119
37815  27.990  -41.190  19.709 0.8000000119
37817  26.725  -41.091  19.509 0.8999999762
38674  25.406  -41.065  19.346 0.8999999762
37810  24.221  -41.537  19.076 1.0000000000
39497  28.647  -39.765  20.144 0.8000000119
38683  28.259  -40.460  19.875 0.8000000119
37819  23.440  -41.352  18.869 1.0000000000
122748  23.892  -40.953  19.067 1.0000000000
36900  29.839  -42.897  18.290 0.6000000238
37820  22.922  -40.932  18.665 1.0000000000
36915  27.706  -42.462  17.689 0.6999999881
36916  26.867  -42.292  17.497 0.6999999881
38706  22.621  -40.808  17.987 1.0000000000
37839  26.525  -41.629  17.291 0.6999999881
125409  25.895  -41.374  17.293 0.8000000119
37840  24.619  -41.493  17.406 0.8000000119
37760  32.087  -41.265  24.562 0.6999999881
38630  31.957  -40.462  24.928 0.6999999881
38629  32.298  -40.623  24.229 0.6999999881
38636  32.367  -40.232  23.498 0.6999999881
38651  32.227  -40.156  22.739 0.6999999881
114028  31.506  -40.044  21.716 0.6999999881
39476  32.053  -39.587  22.216 0.6999999881
38663  30.760  -40.315  21.304 0.8000000119
39496  29.424  -39.925  20.510 0.8000000119
119658  29.057  -39.217  20.327 0.8000000119
38685  26.534  -40.375  19.407 0.8999999762
37818  26.108  -40.881  19.401 0.8999999762
39505  27.026  -39.724  19.438 0.8000000119
38686  25.750  -40.308  19.265 0.8999999762
38675  24.563  -40.958  19.209 0.8999999762
36913  29.151  -42.493  17.951 0.6000000238
39507  25.313  -39.549  19.024 0.8999999762
38687  24.878  -40.300  19.210 0.8999999762
38676  23.237  -40.568  19.032 1.0000000000
37836  30.784  -41.671  17.904 0.6000000238
38693  22.652  -40.470  18.460 0.8999999762
37838  27.328  -41.696  17.284 0.6999999881
122936  22.542  -40.064  18.172 0.8999999762
119881  25.368  -40.907  17.229 0.8000000119
38705  23.243  -40.644  17.545 0.8999999762
39475  32.390  -39.491  22.903 0.6999999881
122225  31.596  -39.347  21.733 0.6999999881
40466  31.963  -38.737  21.883 0.6999999881
112913  31.260  -38.778  21.469 0.6999999881
39504  27.884  -39.732  19.736 0.8000000119
115307  27.449  -38.989  19.530 0.8000000119
113482  26.643  -39.031  19.203 0.8000000119
39498  23.972  -40.360  19.154 0.8999999762
36914  28.501  -42.235  17.707 0.6000000238
118090  25.955  -39.080  18.981 0.8000000119
40504  25.319  -38.665  18.753 0.8999999762
39509  23.163  -39.830  19.142 0.8999999762
38688  22.730  -40.077  18.931 0.8999999762
37850  30.027  -41.234  17.284 0.6000000238
37837  28.148  -41.679  17.334 0.6999999881
126754  22.580  -39.751  18.664 0.8999999762
37853  27.038  -41.181  16.933 0.6999999881
38724  22.713  -40.248  17.878 0.8000000119
38722  25.005  -40.119  17.151 0.6999999881
38723  24.052  -39.942  17.347 0.8000000119
39468  32.431  -39.293  23.683 0.6999999881
123746  32.451  -38.822  23.124 0.6999999881
40465  32.303  -38.766  22.502 0.6999999881
116959  28.351  -38.923  19.967 0.8000000119
40501  27.789  -38.235  19.611 0.8000000119
40503  26.213  -38.429  18.940 0.8000000119
39508  24.190  -39.581  19.046 0.8999999762
111676  23.169  -39.133  18.995 0.8999999762
37851  29.315  -41.065  16.875 0.6000000238
39510  22.673  -39.337  18.851 0.8999999762
113445  28.604  -41.125  16.799 0.6999999881
37852  27.754  -41.155  16.801 0.6999999881
40507  22.588  -38.537  18.399 0.8999999762
105265  25.890  -40.198  16.953 0.6999999881
39526  22.551  -39.185  17.949 0.8000000119
39542  25.545  -39.474  16.903 0.6999999881
39544  23.829  -39.053  17.381 0.8000000119
111153  23.112  -39.638  17.620 0.8000000119
39543  24.733  -39.339  17.142 0.8000000119
40463  32.475  -38.447  23.729 0.6999999881
110941  32.510  -38.119  22.943 0.6000000238
111957  25.746  -37.811  18.745 0.8000000119
113969  24.010  -37.842  18.527 0.8999999762
123428  22.919  -39.125  18.981 0.8999999762
41436  22.403  -37.798  18.062 0.8999999762
38721  27.298  -40.545  16.552 0.8000000119
40517  22.449  -38.360  18.114 0.8999999762
39545  22.868  -38.642  17.696 0.8000000119
39541  26.364  -39.526  16.650 0.6999999881
40541  24.552  -38.506  17.108 0.8000000119
40542  23.586  -38.130  17.375 0.8000000119
38720  28.238  -40.571  16.343 0.6999999881
112271  24.881  -37.878  18.575 0.8000000119
38734  28.732  -39.989  15.921 0.5000000000
39539  27.908  -39.933  16.050 0.6000000238
106079  27.135  -39.717  16.346 0.6999999881
41442  22.370  -37.520  17.977 0.8000000119
40539  26.935  -38.759  16.366 0.6000000238
105958  25.247  -38.825  16.900 0.6999999881
41455  24.340  -37.616  17.092 0.8000000119
40527  22.511  -37.995  17.918 0.8000000119
40540  25.990  -38.762  16.678 0.6000000238
41431  23.374  -37.246  18.394 0.8000000119
42346  22.798  -36.451  18.180 0.8000000119
113461  22.392  -37.151  17.962 0.8999999762
39557  28.434  -39.309  15.744 0.6000000238
41456  23.319  -37.202  17.361 0.8000000119
40543  22.640  -37.647  17.764 0.8000000119
42366  22.389  -36.703  17.951 0.8000000119
41454  25.346  -37.988  16.763 0.6000000238
42345  23.722  -36.392  18.417 0.8000000119
42353  22.410  -36.482  17.963 0.8000000119
39540  27.693  -39.156  15.990 0.6000000238
40538  27.633  -38.420  15.953 0.6000000238
42383  23.155  -36.245  17.269 0.8000000119
105876  26.368  -37.972  16.529 0.6000000238
121222  24.037  -36.822  17.084 0.6999999881
42384  22.536  -36.187  17.761 0.8000000119
120581  25.873  -37.219  16.646 0.6000000238
42382  24.296  -36.074  16.903 0.6000000238
105594  27.257  -37.769  16.241 0.6000000238
126184  26.649  -37.327  16.522 0.6000000238
43233  24.839  -35.254  18.701 0.8000000119
43235  23.091  -35.828  18.224 0.8000000119
40557  28.899  -38.528  15.546 0.6000000238
43234  23.946  -35.607  18.420 0.8000000119
40556  29.756  -38.699  15.364 0.5000000000
44059  23.124  -35.025  17.610 0.8000000119
43262  22.879  -35.309  17.877 0.8000000119
40558  28.161  -38.646  15.722 0.6000000238
108748  23.418  -35.396  17.119 0.6000000238
121684  29.503  -38.069  15.381 0.5000000000
41470  28.174  -37.845  15.736 0.6000000238
41453  27.785  -37.117  16.107 0.6000000238
42381  25.404  -36.411  16.817 0.6000000238
42398  28.594  -37.154  15.879 0.6000000238
106135  27.141  -37.089  16.470 0.6000000238
42380  26.433  -36.650  16.748 0.6000000238
43274  25.798  -35.848  17.083 0.6000000238
44023  23.987  -34.796  18.296 0.8000000119
43245  23.134  -35.265  18.117 0.8000000119
44014  25.828  -34.383  19.125 0.8000000119
44021  24.893  -34.335  18.615 0.6999999881
44022  24.083  -34.037  18.129 0.6999999881
41469  29.024  -37.710  15.617 0.6000000238
107237  24.207  -35.164  16.939 0.6000000238
44057  24.220  -34.422  17.251 0.6000000238
44049  23.828  -34.299  17.537 0.6999999881
127041  29.246  -37.264  15.791 0.5000000000
43261  25.103  -34.946  17.273 0.6000000238
42377  29.195  -36.929  16.476 0.5000000000
42379  27.353  -36.610  16.735 0.6000000238
42365  26.775  -35.978  17.187 0.6000000238
44895  25.439  -33.543  18.697 0.6999999881
44910  24.336  -33.450  18.067 0.6000000238
44933  24.465  -33.626  17.481 0.6000000238
44036  23.919  -34.110  17.852 0.6000000238
44048  24.861  -33.979  17.340 0.6000000238
44923  24.326  -33.479  17.674 0.6000000238
43273  27.742  -35.964  17.334 0.6000000238
43259  27.072  -35.440  17.453 0.6000000238
43260  26.251  -35.211  17.401 0.6000000238
43272  28.791  -36.242  17.393 0.6000000238
43258  28.363  -35.411  17.818 0.6000000238
42364  29.796  -36.510  17.383 0.5000000000
43257  29.427  -35.588  18.015 0.5000000000
45782  24.722  -32.918  18.187 0.6000000238
45792  24.621  -32.818  17.730 0.6000000238
44046  26.848  -34.603  17.522 0.6000000238
44047  25.737  -34.315  17.423 0.6000000238
45805  24.763  -32.855  17.369 0.6000000238
113006  27.597  -35.246  17.630 0.6000000238
43256  30.421  -36.033  17.909 0.4000000060
43244  30.198  -35.291  18.241 0.4000000060
44921  26.075  -33.542  17.320 0.6000000238
44932  25.049  -33.057  17.162 0.5000000000
45791  25.030  -32.237  18.005 0.5000000000
45781  25.511  -32.687  18.461 0.5000000000
44931  25.434  -32.644  16.999 0.5000000000
44045  27.828  -34.553  17.719 0.6000000238
116697  28.772  -34.466  18.032 0.5000000000
44035  29.703  -34.566  18.267 0.4000000060
46684  25.621  -31.972  18.190 0.4000000060
117243  27.110  -33.590  17.419 0.6000000238
45803  26.249  -32.578  16.930 0.5000000000
44920  28.110  -33.659  17.583 0.4000000060
45815  25.677  -31.979  16.590 0.4000000060
44918  29.325  -33.588  17.902 0.4000000060
44919  28.548  -33.027  17.479 0.4000000060
46714  25.901  -31.531  16.489 0.4000000060
44909  30.075  -33.853  18.255 0.4000000060
45802  27.426  -32.595  17.093 0.4000000060
47659  26.710  -30.808  17.635 0.4000000060
46694  25.662  -31.436  17.162 0.4000000060
45814  26.410  -31.721  16.385 0.4000000060
45800  29.215  -32.610  17.433 0.4000000060
45801  28.279  -32.174  16.905 0.4000000060
45813  27.334  -31.746  16.427 0.4000000060
47674  26.035  -30.904  17.057 0.4000000060
47686  26.284  -30.736  16.513 0.4000000060
46705  25.827  -31.308  16.668 0.4000000060
46704  29.066  -31.828  16.855 0.3000000119
116651  26.874  -31.135  16.099 0.4000000060
47700  26.324  -30.940  16.224 0.4000000060
47673  26.616  -30.237  16.780 0.4000000060
31653  23.130  -48.225  17.662 0.8000000119
31638  22.579  -48.130  17.996 0.8999999762
30680  23.394  -48.333  18.430 0.8999999762
30687  22.973  -48.880  18.193 0.8999999762
121708  23.758  -48.895  18.514 0.8999999762
31606  28.682  -47.921  19.901 0.8999999762
33512  29.505  -46.600  20.401 1.0000000000
122528  26.127  -48.732  19.379 0.8999999762
31615  27.207  -48.410  19.587 0.8999999762
32580  27.463  -47.574  19.657 0.8999999762
115665  25.458  -48.757  19.155 0.8999999762
32581  26.679  -47.711  19.511 0.8999999762
32582  25.879  -47.993  19.288 0.8999999762
33521  27.740  -46.912  19.775 1.0000000000
106245  24.893  -48.018  18.896 0.8999999762
33523  26.071  -46.965  19.350 0.8999999762
45804  25.012  -32.295  17.374 0.4000000060
46695  25.356  -31.846  17.547 0.4000000060
123039  26.432  -31.885  18.379 0.4000000060
27058  30.436  -52.909  22.628 1.0000000000
27098  28.684  -53.331  19.650 0.8000000119
29693  29.853  -50.670  20.212 0.8999999762
28821  28.919  -51.852  19.654 0.8000000119
28823  26.919  -50.935  19.476 0.8000000119
28824  25.979  -51.010  19.294 0.8000000119
29704  25.530  -50.212  19.200 0.8000000119
114715  24.626  -48.837  18.792 0.8999999762
30679  24.117  -49.505  18.627 0.8000000119
115084  26.589  -48.952  25.541 1.0000000000
32519  22.661  -47.598  24.314 0.6000000238
33487  21.407  -46.334  23.511 0.4000000060
32579  28.230  -47.396  19.846 0.8999999762
113228  23.882  -48.894  17.378 0.6999999881
33559  23.508  -46.364  17.394 0.8000000119
32584  23.944  -47.766  18.613 0.8999999762
32615  26.479  -47.988  16.612 0.6000000238
123630  22.478  -47.479  18.011 0.8999999762
113152  26.156  -46.945  25.441 0.6999999881
34423  22.362  -45.823  18.099 0.8999999762
115597  22.403  -46.130  17.906 0.8999999762
33538  27.055  -46.422  17.386 0.6999999881
33539  26.235  -46.178  17.414 0.6999999881
32496  29.382  -47.226  25.583 0.8999999762
115853  25.665  -45.995  19.280 0.8999999762
32572  25.305  -46.707  19.143 0.8999999762
122766  25.357  -47.343  19.123 0.8999999762
34356  24.437  -45.688  24.730 0.5000000000
33484  31.473  -46.241  23.481 1.0000000000
34413  22.534  -45.347  18.312 0.8999999762
34370  31.533  -45.457  23.667 0.8999999762
109049  31.620  -45.020  22.958 0.8999999762
35305  26.424  -44.757  17.740 0.6999999881
36123  22.599  -44.411  17.722 0.8999999762
36121  24.180  -43.864  17.472 0.8000000119
34341  25.979  -45.524  25.398 0.6000000238
34354  30.931  -45.042  25.255 0.6999999881
36056  31.674  -43.668  24.329 0.6999999881
122432  31.706  -43.757  23.539 0.6999999881
36081  28.726  -43.732  20.206 1.0000000000
122399  24.888  -44.033  19.143 1.0000000000
36112  22.535  -43.640  17.928 0.8999999762
35216  27.233  -44.573  26.002 0.6000000238
35218  25.550  -44.837  25.227 0.5000000000
36080  29.362  -43.067  20.420 0.8999999762
36027  27.189  -43.614  26.101 0.5000000000
36863  31.558  -42.191  22.280 0.8000000119
108495  22.616  -42.506  18.104 0.8999999762
36804  28.980  -42.326  26.824 0.5000000000
36819  31.348  -42.666  25.535 0.6999999881
37807  26.909  -41.826  19.526 0.8999999762
38672  29.359  -40.809  20.459 0.8000000119
109164  31.129  -41.847  25.750 0.6999999881
38652  31.871  -40.497  22.273 0.6999999881
39487  30.963  -39.526  21.378 0.8000000119
38684  27.402  -40.560  19.597 0.8999999762
124419  26.383  -40.865  16.997 0.8000000119
38704  24.331  -40.761  17.364 0.8000000119
40489  29.141  -38.395  20.318 0.8000000119
40505  24.204  -38.660  18.737 0.8999999762
40456  32.216  -38.885  24.540 0.6000000238
41432  22.577  -37.417  18.169 0.8999999762
107567  24.928  -37.009  16.806 0.6999999881
126165  24.959  -35.687  16.949 0.6000000238
122105  23.385  -34.730  17.836 0.6999999881
42378  28.229  -36.679  16.602 0.6000000238
44922  25.248  -33.425  17.247 0.6000000238
46683  26.014  -31.414  17.764 0.4000000060
46715  25.562  -31.763  16.661 0.4000000060
46713  27.914  -31.252  16.189 0.4000000060
31617  24.158  -48.370  18.656 0.8999999762
20855  27.654  -60.475  24.705 0.4000000060
21624  26.651  -59.943  25.367 0.4000000060
20843  25.890  -60.299  25.410 0.4000000060
107104  28.146  -59.839  24.431 0.4000000060
21623  27.109  -59.211  25.242 0.4000000060
124629  25.450  -59.613  25.501 0.4000000060
22453  28.603  -58.463  23.414 0.3000000119
120954  28.747  -57.978  22.694 0.4000000060
126344  28.781  -58.222  22.008 0.4000000060
24312  28.697  -56.479  20.780 0.4000000060
123222  28.006  -56.170  20.218 0.4000000060
22427  26.319  -58.503  25.479 0.5000000000
22428  25.493  -58.848  25.543 0.4000000060
22440  28.311  -58.138  24.213 0.4000000060
24292  29.050  -57.271  22.788 0.5000000000
23342  29.307  -56.909  22.060 0.4000000060
23353  28.905  -57.119  21.387 0.4000000060
25225  27.627  -55.532  19.818 0.5000000000
26162  26.939  -55.111  19.552 0.6000000238
25226  26.714  -55.775  19.589 0.5000000000
25241  26.253  -55.162  19.388 0.6000000238
26178  25.828  -54.550  19.207 0.4000000060
23316  25.559  -57.975  25.549 0.5000000000
22429  24.690  -58.371  25.463 0.5000000000
22430  23.817  -58.350  25.108 0.5000000000
23322  27.744  -57.729  24.813 0.6000000238
22426  27.117  -58.144  25.269 0.6000000238
23321  28.316  -57.284  24.350 0.5000000000
24291  29.310  -56.547  22.816 0.5000000000
117878  29.486  -56.299  22.161 0.5000000000
24304  29.295  -56.392  21.481 0.4000000060
25224  28.547  -55.628  20.350 0.6000000238
105220  28.337  -54.931  19.902 0.6000000238
26161  27.516  -54.687  19.614 0.6000000238
26176  27.339  -53.983  19.495 0.6000000238
26177  26.641  -54.402  19.416 0.6000000238
109643  25.814  -53.248  19.145 0.6000000238
106503  26.065  -53.906  19.274 0.6000000238
27101  25.472  -53.917  18.974 0.6000000238
111782  25.070  -53.235  18.780 0.6000000238
23315  26.386  -57.514  25.491 0.5000000000
114252  25.593  -57.224  25.543 0.5000000000
23317  24.194  -57.714  25.271 0.5000000000
114968  23.461  -57.501  24.709 0.5000000000
24269  27.825  -56.922  24.980 0.6000000238
23314  27.211  -57.277  25.286 0.6000000238
24281  28.829  -56.761  23.695 0.6000000238
24268  28.358  -56.491  24.582 0.6000000238
24280  29.185  -56.090  23.459 0.6000000238
25213  29.645  -55.754  21.824 0.6000000238
26160  29.187  -54.906  20.404 0.6000000238
27987  24.493  -52.508  18.598 0.6999999881
123213  24.878  -57.454  25.483 0.6000000238
23323  24.222  -56.953  25.241 0.5000000000
24257  27.931  -56.169  25.148 0.6000000238
24258  27.341  -56.523  25.351 0.6000000238
24260  26.062  -56.662  25.549 0.6000000238
24271  23.117  -56.692  24.253 0.5000000000
24282  22.486  -56.883  23.779 0.5000000000
121592  27.474  -55.862  25.396 0.6000000238
28825  24.880  -51.680  18.835 0.6999999881
25161  26.731  -56.023  25.491 0.6000000238
24261  25.088  -56.540  25.475 0.6000000238
24270  23.694  -56.596  24.801 0.6000000238
120975  25.014  -55.701  25.413 0.6000000238
25172  24.233  -55.971  25.175 0.6000000238
25173  23.464  -55.897  24.493 0.6000000238
25174  22.728  -55.960  23.821 0.6000000238
117135  27.233  -55.226  25.500 0.6000000238
24293  21.426  -56.379  22.973 0.5000000000
119343  28.401  -55.820  24.847 0.6000000238
25200  21.358  -55.481  22.899 0.6000000238
118321  24.061  -50.965  18.576 0.6999999881
115724  25.785  -55.863  25.490 0.6000000238
109371  23.881  -55.097  24.782 0.6000000238
26090  26.876  -54.420  25.507 0.6000000238
25163  25.457  -55.081  25.430 0.6000000238
108003  24.637  -55.074  25.242 0.6000000238
25187  23.183  -55.094  24.175 0.6000000238
25189  21.968  -55.701  23.371 0.6000000238
25160  28.046  -55.337  25.282 0.6000000238
25188  22.482  -55.024  23.667 0.6000000238
29706  23.377  -50.153  18.302 0.6999999881
26089  27.770  -54.499  25.423 0.6000000238
26092  25.086  -54.324  25.344 0.6999999881
26104  24.333  -54.292  24.927 0.6999999881
26088  28.432  -54.594  25.217 0.6000000238
30686  22.859  -49.490  18.067 0.6999999881
26091  25.953  -54.365  25.480 0.6999999881
27017  24.770  -53.561  25.152 0.6999999881
26105  23.583  -54.292  24.483 0.6999999881
26120  22.904  -54.277  23.989 0.6999999881
27029  23.280  -53.552  24.289 0.6000000238
26121  22.198  -54.155  23.502 0.5000000000
30721  22.601  -48.653  18.047 0.8000000119
27015  26.456  -53.610  25.487 0.6999999881
27016  25.550  -53.587  25.415 0.6999999881
27900  25.160  -52.836  25.334 0.6999999881
27028  24.058  -53.434  24.621 0.6999999881
27046  21.612  -53.633  23.264 0.5000000000
113797  23.584  -52.910  24.421 0.6999999881
27030  22.993  -52.850  24.197 0.6000000238
27045  22.396  -52.825  23.795 0.6000000238
40502  26.994  -38.309  19.250 0.6999999881
116694  30.478  -38.914  21.049 0.6999999881
116591  29.724  -39.078  20.618 0.6999999881
40490  28.446  -38.133  19.950 0.6999999881
41428  27.292  -37.536  19.378 0.6999999881
41429  26.508  -37.657  19.049 0.6999999881
107661  25.341  -37.098  18.709 0.6999999881
111128  32.300  -37.872  22.121 0.6000000238
40477  30.800  -38.109  21.168 0.6000000238
40488  30.040  -38.260  20.671 0.6999999881
41420  28.822  -37.556  20.080 0.6999999881
42342  26.716  -36.763  19.250 0.6999999881
42344  24.871  -36.232  18.690 0.6999999881
40476  31.638  -37.999  21.559 0.6000000238
41411  31.229  -37.320  21.170 0.6000000238
42330  30.895  -36.663  20.709 0.6000000238
42332  29.206  -36.850  20.146 0.6999999881
41427  28.090  -37.518  19.702 0.6999999881
43232  26.423  -35.864  19.311 0.6999999881
109665  25.628  -35.639  19.044 0.6999999881
41409  32.413  -37.027  22.048 0.6000000238
41410  31.976  -37.188  21.639 0.6000000238
42331  30.012  -36.770  20.459 0.6000000238
123113  28.823  -36.264  19.882 0.5000000000
42333  28.133  -36.116  19.676 0.6999999881
44012  27.482  -34.662  19.525 0.6999999881
43225  26.160  -35.105  19.296 0.6999999881
45790  31.801  -32.687  18.264 0.3000000119
44916  31.019  -32.813  18.084 0.3000000119
20842  26.774  -60.716  25.151 0.4000000060
19985  25.988  -61.098  25.167 0.3000000119
20856  25.226  -61.005  25.247 0.4000000060
113720  28.527  -59.863  23.763 0.3000000119
20857  24.343  -60.811  25.047 0.4000000060
22464  28.729  -58.709  22.534 0.4000000060
21641  24.026  -59.854  25.211 0.4000000060
112238  28.592  -58.004  21.317 0.4000000060
23362  28.374  -57.378  20.757 0.4000000060
113986  27.853  -56.869  20.325 0.4000000060
24313  27.256  -56.354  19.889 0.5000000000
25227  25.942  -55.854  19.353 0.4000000060
21642  23.523  -59.104  24.907 0.4000000060
27102  24.842  -53.880  18.639 0.5000000000
22443  22.519  -58.584  24.067 0.5000000000
121010  24.169  -53.328  18.373 0.6000000238
117849  22.820  -57.929  24.252 0.5000000000
23324  22.822  -57.355  24.137 0.5000000000
23334  21.814  -57.119  23.354 0.5000000000
28826  23.747  -51.762  18.399 0.6000000238
122965  20.811  -55.908  22.460 0.4000000060
116262  23.084  -51.068  18.087 0.6999999881
114319  21.772  -54.909  23.292 0.5000000000
122438  21.571  -54.291  23.159 0.5000000000
30702  22.834  -49.463  18.039 0.8000000119
30720  23.008  -48.995  17.803 0.6999999881
27061  20.274  -53.556  22.300 0.5000000000
27948  21.026  -53.015  22.850 0.6000000238
37741  31.529  -41.158  25.329 0.6000000238
42322  32.180  -36.452  21.730 0.5000000000
43211  31.324  -35.875  20.761 0.5000000000
43212  30.843  -35.208  20.529 0.5000000000
43221  29.831  -35.334  20.229 0.5000000000
44011  28.393  -34.734  19.630 0.5000000000
119087  27.140  -34.016  19.448 0.5000000000
45797  31.869  -31.973  18.073 0.3000000119
45798  31.305  -32.022  17.757 0.3000000119
118842  29.792  -32.187  17.388 0.3000000119
26102  29.406  -54.566  24.222 0.6000000238
25185  29.344  -55.367  23.710 0.6000000238
25199  29.547  -55.799  22.793 0.6000000238
27901  24.560  -52.895  24.946 0.8000000119
27986  25.396  -52.496  18.981 0.6999999881
123720  23.305  -49.402  18.314 0.6999999881
44886  26.366  -33.861  19.239 0.6000000238
44917  30.129  -32.968  17.846 0.3000000119
30703  22.704  -48.783  18.012 0.8000000119
41419  29.605  -37.554  20.424 0.6999999881
120020  27.596  -59.772  24.866 0.4000000060
126874  28.377  -59.074  24.135 0.4000000060
113902  28.661  -59.266  23.204 0.3000000119
23332  28.656  -57.651  23.553 0.5000000000
21626  24.159  -59.006  25.306 0.5000000000
26179  25.060  -54.638  18.760 0.4000000060
21643  22.859  -59.246  24.432 0.5000000000
126317  22.139  -53.410  23.563 0.6000000238
42341  27.649  -36.785  19.539 0.6999999881
42343  25.854  -36.448  19.001 0.6999999881
41418  30.436  -37.451  20.738 0.6999999881
42323  31.606  -36.532  21.234 0.6000000238
43220  30.420  -35.989  20.480 0.5000000000
112170  29.500  -36.100  20.195 0.6000000238
42340  28.457  -36.836  19.798 0.6999999881
42334  27.269  -36.017  19.491 0.6999999881
43224  26.955  -35.258  19.481 0.6999999881
43210  31.920  -35.803  21.337 0.5000000000
43222  28.839  -35.508  19.798 0.5000000000
43223  27.835  -35.377  19.601 0.5000000000
44013  26.651  -34.544  19.405 0.6999999881
43199  32.281  -35.633  22.323 0.5000000000
44010  29.330  -34.704  19.870 0.5000000000
115167  27.969  -34.067  19.521 0.5000000000
29711  22.939  -50.367  17.925 0.6000000238
115606  23.263  -49.727  17.653 0.6000000238
109469  25.455  -48.989  16.760 0.5000000000
30719  24.189  -49.799  17.187 0.6000000238
30718  24.721  -49.184  17.039 0.6000000238
31663  27.668  -48.904  16.042 0.5000000000
31649  26.254  -48.759  16.499 0.5000000000
31651  24.819  -48.438  17.068 0.6000000238
28772  20.800  -51.391  23.187 0.5000000000
30728  28.391  -48.279  15.904 0.5000000000
31648  27.483  -47.894  16.328 0.5000000000
32613  29.666  -47.447  15.992 0.5000000000
29654  20.194  -50.515  22.994 0.4000000060
29664  19.265  -50.307  22.053 0.4000000060
30632  19.610  -49.516  22.653 0.4000000060
33552  30.275  -46.913  16.224 0.5000000000
111689  28.857  -47.334  16.211 0.5000000000
118286  19.924  -48.577  22.994 0.4000000060
34442  30.830  -46.338  16.566 0.5000000000
33553  29.352  -46.761  16.714 0.5000000000
31583  19.844  -47.554  22.962 0.4000000060
34357  23.593  -45.679  24.482 0.4000000060
34358  22.737  -45.641  24.188 0.4000000060
34371  21.820  -45.578  23.773 0.4000000060
36014  27.128  -42.912  26.154 0.4000000060
36028  26.388  -43.248  25.701 0.4000000060
35228  24.794  -44.896  24.832 0.4000000060
35219  25.076  -44.102  25.075 0.4000000060
108698  23.961  -44.921  24.581 0.4000000060
36030  24.527  -43.302  24.815 0.4000000060
35229  24.276  -44.136  24.687 0.4000000060
121031  23.089  -44.885  24.334 0.4000000060
35230  22.204  -44.865  24.031 0.4000000060
107480  25.870  -44.060  25.464 0.4000000060
36806  27.530  -42.267  26.472 0.4000000060
36807  26.698  -42.404  25.963 0.4000000060
36822  25.773  -42.404  25.530 0.4000000060
36029  25.391  -43.267  25.309 0.4000000060
36823  24.743  -42.366  25.048 0.4000000060
117755  23.814  -42.552  24.655 0.4000000060
114500  23.422  -44.154  24.499 0.4000000060
36838  22.973  -42.678  24.577 0.4000000060
108861  22.543  -44.150  24.370 0.4000000060
36821  29.844  -42.016  26.733 0.4000000060
37725  27.663  -41.471  26.645 0.4000000060
37726  26.961  -41.720  26.308 0.4000000060
37744  26.372  -41.161  26.045 0.4000000060
114667  25.626  -41.609  25.561 0.4000000060
126885  25.211  -41.957  25.330 0.4000000060
36824  23.770  -41.709  24.778 0.4000000060
124245  23.377  -42.164  24.701 0.4000000060
37742  30.777  -41.120  26.082 0.5000000000
120952  30.492  -41.724  26.337 0.5000000000
37743  29.954  -41.243  26.663 0.5000000000
37723  29.086  -41.512  26.898 0.4000000060
38598  28.368  -41.100  26.861 0.4000000060
110699  27.138  -41.132  26.463 0.4000000060
114369  24.635  -41.375  25.178 0.4000000060
38614  30.239  -40.436  26.449 0.5000000000
38600  26.936  -40.558  26.417 0.4000000060
39448  29.634  -39.716  26.538 0.4000000060
39427  28.731  -39.838  26.578 0.4000000060
119844  28.382  -40.461  26.707 0.4000000060
38599  27.701  -40.698  26.648 0.4000000060
39430  26.787  -39.834  26.355 0.4000000060
40422  29.099  -38.932  26.577 0.4000000060
40442  28.535  -38.156  26.394 0.4000000060
40423  28.224  -39.092  26.571 0.4000000060
40443  27.460  -38.360  26.362 0.4000000060
39462  31.855  -39.576  25.169 0.5000000000
124600  30.764  -38.769  26.207 0.5000000000
107404  30.016  -38.830  26.469 0.4000000060
41381  27.020  -37.538  26.128 0.3000000119
39461  32.262  -39.851  24.358 0.5000000000
39428  27.985  -39.965  26.589 0.4000000060
40444  26.682  -39.013  26.288 0.4000000060
40424  27.422  -39.403  26.483 0.4000000060
40439  31.280  -38.272  25.737 0.5000000000
40440  30.416  -38.073  26.159 0.5000000000
40441  29.488  -38.077  26.314 0.4000000060
41379  28.992  -37.266  26.110 0.4000000060
40457  31.856  -38.160  24.992 0.5000000000
41378  29.949  -37.304  25.945 0.4000000060
42284  28.595  -36.535  25.805 0.4000000060
41380  27.920  -37.255  26.129 0.3000000119
113525  27.095  -36.799  25.794 0.3000000119
106193  26.193  -37.267  25.718 0.3000000119
41376  31.519  -37.594  25.333 0.5000000000
41394  32.285  -38.059  24.354 0.4000000060
41399  32.448  -37.502  23.698 0.5000000000
42282  30.515  -36.610  25.579 0.3000000119
42285  27.822  -36.389  25.730 0.3000000119
42286  26.396  -36.325  25.533 0.3000000119
42281  31.378  -36.853  25.308 0.3000000119
41395  31.971  -37.324  24.663 0.4000000060
42299  32.205  -36.758  24.080 0.4000000060
41401  32.492  -37.251  22.712 0.4000000060
42283  29.520  -36.528  25.726 0.3000000119
124811  28.322  -35.972  25.604 0.3000000119
119808  27.253  -35.458  25.361 0.3000000119
112089  27.165  -36.042  25.541 0.3000000119
42287  25.514  -36.553  25.435 0.3000000119
43175  24.871  -35.906  25.071 0.3000000119
112741  26.569  -35.521  25.324 0.3000000119
106915  25.804  -35.764  25.310 0.3000000119
42300  31.758  -36.393  24.687 0.3000000119
43183  32.053  -36.039  23.900 0.3000000119
42312  32.396  -36.372  22.394 0.4000000060
43209  32.244  -35.866  21.872 0.4000000060
44001  31.188  -34.419  20.681 0.4000000060
122696  24.239  -35.763  24.833 0.3000000119
43171  30.100  -35.649  25.402 0.3000000119
43170  31.138  -35.971  25.237 0.3000000119
43196  31.886  -35.224  23.677 0.3000000119
43986  32.136  -35.036  22.746 0.3000000119
43991  32.148  -35.112  21.758 0.4000000060
43992  32.058  -34.181  22.389 0.3000000119
44000  31.813  -34.259  21.361 0.4000000060
44002  30.249  -34.565  20.303 0.4000000060
112200  29.795  -33.974  19.963 0.4000000060
113348  28.889  -34.062  19.614 0.4000000060
43184  31.566  -35.533  24.551 0.3000000119
44874  30.669  -33.793  20.425 0.4000000060
44882  30.270  -33.228  20.077 0.4000000060
44883  29.372  -33.379  19.652 0.4000000060
45769  28.908  -32.806  19.404 0.4000000060
44884  28.422  -33.454  19.469 0.4000000060
45771  27.061  -33.010  19.083 0.4000000060
44872  31.907  -33.220  21.892 0.3000000119
44880  31.527  -32.859  21.267 0.3000000119
44881  31.045  -33.022  20.638 0.3000000119
45768  29.902  -32.632  19.699 0.4000000060
45779  28.428  -32.285  18.996 0.4000000060
45780  27.340  -32.303  18.731 0.3000000119
44894  26.285  -33.201  18.915 0.4000000060
107452  26.372  -32.516  18.629 0.3000000119
45760  31.634  -32.305  21.774 0.3000000119
45766  31.365  -32.272  21.006 0.3000000119
45767  30.730  -32.430  20.288 0.3000000119
107200  30.429  -31.702  19.836 0.3000000119
46671  29.426  -32.060  19.321 0.3000000119
46681  28.836  -31.522  18.814 0.3000000119
110425  27.932  -31.732  18.621 0.3000000119
46660  31.369  -31.582  21.495 0.3000000119
46670  31.117  -31.611  20.655 0.3000000119
46680  29.816  -31.204  19.202 0.3000000119
47658  27.875  -30.867  18.307 0.3000000119
46682  27.000  -31.450  18.319 0.3000000119
116909  27.352  -30.276  17.553 0.3000000119
38613  31.244  -40.228  25.798 0.5000000000
29724  23.006  -50.556  17.816 0.5000000000
114685  25.151  -49.796  16.790 0.5000000000
29739  24.640  -50.568  16.866 0.5000000000
31662  29.079  -48.428  15.864 0.5000000000
30717  26.052  -49.621  16.465 0.5000000000
27917  22.685  -52.124  24.117 0.6000000238
27932  22.020  -52.142  23.709 0.6000000238
28770  22.304  -51.391  24.001 0.6000000238
28785  19.998  -51.323  22.590 0.5000000000
116369  18.567  -50.441  21.022 0.5000000000
29665  18.466  -49.667  21.231 0.4000000060
119879  19.155  -48.773  22.358 0.4000000060
30633  18.510  -48.943  22.068 0.4000000060
31584  19.170  -48.173  22.641 0.4000000060
34373  20.202  -45.711  22.991 0.3000000119
35243  21.426  -44.938  23.728 0.4000000060
36839  22.358  -43.006  24.950 0.4000000060
110511  21.854  -44.426  24.133 0.4000000060
36826  22.640  -42.434  25.296 0.4000000060
37745  25.386  -40.805  25.581 0.4000000060
37748  23.092  -41.798  25.955 0.4000000060
126800  24.671  -40.806  25.328 0.4000000060
38615  26.198  -40.323  26.027 0.4000000060
37746  24.056  -40.721  25.168 0.4000000060
107786  26.479  -38.167  26.071 0.4000000060
39449  26.089  -39.563  25.971 0.4000000060
42288  24.633  -36.743  25.305 0.3000000119
31661  29.751  -48.014  15.821 0.5000000000
33497  19.855  -46.435  22.900 0.4000000060
38616  25.425  -39.992  25.695 0.4000000060
38617  24.689  -40.318  25.480 0.4000000060
32551  19.881  -46.832  22.930 0.4000000060
31650  25.630  -48.137  16.830 0.5000000000
36013  27.776  -43.049  26.452 0.4000000060
37724  28.290  -41.854  26.793 0.4000000060
110676  31.694  -35.108  20.882 0.4000000060
44885  27.555  -33.498  19.374 0.4000000060
115960  26.960  -48.556  16.283 0.5000000000
30729  28.500  -48.974  16.001 0.5000000000
36041  23.667  -43.369  24.570 0.4000000060
36042  22.975  -43.493  24.472 0.4000000060
36043  22.475  -43.455  24.598 0.4000000060
126227  23.892  -41.156  24.902 0.4000000060
36825  23.142  -41.884  24.842 0.4000000060
38597  29.182  -40.626  26.737 0.4000000060
39429  27.385  -40.116  26.531 0.4000000060
109999  31.747  -38.813  25.293 0.5000000000
39446  31.297  -39.193  25.838 0.5000000000
39447  30.571  -39.544  26.322 0.5000000000
41377  30.889  -37.429  25.724 0.4000000060
42308  32.403  -36.608  23.298 0.4000000060
43195  32.304  -35.800  23.037 0.3000000119
119140  30.902  -35.090  25.010 0.3000000119
44873  31.458  -33.570  20.956 0.3000000119
45770  27.938  -32.910  19.232 0.4000000060
124813  30.870  -31.028  20.346 0.3000000119
37747  23.517  -41.148  25.070 0.4000000060
25201  20.823  -55.222  22.489 0.4000000060
109936  19.839  -54.648  21.535 0.4000000060
26150  19.732  -53.926  21.575 0.3000000119
26136  20.442  -54.521  22.261 0.4000000060
27074  19.174  -53.463  20.793 0.3000000119
27112  23.347  -53.090  17.960 0.5000000000
27949  20.093  -52.682  22.305 0.5000000000
27062  19.465  -52.982  21.407 0.3000000119
27988  23.542  -52.515  18.192 0.5000000000
28834  23.003  -51.876  17.816 0.5000000000
27995  22.887  -52.589  17.631 0.5000000000
114744  21.312  -52.177  23.288 0.5000000000
27933  20.570  -52.128  22.772 0.4000000060
28835  22.636  -52.251  17.263 0.5000000000
28863  22.597  -52.235  17.093 0.3000000119
28845  22.996  -51.456  17.623 0.5000000000
109106  23.119  -51.467  17.337 0.4000000060
28861  24.069  -51.409  16.804 0.3000000119
119767  25.117  -51.193  16.612 0.3000000119
29737  26.766  -50.250  16.193 0.3000000119
29738  25.734  -50.580  16.470 0.3000000119
29740  23.589  -50.600  17.315 0.4000000060
30653  17.637  -49.534  20.830 0.3000000119
29747  28.031  -49.663  16.033 0.4000000060
126640  27.394  -49.701  16.084 0.4000000060
30634  18.024  -49.083  21.540 0.3000000119
32552  19.120  -47.759  23.022 0.3000000119
35231  21.271  -44.617  24.127 0.3000000119
127186  22.090  -43.980  24.472 0.3000000119
125608  21.694  -44.230  24.509 0.3000000119
36044  21.874  -43.679  24.984 0.3000000119
36031  21.368  -43.751  25.783 0.3000000119
36827  21.985  -43.178  26.015 0.3000000119
123583  23.737  -40.560  25.527 0.3000000119
37727  23.366  -40.968  26.190 0.3000000119
37728  22.659  -41.404  26.860 0.3000000119
37729  21.700  -41.719  27.201 0.3000000119
39450  25.445  -39.357  25.737 0.3000000119
38618  24.030  -40.032  25.530 0.3000000119
38601  23.545  -40.095  26.108 0.3000000119
40445  25.918  -38.835  25.861 0.3000000119
39452  23.804  -39.293  25.819 0.3000000119
39431  23.122  -39.427  26.448 0.3000000119
109073  24.382  -38.836  25.688 0.3000000119
40447  23.809  -38.463  25.776 0.3000000119
40425  23.350  -38.770  26.124 0.3000000119
41382  25.597  -38.092  25.727 0.3000000119
40446  25.102  -38.801  25.699 0.3000000119
30716  26.862  -49.302  16.197 0.4000000060
31585  18.625  -48.571  22.504 0.3000000119
39451  24.682  -39.522  25.621 0.3000000119
27950  19.406  -52.126  21.606 0.3000000119
28786  19.317  -51.300  21.768 0.3000000119
29680  18.056  -49.748  20.713 0.3000000119
20859  22.733  -60.068  24.244 0.4000000060
20878  21.618  -60.400  22.636 0.4000000060
21666  21.726  -59.572  23.113 0.4000000060
21687  20.622  -59.811  21.544 0.4000000060
112737  20.247  -58.889  21.390 0.3000000119
22454  21.911  -58.699  23.480 0.4000000060
21681  21.348  -58.822  22.794 0.4000000060
22465  20.963  -58.098  22.512 0.4000000060
24314  26.342  -56.604  19.539 0.3000000119
22455  21.567  -57.970  23.136 0.4000000060
22473  19.835  -58.052  21.113 0.3000000119
23354  20.068  -57.034  21.536 0.3000000119
23344  21.211  -57.294  22.753 0.4000000060
121782  19.468  -56.462  20.715 0.3000000119
24315  19.060  -55.524  20.199 0.3000000119
24294  20.724  -56.718  22.359 0.4000000060
24305  20.358  -56.208  21.887 0.3000000119
25215  20.257  -55.386  21.854 0.3000000119
20904  21.131  -60.497  21.903 0.4000000060
21686  21.209  -59.668  22.345 0.4000000060
25228  18.945  -54.623  20.155 0.3000000119
117052  23.295  -59.776  24.697 0.3000000119
25229  18.259  -54.526  19.263 0.3000000119
20001  28.323  -60.501  24.119 0.3000000119
20841  27.183  -60.031  25.169 0.4000000060
20844  24.939  -60.181  25.442 0.4000000060
21625  24.784  -59.324  25.484 0.5000000000
21640  27.817  -59.293  24.691 0.4000000060
21665  22.310  -59.423  23.801 0.5000000000
21682  20.741  -58.914  22.127 0.4000000060
22441  27.748  -58.586  24.723 0.4000000060
22442  23.143  -58.446  24.580 0.5000000000
23333  22.290  -57.791  23.726 0.5000000000
23343  28.983  -57.609  21.996 0.4000000060
23345  20.645  -57.448  22.242 0.4000000060
24259  26.767  -56.808  25.482 0.6000000238
24283  22.073  -56.411  23.482 0.6000000238
24306  19.741  -55.971  21.269 0.3000000119
25162  26.347  -55.166  25.512 0.6000000238
25171  28.808  -55.135  24.691 0.6000000238
25186  28.816  -55.945  24.192 0.6000000238
25214  29.357  -55.738  20.942 0.6000000238
25216  19.562  -55.079  20.973 0.4000000060
25242  25.564  -55.263  19.121 0.4000000060
26103  28.983  -54.248  24.843 0.8000000119
26135  21.207  -54.741  22.802 0.5000000000
26159  29.765  -54.249  20.765 0.8000000119
27044  22.666  -53.516  23.872 0.6000000238
27060  21.062  -53.970  22.766 0.5000000000
27915  24.114  -52.554  24.623 0.6999999881
28740  28.481  -51.380  25.433 0.8999999762
28771  21.592  -51.399  23.603 0.6999999881
29700  29.130  -50.552  19.774 0.8999999762
30617  22.585  -49.003  24.352 0.6999999881
30650  31.415  -48.772  22.185 1.0000000000
30652  18.152  -49.259  21.179 0.3000000119
31550  24.073  -49.059  24.987 0.6999999881
31623  22.752  -48.278  18.140 0.8999999762
32537  19.652  -47.008  23.178 0.3000000119
32614  28.395  -47.726  16.035 0.5000000000
32628  29.065  -47.873  15.764 0.5000000000
33496  19.987  -46.184  22.744 0.4000000060
34422  28.937  -45.182  18.248 0.6000000238
34435  25.274  -45.213  17.440 0.6999999881
36096  30.462  -43.512  18.403 0.6000000238
36106  31.939  -43.805  18.208 0.6000000238
36805  28.232  -42.514  26.676 0.4000000060
36929  22.794  -43.047  17.818 0.8999999762
37816  27.342  -41.318  19.590 0.8999999762
39506  26.211  -39.677  19.196 0.8000000119
39518  22.525  -39.176  18.419 0.8999999762
40506  23.120  -38.301  18.538 0.8999999762
41430  24.403  -37.122  18.551 0.8000000119
41457  22.612  -36.827  17.730 0.8000000119
43246  22.606  -35.776  18.031 0.8000000119
43263  22.522  -35.858  17.934 0.8000000119
43275  22.771  -35.601  17.656 0.8000000119
44037  23.541  -34.789  18.097 0.6999999881
44058  23.805  -34.885  17.029 0.6000000238
44896  24.574  -33.548  18.291 0.6999999881
45816  25.237  -32.259  16.969 0.4000000060
46706  25.383  -31.799  16.972 0.4000000060
105985  29.934  -42.062  17.913 0.6000000238
106825  22.319  -44.374  17.964 0.8999999762
107098  22.803  -40.965  17.766 0.8999999762
107203  30.132  -54.017  23.054 0.8999999762
108135  27.992  -52.746  25.473 0.8999999762
108188  23.000  -41.922  18.574 1.0000000000
109284  22.803  -47.144  18.293 0.8999999762
110362  18.776  -49.296  21.853 0.4000000060
110751  22.229  -45.151  18.084 0.8999999762
111122  29.826  -55.170  22.462 0.6000000238
113474  26.240  -42.796  17.606 0.6999999881
116134  21.746  -52.882  23.447 0.6000000238
116756  26.165  -59.387  25.447 0.4000000060
116928  19.890  -51.965  22.279 0.5000000000
117764  26.305  -41.867  25.826 0.4000000060
118428  26.584  -44.055  25.760 0.5000000000
118598  19.588  -47.459  23.076 0.4000000060
119689  24.268  -45.719  18.812 0.8999999762
119913  24.890  -41.534  19.269 1.0000000000
120130  24.106  -51.853  24.710 0.8000000119
120386  26.030  -35.297  25.197 0.3000000119
120541  29.092  -41.670  17.433 0.6000000238
121118  26.049  -37.141  18.916 0.6999999881
122606  25.481  -34.942  19.020 0.8000000119
123278  29.520  -50.075  20.005 0.8999999762
124844  28.722  -33.680  17.765 0.4000000060
125102  26.621  -40.203  16.681 0.6999999881
125408  28.640  -51.096  19.612 0.8000000119
125452  29.657  -55.263  23.080 0.6999999881
125472  26.677  -47.424  16.840 0.6000000238
126192  22.640  -48.205  17.922 0.8999999762
126240  22.729  -35.438  17.851 0.8000000119
126576  28.295  -43.525  19.917 1.0000000000
126603  24.775  -39.139  18.851 0.8999999762
126941  26.885  -33.527  19.267 0.5000000000
127275  22.347  -37.144  17.977 0.8000000119
