#!ascii label  , from subject sub-v1s7x0051322_ses-1 vox2ras=TkReg
1261
6073  23.131  -78.942  12.088 0.5000000000
13990  17.035  -67.435  14.366 0.6000000238
125059  17.457  -67.190  14.913 0.6000000238
13162  17.278  -68.800  15.406 0.6000000238
13147  17.727  -68.284  15.970 0.6999999881
13161  17.660  -69.068  16.054 0.6000000238
14772  18.532  -67.347  15.774 0.6999999881
13973  18.188  -68.064  16.505 0.6000000238
7895  16.602  -76.111  11.148 0.5000000000
7272  21.825  -77.482  10.500 0.6000000238
7262  19.672  -76.981  11.188 0.6000000238
121294  18.231  -76.817  11.002 0.5000000000
7270  23.197  -77.639  9.467 0.5000000000
7271  22.585  -77.579  9.932 0.4000000060
7274  19.516  -77.515  10.218 0.5000000000
126066  18.890  -76.857  11.173 0.6000000238
9974  15.845  -73.524  13.445 0.5000000000
6096  26.053  -80.187  8.154 0.4000000060
117076  15.916  -72.717  13.435 0.5000000000
9973  16.936  -73.617  13.719 0.5000000000
11511  15.400  -71.060  13.279 0.6000000238
13183  15.372  -68.741  13.103 0.6000000238
14002  17.739  -67.727  13.582 0.6000000238
14001  18.705  -67.905  13.608 0.6999999881
13991  16.357  -67.893  13.834 0.6000000238
14792  18.588  -67.233  14.403 0.6999999881
109555  20.844  -69.338  14.153 0.6000000238
13988  19.680  -68.115  14.714 0.6999999881
13167  21.785  -69.810  14.262 0.6000000238
110459  20.292  -68.861  14.857 0.6000000238
13981  19.679  -68.161  15.479 0.6999999881
13168  21.048  -69.750  15.130 0.6999999881
12291  18.613  -70.217  16.871 0.6000000238
8548  15.797  -75.305  11.322 0.5000000000
7894  17.701  -76.187  11.489 0.6000000238
8547  17.186  -75.304  11.595 0.5000000000
7906  23.331  -77.006  10.280 0.6000000238
123370  21.769  -76.899  11.252 0.6999999881
7880  18.799  -76.368  11.694 0.6000000238
7286  24.233  -77.718  8.497 0.4000000060
11523  14.625  -71.269  12.558 0.5000000000
10718  14.401  -72.060  12.523 0.5000000000
123963  25.087  -79.066  10.884 0.5000000000
11512  14.823  -70.980  12.953 0.5000000000
13199  17.509  -69.062  12.640 0.6999999881
12346  14.980  -70.216  12.831 0.6000000238
13198  18.815  -69.065  12.472 0.6999999881
111750  16.409  -68.806  12.967 0.6000000238
13200  15.388  -68.813  12.911 0.6000000238
14013  18.217  -68.439  13.058 0.6999999881
14004  16.079  -68.497  13.475 0.6000000238
13181  21.411  -69.432  13.344 0.6000000238
14000  19.785  -68.667  13.217 0.6000000238
13180  22.400  -69.729  13.438 0.6000000238
109497  19.310  -67.852  14.158 0.6000000238
12343  23.326  -70.106  13.628 0.6000000238
12327  22.736  -70.201  14.376 0.6999999881
13972  18.844  -67.737  17.117 0.6999999881
12272  18.637  -69.938  17.619 0.5000000000
13982  19.028  -67.576  16.241 0.6999999881
13132  18.325  -68.372  17.338 0.6000000238
9258  18.864  -75.051  12.201 0.5000000000
9275  16.422  -74.603  11.440 0.5000000000
8545  20.881  -75.558  12.101 0.6999999881
8546  18.294  -75.594  11.991 0.6000000238
7905  24.225  -76.668  10.044 0.5000000000
7890  22.907  -76.128  11.122 0.6999999881
7891  22.152  -76.198  11.519 0.6999999881
7893  20.432  -76.395  11.889 0.6000000238
7879  19.638  -76.269  12.001 0.6000000238
7304  25.578  -77.727  7.777 0.4000000060
7285  25.064  -77.370  8.322 0.4000000060
7924  23.852  -77.371  9.323 0.5000000000
11536  15.919  -71.130  11.851 0.5000000000
12377  16.664  -70.446  12.057 0.5000000000
12378  15.579  -70.296  12.454 0.5000000000
12360  16.283  -69.540  12.617 0.5000000000
14020  19.894  -69.100  12.157 0.6999999881
13195  22.464  -69.312  11.765 0.6000000238
122464  20.891  -69.077  11.974 0.6999999881
14012  19.286  -68.723  12.794 0.6999999881
115118  23.212  -69.448  11.561 0.6000000238
13197  20.874  -69.173  12.499 0.6999999881
12341  24.621  -70.118  12.812 0.6999999881
13194  23.032  -69.556  12.553 0.6000000238
110108  21.976  -69.343  12.496 0.6000000238
12340  25.962  -70.459  13.714 0.6000000238
122440  25.460  -70.386  13.050 0.6999999881
12342  23.834  -69.893  13.014 0.6999999881
13166  27.267  -69.795  14.329 0.6000000238
109089  25.103  -70.525  13.725 0.6999999881
13950  18.555  -68.274  18.220 0.6000000238
12325  24.730  -70.736  14.542 0.6999999881
13971  19.469  -68.046  16.951 0.6999999881
12252  18.269  -68.831  18.065 0.6000000238
110607  26.895  -69.757  15.037 0.6999999881
12324  25.639  -70.534  14.506 0.6000000238
118416  22.971  -70.487  15.138 0.6999999881
12328  22.127  -70.253  15.129 0.6999999881
13159  20.877  -69.559  16.022 0.6999999881
9274  18.080  -74.692  11.920 0.6000000238
8543  22.529  -75.372  11.508 0.6999999881
9270  22.140  -74.722  11.547 0.6999999881
116972  20.391  -75.029  12.149 0.6000000238
7904  24.967  -76.324  9.781 0.5000000000
8560  23.671  -75.938  10.780 0.6999999881
7922  25.916  -76.989  8.239 0.4000000060
7923  24.629  -77.047  9.100 0.5000000000
10741  16.294  -72.092  11.540 0.5000000000
116513  15.531  -72.756  11.489 0.5000000000
11535  17.251  -71.472  11.619 0.5000000000
108365  18.838  -70.504  11.740 0.6000000238
12373  20.915  -69.635  11.277 0.6000000238
13215  19.471  -69.672  11.921 0.6999999881
13216  18.310  -69.758  12.213 0.6999999881
13226  21.601  -69.421  11.275 0.6999999881
13214  20.335  -69.420  11.759 0.6999999881
12372  23.955  -69.734  11.254 0.6000000238
13211  22.734  -69.377  11.203 0.6000000238
13213  20.822  -69.186  11.783 0.6999999881
12355  27.247  -70.166  11.828 0.6999999881
12357  25.367  -70.039  12.088 0.6999999881
12358  24.514  -69.846  11.865 0.6999999881
13935  18.590  -68.370  19.180 0.6000000238
12338  27.109  -70.159  12.749 0.6000000238
12359  23.866  -69.686  12.176 0.6999999881
14779  28.685  -67.624  14.469 0.6000000238
13165  28.002  -69.139  14.274 0.6000000238
13986  28.729  -68.425  14.163 0.6000000238
13179  27.661  -69.767  13.530 0.6000000238
107735  26.194  -70.376  12.870 0.6999999881
13949  19.024  -67.995  18.615 0.6000000238
13157  27.514  -69.133  14.930 0.6000000238
12339  26.821  -70.261  13.625 0.6000000238
12290  22.079  -70.454  16.721 0.6999999881
13131  20.292  -68.576  17.392 0.6000000238
13960  18.819  -67.947  17.811 0.6000000238
14780  28.296  -67.402  15.010 0.5000000000
13979  27.567  -68.549  15.396 0.6000000238
123030  26.566  -69.672  15.627 0.8000000119
105588  25.286  -70.625  15.392 0.8000000119
124520  24.765  -70.745  15.799 0.8000000119
12311  23.565  -70.704  15.571 0.8000000119
12313  21.616  -70.184  15.949 0.6999999881
13146  20.331  -68.821  16.532 0.6999999881
12308  26.183  -70.226  15.183 0.8000000119
12310  24.399  -70.803  15.345 0.8000000119
9271  21.121  -74.708  11.762 0.6999999881
9273  19.087  -74.196  11.831 0.6999999881
109937  18.148  -73.739  11.549 0.6999999881
117029  17.240  -74.256  11.526 0.6000000238
8541  23.841  -74.991  11.210 0.6999999881
10005  17.302  -73.333  11.433 0.6000000238
8559  24.456  -75.646  10.611 0.6000000238
116637  16.564  -72.887  11.451 0.5000000000
10740  17.330  -72.518  11.446 0.5000000000
13899  19.748  -68.792  22.702 0.6000000238
10739  18.246  -72.198  11.422 0.5000000000
13898  20.347  -68.806  21.975 0.5000000000
11534  18.431  -71.357  11.565 0.5000000000
13085  21.866  -69.604  21.173 0.6000000238
112455  21.005  -71.052  10.589 0.6999999881
12375  19.316  -71.245  11.379 0.6000000238
13225  22.444  -69.642  10.794 0.6999999881
12374  20.253  -70.069  11.457 0.6999999881
13932  20.626  -68.504  19.943 0.6000000238
107273  24.805  -70.043  10.955 0.6999999881
13224  23.311  -69.654  10.745 0.6000000238
13210  27.887  -70.011  11.567 0.6999999881
12371  26.528  -70.316  11.025 0.6999999881
13948  19.776  -68.022  19.092 0.6000000238
13947  20.716  -68.506  19.237 0.6000000238
13193  28.163  -69.751  12.549 0.6000000238
110539  25.684  -70.263  11.073 0.6999999881
13115  21.273  -69.198  18.586 0.6000000238
13934  19.133  -68.075  19.430 0.6000000238
14802  29.819  -68.028  13.085 0.6000000238
13178  28.507  -69.192  13.556 0.6000000238
12250  21.890  -70.064  18.075 0.6999999881
108519  21.111  -69.300  17.769 0.6000000238
13116  20.250  -68.312  18.359 0.6000000238
106232  25.084  -70.474  16.326 0.6000000238
12287  24.423  -70.597  16.802 0.6000000238
12289  22.933  -70.831  16.798 0.6999999881
12271  21.740  -70.077  17.373 0.6000000238
13959  19.312  -68.012  17.777 0.6000000238
13144  26.578  -69.163  16.305 0.6000000238
111700  24.209  -70.727  16.141 0.8000000119
12309  25.960  -70.035  15.980 0.6999999881
113928  23.414  -70.766  16.264 0.8000000119
10002  20.763  -73.904  11.206 0.6999999881
10003  19.836  -73.627  11.204 0.6999999881
9292  24.771  -74.602  11.268 0.6999999881
9269  23.109  -74.626  11.319 0.6999999881
118572  19.014  -73.332  11.290 0.6000000238
10004  18.213  -72.959  11.352 0.6000000238
13054  22.082  -69.292  23.308 0.6000000238
13889  20.182  -68.897  23.836 0.6000000238
13064  22.546  -69.768  22.540 0.6000000238
13888  20.947  -68.925  23.258 0.6000000238
10023  19.131  -72.605  11.071 0.6000000238
13074  21.914  -69.645  21.911 0.5000000000
11542  21.789  -71.249  10.272 0.6999999881
11544  19.692  -71.913  10.907 0.6999999881
12204  22.616  -70.135  20.920 0.4000000060
13075  21.170  -69.085  21.535 0.5000000000
111378  23.045  -70.098  10.242 0.6999999881
12386  22.471  -70.599  10.259 0.8000000119
111608  21.915  -69.697  20.376 0.5000000000
120848  23.650  -70.254  9.985 0.6000000238
12387  21.568  -70.165  10.713 0.6999999881
13098  22.012  -69.890  19.620 0.6000000238
122628  25.368  -70.065  10.270 0.6999999881
12385  24.132  -69.997  10.398 0.6999999881
118674  22.824  -70.558  19.296 0.6999999881
13209  28.593  -69.788  11.584 0.6999999881
12369  28.064  -69.999  10.785 0.6999999881
117292  23.748  -70.825  18.166 0.5000000000
13114  22.018  -70.003  18.870 0.6000000238
14009  30.176  -68.335  12.360 0.6000000238
13192  29.133  -69.407  12.253 0.6000000238
12249  22.869  -70.664  18.341 0.6999999881
14010  29.565  -68.774  12.738 0.6000000238
121190  28.964  -69.165  12.970 0.6000000238
12268  24.221  -70.693  17.554 0.5000000000
14791  29.256  -67.699  13.752 0.6000000238
13145  25.729  -69.647  16.891 0.6000000238
12269  23.356  -70.837  17.530 0.6999999881
14771  26.977  -67.482  16.056 0.6000000238
10000  22.608  -74.097  11.115 0.6999999881
10022  20.419  -73.227  10.654 0.6000000238
122209  19.682  -73.098  10.842 0.6000000238
13887  22.605  -68.894  23.930 0.4000000060
13877  21.191  -68.519  24.413 0.5000000000
10756  20.066  -72.609  10.627 0.6000000238
13063  23.488  -69.861  22.677 0.5000000000
13890  19.535  -68.982  24.300 0.6000000238
10755  21.015  -72.634  10.268 0.6999999881
10765  21.826  -72.194  9.979 0.6999999881
11533  18.976  -71.922  11.230 0.6000000238
12187  22.552  -70.067  21.720 0.5000000000
126556  23.787  -70.894  9.614 0.6999999881
12203  23.466  -70.483  20.657 0.4000000060
12393  28.240  -70.235  8.947 0.6999999881
12382  26.544  -70.238  9.452 0.6999999881
112801  25.997  -70.847  8.948 0.6999999881
113993  22.696  -70.441  20.137 0.6000000238
13222  29.569  -69.604  10.429 0.6999999881
13233  28.957  -69.975  9.635 0.6999999881
114129  26.047  -70.089  10.214 0.6999999881
12383  25.681  -70.186  9.694 0.6999999881
12224  24.427  -70.567  19.414 0.5000000000
13207  30.114  -69.228  11.123 0.6000000238
13223  28.832  -69.848  10.688 0.6999999881
12380  28.296  -69.996  9.979 0.6999999881
118813  26.766  -70.149  10.230 0.6999999881
12248  23.679  -70.796  18.925 0.5000000000
14801  30.166  -67.422  12.308 0.5000000000
14018  30.444  -68.601  11.607 0.6000000238
14019  29.912  -69.099  12.000 0.6000000238
117384  22.885  -73.456  10.619 0.6999999881
10021  21.288  -73.420  10.491 0.6999999881
13886  23.454  -68.813  23.830 0.4000000060
10753  23.080  -72.804  10.006 0.6999999881
13876  22.148  -68.356  24.435 0.4000000060
10754  21.857  -72.922  10.038 0.6999999881
13878  20.256  -68.475  24.780 0.6000000238
10763  23.331  -72.143  9.474 0.8000000119
10764  22.531  -72.464  9.851 0.6999999881
11548  25.695  -71.809  8.615 0.6000000238
11549  24.738  -71.968  8.899 0.6000000238
13869  17.418  -68.746  25.586 0.6000000238
12394  27.388  -70.588  8.709 0.6999999881
12395  26.677  -70.866  8.678 0.6999999881
109175  25.208  -70.882  9.237 0.6000000238
13232  29.701  -69.718  9.222 0.6000000238
13221  30.325  -69.317  10.077 0.6000000238
13891  14.763  -68.937  24.123 0.5000000000
14017  30.939  -68.084  11.178 0.6000000238
14023  30.738  -68.759  10.721 0.6999999881
15629  30.932  -66.667  10.682 0.5000000000
10752  23.873  -72.561  9.746 0.6999999881
14699  21.666  -67.851  24.951 0.4000000060
10762  24.727  -72.380  9.013 0.8000000119
13866  19.801  -68.181  25.226 0.5000000000
11558  26.305  -72.270  8.323 0.8000000119
119355  18.835  -67.614  25.576 0.4000000060
14689  20.360  -67.793  25.300 0.4000000060
10770  25.599  -72.280  8.616 0.6999999881
14692  17.466  -67.821  25.608 0.4000000060
13867  19.130  -68.217  25.399 0.5000000000
13231  30.562  -69.551  8.872 0.6000000238
12392  29.162  -70.465  8.499 0.6000000238
12402  28.475  -71.517  8.027 0.6999999881
14701  16.692  -67.348  25.298 0.4000000060
14028  31.095  -68.953  9.593 0.6000000238
13881  14.740  -68.060  24.274 0.4000000060
13029  15.978  -68.926  25.278 0.6000000238
14022  31.270  -68.196  10.225 0.6000000238
14804  31.143  -67.427  10.540 0.5000000000
16497  30.927  -66.063  10.641 0.5000000000
14688  21.054  -67.254  25.319 0.4000000060
10761  25.636  -72.574  9.084 0.8000000119
116904  20.278  -67.099  25.465 0.4000000060
10769  26.187  -72.400  8.382 0.6999999881
14691  18.242  -67.301  25.643 0.4000000060
11556  27.747  -72.239  7.867 0.6000000238
11557  26.940  -72.267  7.982 0.6999999881
13238  30.095  -70.367  8.349 0.6000000238
12401  29.812  -71.337  7.845 0.6000000238
123127  17.110  -66.583  25.138 0.4000000060
15502  15.848  -67.244  24.739 0.4000000060
14808  31.712  -67.534  9.779 0.6000000238
14711  15.037  -67.187  24.197 0.4000000060
15497  21.896  -67.069  25.004 0.4000000060
10768  26.796  -72.473  8.109 0.6999999881
15485  19.742  -66.580  25.521 0.4000000060
11554  29.676  -72.137  7.801 0.6999999881
10767  27.375  -72.461  7.940 0.6000000238
15486  18.372  -66.492  25.486 0.4000000060
13237  30.990  -70.352  8.186 0.6000000238
108847  30.588  -71.057  7.781 0.6000000238
15501  16.475  -66.605  24.700 0.4000000060
14027  31.944  -68.514  9.170 0.6000000238
121716  15.212  -66.477  23.679 0.3000000119
15633  32.240  -66.975  9.602 0.4000000060
15627  32.077  -66.230  9.821 0.4000000060
15632  32.948  -66.515  9.576 0.4000000060
16336  18.517  -65.737  25.122 0.4000000060
15500  17.174  -66.079  24.578 0.4000000060
14032  32.482  -69.399  8.506 0.6000000238
14026  32.891  -68.471  8.721 0.6000000238
14025  33.827  -68.508  8.560 0.6000000238
16499  33.524  -66.072  9.645 0.4000000060
15631  34.250  -66.767  9.097 0.5000000000
16494  33.751  -65.543  9.995 0.4000000060
16408  14.690  -65.309  20.772 0.3000000119
16498  34.334  -66.046  9.483 0.4000000060
17209  22.314  -64.681  23.170 0.4000000060
17254  16.729  -64.740  21.496 0.3000000119
16428  14.019  -65.162  18.539 0.4000000060
17207  23.772  -64.099  23.100 0.4000000060
119416  21.752  -64.310  22.736 0.4000000060
17252  18.310  -64.225  21.928 0.3000000119
118766  18.854  -64.371  22.466 0.3000000119
16417  15.085  -64.807  19.922 0.3000000119
17255  15.916  -65.072  21.230 0.3000000119
16418  14.310  -65.087  19.705 0.3000000119
17228  23.222  -63.750  22.857 0.4000000060
110970  21.890  -63.711  22.319 0.4000000060
17231  20.345  -64.149  22.507 0.4000000060
17253  17.608  -64.123  21.322 0.3000000119
17266  16.430  -64.232  20.143 0.3000000119
19180  13.108  -63.355  16.677 0.4000000060
19154  12.688  -62.548  18.365 0.3000000119
20093  13.192  -62.288  18.609 0.3000000119
105011  15.799  -64.391  19.427 0.3000000119
17277  14.906  -64.753  18.988 0.3000000119
18162  21.335  -63.354  21.902 0.4000000060
18164  19.950  -63.804  22.045 0.4000000060
121609  19.210  -63.784  21.796 0.3000000119
18172  18.466  -63.602  21.159 0.3000000119
17265  16.975  -64.106  20.721 0.3000000119
17307  13.454  -64.847  16.017 0.3000000119
120558  17.139  -63.603  19.938 0.3000000119
19167  13.489  -62.555  17.226 0.3000000119
18201  16.653  -63.745  19.307 0.3000000119
125976  14.064  -62.625  16.806 0.4000000060
20105  13.702  -62.144  18.087 0.3000000119
20103  14.896  -61.160  17.480 0.3000000119
20091  14.301  -61.445  18.247 0.3000000119
108439  20.065  -63.377  21.435 0.4000000060
18183  19.366  -63.124  20.821 0.3000000119
18258  14.132  -64.280  16.211 0.4000000060
18184  18.557  -63.111  20.452 0.3000000119
126837  14.794  -64.161  16.344 0.3000000119
105083  13.962  -63.416  16.472 0.4000000060
18257  15.298  -63.484  16.436 0.4000000060
20944  14.863  -60.752  18.122 0.3000000119
19107  21.356  -62.593  21.742 0.4000000060
19109  20.258  -62.776  20.889 0.4000000060
18199  18.192  -62.890  19.703 0.4000000060
126658  17.668  -63.249  19.778 0.3000000119
18217  17.331  -63.003  17.899 0.3000000119
18236  16.428  -63.216  16.839 0.3000000119
19165  17.032  -62.810  16.803 0.3000000119
19177  17.518  -62.188  16.702 0.5000000000
19179  15.833  -62.680  16.494 0.4000000060
20115  16.325  -61.711  16.561 0.4000000060
20931  15.312  -60.243  18.349 0.3000000119
19108  20.822  -62.322  21.202 0.4000000060
19129  19.757  -62.417  20.298 0.4000000060
19141  18.671  -62.376  19.249 0.3000000119
20090  18.504  -61.787  18.107 0.3000000119
20089  18.819  -61.296  18.687 0.3000000119
20929  18.619  -60.432  18.372 0.3000000119
18200  17.522  -63.121  18.999 0.3000000119
19153  17.928  -62.664  18.092 0.3000000119
19163  17.903  -62.021  16.964 0.3000000119
20101  18.099  -61.301  17.264 0.3000000119
20940  18.144  -60.228  17.465 0.3000000119
19164  17.667  -62.631  17.202 0.3000000119
20952  17.541  -60.756  16.567 0.3000000119
20954  15.764  -60.912  16.863 0.3000000119
123937  15.774  -59.687  18.519 0.3000000119
20019  22.879  -61.542  23.658 0.3000000119
20894  22.006  -61.134  22.823 0.3000000119
124153  21.251  -61.813  21.647 0.3000000119
114199  20.715  -60.775  21.229 0.3000000119
20913  20.243  -60.337  20.762 0.3000000119
109303  19.286  -59.884  19.573 0.3000000119
20053  20.789  -61.576  21.101 0.3000000119
20068  20.360  -61.238  20.561 0.3000000119
108143  19.319  -61.484  19.429 0.3000000119
20922  19.112  -60.654  19.187 0.3000000119
21711  18.258  -59.383  18.055 0.3000000119
21720  17.759  -59.233  17.209 0.3000000119
21728  17.270  -60.032  16.706 0.3000000119
21721  17.592  -59.285  17.078 0.3000000119
20942  16.278  -60.119  17.018 0.3000000119
20930  15.946  -59.761  17.857 0.3000000119
20858  23.441  -60.596  24.592 0.3000000119
123875  22.232  -60.368  23.421 0.3000000119
120210  21.095  -61.168  21.577 0.3000000119
21693  19.722  -59.771  20.350 0.3000000119
119060  18.201  -58.587  18.257 0.3000000119
22510  17.776  -58.600  17.664 0.3000000119
22512  17.083  -58.702  17.505 0.3000000119
20924  15.907  -59.369  18.969 0.3000000119
22481  19.687  -58.876  20.660 0.3000000119
21702  18.743  -59.054  19.025 0.3000000119
22504  17.711  -58.035  18.204 0.3000000119
22505  17.260  -58.215  18.016 0.3000000119
21712  16.184  -58.997  18.146 0.3000000119
21704  16.119  -58.503  18.909 0.3000000119
22473  19.835  -58.052  21.113 0.3000000119
22490  18.900  -58.284  19.568 0.3000000119
22503  17.911  -57.971  18.218 0.3000000119
22466  20.426  -58.080  21.832 0.3000000119
23355  19.425  -57.253  20.581 0.3000000119
23365  18.810  -57.354  19.719 0.3000000119
23386  17.890  -57.129  18.417 0.3000000119
23387  17.574  -56.938  18.491 0.3000000119
23378  16.799  -57.349  19.173 0.3000000119
22492  16.440  -57.918  19.250 0.3000000119
6634  23.864  -78.872  11.688 0.5000000000
6642  24.701  -79.354  10.397 0.5000000000
107909  24.912  -79.868  9.319 0.4000000060
14781  18.436  -66.977  15.051 0.6999999881
14766  18.621  -67.586  16.515 0.6999999881
7305  24.712  -78.107  7.907 0.4000000060
6641  25.524  -79.297  10.332 0.5000000000
12376  17.816  -70.565  11.926 0.5000000000
11551  22.537  -71.657  9.811 0.8000000119
11543  20.523  -71.870  10.569 0.6999999881
12396  24.323  -70.731  9.553 0.6000000238
14805  30.645  -67.248  11.299 0.5000000000
12381  27.475  -70.099  9.829 0.6999999881
13870  15.932  -68.029  25.149 0.4000000060
15624  30.341  -66.229  10.886 0.5000000000
13230  31.534  -69.538  8.598 0.6000000238
15628  31.460  -66.605  10.105 0.4000000060
11560  30.601  -71.649  7.765 0.6000000238
13236  31.921  -70.403  8.201 0.6000000238
15514  16.538  -66.050  23.910 0.3000000119
14812  32.425  -67.799  9.357 0.4000000060
14811  33.288  -67.523  9.067 0.4000000060
17229  22.521  -64.085  22.664 0.4000000060
20877  22.771  -60.852  23.981 0.3000000119
11546  30.753  -71.977  8.250 0.5000000000
10747  29.102  -72.335  9.121 0.5000000000
10758  28.321  -72.519  8.287 0.6999999881
10749  27.272  -72.523  9.930 0.6999999881
108155  24.817  -72.582  10.174 0.6000000238
11547  29.976  -72.329  7.996 0.5000000000
10757  28.912  -72.383  7.930 0.6000000238
10760  26.562  -72.587  8.737 0.6000000238
9997  24.666  -73.614  11.429 0.6000000238
9268  23.974  -74.165  11.479 0.6000000238
10735  28.004  -72.596  10.956 0.6999999881
10737  26.331  -72.811  11.237 0.6000000238
10738  25.368  -72.980  11.341 0.6000000238
10736  27.169  -72.692  11.072 0.6999999881
10751  25.687  -72.641  10.651 0.6000000238
9998  24.021  -73.536  11.317 0.6000000238
11552  31.303  -71.643  7.935 0.5000000000
126978  28.322  -73.165  11.480 0.6999999881
9995  27.094  -73.179  11.481 0.6999999881
9266  26.982  -74.017  11.510 0.6000000238
123061  26.260  -74.181  11.461 0.6000000238
9993  28.680  -72.835  11.373 0.6000000238
9994  27.877  -72.917  11.393 0.6999999881
9996  26.274  -73.461  11.540 0.6000000238
111240  29.618  -72.565  11.256 0.6000000238
12390  32.868  -70.536  8.681 0.5000000000
11553  30.647  -71.929  7.846 0.5000000000
121719  29.390  -73.032  11.494 0.6999999881
9265  27.893  -73.650  11.445 0.6000000238
9291  25.789  -74.771  11.066 0.6000000238
13229  33.674  -70.214  8.628 0.5000000000
12399  31.683  -71.259  7.991 0.5000000000
14021  35.037  -68.656  9.537 0.5000000000
12389  33.534  -70.243  8.665 0.5000000000
14806  35.719  -67.446  9.028 0.4000000060
117404  18.288  -70.884  15.498 0.4000000060
13170  16.601  -68.287  14.474 0.4000000060
12329  17.751  -70.569  15.108 0.4000000060
12330  17.041  -69.733  14.829 0.5000000000
12331  16.215  -69.119  14.074 0.5000000000
11506  17.391  -71.418  14.135 0.5000000000
13234  33.692  -69.773  8.479 0.5000000000
12344  16.484  -70.251  14.070 0.5000000000
106963  18.252  -74.898  14.291 0.6000000238
14024  35.018  -68.969  8.832 0.4000000060
113162  15.685  -70.348  13.433 0.5000000000
10715  17.070  -71.962  13.768 0.5000000000
9224  17.581  -74.390  13.940 0.5000000000
11498  18.908  -71.788  15.611 0.5000000000
121561  18.267  -71.734  14.822 0.5000000000
10693  19.039  -72.642  15.158 0.5000000000
10706  18.473  -72.704  14.597 0.5000000000
9958  18.928  -73.449  14.761 0.5000000000
10707  17.772  -72.342  14.162 0.5000000000
9223  18.489  -74.204  14.430 0.5000000000
14029  34.632  -68.739  8.632 0.5000000000
9959  17.939  -73.363  14.169 0.5000000000
111520  36.040  -66.843  9.466 0.4000000060
14809  35.253  -68.115  8.824 0.4000000060
15625  35.956  -66.659  9.159 0.4000000060
9944  19.435  -73.843  15.401 0.5000000000
14031  33.346  -69.226  8.458 0.5000000000
14810  34.554  -67.819  8.674 0.4000000060
13117  18.311  -68.681  18.966 0.5000000000
12226  18.675  -69.561  19.368 0.5000000000
11431  19.447  -70.628  19.724 0.5000000000
12251  18.607  -69.661  18.504 0.5000000000
15630  35.382  -67.213  8.856 0.4000000060
13088  18.771  -68.445  19.911 0.5000000000
110292  18.768  -69.566  20.199 0.5000000000
11430  20.239  -71.520  20.119 0.5000000000
10635  20.796  -72.368  20.459 0.4000000060
13087  18.606  -68.813  20.614 0.5000000000
11415  19.487  -70.657  20.714 0.6000000238
11414  20.418  -71.682  20.996 0.6000000238
122001  19.326  -68.190  20.000 0.5000000000
13921  19.067  -68.439  20.580 0.5000000000
12205  18.770  -69.580  20.926 0.5000000000
11397  19.874  -71.217  21.605 0.6000000238
11396  20.433  -71.947  21.677 0.6000000238
10622  20.735  -72.490  21.278 0.6000000238
9879  20.626  -73.254  21.595 0.5000000000
9880  20.102  -73.941  21.785 0.5000000000
9153  18.711  -74.692  21.236 0.5000000000
13920  19.977  -68.299  20.450 0.5000000000
13910  19.612  -68.469  21.228 0.5000000000
13911  18.888  -68.784  21.461 0.5000000000
13076  18.665  -69.251  21.483 0.5000000000
12188  18.781  -69.860  22.177 0.6000000238
11380  20.071  -71.767  22.297 0.6000000238
9867  20.428  -72.529  22.027 0.6000000238
121812  20.212  -73.201  22.273 0.6000000238
9881  19.086  -74.118  21.791 0.5000000000
11432  16.126  -72.091  19.967 0.5000000000
9901  17.625  -74.037  19.802 0.5000000000
13086  21.085  -68.879  20.624 0.5000000000
13909  20.413  -68.623  21.126 0.5000000000
120059  19.436  -68.626  21.915 0.6000000238
12178  18.792  -69.829  22.945 0.6000000238
11368  18.879  -71.051  23.615 0.6000000238
11381  19.507  -71.517  22.994 0.6000000238
10588  18.958  -72.121  23.444 0.6000000238
10600  19.695  -72.505  22.648 0.6000000238
10601  18.726  -72.966  22.985 0.6000000238
9868  19.411  -73.430  22.372 0.6000000238
9154  18.143  -74.115  21.233 0.5000000000
9891  17.565  -73.801  20.569 0.5000000000
9883  16.981  -73.281  21.063 0.5000000000
121448  17.136  -73.366  19.928 0.5000000000
13901  18.957  -68.857  22.345 0.6000000238
13066  18.796  -69.184  22.727 0.6000000238
12167  18.733  -70.307  23.956 0.6000000238
11369  18.186  -71.752  23.979 0.6000000238
10589  18.012  -72.486  23.539 0.6000000238
10590  17.286  -72.539  23.398 0.6000000238
10602  17.725  -73.047  22.947 0.5000000000
9882  17.625  -73.616  21.401 0.5000000000
10613  16.481  -72.616  21.697 0.5000000000
113542  16.505  -72.704  20.573 0.5000000000
11416  15.891  -72.102  20.971 0.5000000000
11433  15.692  -71.459  19.374 0.5000000000
119274  18.344  -71.048  24.262 0.6000000238
11358  17.627  -71.305  24.524 0.6000000238
11370  17.268  -72.029  24.074 0.6000000238
10603  16.910  -72.721  22.744 0.6000000238
11398  15.843  -71.934  21.848 0.6000000238
11417  15.579  -71.424  20.416 0.5000000000
12156  18.097  -70.477  24.743 0.6000000238
11382  16.280  -72.272  22.505 0.6000000238
11399  15.429  -71.222  21.937 0.6000000238
112340  15.215  -70.691  21.001 0.5000000000
13027  17.353  -69.462  25.458 0.6000000238
13042  17.667  -69.963  25.239 0.6000000238
12158  16.485  -70.647  25.013 0.6000000238
11360  16.159  -71.089  24.376 0.6000000238
11383  15.843  -71.726  22.715 0.6000000238
107653  15.041  -70.413  22.020 0.5000000000
13043  16.151  -69.830  25.221 0.6000000238
12168  15.513  -70.658  23.770 0.6000000238
13056  15.054  -69.812  23.954 0.6000000238
12179  15.451  -70.935  22.838 0.6000000238
13078  14.615  -69.663  22.220 0.6000000238
13079  14.295  -69.242  21.697 0.5000000000
13068  14.417  -69.112  23.158 0.4000000060
10018  24.371  -72.973  11.081 0.6000000238
10750  26.403  -72.540  10.247 0.6999999881
12400  31.210  -71.175  7.772 0.5000000000
13235  32.865  -69.899  8.376 0.5000000000
13218  34.672  -69.421  9.181 0.5000000000
125815  34.677  -69.454  8.778 0.5000000000
9222  19.122  -74.227  14.820 0.6000000238
117681  19.451  -70.851  22.306 0.6000000238
121917  19.158  -70.559  22.893 0.6000000238
9869  18.290  -73.558  22.172 0.6000000238
9870  17.314  -73.173  22.044 0.5000000000
11359  16.878  -71.335  24.628 0.6000000238
127013  16.556  -71.690  24.104 0.6000000238
13067  15.030  -70.085  22.989 0.6000000238
12189  14.758  -69.850  21.294 0.6000000238
6627  23.014  -78.476  12.978 0.4000000060
7240  24.924  -76.565  13.758 0.5000000000
105310  25.331  -76.837  13.034 0.5000000000
107247  24.794  -77.225  13.075 0.4000000060
112237  24.768  -77.785  12.501 0.4000000060
6624  25.100  -78.206  11.915 0.4000000060
6625  24.373  -78.313  12.160 0.4000000060
7876  27.213  -76.094  12.768 0.5000000000
7861  26.491  -75.795  13.378 0.5000000000
7249  26.294  -77.339  12.196 0.5000000000
108445  26.720  -77.993  11.519 0.5000000000
6632  25.421  -78.735  11.256 0.4000000060
115339  28.037  -76.297  12.401 0.5000000000
7248  27.370  -77.155  12.017 0.5000000000
126762  27.454  -78.056  11.231 0.5000000000
6630  27.065  -78.733  10.742 0.5000000000
6631  26.205  -78.734  10.992 0.4000000060
6640  26.570  -79.507  10.023 0.4000000060
7875  28.891  -76.264  12.224 0.5000000000
7889  28.475  -76.977  11.753 0.5000000000
7259  29.066  -77.659  11.074 0.5000000000
106360  28.175  -77.825  11.183 0.5000000000
7269  27.934  -78.769  10.602 0.5000000000
8558  26.258  -75.666  10.101 0.5000000000
122864  25.620  -76.147  9.631 0.4000000060
8572  26.173  -76.382  8.996 0.4000000060
7921  26.739  -76.572  8.192 0.4000000060
7303  26.567  -77.328  7.660 0.4000000060
7310  26.952  -77.955  7.425 0.4000000060
7268  28.818  -78.645  10.461 0.5000000000
6112  27.085  -78.828  7.388 0.4000000060
115216  27.322  -79.722  7.760 0.4000000060
6103  26.341  -79.993  7.856 0.4000000060
7267  29.720  -78.425  10.279 0.4000000060
6638  28.476  -79.559  9.540 0.5000000000
6653  27.125  -79.835  9.236 0.4000000060
6639  27.518  -79.515  9.927 0.4000000060
8571  26.938  -75.969  9.021 0.4000000060
110830  28.104  -76.720  7.701 0.4000000060
7302  27.327  -77.492  7.481 0.4000000060
113648  31.544  -77.860  10.305 0.4000000060
6093  28.215  -79.717  7.754 0.4000000060
6094  27.816  -80.103  8.089 0.4000000060
6636  30.322  -79.161  9.173 0.4000000060
6637  29.443  -79.322  9.472 0.4000000060
118430  29.169  -79.883  8.672 0.4000000060
8557  27.251  -75.509  10.101 0.4000000060
8570  27.832  -75.888  9.139 0.4000000060
7919  28.427  -76.268  8.252 0.4000000060
125768  29.839  -77.011  7.572 0.4000000060
106878  29.165  -78.378  7.221 0.4000000060
6662  30.003  -79.034  7.594 0.4000000060
6672  28.390  -78.859  7.297 0.4000000060
7284  31.080  -78.894  8.826 0.4000000060
6649  30.580  -79.103  8.137 0.4000000060
107847  29.155  -79.641  7.730 0.4000000060
9290  26.691  -74.829  10.924 0.5000000000
9289  27.597  -74.725  10.941 0.6000000238
8556  28.173  -75.436  10.141 0.5000000000
7917  30.185  -76.585  8.206 0.4000000060
7928  30.530  -77.550  7.637 0.4000000060
7927  31.199  -78.032  7.927 0.4000000060
7299  32.555  -78.123  8.522 0.4000000060
8554  29.980  -75.503  10.009 0.4000000060
9288  28.510  -74.587  10.927 0.5000000000
8553  30.835  -75.539  9.879 0.4000000060
7916  31.118  -76.942  8.190 0.4000000060
8552  31.581  -75.520  9.775 0.4000000060
8566  31.363  -76.169  9.104 0.4000000060
125099  31.872  -76.696  8.553 0.4000000060
9262  30.655  -73.837  11.179 0.6000000238
9264  28.842  -73.537  11.434 0.6000000238
9284  32.200  -75.017  10.189 0.5000000000
9296  32.995  -75.502  9.527 0.4000000060
10748  28.163  -72.444  9.617 0.5000000000
13900  19.174  -68.989  23.264 0.5000000000
106040  18.741  -69.835  24.318 0.5000000000
13880  18.685  -68.884  25.236 0.5000000000
13040  18.945  -69.254  24.665 0.5000000000
13055  18.874  -69.544  23.402 0.5000000000
7877  26.476  -76.540  12.704 0.5000000000
7250  25.433  -77.463  12.436 0.5000000000
7920  27.546  -76.323  8.242 0.4000000060
6650  29.871  -79.559  8.346 0.4000000060
8569  28.741  -75.865  9.161 0.4000000060
8567  30.528  -76.119  9.096 0.4000000060
7300  29.937  -77.971  7.342 0.4000000060
6648  31.186  -78.533  8.280 0.4000000060
109364  31.954  -77.538  8.265 0.4000000060
9286  30.320  -74.671  10.632 0.5000000000
9285  31.203  -74.791  10.470 0.6000000238
8565  32.290  -75.971  9.186 0.5000000000
14778  36.445  -67.556  14.261 0.3000000119
118848  35.601  -67.968  14.112 0.3000000119
14790  34.917  -68.029  13.493 0.3000000119
14788  35.873  -67.049  13.930 0.3000000119
15598  36.697  -66.764  14.126 0.3000000119
16459  38.857  -65.399  14.315 0.3000000119
16460  37.998  -65.633  14.238 0.3000000119
13176  35.484  -69.472  13.664 0.3000000119
12336  35.078  -70.062  13.432 0.4000000060
13190  34.309  -69.387  12.986 0.4000000060
13985  36.347  -68.218  14.244 0.3000000119
13191  33.893  -69.644  12.297 0.4000000060
13998  34.578  -68.741  13.204 0.4000000060
13220  32.918  -70.268  9.728 0.4000000060
11545  31.444  -71.412  8.761 0.4000000060
14787  37.294  -68.032  14.185 0.3000000119
14800  34.676  -68.088  12.515 0.3000000119
13204  34.151  -69.146  10.789 0.4000000060
16472  36.827  -65.131  12.818 0.3000000119
14799  35.099  -67.376  12.737 0.3000000119
11520  34.457  -71.273  12.709 0.4000000060
118250  33.588  -72.088  12.075 0.4000000060
10733  31.553  -72.415  11.541 0.4000000060
11531  30.940  -71.682  11.148 0.4000000060
12335  36.017  -70.380  13.300 0.4000000060
12337  34.378  -70.197  13.109 0.4000000060
11521  33.615  -71.443  12.327 0.4000000060
11530  31.667  -71.484  11.343 0.4000000060
11539  31.381  -71.171  10.320 0.4000000060
13175  36.455  -69.540  13.579 0.3000000119
12354  33.643  -70.535  12.452 0.4000000060
12367  32.416  -70.487  10.794 0.4000000060
11541  30.016  -72.020  9.500 0.4000000060
111677  36.854  -68.812  13.855 0.3000000119
13206  32.986  -70.068  10.730 0.4000000060
11540  30.716  -71.558  9.956 0.4000000060
15609  38.170  -67.273  14.196 0.3000000119
13219  33.759  -69.781  9.693 0.4000000060
9989  33.727  -73.320  11.310 0.4000000060
9990  32.619  -73.083  11.461 0.4000000060
10730  34.932  -72.758  11.713 0.4000000060
10731  34.052  -72.719  11.761 0.4000000060
109035  33.195  -72.471  11.760 0.4000000060
9991  31.011  -73.090  11.492 0.4000000060
12334  37.152  -70.263  13.102 0.3000000119
11519  35.322  -71.501  12.661 0.4000000060
13993  39.333  -68.360  13.194 0.3000000119
14786  38.384  -68.187  13.727 0.3000000119
11532  30.189  -71.925  10.957 0.4000000060
107778  39.041  -67.674  13.722 0.3000000119
10016  32.469  -74.057  10.849 0.4000000060
10015  33.440  -74.046  10.731 0.4000000060
14807  35.546  -67.715  9.678 0.3000000119
15623  36.211  -66.346  10.240 0.3000000119
119780  35.306  -67.635  10.717 0.3000000119
108601  28.846  -72.451  10.778 0.4000000060
10734  30.554  -72.387  11.354 0.4000000060
9992  30.130  -73.024  11.459 0.4000000060
9283  33.210  -74.866  10.127 0.4000000060
13177  34.771  -69.427  13.435 0.3000000119
15611  36.256  -66.165  13.470 0.3000000119
15610  37.120  -65.886  13.849 0.3000000119
12353  35.143  -70.815  13.147 0.4000000060
14008  34.321  -68.863  12.234 0.4000000060
13205  33.410  -69.850  11.359 0.4000000060
12379  32.114  -70.758  9.536 0.4000000060
14016  34.811  -68.218  11.074 0.4000000060
10720  35.114  -72.092  12.275 0.4000000060
10732  32.348  -72.018  11.721 0.4000000060
12366  32.959  -70.677  11.729 0.4000000060
118311  37.439  -69.524  13.381 0.3000000119
10719  35.987  -72.013  12.247 0.4000000060
12352  36.953  -71.006  12.631 0.3000000119
13174  38.218  -69.464  13.131 0.3000000119
108792  25.748  -79.701  16.179 0.3000000119
108882  25.182  -80.262  16.010 0.3000000119
6581  26.388  -78.421  16.499 0.3000000119
5538  26.565  -80.190  15.523 0.3000000119
6029  25.073  -78.792  16.634 0.3000000119
6051  24.755  -79.564  16.434 0.3000000119
113493  26.876  -78.017  16.581 0.3000000119
6599  27.241  -78.696  16.180 0.3000000119
6050  26.705  -79.344  16.009 0.3000000119
7833  26.341  -76.506  16.614 0.3000000119
7210  26.064  -77.421  16.670 0.3000000119
110652  24.060  -78.693  16.598 0.3000000119
7241  24.256  -77.048  13.943 0.3000000119
7207  28.940  -77.398  16.548 0.3000000119
6579  28.561  -78.134  16.236 0.3000000119
7208  27.976  -77.381  16.757 0.3000000119
6049  27.639  -79.371  15.632 0.3000000119
7835  24.895  -76.787  16.261 0.3000000119
107047  25.218  -75.975  14.462 0.3000000119
7853  24.544  -76.456  14.794 0.3000000119
7832  27.329  -76.403  16.853 0.3000000119
7834  25.517  -76.646  16.414 0.3000000119
114101  26.620  -75.722  16.452 0.3000000119
8495  26.175  -75.374  15.857 0.3000000119
8503  25.641  -75.583  15.176 0.3000000119
7852  25.067  -76.087  15.449 0.3000000119
123064  26.530  -75.268  14.044 0.3000000119
7874  29.687  -76.165  12.101 0.4000000060
8532  27.778  -75.657  12.891 0.4000000060
119234  31.063  -81.651  12.874 0.3000000119
4664  30.459  -82.591  11.607 0.3000000119
5537  27.260  -79.941  15.444 0.3000000119
5556  27.286  -80.583  14.882 0.3000000119
6046  30.951  -79.018  14.945 0.3000000119
119404  30.477  -79.626  14.632 0.3000000119
5567  30.767  -80.960  13.568 0.3000000119
5087  30.244  -81.593  13.094 0.3000000119
5101  29.919  -82.201  12.593 0.3000000119
7222  31.248  -77.990  16.087 0.3000000119
6047  29.939  -79.005  15.191 0.3000000119
5553  30.140  -80.343  14.237 0.3000000119
5088  28.299  -81.775  13.542 0.3000000119
124491  29.309  -82.254  12.730 0.3000000119
110576  28.988  -78.799  15.598 0.3000000119
6063  28.838  -79.914  14.838 0.3000000119
5555  28.451  -80.534  14.528 0.3000000119
5089  27.386  -81.835  13.731 0.3000000119
124792  27.904  -80.565  14.668 0.3000000119
5074  26.949  -81.328  14.366 0.3000000119
6583  24.599  -77.949  16.606 0.3000000119
7213  23.781  -77.888  16.383 0.3000000119
6578  29.639  -78.164  15.964 0.3000000119
7843  25.189  -76.278  16.071 0.3000000119
5086  31.826  -81.475  13.030 0.3000000119
5090  26.531  -81.949  13.841 0.3000000119
6597  30.649  -78.445  15.600 0.3000000119
119405  30.994  -80.214  14.204 0.3000000119
6062  29.640  -79.762  14.714 0.3000000119
5568  29.730  -80.979  13.722 0.3000000119
8512  27.203  -75.323  13.495 0.3000000119
9250  35.985  -75.470  12.835 0.3000000119
9251  34.818  -75.498  12.802 0.3000000119
118663  34.142  -75.909  12.412 0.3000000119
7871  33.069  -76.477  11.760 0.4000000060
117326  32.318  -76.480  11.689 0.4000000060
7257  30.822  -77.258  11.047 0.3000000119
7258  29.957  -77.499  11.013 0.3000000119
8524  36.630  -76.181  11.945 0.3000000119
111241  35.430  -77.035  11.205 0.4000000060
7885  33.673  -77.194  11.058 0.4000000060
108926  33.993  -78.372  9.243 0.4000000060
124873  31.494  -78.507  9.428 0.3000000119
118099  34.263  -78.175  8.784 0.4000000060
7281  33.871  -78.366  8.863 0.4000000060
6647  32.079  -78.320  8.575 0.3000000119
7926  32.940  -77.666  8.453 0.3000000119
10700  36.778  -72.542  14.178 0.3000000119
9949  36.300  -73.309  14.006 0.3000000119
9233  35.251  -74.627  13.487 0.4000000060
9252  33.737  -75.379  12.878 0.4000000060
8527  32.485  -75.842  12.250 0.3000000119
7872  31.690  -76.142  11.969 0.3000000119
7873  30.364  -76.083  12.052 0.3000000119
9967  36.786  -74.072  13.469 0.3000000119
9231  37.352  -74.758  12.864 0.3000000119
9249  36.997  -75.414  12.524 0.3000000119
107291  36.605  -76.777  11.147 0.3000000119
7884  36.156  -77.151  10.709 0.3000000119
7902  35.425  -77.576  10.196 0.4000000060
116473  37.579  -75.979  11.043 0.3000000119
8551  37.122  -76.260  10.198 0.3000000119
7883  36.696  -76.906  10.394 0.3000000119
7901  36.056  -77.326  9.867 0.4000000060
7264  34.725  -78.227  9.022 0.4000000060
8561  36.452  -75.816  9.489 0.3000000119
8573  35.383  -76.865  8.777 0.4000000060
8574  34.720  -77.001  8.546 0.4000000060
9281  35.148  -74.696  9.770 0.3000000119
9294  34.776  -75.407  9.229 0.4000000060
8564  34.274  -76.018  8.750 0.4000000060
8575  33.676  -76.836  8.489 0.4000000060
10014  34.448  -74.067  10.544 0.3000000119
9295  33.854  -75.452  9.293 0.4000000060
9282  34.186  -74.790  9.926 0.3000000119
13143  34.736  -69.396  17.093 0.3000000119
106222  34.299  -70.033  16.420 0.3000000119
12307  33.988  -70.905  16.043 0.3000000119
10689  33.225  -72.364  15.305 0.3000000119
11505  36.492  -71.653  14.663 0.3000000119
123943  35.774  -71.631  14.921 0.3000000119
10687  35.083  -72.140  14.948 0.3000000119
10702  33.693  -72.945  14.753 0.3000000119
11503  38.386  -71.735  14.017 0.3000000119
11504  37.375  -71.715  14.368 0.3000000119
10701  35.870  -72.512  14.543 0.3000000119
9950  35.502  -73.253  14.323 0.3000000119
9970  33.585  -74.109  13.821 0.3000000119
121625  33.032  -74.740  13.236 0.3000000119
9253  32.269  -75.188  12.819 0.3000000119
8528  30.970  -75.670  12.344 0.3000000119
9255  30.561  -74.992  12.862 0.3000000119
8510  28.850  -74.987  13.170 0.3000000119
10714  37.962  -73.369  13.343 0.3000000119
124755  36.279  -75.074  9.406 0.3000000119
9293  35.695  -75.333  9.277 0.3000000119
10012  36.879  -74.096  10.033 0.3000000119
112746  36.114  -74.556  9.669 0.3000000119
9987  35.648  -73.358  10.988 0.3000000119
9988  34.702  -73.406  11.146 0.3000000119
13110  34.675  -69.307  18.091 0.3000000119
13142  35.852  -69.279  16.748 0.3000000119
12306  34.766  -70.492  15.882 0.3000000119
11493  34.495  -71.471  15.520 0.3000000119
11491  36.252  -70.648  15.287 0.3000000119
11492  35.312  -71.070  15.389 0.3000000119
8511  28.014  -75.074  13.321 0.3000000119
13094  34.982  -69.749  18.877 0.3000000119
13127  35.489  -69.284  17.550 0.3000000119
13126  36.416  -69.346  17.559 0.3000000119
12305  35.601  -69.958  15.865 0.3000000119
11490  37.108  -70.829  14.880 0.3000000119
12243  35.791  -70.508  18.868 0.3000000119
120587  36.291  -70.053  18.303 0.3000000119
13125  37.458  -69.579  17.246 0.3000000119
13156  37.272  -69.503  16.189 0.3000000119
8530  29.279  -75.598  12.593 0.3000000119
7888  29.363  -76.845  11.638 0.3000000119
7887  30.176  -76.677  11.609 0.3000000119
122599  32.306  -77.673  10.471 0.3000000119
7266  32.346  -78.373  9.489 0.4000000060
110475  33.319  -76.045  8.872 0.4000000060
10729  35.864  -72.692  11.642 0.3000000119
9232  36.394  -74.745  13.233 0.3000000119
8525  35.650  -76.058  12.319 0.3000000119
7870  33.950  -76.488  11.850 0.4000000060
7255  32.707  -77.094  11.079 0.4000000060
7265  33.268  -77.984  10.041 0.4000000060
119995  35.140  -77.853  8.974 0.4000000060
10699  37.699  -72.568  13.780 0.3000000119
9234  34.143  -74.762  13.398 0.3000000119
9969  34.454  -74.161  13.854 0.3000000119
119238  32.975  -75.385  12.706 0.4000000060
118957  31.762  -75.562  12.450 0.3000000119
9966  37.696  -74.103  13.119 0.3000000119
9230  38.305  -74.737  12.449 0.3000000119
8523  37.598  -75.814  11.743 0.3000000119
7900  36.400  -76.795  9.717 0.4000000060
113106  36.176  -73.852  10.292 0.3000000119
10688  34.163  -72.312  15.152 0.3000000119
106443  34.708  -73.007  14.632 0.3000000119
9952  33.153  -73.480  14.315 0.3000000119
9986  36.755  -73.248  10.772 0.3000000119
113424  16.971  -72.758  13.735 0.4000000060
4665  28.693  -82.384  12.756 0.3000000119
5073  27.876  -81.126  14.273 0.3000000119
5102  29.276  -81.746  13.245 0.3000000119
5554  29.271  -80.448  14.365 0.3000000119
5557  26.425  -80.868  14.925 0.3000000119
5569  28.819  -81.108  13.978 0.3000000119
6028  25.892  -78.880  16.477 0.3000000119
6048  28.470  -79.388  15.351 0.3000000119
6064  27.998  -80.069  15.069 0.3000000119
6085  26.537  -79.883  8.953 0.4000000060
6086  25.786  -79.822  9.170 0.4000000060
6095  27.031  -80.108  8.249 0.4000000060
6113  26.555  -79.365  7.540 0.4000000060
6580  27.643  -78.093  16.459 0.3000000119
6582  25.477  -78.081  16.665 0.3000000119
6598  28.103  -78.768  15.906 0.3000000119
6626  23.676  -78.413  12.522 0.4000000060
6633  24.665  -78.873  11.346 0.5000000000
6646  33.012  -78.328  8.757 0.4000000060
6651  28.498  -80.039  8.375 0.4000000060
6652  27.776  -79.979  8.856 0.4000000060
6661  30.622  -78.526  7.729 0.4000000060
7209  27.026  -77.313  16.773 0.3000000119
7211  25.110  -77.316  16.514 0.3000000119
7212  24.423  -77.327  16.256 0.3000000119
7223  30.455  -77.875  16.123 0.3000000119
7231  23.880  -77.050  14.984 0.3000000119
7242  23.592  -77.556  14.025 0.3000000119
7251  24.127  -77.758  13.034 0.4000000060
7256  31.737  -76.941  11.208 0.3000000119
7260  25.863  -78.044  11.715 0.5000000000
7261  20.959  -77.210  11.133 0.6000000238
7280  35.338  -77.768  9.370 0.4000000060
7282  33.233  -78.475  9.102 0.4000000060
7283  31.784  -78.570  8.778 0.3000000119
7296  35.195  -77.486  8.792 0.4000000060
7297  34.768  -77.896  8.757 0.4000000060
7298  33.496  -78.161  8.655 0.4000000060
7301  28.159  -77.562  7.386 0.4000000060
7309  27.636  -78.255  7.369 0.4000000060
7844  24.521  -76.736  15.732 0.3000000119
7862  25.715  -76.245  13.406 0.5000000000
7869  34.914  -76.391  11.981 0.3000000119
7878  25.838  -76.843  12.709 0.5000000000
7886  30.946  -76.431  11.723 0.3000000119
7892  21.349  -76.323  11.757 0.6000000238
7903  34.477  -77.894  9.966 0.4000000060
7907  22.471  -76.969  10.850 0.6000000238
7914  35.640  -77.321  9.235 0.4000000060
7915  32.673  -76.765  8.523 0.4000000060
7918  29.321  -76.381  8.229 0.4000000060
7925  34.055  -77.766  8.543 0.4000000060
7929  27.387  -76.901  7.682 0.4000000060
8488  27.438  -75.499  16.685 0.3000000119
8489  25.808  -75.959  16.284 0.3000000119
8502  26.277  -75.152  14.900 0.3000000119
8513  25.917  -75.568  14.193 0.3000000119
8522  38.257  -75.384  11.957 0.3000000119
8526  33.382  -75.881  12.327 0.4000000060
8529  30.088  -75.570  12.476 0.4000000060
8531  28.471  -75.634  12.733 0.4000000060
8533  20.047  -75.648  12.219 0.6000000238
8534  19.226  -75.667  12.169 0.6000000238
8539  37.163  -76.472  11.065 0.3000000119
8540  35.922  -76.654  11.622 0.3000000119
8542  23.206  -75.371  11.261 0.6999999881
8544  21.715  -75.430  11.814 0.6999999881
8555  29.081  -75.421  10.107 0.4000000060
8562  35.839  -76.371  9.146 0.4000000060
8563  35.135  -76.065  8.838 0.3000000119
8568  29.648  -75.969  9.145 0.4000000060
9212  19.373  -74.716  15.313 0.6000000238
9248  37.786  -75.309  12.324 0.3000000119
9254  31.422  -75.060  12.854 0.3000000119
9256  29.706  -74.945  12.960 0.3000000119
9257  19.646  -74.980  12.238 0.5000000000
9263  29.769  -73.710  11.339 0.6000000238
9267  25.515  -73.847  11.510 0.6000000238
9272  20.156  -74.402  11.792 0.6999999881
9280  36.998  -75.060  9.671 0.3000000119
9287  29.422  -74.578  10.810 0.5000000000
9948  37.153  -73.348  13.629 0.3000000119
9951  34.133  -73.603  14.302 0.3000000119
9968  35.867  -73.955  13.769 0.3000000119
9999  23.403  -73.843  11.231 0.6000000238
10001  21.686  -74.112  11.146 0.6999999881
10013  35.396  -73.998  10.359 0.3000000119
10017  31.551  -74.001  10.987 0.5000000000
10019  23.612  -73.178  10.814 0.6000000238
10020  22.107  -73.539  10.445 0.6999999881
10716  16.179  -71.947  13.577 0.6000000238
10717  15.025  -71.893  13.228 0.5000000000
10721  34.265  -72.093  12.223 0.4000000060
10759  27.468  -72.566  8.361 0.6999999881
10766  28.046  -72.454  7.914 0.6000000238
11371  16.534  -72.166  23.391 0.6000000238
11372  15.948  -71.455  23.598 0.6000000238
11472  33.187  -71.112  16.196 0.3000000119
11494  33.643  -71.688  15.666 0.3000000119
11510  16.426  -71.202  13.724 0.5000000000
11513  14.522  -71.378  12.552 0.5000000000
11522  15.067  -70.387  12.842 0.5000000000
11528  32.977  -71.637  11.935 0.4000000060
11529  32.330  -71.159  11.502 0.4000000060
11537  15.106  -71.076  12.160 0.5000000000
11550  23.901  -71.651  9.280 0.6000000238
11555  28.556  -72.286  7.860 0.6999999881
11559  31.092  -71.609  7.836 0.5000000000
12144  16.921  -70.041  25.360 0.6000000238
12157  17.256  -70.735  25.065 0.6000000238
12159  15.743  -70.312  24.591 0.6000000238
12186  23.334  -70.326  21.470 0.5000000000
12225  23.572  -70.730  19.812 0.6000000238
12270  22.492  -70.574  17.470 0.6000000238
12273  18.229  -69.185  17.191 0.5000000000
12283  35.044  -69.730  16.370 0.3000000119
12286  24.957  -70.281  17.196 0.5000000000
12288  23.741  -70.809  16.851 0.6000000238
12292  18.205  -69.827  16.282 0.6000000238
12304  37.127  -70.038  15.561 0.3000000119
12312  22.647  -70.636  15.949 0.8000000119
12314  17.722  -69.875  15.534 0.6000000238
12323  26.499  -70.258  14.426 0.6000000238
12326  23.710  -70.592  14.615 0.6999999881
12345  15.333  -69.217  13.320 0.6000000238
12347  14.781  -70.978  12.838 0.5000000000
12356  26.336  -70.147  11.967 0.6999999881
12361  15.199  -69.455  12.738 0.6000000238
12368  31.861  -70.869  10.848 0.4000000060
12370  27.312  -70.177  10.897 0.6999999881
12384  24.921  -70.051  9.950 0.6999999881
12388  20.188  -71.017  11.083 0.6999999881
12391  32.075  -71.127  8.315 0.5000000000
12397  23.257  -71.033  9.732 0.6999999881
12398  32.618  -70.489  8.498 0.5000000000
12403  27.245  -71.546  8.197 0.6999999881
12404  26.437  -71.646  8.374 0.6000000238
13026  17.994  -69.208  25.455 0.6000000238
13028  16.727  -69.242  25.459 0.6000000238
13041  18.354  -69.642  25.068 0.5000000000
13044  15.482  -69.436  24.666 0.6000000238
13065  21.500  -69.268  22.459 0.5000000000
13077  18.707  -69.187  22.157 0.6000000238
13099  21.317  -69.075  19.819 0.6000000238
13100  18.448  -68.717  19.756 0.5000000000
13109  35.618  -69.509  18.203 0.3000000119
13130  21.151  -69.607  16.822 0.6999999881
13141  36.920  -69.220  16.745 0.3000000119
13158  27.101  -69.140  15.576 0.8000000119
13160  20.322  -68.971  15.703 0.6999999881
13169  20.015  -68.655  14.047 0.6000000238
13171  15.929  -68.472  13.523 0.6000000238
13182  20.550  -69.111  13.396 0.6000000238
13184  14.931  -69.248  12.988 0.6000000238
13196  21.551  -69.227  11.818 0.6999999881
13208  29.392  -69.523  11.398 0.6000000238
13212  22.183  -69.355  11.370 0.6999999881
13217  17.325  -69.852  12.281 0.6999999881
13227  34.496  -69.413  8.675 0.5000000000
13228  34.233  -69.850  8.724 0.5000000000
13868  18.264  -68.269  25.586 0.4000000060
13871  15.383  -68.538  24.685 0.4000000060
13879  19.432  -68.688  24.994 0.6000000238
13933  19.928  -68.124  19.680 0.5000000000
13974  17.892  -67.737  15.870 0.6999999881
13983  17.331  -67.718  15.246 0.6000000238
13987  28.162  -68.294  14.911 0.6000000238
13989  19.070  -67.333  15.113 0.6999999881
13994  38.734  -68.967  13.140 0.3000000119
13995  37.819  -68.827  13.599 0.3000000119
13996  35.870  -68.769  14.047 0.3000000119
13997  35.114  -68.711  13.802 0.3000000119
13999  29.205  -68.524  13.447 0.6000000238
14003  16.873  -67.770  13.788 0.6000000238
14011  20.277  -69.068  12.308 0.6999999881
14014  17.124  -68.356  13.263 0.6000000238
14030  34.026  -69.160  8.456 0.5000000000
14690  19.598  -67.477  25.489 0.4000000060
14700  20.962  -68.040  25.079 0.4000000060
14702  15.378  -67.808  24.622 0.4000000060
14712  14.363  -67.553  23.743 0.4000000060
14759  18.602  -67.894  17.101 0.6999999881
14767  18.307  -67.626  16.185 0.6999999881
14773  17.912  -67.209  15.405 0.6999999881
14782  17.828  -67.040  14.568 0.6999999881
14793  18.060  -67.287  13.973 0.6000000238
14794  17.465  -67.285  13.984 0.6000000238
14803  35.696  -67.110  10.471 0.3000000119
15484  20.538  -66.437  25.366 0.4000000060
15487  17.586  -66.923  25.473 0.4000000060
15499  17.757  -66.183  25.159 0.4000000060
15515  15.801  -66.551  24.097 0.4000000060
15516  14.563  -66.794  23.573 0.3000000119
15626  35.334  -66.371  9.084 0.4000000060
16326  19.141  -66.064  25.474 0.4000000060
16429  13.063  -65.658  17.928 0.4000000060
16496  31.661  -65.861  10.347 0.4000000060
17208  23.193  -64.547  23.106 0.4000000060
17230  21.169  -64.010  22.304 0.4000000060
17232  19.541  -64.259  22.563 0.3000000119
17267  15.677  -64.804  20.498 0.3000000119
17305  14.754  -64.033  16.278 0.4000000060
17306  14.137  -64.481  16.244 0.3000000119
18163  20.638  -63.654  21.869 0.4000000060
18171  20.795  -63.053  21.424 0.4000000060
18185  17.787  -63.495  20.460 0.3000000119
18237  15.475  -63.633  16.556 0.3000000119
18238  12.438  -63.431  16.975 0.4000000060
18256  16.159  -63.103  16.575 0.4000000060
18259  13.419  -64.312  16.182 0.4000000060
19128  20.402  -62.056  20.591 0.3000000119
19130  18.960  -62.602  20.055 0.4000000060
19140  19.308  -62.112  19.645 0.3000000119
19142  18.159  -62.634  18.856 0.3000000119
19152  18.152  -62.218  17.590 0.3000000119
19166  14.781  -62.851  16.506 0.4000000060
19178  16.775  -62.407  16.568 0.5000000000
20052  21.457  -61.174  22.185 0.3000000119
20094  12.711  -62.345  18.985 0.3000000119
20102  17.720  -61.318  16.687 0.3000000119
20104  14.266  -61.992  17.273 0.3000000119
20114  17.241  -61.541  16.495 0.5000000000
20116  15.285  -61.864  16.793 0.4000000060
20914  19.763  -60.763  19.971 0.3000000119
20923  18.811  -59.886  18.872 0.3000000119
20925  15.354  -60.218  19.081 0.3000000119
20941  17.713  -60.250  16.834 0.3000000119
20943  15.449  -60.424  17.640 0.3000000119
20953  16.797  -60.798  16.580 0.3000000119
21692  20.103  -59.553  20.968 0.3000000119
21701  19.262  -59.097  19.954 0.3000000119
21722  16.729  -59.376  17.236 0.3000000119
22474  19.346  -58.081  20.346 0.3000000119
22491  18.437  -58.251  18.735 0.3000000119
22493  16.659  -57.970  18.699 0.3000000119
22511  17.714  -58.700  17.553 0.3000000119
23376  18.369  -57.536  18.808 0.3000000119
105584  21.474  -69.293  19.221 0.6000000238
106546  17.541  -70.864  14.673 0.5000000000
106986  18.457  -61.048  17.959 0.3000000119
107613  18.393  -62.290  18.428 0.3000000119
107738  17.191  -57.529  18.584 0.3000000119
107936  19.750  -68.300  16.205 0.6999999881
108910  24.216  -70.397  13.734 0.6999999881
109403  19.038  -70.185  21.523 0.5000000000
109420  18.973  -66.872  25.647 0.4000000060
109808  16.338  -64.596  20.829 0.3000000119
109814  29.448  -82.672  12.097 0.3000000119
110412  35.426  -68.209  8.990 0.4000000060
110765  29.019  -77.019  7.398 0.4000000060
111251  25.296  -75.532  10.454 0.6000000238
112483  36.033  -71.259  12.729 0.4000000060
112849  22.460  -61.136  23.383 0.3000000119
113047  13.196  -62.136  19.055 0.3000000119
113266  20.778  -70.309  10.945 0.6999999881
113370  36.523  -69.589  16.062 0.3000000119
113718  35.006  -73.788  14.122 0.3000000119
113975  21.818  -68.868  23.967 0.4000000060
114085  34.644  -77.144  11.142 0.4000000060
114132  19.633  -70.499  11.531 0.6999999881
114776  18.013  -68.668  16.608 0.6000000238
114803  31.789  -78.160  8.317 0.4000000060
114836  35.137  -67.521  11.613 0.3000000119
115224  30.547  -67.959  11.843 0.5000000000
115563  31.813  -73.284  11.371 0.4000000060
116728  21.232  -71.818  10.297 0.6999999881
117203  24.102  -72.237  9.159 0.8000000119
117433  14.663  -63.762  16.295 0.4000000060
117942  37.707  -70.332  15.239 0.3000000119
118300  25.412  -76.743  8.985 0.5000000000
118378  29.184  -79.370  15.128 0.3000000119
118491  29.545  -72.223  10.562 0.4000000060
118963  16.581  -58.390  18.196 0.3000000119
119259  22.470  -73.039  10.080 0.6999999881
119947  15.561  -71.479  21.233 0.5000000000
121308  12.807  -62.799  17.534 0.3000000119
121820  27.788  -79.184  7.440 0.4000000060
122901  30.702  -78.276  10.067 0.4000000060
122981  13.152  -62.441  18.031 0.3000000119
123652  25.193  -80.112  8.291 0.4000000060
123846  25.540  -75.817  15.866 0.3000000119
124022  17.125  -63.025  17.152 0.3000000119
124496  19.091  -69.372  23.960 0.5000000000
124591  19.258  -73.258  15.225 0.5000000000
125328  32.200  -77.836  8.363 0.3000000119
125579  35.093  -77.945  9.450 0.4000000060
125734  16.675  -68.354  25.487 0.4000000060
125818  18.021  -71.068  15.012 0.5000000000
125880  14.314  -69.173  22.336 0.5000000000
125985  15.425  -65.217  21.037 0.3000000119
126345  16.477  -73.188  13.568 0.5000000000
126350  35.285  -72.758  14.614 0.3000000119
126745  19.306  -58.599  20.187 0.3000000119
126988  32.563  -78.521  8.974 0.3000000119
