#!ascii label  , from subject sub-v1s7x0051322_ses-1 vox2ras=TkReg
647
50435  20.920  -26.787  20.645 0.1428571492
50419  19.651  -27.797  20.976 0.1428571492
114563  20.979  -25.725  20.092 0.1428571492
107771  21.619  -27.700  21.519 0.1428571492
51384  21.395  -26.298  20.450 0.2857142985
50436  20.104  -26.960  20.595 0.1428571492
125437  22.551  -26.806  21.158 0.1428571492
53154  21.310  -24.548  19.445 0.5714285970
52292  21.865  -25.666  20.091 0.1428571492
53135  23.738  -25.066  20.264 0.2857142985
53136  22.771  -24.905  19.728 0.2857142985
53151  24.362  -24.335  20.231 0.1428571492
53152  23.557  -24.339  19.698 0.2857142985
54861  25.059  -21.819  18.717 0.2857142985
54862  24.324  -22.314  18.587 0.1428571492
112069  25.607  -20.337  17.430 0.2857142985
55797  25.411  -21.254  18.417 0.2857142985
57749  26.196  -19.278  16.518 0.2857142985
57729  25.845  -19.821  17.025 0.2857142985
58730  26.887  -18.191  15.440 0.2857142985
60547  27.652  -16.948  13.581 0.8571428657
59641  27.447  -17.700  14.891 0.4285714328
57748  27.222  -19.073  16.719 0.2857142985
61456  28.829  -15.408  12.533 0.7142857313
61436  28.851  -16.134  12.872 0.7142857313
60560  27.980  -16.387  13.065 0.7142857313
59656  27.042  -17.470  13.983 0.7142857313
63115  29.564  -13.756  11.640 0.8571428657
62297  28.871  -14.455  12.253 0.5714285970
63116  28.283  -13.396  12.103 0.8571428657
112339  28.156  -15.815  12.799 0.7142857313
61437  27.384  -15.732  12.894 0.7142857313
64887  31.229  -12.158  10.420 0.4285714328
64008  29.240  -12.903  11.607 0.7142857313
66721  33.066  -9.973  9.850 0.2857142985
66734  31.410  -9.799  9.492 0.5714285970
122627  30.900  -11.644  10.213 0.8571428657
64901  30.649  -11.161  9.925 0.7142857313
64024  30.022  -12.433  11.064 0.8571428657
68511  32.106  -7.670  9.417 0.1428571492
67621  32.549  -9.178  9.880 0.1428571492
67629  32.245  -8.546  9.701 0.4285714328
65802  30.222  -10.306  9.673 0.8571428657
70205  31.945  -4.429  8.244 0.1428571492
68512  32.201  -7.053  9.414 0.1428571492
115731  32.223  -6.624  8.999 0.1428571492
68518  31.693  -7.440  9.102 0.4285714328
66735  29.767  -9.300  9.714 0.8571428657
72828  31.646  -2.809  8.619 0.1428571492
72002  31.933  -3.320  9.128 0.1428571492
72019  31.989  -3.400  7.923 0.1428571492
109955  31.817  -5.574  8.577 0.1428571492
123760  30.362  -5.273  9.125 0.4285714328
68519  30.778  -7.332  9.261 0.5714285970
67631  29.775  -8.423  9.629 0.7142857313
66736  28.721  -9.155  10.224 0.8571428657
72003  31.501  -2.852  8.565 0.1428571492
72829  31.316  -2.099  8.936 0.1428571492
72014  31.453  -3.528  8.280 0.1428571492
125686  30.076  -4.682  9.522 0.5714285970
69369  29.201  -7.039  10.070 0.8571428657
67632  28.940  -8.703  9.990 0.8571428657
68514  28.848  -8.003  10.150 0.8571428657
73748  30.697  -1.252  9.176 0.1428571492
73739  30.569  -1.676  9.196 0.2857142985
117430  30.745  -2.690  9.027 0.1428571492
116302  29.942  -3.108  10.110 0.8571428657
109902  29.557  -5.411  10.061 0.8571428657
117215  29.793  -6.163  9.555 0.7142857313
70193  29.118  -5.427  11.070 0.8571428657
74627  29.080  -1.180  9.178 0.1428571492
115113  28.230  -0.957  8.631 0.1428571492
73731  29.609  -2.026  10.288 0.4285714328
72805  29.041  -2.357  11.710 0.8571428657
71972  29.368  -3.167  11.330 0.8571428657
71091  29.147  -4.622  11.534 0.8571428657
70187  28.736  -5.375  12.017 0.8571428657
74614  28.619  -1.201  10.418 0.4285714328
126259  29.088  -3.147  12.189 0.8571428657
71989  29.137  -3.823  11.943 0.8571428657
71973  28.800  -3.631  12.812 0.8571428657
74628  26.992  -1.329  9.203 0.1428571492
74629  26.013  -1.278  8.685 0.2857142985
75440  28.222  -0.992  9.775 0.5714285970
75426  28.250  -0.265  11.039 0.8571428657
73726  28.617  -1.532  12.297 0.8571428657
72806  28.867  -2.769  12.837 0.8571428657
75443  24.748  -0.034  9.284 0.2857142985
75441  27.506  -0.283  10.297 0.7142857313
117572  28.549  -0.903  12.841 0.8571428657
112268  28.454  -0.706  13.763 0.8571428657
72799  28.678  -2.257  13.569 0.8571428657
75427  27.840  0.731  11.519 0.8571428657
75418  27.915  0.919  12.743 0.8571428657
74588  28.425  -0.223  12.940 0.8571428657
75399  28.375  0.572  14.544 0.7142857313
111361  28.406  0.183  13.736 0.7142857313
76227  27.144  1.331  11.475 0.8571428657
76220  27.503  1.492  12.278 0.8571428657
112681  28.237  0.413  13.101 0.8571428657
76213  27.800  1.599  13.181 0.8571428657
77058  27.972  2.412  13.520 0.8571428657
76205  28.291  1.400  14.610 0.7142857313
77953  25.956  3.249  11.575 0.7142857313
77068  26.774  2.778  12.144 0.8571428657
77945  26.581  3.607  12.335 0.8571428657
77935  27.634  3.915  13.709 0.8571428657
79544  27.401  5.028  14.446 0.7142857313
75411  28.323  1.014  13.673 0.8571428657
77944  27.503  3.202  13.002 0.8571428657
80325  24.489  7.062  10.845 0.1428571492
77936  27.120  4.026  12.929 0.8571428657
78739  27.078  4.699  13.493 0.7142857313
79553  26.959  5.404  13.792 0.7142857313
78731  27.617  4.406  14.290 0.8571428657
81831  24.365  7.955  11.790 0.1428571492
80323  25.677  6.274  12.589 0.5714285970
80313  25.707  7.031  12.865 0.5714285970
81087  26.440  7.377  13.688 0.5714285970
81849  23.416  8.778  10.893 0.1428571492
81824  26.211  8.242  13.678 0.5714285970
82517  23.719  9.404  11.847 0.1428571492
115570  23.190  10.324  10.724 0.1428571492
81830  25.273  8.180  12.735 0.1428571492
83197  22.633  10.854  10.937 0.1428571492
81088  25.728  7.643  13.061 0.5714285970
83194  23.223  10.491  11.580 0.1428571492
83913  22.121  11.962  10.854 0.1428571492
83896  23.213  11.320  12.265 0.1428571492
106197  20.768  -28.135  21.534 0.1428571492
51383  22.274  -26.299  20.641 0.1428571492
115142  23.695  -25.805  20.634 0.2857142985
119115  22.841  -25.626  20.326 0.2857142985
54846  25.180  -22.370  19.226 0.2857142985
106872  24.579  -22.904  19.223 0.2857142985
54847  23.819  -23.136  18.804 0.1428571492
58709  26.534  -18.707  16.033 0.2857142985
58710  25.669  -19.038  15.763 0.2857142985
59655  28.160  -17.252  14.307 0.4285714328
59642  26.262  -18.014  14.380 0.5714285970
63130  30.577  -13.228  11.236 0.2857142985
60561  27.043  -16.362  13.290 0.7142857313
64899  32.347  -11.583  10.413 0.1428571492
64025  28.909  -11.855  11.290 0.8571428657
72004  30.398  -3.684  9.374 0.8571428657
71097  29.510  -4.608  10.436 0.8571428657
109234  28.719  -6.149  11.453 0.8571428657
71082  28.767  -4.514  12.499 0.8571428657
76235  26.802  0.597  10.651 0.8571428657
77077  26.186  2.439  11.246 0.8571428657
77946  25.851  3.959  11.766 0.8571428657
79561  26.335  5.419  12.882 0.7142857313
81832  23.932  8.555  11.530 0.1428571492
111643  23.447  10.984  9.715 0.1428571492
49514  19.879  -28.587  21.536 0.1428571492
52305  21.930  -25.107  19.556 0.4285714328
53153  22.131  -24.527  19.118 0.2857142985
53986  24.267  -23.621  19.612 0.1428571492
55781  25.789  -21.794  19.103 0.2857142985
56782  25.925  -20.697  18.078 0.2857142985
56783  24.883  -20.857  17.467 0.2857142985
55798  24.508  -21.461  18.096 0.2857142985
71096  31.974  -4.391  9.173 0.1428571492
109005  31.335  -1.767  9.462 0.1428571492
74626  30.053  -1.252  8.956 0.1428571492
73740  29.513  -1.516  9.765 0.2857142985
114127  29.518  -0.734  8.607 0.1428571492
122210  29.514  -2.618  10.613 0.8571428657
69360  28.769  -6.778  10.950 0.8571428657
68505  28.525  -7.518  10.934 1.0000000000
74635  26.869  -1.294  8.309 0.1428571492
75456  24.999  -0.555  8.597 0.1428571492
76237  24.329  0.910  9.555 0.2857142985
74567  28.417  -0.868  14.965 0.8571428657
76228  26.449  1.556  10.924 0.5714285970
77078  24.998  2.848  10.780 0.5714285970
77954  24.944  3.782  11.120 0.5714285970
78740  26.188  4.551  12.397 0.7142857313
79562  25.144  5.616  11.749 0.4285714328
78757  24.271  5.397  10.818 0.2857142985
79563  24.716  6.494  11.534 0.1428571492
80324  24.762  6.918  12.111 0.1428571492
81096  25.000  7.496  12.372 0.1428571492
82512  24.877  9.778  12.852 0.2857142985
83193  23.759  10.267  12.408 0.1428571492
83898  22.103  12.639  10.861 0.1428571492
83897  22.342  12.317  11.460 0.1428571492
83927  22.140  12.511  10.693 0.1428571492
77087  24.029  2.221  9.685 0.4285714328
77964  23.991  3.590  10.162 0.4285714328
77955  24.047  4.623  10.523 0.4285714328
78749  25.132  4.632  11.427 0.5714285970
51366  21.726  -26.956  20.990 0.1428571492
50418  20.816  -27.377  21.054 0.1428571492
51385  20.546  -26.306  20.397 0.2857142985
123525  22.851  -24.315  19.249 0.1428571492
53987  23.316  -23.787  19.080 0.1428571492
62281  26.919  -14.877  12.773 0.7142857313
111829  29.054  -12.374  11.492 0.8571428657
113084  32.829  -10.211  9.702 0.5714285970
67636  30.819  -8.008  9.327 0.5714285970
71102  31.605  -4.029  8.188 0.2857142985
117505  32.167  -5.815  8.868 0.1428571492
117359  31.365  -6.654  8.863 0.1428571492
72830  30.362  -2.320  9.606 0.5714285970
70199  29.180  -6.196  10.577 0.8571428657
71988  29.493  -3.830  10.845 0.8571428657
73732  28.801  -1.624  11.080 0.8571428657
75417  28.129  0.173  12.246 0.8571428657
74602  28.302  -0.805  11.900 0.8571428657
73712  28.651  -1.476  13.233 0.8571428657
77076  26.932  1.989  11.831 0.8571428657
77067  27.403  2.232  12.681 0.8571428657
81097  24.502  7.419  11.677 0.1428571492
80312  26.516  6.579  13.604 0.5714285970
82535  23.503  9.306  10.422 0.1428571492
114349  25.522  8.952  13.251 0.4285714328
82516  24.546  8.765  12.391 0.1428571492
83203  22.709  11.321  10.444 0.1428571492
115698  23.610  10.227  10.084 0.1428571492
109007  22.568  11.357  11.335 0.1428571492
77086  25.287  1.782  10.481 0.5714285970
113244  24.284  -21.443  16.039 0.5714285970
83189  24.530  10.806  13.045 0.1428571492
56802  23.830  -21.829  16.038 0.5714285970
56803  23.336  -21.683  16.158 0.5714285970
56804  22.426  -21.272  16.806 0.2857142985
56825  24.080  -20.872  15.467 0.5714285970
56826  23.500  -21.079  15.659 0.5714285970
55816  21.895  -21.673  17.330 0.4285714328
106912  23.913  -21.628  15.796 0.5714285970
56805  21.574  -20.845  17.271 0.2857142985
57753  22.221  -19.938  16.630 0.4285714328
57769  24.671  -19.183  14.913 0.4285714328
58732  23.961  -19.474  14.876 0.5714285970
58711  23.124  -19.343  15.799 0.5714285970
59643  25.270  -18.348  14.504 0.5714285970
59644  24.420  -18.127  14.520 0.5714285970
58733  23.564  -19.078  15.189 0.4285714328
59657  25.275  -17.706  14.046 0.7142857313
109128  23.841  -17.303  14.885 0.4285714328
57752  22.940  -20.163  15.930 0.4285714328
110324  21.628  -19.164  16.837 0.2857142985
57730  21.360  -19.863  17.202 0.2857142985
111459  23.115  -18.278  16.239 0.4285714328
61427  26.056  -16.373  13.475 0.7142857313
61429  24.629  -15.568  14.575 0.4285714328
62283  25.796  -14.442  13.560 0.7142857313
106260  25.270  -14.288  14.290 0.5714285970
63090  25.647  -13.700  14.136 0.7142857313
63091  25.014  -13.700  15.054 0.2857142985
125752  26.761  -16.925  13.629 0.5714285970
61439  25.790  -15.376  13.471 0.7142857313
63118  26.633  -13.423  12.334 0.7142857313
63089  26.070  -12.439  14.364 0.7142857313
64851  26.561  -11.881  13.889 0.7142857313
106031  26.154  -11.644  14.854 0.7142857313
125569  26.258  -10.969  15.120 0.4285714328
114402  27.772  -14.113  12.511 0.5714285970
62282  26.455  -14.219  12.853 0.5714285970
63117  27.149  -13.508  12.158 0.5714285970
64010  26.751  -12.715  12.130 0.5714285970
64866  26.965  -12.001  12.855 0.7142857313
65760  27.279  -10.417  13.457 0.7142857313
66700  27.562  -9.554  13.440 0.7142857313
65743  26.918  -10.614  14.243 0.7142857313
66689  27.145  -9.898  14.541 0.5714285970
68473  27.658  -8.132  14.484 0.5714285970
64888  29.819  -11.601  10.522 0.7142857313
64877  28.013  -11.463  11.659 0.5714285970
109973  27.314  -12.116  11.982 0.5714285970
65774  27.965  -10.532  11.687 0.7142857313
64878  27.396  -11.117  12.426 0.7142857313
67613  27.915  -8.693  12.305 0.8571428657
65745  26.068  -10.392  15.306 0.4285714328
68496  27.979  -8.078  12.273 0.7142857313
115382  27.975  -7.672  13.545 0.7142857313
68474  27.157  -7.649  15.270 0.5714285970
111817  27.773  -7.246  14.623 0.7142857313
64889  28.649  -11.037  11.025 0.5714285970
65775  27.633  -10.075  12.435 0.7142857313
106356  28.159  -8.123  11.280 0.8571428657
68495  28.209  -7.551  11.734 0.8571428657
125858  28.069  -6.884  13.826 0.7142857313
120324  27.912  -6.259  14.779 0.5714285970
70165  27.471  -5.444  15.585 0.2857142985
67622  28.378  -8.615  10.653 0.7142857313
68484  28.234  -7.074  12.679 0.7142857313
71929  27.774  -3.680  15.966 0.7142857313
69352  28.434  -6.881  11.675 0.7142857313
69340  28.280  -6.197  13.503 0.8571428657
70164  28.181  -5.500  14.216 0.8571428657
71953  28.634  -3.268  13.842 0.8571428657
70177  28.473  -5.268  13.151 0.8571428657
71044  28.078  -4.905  14.958 0.5714285970
71043  28.372  -4.140  14.467 0.8571428657
71928  28.362  -3.312  15.118 0.8571428657
72771  28.018  -2.807  15.970 0.7142857313
71064  28.558  -4.281  13.466 0.8571428657
72770  28.363  -2.469  15.351 0.8571428657
72787  28.533  -2.448  14.540 0.8571428657
73675  28.430  -1.772  15.124 0.8571428657
108715  28.184  -1.968  15.848 0.7142857313
76212  28.376  1.803  13.865 0.7142857313
76193  28.106  1.725  15.657 0.7142857313
77051  28.206  2.350  14.646 0.5714285970
76194  27.523  1.964  16.389 0.7142857313
77040  27.917  2.631  15.749 0.7142857313
115476  28.161  3.170  14.967 0.7142857313
77927  27.998  3.848  14.621 0.8571428657
78719  27.216  4.428  15.820 0.7142857313
77041  27.238  2.866  16.392 0.7142857313
126500  26.916  5.068  15.979 0.7142857313
79515  26.264  5.417  16.444 0.7142857313
78699  25.709  4.466  16.652 0.5714285970
79532  27.061  5.805  15.713 0.7142857313
117103  25.242  5.003  16.747 0.5714285970
80277  26.618  6.407  16.087 0.4285714328
79516  25.284  5.731  16.847 0.5714285970
79545  27.185  5.962  14.556 0.5714285970
114172  24.416  5.151  17.072 0.5714285970
81063  26.713  7.275  15.829 0.5714285970
116795  26.102  6.991  16.498 0.5714285970
114742  25.261  6.571  16.938 0.5714285970
107833  24.386  6.038  17.270 0.4285714328
79517  23.532  5.506  17.185 0.5714285970
80269  24.281  7.044  17.365 0.5714285970
80279  23.437  6.418  17.350 0.4285714328
119921  22.167  4.696  16.664 0.4285714328
81056  22.543  7.851  17.443 0.4285714328
60546  29.067  -16.604  13.812 0.2857142985
64009  28.245  -12.388  11.764 0.5714285970
81799  24.068  8.622  17.816 0.2857142985
55814  23.325  -21.771  16.845 0.5714285970
54876  22.230  -22.347  17.543 0.5714285970
57750  25.200  -19.779  15.977 0.2857142985
56824  24.531  -20.618  15.834 0.4285714328
57751  24.447  -20.142  15.363 0.5714285970
58712  22.406  -19.044  16.507 0.4285714328
59645  23.637  -18.184  15.076 0.4285714328
115689  22.248  -18.061  16.631 0.2857142985
60550  24.725  -16.430  14.092 0.5714285970
60559  29.847  -16.274  13.160 0.2857142985
62259  24.381  -14.164  15.356 0.2857142985
63989  25.498  -12.957  14.744 0.7142857313
109864  28.470  -6.166  12.388 0.8571428657
127025  27.999  -5.544  14.934 0.7142857313
75400  28.191  0.842  15.502 0.7142857313
75375  27.281  0.374  16.504 0.7142857313
78698  26.593  4.514  16.360 0.7142857313
112023  22.643  5.946  17.060 0.2857142985
80289  27.082  6.664  15.331 0.5714285970
106019  25.346  7.433  16.950 0.5714285970
81065  25.402  8.153  16.961 0.2857142985
120606  23.220  -17.317  15.926 0.4285714328
56801  25.001  -20.410  16.654 0.2857142985
61438  26.567  -15.617  13.172 0.5714285970
65803  28.969  -9.828  10.186 0.7142857313
67612  28.025  -8.817  11.571 0.7142857313
65789  28.471  -10.150  10.934 0.7142857313
78718  27.719  4.468  15.073 0.8571428657
60548  26.086  -17.307  13.763 0.5714285970
74568  28.166  -0.622  15.871 0.7142857313
62298  26.927  -14.082  12.449 0.5714285970
122244  22.075  -20.563  16.841 0.5714285970
56827  22.767  -20.898  16.229 0.4285714328
57771  23.693  -20.091  15.357 0.5714285970
121479  24.014  -18.827  14.762 0.5714285970
59658  24.552  -17.183  14.185 0.5714285970
60535  24.200  -16.343  14.879 0.4285714328
60549  25.252  -16.872  13.749 0.5714285970
61428  25.181  -15.948  13.756 0.7142857313
62271  25.146  -15.012  13.989 0.5714285970
62272  24.761  -14.595  14.821 0.4285714328
61416  24.189  -14.988  15.385 0.4285714328
124665  24.238  -15.639  15.168 0.4285714328
118382  26.294  -14.902  13.165 0.7142857313
63102  26.164  -13.640  13.256 0.7142857313
63999  26.471  -12.806  13.159 0.7142857313
64850  26.966  -11.199  13.558 0.7142857313
111405  27.146  -12.907  11.922 0.5714285970
67586  27.465  -9.013  14.413 0.7142857313
66713  28.031  -9.664  11.634 0.5714285970
67599  27.820  -8.629  13.269 0.7142857313
68458  26.399  -8.225  15.448 0.2857142985
70142  26.271  -5.610  16.123 0.2857142985
70163  28.317  -4.822  14.034 0.8571428657
77920  27.669  3.607  15.640 0.7142857313
81054  24.625  7.949  17.396 0.5714285970
80270  23.270  7.198  17.492 0.4285714328
120123  22.578  -16.473  16.275 0.4285714328
53137  20.639  -25.008  19.968 0.4285714328
56800  26.455  -20.191  17.714 0.1428571492
57728  26.849  -19.569  17.328 0.1428571492
58729  27.903  -18.018  15.665 0.1428571492
59640  28.558  -17.568  15.164 0.1428571492
56799  27.427  -20.095  17.940 0.1428571492
121974  28.895  -18.100  15.733 0.1428571492
58708  27.504  -18.520  16.174 0.1428571492
61435  30.343  -16.070  11.932 0.2857142985
62295  31.064  -14.764  11.413 0.1428571492
75388  28.304  0.007  15.316 0.5714285970
85546  23.020  14.666  11.632 0.1428571492
73676  27.874  -1.303  16.159 0.4285714328
85547  22.821  14.410  11.638 0.1428571492
75376  26.349  0.454  16.517 0.4285714328
76180  27.789  1.069  16.291 0.5714285970
76182  25.940  1.543  16.612 0.4285714328
118713  25.195  11.667  15.748 0.2857142985
82498  25.911  9.414  16.307 0.2857142985
81064  26.183  7.965  16.404 0.2857142985
82504  26.152  9.664  15.618 0.2857142985
76195  23.095  1.141  15.939 0.1428571492
77028  25.539  2.143  16.724 0.5714285970
77902  26.927  3.741  16.365 0.5714285970
83172  25.679  10.120  16.183 0.2857142985
113135  27.047  7.399  15.148 0.4285714328
77029  23.886  2.503  16.351 0.4285714328
77903  25.281  3.616  16.679 0.5714285970
77905  23.365  3.073  16.238 0.4285714328
125187  22.873  3.406  16.315 0.2857142985
82492  24.428  9.234  17.519 0.1428571492
81807  24.922  8.690  17.251 0.1428571492
82499  25.190  9.537  16.872 0.1428571492
78701  23.555  4.589  16.974 0.4285714328
83173  25.056  10.553  16.642 0.1428571492
78702  22.705  4.133  16.632 0.2857142985
81800  23.012  8.606  18.019 0.2857142985
81801  21.918  8.783  17.586 0.1428571492
82493  23.599  9.461  18.073 0.1428571492
83165  24.344  9.996  17.354 0.1428571492
106795  22.604  9.206  18.196 0.1428571492
82494  22.948  9.896  18.114 0.1428571492
53990  20.528  -23.115  19.615 0.2857142985
57747  28.287  -19.036  16.665 0.1428571492
59654  29.326  -17.173  14.599 0.1428571492
74555  26.532  -0.228  16.543 0.2857142985
125904  26.592  5.926  13.482 0.4285714328
81819  26.264  9.102  14.142 0.2857142985
83180  25.764  10.426  15.360 0.2857142985
83174  24.151  10.889  16.964 0.2857142985
53971  24.915  -23.779  20.303 0.1428571492
55796  26.360  -21.289  18.686 0.1428571492
61455  29.882  -15.279  11.778 0.1428571492
113363  22.711  2.812  15.999 0.1428571492
116342  26.680  -0.917  16.551 0.4285714328
76185  23.082  2.135  15.859 0.2857142985
78700  24.519  4.230  16.842 0.5714285970
81078  26.854  7.802  14.499 0.4285714328
83863  25.312  11.249  15.071 0.2857142985
82508  26.031  9.867  14.618 0.2857142985
83183  25.578  10.600  14.566 0.2857142985
83873  24.771  11.722  14.355 0.2857142985
84709  24.327  12.356  14.141 0.1428571492
84698  24.073  13.048  14.416 0.1428571492
83886  22.942  12.579  12.416 0.1428571492
83857  24.915  11.583  16.318 0.2857142985
83885  24.153  11.868  13.348 0.1428571492
123717  22.716  13.367  12.375 0.1428571492
62307  30.897  -13.952  11.389 0.2857142985
83864  24.779  12.126  15.101 0.2857142985
83188  25.421  10.335  13.749 0.2857142985
83184  25.029  11.090  14.015 0.1428571492
52293  21.329  -25.244  19.768 0.4285714328
80299  27.027  6.990  14.519 0.4285714328
81818  26.668  8.517  14.555 0.2857142985
82511  25.710  9.635  13.716 0.2857142985
76181  26.794  1.208  16.544 0.4285714328
108272  26.584  2.136  16.615 0.5714285970
77027  26.146  3.033  16.679 0.5714285970
81073  26.776  8.163  15.413 0.2857142985
81055  23.644  7.870  17.666 0.4285714328
81066  21.574  7.884  17.334 0.2857142985
75389  28.030  0.202  16.146 0.5714285970
121801  26.194  3.893  16.599 0.5714285970
111937  23.509  3.735  16.718 0.5714285970
81806  25.718  8.776  16.654 0.2857142985
57727  27.854  -19.522  17.407 0.1428571492
59639  29.590  -17.712  15.158 0.1428571492
75377  25.397  0.048  16.364 0.2857142985
83856  25.485  11.007  15.970 0.2857142985
81813  26.343  8.881  15.945 0.2857142985
81812  26.577  9.104  15.076 0.2857142985
76184  23.997  1.527  16.297 0.2857142985
114752  24.642  2.055  16.592 0.4285714328
77904  24.211  3.287  16.676 0.4285714328
124251  23.234  2.680  15.945 0.2857142985
113205  24.921  2.753  16.719 0.5714285970
53972  20.372  -23.980  19.965 0.2857142985
59653  29.999  -17.313  14.594 0.1428571492
74556  25.736  -0.843  16.508 0.2857142985
84710  23.519  13.143  13.255 0.1428571492
66677  26.460  -9.046  15.386 0.4285714328
69331  26.959  -6.233  15.564 0.2857142985
84672  23.591  12.748  16.729 0.1428571492
114097  24.888  12.157  15.840 0.1428571492
85510  23.548  13.539  16.274 0.1428571492
83850  22.623  11.301  17.924 0.1428571492
85511  23.158  13.467  16.967 0.1428571492
84671  24.461  12.431  16.182 0.1428571492
83859  22.953  11.927  17.238 0.1428571492
125130  22.620  12.134  17.948 0.1428571492
83858  23.964  11.838  16.766 0.1428571492
84673  22.920  12.709  17.539 0.1428571492
86210  23.197  14.250  16.126 0.1428571492
85496  22.873  13.449  18.635 0.1428571492
85503  22.993  13.433  17.834 0.1428571492
121297  27.372  -6.869  15.257 0.2857142985
84660  22.665  12.752  18.379 0.1428571492
108492  23.027  14.096  17.975 0.1428571492
58731  25.844  -18.496  15.235 0.2857142985
84683  24.366  12.821  15.449 0.1428571492
84684  24.038  13.142  15.897 0.1428571492
125043  23.996  13.355  15.413 0.1428571492
109413  22.520  -22.857  17.927 0.4285714328
54863  23.336  -22.623  18.185 0.2857142985
54875  22.913  -22.319  17.460 0.2857142985
54003  22.126  -23.439  18.234 0.2857142985
55813  23.994  -21.391  17.107 0.2857142985
54864  21.858  -22.852  17.965 0.4285714328
55799  23.661  -21.874  17.782 0.1428571492
54002  22.909  -23.355  18.408 0.1428571492
55815  22.714  -21.859  17.006 0.4285714328
76183  25.046  1.439  16.579 0.2857142985
53989  21.670  -23.890  18.763 0.2857142985
53155  20.998  -23.781  19.303 0.2857142985
54004  21.657  -23.231  18.440 0.2857142985
54005  21.277  -22.577  18.522 0.2857142985
106419  23.456  -16.485  15.604 0.2857142985
120802  23.776  -15.698  15.510 0.2857142985
63990  24.775  -12.775  15.280 0.1428571492
64852  25.395  -12.074  15.191 0.1428571492
105968  25.714  -9.613  15.453 0.1428571492
110007  25.940  -6.333  15.908 0.1428571492
71025  26.630  -4.793  16.278 0.1428571492
71930  26.941  -3.942  16.417 0.1428571492
71011  25.893  -4.081  16.522 0.1428571492
71914  26.282  -3.284  16.608 0.1428571492
72760  25.673  -2.567  16.662 0.1428571492
116113  25.691  0.869  16.478 0.1428571492
75379  23.827  0.733  16.203 0.1428571492
114408  24.672  0.738  16.358 0.1428571492
79518  22.759  5.066  16.809 0.1428571492
78703  21.460  4.702  16.627 0.1428571492
124576  21.921  6.337  16.861 0.1428571492
80281  21.510  7.002  17.119 0.1428571492
126248  22.025  7.443  17.196 0.1428571492
73677  27.397  -2.117  16.348 0.2857142985
73665  24.979  -1.711  16.569 0.1428571492
123177  19.717  -24.712  20.531 0.2857142985
113854  22.875  -15.730  15.922 0.2857142985
64839  24.800  -11.427  15.432 0.1428571492
67572  25.537  -8.702  15.480 0.1428571492
68459  25.567  -7.850  15.515 0.1428571492
109379  26.266  -7.526  15.518 0.1428571492
70144  24.441  -5.929  15.533 0.1428571492
70143  25.219  -5.735  16.043 0.1428571492
71026  25.339  -4.887  16.282 0.1428571492
71012  24.864  -4.084  16.329 0.1428571492
73664  26.318  -1.706  16.598 0.1428571492
75378  24.217  0.059  16.283 0.1428571492
79519  21.870  5.484  16.718 0.1428571492
64838  25.567  -11.095  15.332 0.1428571492
71024  27.563  -4.525  15.852 0.1428571492
107714  21.938  4.184  16.546 0.1428571492
59626  22.454  -17.330  16.496 0.1428571492
72759  26.581  -2.557  16.572 0.1428571492
111732  21.130  -23.184  18.946 0.2857142985
61417  23.203  -14.992  15.656 0.1428571492
71915  25.294  -3.386  16.551 0.1428571492
110541  24.422  -5.172  15.663 0.1428571492
114804  19.445  -23.651  20.675 0.1428571492
122511  18.997  -23.354  21.277 0.1428571492
53991  19.820  -22.979  20.303 0.1428571492
64023  31.649  -12.836  10.644 0.1428571492
63129  31.970  -13.463  10.831 0.1428571492
77088  23.491  2.044  9.003 0.1428571492
52294  20.166  -25.636  20.336 0.1428571492
119776  20.049  -22.313  19.872 0.1428571492
122949  20.655  -22.443  19.168 0.1428571492
54865  21.515  -22.079  17.956 0.1428571492
56806  20.736  -20.364  17.727 0.1428571492
76249  23.562  1.070  8.921 0.1428571492
113793  23.584  3.391  9.321 0.1428571492
75457  24.228  0.426  8.607 0.1428571492
64033  32.175  -12.279  10.560 0.1428571492
55817  21.083  -21.264  17.833 0.1428571492
58713  21.240  -18.258  16.674 0.1428571492
55800  20.708  -21.711  18.647 0.1428571492
57770  24.126  -20.023  15.046 0.5714285970
61457  27.907  -14.949  12.750 0.5714285970
62296  29.952  -14.500  11.585 0.8571428657
64022  32.161  -12.852  10.660 0.1428571492
64900  32.102  -11.647  10.078 0.1428571492
65744  26.707  -10.508  15.016 0.7142857313
65788  29.267  -10.714  10.213 0.7142857313
65801  31.942  -10.747  9.708 0.5714285970
66690  26.605  -9.811  15.262 0.5714285970
66714  27.829  -9.238  12.382 0.7142857313
66723  28.322  -9.356  10.832 0.8571428657
66733  32.307  -9.269  9.609 0.5714285970
67587  27.134  -8.569  15.189 0.5714285970
67630  31.003  -8.852  9.316 0.5714285970
67635  31.829  -8.295  9.355 0.4285714328
68513  29.845  -7.622  9.600 0.7142857313
69366  32.251  -6.300  9.163 0.1428571492
69368  30.269  -6.827  9.404 0.7142857313
70198  31.958  -5.476  9.369 0.1428571492
70204  32.023  -4.897  8.664 0.1428571492
70206  31.215  -4.921  8.371 0.2857142985
71023  28.094  -4.150  15.325 0.7142857313
71101  32.084  -3.924  8.373 0.1428571492
71103  30.778  -4.349  8.583 0.5714285970
71106  32.095  -3.655  8.018 0.1428571492
72013  32.128  -3.220  8.041 0.1428571492
72772  27.194  -3.086  16.387 0.1428571492
72843  31.961  -3.057  7.974 0.1428571492
73663  27.207  -1.311  16.444 0.4285714328
73692  28.498  -1.589  14.195 0.8571428657
74554  27.490  -0.534  16.412 0.4285714328
74577  28.398  -0.151  14.478 0.7142857313
74636  25.887  -1.077  8.025 0.1428571492
74637  25.433  -0.641  7.993 0.1428571492
74648  27.902  -0.573  7.823 0.1428571492
75390  23.245  0.241  16.016 0.1428571492
75442  25.994  -0.522  9.467 0.2857142985
76236  25.600  0.669  10.108 0.8571428657
76238  23.521  1.123  9.043 0.1428571492
76248  23.927  0.366  8.908 0.1428571492
79531  27.376  5.163  15.291 0.8571428657
80278  25.973  6.233  16.570 0.5714285970
80280  22.474  6.894  17.214 0.1428571492
82525  23.294  9.815  11.052 0.1428571492
83914  21.997  12.552  11.076 0.1428571492
106140  28.111  3.204  14.033 0.7142857313
109965  28.800  -2.054  12.750 0.8571428657
111843  27.062  -9.283  15.126 0.4285714328
116646  30.815  -5.937  8.833 0.4285714328
118626  26.580  -11.127  14.475 0.4285714328
120145  24.404  -11.992  15.387 0.1428571492
122759  28.265  -1.301  15.640 0.7142857313
124611  29.524  -15.847  12.449 0.4285714328
124973  26.002  -13.130  13.931 0.7142857313
125661  27.300  -14.512  12.599 0.5714285970
125901  28.323  -18.448  16.140 0.1428571492
126063  28.397  -8.094  10.730 0.7142857313
126528  22.352  -25.327  19.921 0.2857142985
