#!ascii label  , from subject sub-v1s7x0051324_ses-1 vox2ras=TkReg
1793
47550  -44.234  -41.829  17.341 0.0000000000
33225  -34.077  -56.652  21.893 0.0000000000
53483  -41.468  -35.773  5.041 0.0000000000
130306  -38.481  -40.711  5.221 0.0000000000
47653  -48.111  -42.449  10.866 0.0000000000
39337  -41.636  -50.327  19.884 0.0000000000
38445  -34.971  -51.901  11.184 0.0000000000
131773  -35.642  -46.647  6.487 0.0000000000
37197  -26.622  -52.123  24.528 0.0000000000
57331  -52.811  -31.017  6.215 0.0000000000
38503  -30.356  -51.763  6.153 0.0000000000
47642  -41.640  -41.428  11.345 0.0000000000
119926  -43.857  -43.692  7.917 0.0000000000
134306  -46.763  -42.694  13.695 0.0000000000
43071  -44.083  -46.698  17.802 0.0000000000
41371  -39.638  -47.810  12.693 0.0000000000
120136  -39.832  -44.387  12.149 0.0000000000
46762  -35.354  -42.692  6.775 0.0000000000
132686  -55.002  -28.009  2.916 0.0000000000
35111  -29.565  -54.877  23.510 0.0000000000
125713  -26.571  -52.948  14.969 0.0000000000
34239  -29.342  -55.539  14.401 0.0000000000
50403  -44.610  -38.670  8.311 0.0000000000
36186  -37.703  -52.547  21.894 0.0000000000
38386  -31.599  -51.397  16.420 0.0000000000
40385  -35.923  -49.051  15.333 0.0000000000
40450  -35.600  -49.435  7.090 0.0000000000
117675  -23.057  -54.823  24.297 0.0000000000
53401  -47.816  -35.129  13.378 0.0000000000
54429  -45.497  -34.308  8.857 0.0000000000
58216  -49.789  -30.135  9.974 0.0000000000
55395  -47.065  -32.791  4.005 0.0000000000
58295  -49.096  -29.742  0.486 0.0000000000
37298  -23.481  -52.465  16.578 0.0000000000
115697  -32.935  -55.161  10.456 0.0000000000
130524  -42.705  -41.532  14.447 0.0000000000
47626  -44.216  -41.756  12.456 0.0000000000
48546  -45.160  -40.826  15.268 0.0000000000
122603  -43.748  -44.173  17.812 0.0000000000
43897  -41.830  -46.067  15.015 0.0000000000
45759  -41.749  -43.419  15.382 0.0000000000
128082  -40.436  -42.734  12.223 0.0000000000
51365  -41.202  -37.180  1.529 0.0000000000
54509  -41.945  -34.404  1.099 0.0000000000
126004  -31.811  -56.027  23.555 0.0000000000
33249  -29.917  -56.201  19.175 0.0000000000
33265  -31.306  -56.288  18.726 0.0000000000
47709  -39.761  -41.228  4.014 0.0000000000
122893  -46.564  -44.646  9.818 0.0000000000
44906  -44.621  -44.884  6.291 0.0000000000
46747  -46.205  -43.523  8.080 0.0000000000
47685  -45.667  -41.454  7.110 0.0000000000
49504  -46.707  -39.901  9.547 0.0000000000
38327  -39.782  -51.260  21.094 0.0000000000
38356  -37.044  -50.877  19.362 0.0000000000
123849  -38.582  -49.549  17.616 0.0000000000
134934  -37.814  -46.711  10.178 0.0000000000
42273  -36.575  -47.804  10.440 0.0000000000
42294  -35.742  -47.556  6.586 0.0000000000
48629  -37.299  -40.970  7.083 0.0000000000
54407  -46.319  -34.664  11.632 0.0000000000
56284  -48.782  -32.165  7.136 0.0000000000
56325  -49.412  -32.073  4.877 0.0000000000
57360  -47.838  -31.603  2.051 0.0000000000
58269  -50.665  -30.490  3.450 0.0000000000
60824  -53.623  -27.408  0.905 0.0000000000
37184  -24.819  -52.467  25.286 0.0000000000
36182  -23.281  -53.396  20.563 0.0000000000
38323  -25.081  -51.743  20.843 0.0000000000
38442  -27.117  -52.121  10.089 0.0000000000
38451  -24.953  -50.881  9.931 0.0000000000
39511  -27.987  -50.531  4.677 0.0000000000
40429  -30.649  -50.026  11.997 0.0000000000
38434  -30.233  -52.088  11.975 0.0000000000
36270  -33.712  -53.947  12.675 0.0000000000
47673  -40.536  -40.902  8.658 0.0000000000
47683  -41.397  -41.712  7.504 0.0000000000
47663  -43.029  -42.103  9.702 0.0000000000
46717  -45.615  -43.411  11.652 0.0000000000
45805  -48.415  -43.939  12.472 0.0000000000
116645  -43.159  -48.577  18.693 0.0000000000
40390  -40.579  -48.853  15.611 0.0000000000
42243  -41.847  -47.409  15.182 0.0000000000
43138  -39.796  -46.582  12.070 0.0000000000
43950  -37.963  -45.179  9.813 0.0000000000
44904  -35.504  -44.725  7.027 0.0000000000
45831  -37.899  -43.622  9.427 0.0000000000
47658  -38.665  -41.538  9.474 0.0000000000
59143  -54.020  -29.552  4.825 0.0000000000
59967  -56.723  -28.591  5.565 0.0000000000
119020  -28.049  -53.302  25.250 0.0000000000
131913  -27.238  -51.804  19.918 0.0000000000
36194  -28.446  -53.960  19.600 0.0000000000
35220  -27.563  -54.880  14.294 0.0000000000
36306  -29.094  -53.050  10.200 0.0000000000
46771  -42.366  -43.109  5.333 0.0000000000
49523  -44.377  -39.718  5.926 0.0000000000
51323  -42.564  -37.267  7.610 0.0000000000
34149  -35.944  -54.971  21.937 0.0000000000
35175  -32.922  -54.833  18.976 0.0000000000
37277  -34.285  -52.117  18.931 0.0000000000
39394  -33.971  -49.808  15.944 0.0000000000
41375  -32.122  -48.617  11.468 0.0000000000
41338  -37.438  -48.647  14.194 0.0000000000
41388  -33.995  -48.050  10.560 0.0000000000
38469  -34.882  -50.857  8.650 0.0000000000
48507  -46.316  -40.487  18.256 0.0000000000
36136  -35.000  -53.431  24.317 0.0000000000
38297  -38.784  -51.607  23.385 0.0000000000
40306  -40.944  -49.670  22.068 0.0000000000
48521  -47.866  -40.019  17.224 0.0000000000
47577  -49.178  -40.963  15.172 0.0000000000
48587  -50.180  -40.227  13.716 0.0000000000
53404  -50.253  -36.253  14.854 0.0000000000
50378  -48.212  -39.122  12.122 0.0000000000
51296  -45.394  -37.553  11.763 0.0000000000
52363  -43.928  -36.459  9.936 0.0000000000
53471  -43.797  -34.923  6.904 0.0000000000
56271  -46.623  -32.038  8.474 0.0000000000
55353  -46.551  -33.633  6.877 0.0000000000
131249  -44.279  -34.056  4.611 0.0000000000
56348  -44.836  -32.701  1.960 0.0000000000
59170  -52.185  -29.138  2.636 0.0000000000
125867  -22.758  -55.768  19.826 0.0000000000
35237  -22.509  -54.428  11.641 0.0000000000
121769  -25.023  -51.460  15.833 0.0000000000
37351  -23.389  -52.136  10.179 0.0000000000
125707  -30.210  -53.267  15.505 0.0000000000
36280  -30.195  -53.465  10.918 0.0000000000
36341  -31.700  -53.407  7.747 0.0000000000
35317  -35.286  -54.601  6.829 0.0000000000
47572  -42.820  -41.820  15.836 0.0000000000
47588  -43.829  -41.057  14.850 0.0000000000
47562  -44.378  -41.192  16.421 0.0000000000
45733  -43.659  -43.252  17.744 0.0000000000
44789  -42.667  -44.039  16.482 0.0000000000
46642  -42.783  -42.386  16.414 0.0000000000
46664  -41.838  -42.560  14.852 0.0000000000
51334  -41.577  -37.159  4.697 0.0000000000
133928  -40.639  -36.665  3.106 0.0000000000
53515  -40.941  -35.708  1.089 0.0000000000
133648  -41.384  -34.880  3.211 0.0000000000
33213  -32.748  -56.590  22.345 0.0000000000
33236  -31.645  -56.589  20.410 0.0000000000
117436  -32.773  -56.665  20.377 0.0000000000
48658  -37.602  -40.410  3.741 0.0000000000
48648  -38.983  -40.826  4.560 0.0000000000
45835  -47.459  -44.102  10.588 0.0000000000
45844  -46.339  -44.460  8.412 0.0000000000
47665  -47.008  -42.918  9.710 0.0000000000
47664  -46.583  -42.071  9.338 0.0000000000
133022  -47.208  -41.900  10.109 0.0000000000
38341  -40.714  -50.786  20.018 0.0000000000
39349  -39.577  -50.499  18.933 0.0000000000
39350  -40.509  -50.555  18.868 0.0000000000
121656  -36.104  -46.012  8.083 0.0000000000
43154  -36.177  -46.412  8.328 0.0000000000
43159  -35.887  -47.259  6.084 0.0000000000
42298  -37.460  -47.978  5.354 0.0000000000
114190  -37.464  -40.759  6.209 0.0000000000
48644  -35.650  -40.992  4.739 0.0000000000
48646  -37.248  -40.579  4.645 0.0000000000
57315  -50.724  -32.031  6.629 0.0000000000
57329  -51.094  -31.468  5.367 0.0000000000
57339  -50.596  -31.278  4.594 0.0000000000
126149  -51.824  -30.990  5.031 0.0000000000
37196  -25.248  -52.154  24.891 0.0000000000
38302  -24.847  -51.892  22.558 0.0000000000
38303  -25.667  -51.620  22.206 0.0000000000
38486  -28.626  -51.191  7.610 0.0000000000
39459  -27.063  -50.220  7.177 0.0000000000
39492  -29.261  -50.866  4.965 0.0000000000
37447  -29.355  -52.240  3.183 0.0000000000
37448  -30.628  -52.334  4.037 0.0000000000
39428  -32.163  -50.869  10.571 0.0000000000
126864  -32.373  -51.847  11.660 0.0000000000
37345  -34.569  -52.725  12.545 0.0000000000
136560  -40.745  -41.024  9.942 0.0000000000
116815  -41.793  -41.440  9.115 0.0000000000
47651  -41.947  -41.307  10.647 0.0000000000
47627  -45.060  -42.153  12.878 0.0000000000
46699  -44.959  -42.615  12.044 0.0000000000
46700  -45.985  -43.175  12.405 0.0000000000
45802  -46.518  -43.983  11.597 0.0000000000
45786  -47.600  -43.900  12.904 0.0000000000
42215  -43.990  -47.231  18.073 0.0000000000
41328  -42.787  -48.042  16.557 0.0000000000
42236  -42.869  -47.483  16.449 0.0000000000
44845  -40.768  -44.857  13.469 0.0000000000
43129  -40.421  -46.423  12.935 0.0000000000
43943  -39.819  -46.151  12.136 0.0000000000
43946  -38.430  -45.771  10.484 0.0000000000
44870  -38.432  -45.013  10.413 0.0000000000
44875  -37.649  -44.450  9.398 0.0000000000
133750  -38.535  -44.127  10.452 0.0000000000
47641  -40.933  -41.600  11.507 0.0000000000
46724  -39.499  -41.982  10.641 0.0000000000
113768  -40.038  -41.158  10.263 0.0000000000
47659  -39.441  -41.004  9.560 0.0000000000
35102  -28.928  -54.326  24.095 0.0000000000
36163  -28.303  -53.563  22.459 0.0000000000
35135  -28.844  -54.485  21.061 0.0000000000
34219  -29.475  -55.954  16.334 0.0000000000
35199  -27.984  -55.596  16.407 0.0000000000
34237  -28.138  -55.164  13.886 0.0000000000
36277  -27.989  -53.844  11.831 0.0000000000
35239  -28.423  -54.014  12.229 0.0000000000
46745  -42.659  -42.531  7.940 0.0000000000
46764  -41.794  -42.509  5.871 0.0000000000
46765  -42.493  -43.000  6.220 0.0000000000
44915  -45.101  -44.813  5.716 0.0000000000
129951  -43.505  -44.362  5.322 0.0000000000
45881  -44.736  -44.313  4.284 0.0000000000
130371  -45.353  -39.876  7.683 0.0000000000
49519  -44.836  -40.031  6.531 0.0000000000
50409  -44.529  -38.832  7.508 0.0000000000
50412  -43.822  -38.422  6.983 0.0000000000
50408  -43.904  -38.365  7.954 0.0000000000
36175  -36.752  -53.518  21.797 0.0000000000
35149  -35.602  -54.060  20.761 0.0000000000
36197  -36.163  -53.144  20.692 0.0000000000
132512  -36.410  -49.561  16.970 0.0000000000
39362  -34.865  -50.343  17.366 0.0000000000
40384  -34.485  -49.393  15.425 0.0000000000
40405  -33.271  -49.130  14.298 0.0000000000
41335  -34.106  -48.810  13.730 0.0000000000
135298  -39.976  -48.216  14.072 0.0000000000
40411  -39.080  -48.719  14.921 0.0000000000
120323  -39.060  -48.325  13.367 0.0000000000
41404  -34.900  -48.250  7.679 0.0000000000
41390  -35.935  -48.116  10.947 0.0000000000
41403  -34.292  -48.587  8.216 0.0000000000
40445  -33.588  -48.926  8.716 0.0000000000
45862  -35.347  -43.734  7.006 0.0000000000
39309  -39.717  -50.419  22.719 0.0000000000
42159  -42.907  -47.219  20.837 0.0000000000
48520  -47.034  -40.140  17.718 0.0000000000
132637  -49.285  -39.692  16.481 0.0000000000
49452  -50.233  -39.866  15.350 0.0000000000
47595  -49.913  -40.882  14.387 0.0000000000
119874  -50.448  -39.310  14.502 0.0000000000
52318  -49.095  -36.477  14.213 0.0000000000
51280  -49.392  -37.541  14.017 0.0000000000
51288  -47.617  -37.683  13.083 0.0000000000
50364  -47.170  -38.348  12.390 0.0000000000
52334  -46.392  -36.557  12.783 0.0000000000
54414  -45.536  -34.716  10.516 0.0000000000
53426  -45.163  -35.519  11.045 0.0000000000
53433  -44.888  -35.189  10.133 0.0000000000
53443  -44.007  -35.294  8.785 0.0000000000
54428  -44.869  -34.705  8.209 0.0000000000
57283  -47.915  -31.016  8.842 0.0000000000
55367  -48.094  -32.749  5.627 0.0000000000
55354  -47.124  -33.253  6.403 0.0000000000
55378  -46.499  -33.374  5.134 0.0000000000
54483  -45.133  -34.020  5.086 0.0000000000
119244  -45.428  -33.351  3.955 0.0000000000
55404  -44.429  -33.155  2.737 0.0000000000
56339  -45.843  -33.005  3.379 0.0000000000
57367  -48.273  -30.928  1.580 0.0000000000
57365  -46.758  -31.493  0.936 0.0000000000
58303  -47.727  -30.446  -0.235 0.0000000000
59159  -54.829  -28.786  4.054 0.0000000000
59157  -53.374  -29.143  3.731 0.0000000000
60002  -53.710  -28.252  2.552 0.0000000000
114287  -23.477  -52.631  18.018 0.0000000000
35171  -22.995  -54.174  18.375 0.0000000000
36226  -22.933  -53.734  16.104 0.0000000000
35224  -22.425  -54.450  13.300 0.0000000000
116639  -22.538  -53.503  13.577 0.0000000000
37287  -26.718  -52.045  17.361 0.0000000000
38370  -26.346  -51.500  17.864 0.0000000000
38398  -25.778  -51.711  16.034 0.0000000000
133152  -23.887  -51.305  10.637 0.0000000000
35329  -26.107  -54.483  4.245 0.0000000000
37290  -32.395  -52.932  18.077 0.0000000000
36219  -31.668  -53.660  17.514 0.0000000000
37300  -30.797  -52.654  16.150 0.0000000000
115516  -31.730  -53.462  11.444 0.0000000000
37333  -29.738  -53.206  11.944 0.0000000000
132006  -31.902  -54.343  9.837 0.0000000000
36308  -30.609  -53.364  9.708 0.0000000000
35291  -32.634  -54.395  8.871 0.0000000000
34315  -34.111  -54.755  5.912 0.0000000000
47624  -42.435  -41.515  12.740 0.0000000000
114201  -42.837  -41.553  12.090 0.0000000000
124899  -43.536  -41.091  13.610 0.0000000000
125863  -44.675  -41.191  14.082 0.0000000000
131164  -46.351  -41.411  14.497 0.0000000000
115966  -44.416  -45.289  18.418 0.0000000000
135115  -43.296  -46.165  16.662 0.0000000000
44812  -42.843  -45.056  16.340 0.0000000000
44811  -41.601  -44.130  15.007 0.0000000000
45784  -40.672  -43.826  13.243 0.0000000000
45801  -40.304  -43.586  12.510 0.0000000000
45785  -41.022  -43.128  13.743 0.0000000000
47604  -41.843  -41.900  13.388 0.0000000000
55422  -42.935  -33.655  -0.445 0.0000000000
123275  -30.866  -55.794  23.222 0.0000000000
114650  -29.974  -55.758  20.976 0.0000000000
34169  -30.517  -56.256  20.456 0.0000000000
33263  -30.318  -56.303  18.618 0.0000000000
33285  -29.923  -55.803  16.073 0.0000000000
44883  -45.303  -44.595  8.460 0.0000000000
45854  -43.912  -44.160  7.237 0.0000000000
44892  -45.540  -44.908  7.725 0.0000000000
44894  -46.007  -44.574  6.843 0.0000000000
45864  -46.161  -44.139  6.525 0.0000000000
47694  -45.896  -42.709  6.624 0.0000000000
47686  -45.904  -42.566  7.601 0.0000000000
48619  -45.980  -40.617  8.366 0.0000000000
49503  -46.029  -39.380  9.113 0.0000000000
37247  -38.419  -51.889  21.496 0.0000000000
37260  -37.694  -51.874  20.654 0.0000000000
115814  -38.287  -51.164  19.955 0.0000000000
39365  -37.971  -49.945  18.395 0.0000000000
40368  -37.527  -49.263  16.835 0.0000000000
42263  -38.704  -47.490  11.421 0.0000000000
41381  -38.369  -47.997  11.738 0.0000000000
118955  -37.199  -47.357  10.177 0.0000000000
42290  -35.346  -47.505  8.113 0.0000000000
137486  -35.942  -48.949  6.645 0.0000000000
40451  -37.843  -49.368  6.699 0.0000000000
41414  -38.166  -48.575  5.671 0.0000000000
46754  -36.800  -41.634  7.495 0.0000000000
47698  -35.313  -41.554  5.329 0.0000000000
54389  -48.027  -34.325  13.197 0.0000000000
115815  -46.942  -35.115  12.847 0.0000000000
55316  -47.366  -33.604  11.742 0.0000000000
131752  -47.087  -33.387  11.024 0.0000000000
116828  -46.400  -33.071  9.835 0.0000000000
57285  -50.131  -30.915  8.869 0.0000000000
57300  -49.325  -31.541  7.902 0.0000000000
136674  -49.612  -32.053  7.256 0.0000000000
133767  -49.404  -32.439  6.079 0.0000000000
56324  -48.615  -32.310  4.583 0.0000000000
56341  -47.461  -32.443  3.375 0.0000000000
56343  -49.072  -31.794  4.084 0.0000000000
57362  -49.326  -31.046  2.802 0.0000000000
58282  -50.382  -30.241  2.714 0.0000000000
60811  -55.786  -27.046  2.231 0.0000000000
60810  -54.136  -27.461  1.737 0.0000000000
60839  -54.242  -26.954  0.695 0.0000000000
36130  -23.967  -53.550  25.168 0.0000000000
36161  -23.323  -53.687  22.780 0.0000000000
37211  -23.809  -52.977  22.982 0.0000000000
37244  -24.419  -52.246  21.033 0.0000000000
37272  -24.362  -51.917  18.999 0.0000000000
37326  -26.654  -52.699  13.031 0.0000000000
117791  -25.997  -51.668  12.869 0.0000000000
38441  -26.385  -51.560  10.358 0.0000000000
39458  -26.249  -50.354  7.505 0.0000000000
38518  -26.586  -50.896  5.245 0.0000000000
36375  -26.696  -53.253  3.128 0.0000000000
37456  -27.802  -52.792  2.743 0.0000000000
120270  -31.331  -50.218  14.960 0.0000000000
38415  -30.281  -51.395  14.392 0.0000000000
39416  -30.489  -50.887  11.982 0.0000000000
125127  -31.472  -52.554  11.577 0.0000000000
35256  -33.549  -55.325  11.165 0.0000000000
130335  -39.460  -40.771  7.725 0.0000000000
48632  -39.966  -41.195  6.510 0.0000000000
116696  -40.765  -41.160  7.935 0.0000000000
47675  -41.965  -41.889  8.254 0.0000000000
46734  -43.558  -42.740  9.190 0.0000000000
114107  -43.322  -41.729  11.435 0.0000000000
46725  -43.775  -42.442  9.996 0.0000000000
46735  -44.424  -43.233  9.494 0.0000000000
45826  -45.936  -44.497  10.199 0.0000000000
44868  -47.521  -44.339  11.047 0.0000000000
45820  -48.299  -44.016  11.701 0.0000000000
40342  -42.578  -49.260  18.867 0.0000000000
40355  -41.563  -49.613  17.365 0.0000000000
40357  -42.740  -48.925  17.538 0.0000000000
41326  -41.815  -48.316  15.483 0.0000000000
41357  -40.859  -47.637  14.095 0.0000000000
43107  -41.856  -46.845  15.076 0.0000000000
42251  -40.953  -47.163  13.909 0.0000000000
42259  -40.137  -47.197  12.663 0.0000000000
42275  -38.960  -46.700  11.151 0.0000000000
43152  -37.987  -45.965  9.948 0.0000000000
43952  -36.281  -45.413  8.343 0.0000000000
44905  -35.604  -45.496  6.942 0.0000000000
44881  -36.561  -44.737  8.519 0.0000000000
45840  -36.820  -44.048  8.529 0.0000000000
46742  -36.992  -43.157  8.450 0.0000000000
45824  -39.106  -43.278  10.861 0.0000000000
45832  -38.247  -42.599  9.489 0.0000000000
46743  -37.236  -42.030  8.319 0.0000000000
47670  -37.814  -41.217  8.347 0.0000000000
113878  -37.971  -40.764  7.564 0.0000000000
58241  -53.506  -30.509  6.027 0.0000000000
58251  -54.891  -29.853  6.005 0.0000000000
59144  -55.289  -29.102  4.842 0.0000000000
59976  -55.789  -28.603  4.361 0.0000000000
59991  -56.351  -27.949  3.819 0.0000000000
60813  -57.471  -26.593  2.944 0.0000000000
37187  -27.337  -52.724  25.113 0.0000000000
38291  -27.047  -51.854  22.332 0.0000000000
36147  -27.759  -52.848  22.831 0.0000000000
36183  -28.048  -53.096  20.028 0.0000000000
36218  -27.376  -53.776  17.372 0.0000000000
35159  -28.727  -54.972  19.161 0.0000000000
35198  -27.595  -54.765  16.922 0.0000000000
36254  -26.980  -53.509  14.189 0.0000000000
36276  -27.393  -53.505  12.042 0.0000000000
37363  -27.843  -52.498  9.838 0.0000000000
37398  -29.874  -52.303  7.998 0.0000000000
47700  -40.533  -41.602  5.178 0.0000000000
47711  -41.198  -42.029  4.643 0.0000000000
45869  -42.949  -43.743  5.718 0.0000000000
51332  -42.631  -37.720  6.209 0.0000000000
132263  -41.670  -36.662  5.863 0.0000000000
34159  -34.881  -56.120  21.582 0.0000000000
34170  -34.026  -56.354  20.576 0.0000000000
35148  -35.028  -55.047  20.758 0.0000000000
36208  -33.848  -52.940  19.169 0.0000000000
37275  -33.131  -52.119  18.209 0.0000000000
38337  -35.741  -51.399  19.327 0.0000000000
38373  -34.262  -50.997  17.865 0.0000000000
39378  -32.679  -50.464  16.444 0.0000000000
40404  -32.303  -49.348  14.408 0.0000000000
41374  -31.417  -48.989  11.608 0.0000000000
39429  -32.746  -50.432  9.890 0.0000000000
40370  -39.813  -49.340  16.866 0.0000000000
40388  -38.676  -48.968  15.806 0.0000000000
40408  -36.647  -48.811  14.798 0.0000000000
41368  -36.746  -48.354  12.430 0.0000000000
41367  -35.772  -48.347  12.467 0.0000000000
41351  -35.362  -48.505  13.219 0.0000000000
130910  -33.409  -48.229  11.207 0.0000000000
39438  -33.237  -49.837  9.113 0.0000000000
128958  -36.275  -46.031  4.412 0.0000000000
46620  -44.840  -42.391  18.634 0.0000000000
116973  -44.977  -41.192  17.321 0.0000000000
36113  -24.520  -52.990  26.988 0.0000000000
134835  -26.741  -52.500  26.758 0.0000000000
37175  -27.879  -52.849  27.050 0.0000000000
36123  -28.669  -53.984  26.005 0.0000000000
34123  -31.617  -55.473  24.234 0.0000000000
34124  -32.127  -55.474  23.954 0.0000000000
34135  -33.367  -56.155  23.117 0.0000000000
34136  -34.643  -55.697  22.838 0.0000000000
35116  -35.485  -54.833  22.929 0.0000000000
36164  -36.743  -53.692  22.752 0.0000000000
36165  -37.174  -53.212  22.601 0.0000000000
37221  -38.313  -52.437  23.273 0.0000000000
37229  -38.391  -52.306  22.603 0.0000000000
38307  -39.505  -51.460  22.093 0.0000000000
39323  -40.580  -50.640  21.447 0.0000000000
127451  -41.204  -50.244  20.882 0.0000000000
40318  -41.940  -49.480  20.587 0.0000000000
41264  -42.829  -48.618  19.781 0.0000000000
42183  -43.915  -47.479  19.103 0.0000000000
45721  -44.638  -43.274  18.862 0.0000000000
47563  -45.714  -40.760  16.782 0.0000000000
48533  -46.599  -40.475  16.482 0.0000000000
47575  -47.869  -40.854  15.487 0.0000000000
49430  -48.212  -39.554  17.661 0.0000000000
128692  -48.581  -40.541  15.909 0.0000000000
46667  -48.365  -42.718  14.191 0.0000000000
45788  -49.053  -43.084  13.520 0.0000000000
46702  -49.253  -42.757  12.851 0.0000000000
47645  -48.675  -41.958  11.648 0.0000000000
50354  -50.263  -38.517  14.409 0.0000000000
48599  -49.242  -40.254  12.544 0.0000000000
48605  -48.255  -40.848  11.368 0.0000000000
50388  -47.319  -39.437  10.942 0.0000000000
50387  -46.595  -38.887  10.881 0.0000000000
123243  -44.889  -38.212  10.355 0.0000000000
52333  -45.715  -36.332  12.293 0.0000000000
51295  -44.789  -37.250  11.265 0.0000000000
51313  -43.598  -37.702  9.483 0.0000000000
52390  -43.116  -36.704  8.735 0.0000000000
53441  -42.670  -35.920  7.660 0.0000000000
53469  -42.179  -35.551  6.221 0.0000000000
56265  -46.334  -32.290  9.567 0.0000000000
55333  -46.139  -33.032  9.088 0.0000000000
56283  -47.832  -32.272  7.378 0.0000000000
55343  -46.543  -33.274  7.630 0.0000000000
128045  -45.624  -34.201  8.109 0.0000000000
54451  -45.345  -34.359  6.721 0.0000000000
54449  -43.737  -34.789  6.003 0.0000000000
54466  -42.725  -34.831  4.937 0.0000000000
55392  -42.839  -33.778  2.570 0.0000000000
128718  -43.168  -33.388  1.896 0.0000000000
56370  -44.379  -32.691  -0.172 0.0000000000
118627  -46.603  -32.276  2.221 0.0000000000
56360  -45.456  -32.117  0.577 0.0000000000
56384  -45.461  -32.468  -1.058 0.0000000000
58271  -52.043  -30.096  4.040 0.0000000000
59169  -51.425  -29.475  2.638 0.0000000000
59182  -50.584  -29.334  1.341 0.0000000000
60016  -52.498  -28.239  1.228 0.0000000000
59194  -51.093  -28.855  0.885 0.0000000000
59192  -49.632  -29.367  -0.006 0.0000000000
35145  -22.845  -54.313  20.575 0.0000000000
123355  -26.289  -51.355  20.138 0.0000000000
38349  -25.777  -51.270  18.476 0.0000000000
38382  -24.249  -51.670  15.790 0.0000000000
38425  -24.540  -51.320  12.162 0.0000000000
38424  -23.771  -51.587  12.317 0.0000000000
37325  -23.052  -52.388  13.441 0.0000000000
36288  -22.809  -53.545  10.372 0.0000000000
34194  -32.365  -55.785  18.827 0.0000000000
35201  -30.794  -54.918  16.646 0.0000000000
35216  -30.061  -55.092  15.013 0.0000000000
37321  -29.716  -52.097  14.020 0.0000000000
137487  -29.176  -53.613  13.175 0.0000000000
35231  -28.750  -54.044  12.618 0.0000000000
36292  -29.546  -53.328  10.754 0.0000000000
37382  -30.269  -52.928  8.485 0.0000000000
37412  -30.841  -52.240  6.765 0.0000000000
34254  -35.506  -55.616  11.904 0.0000000000
35277  -34.764  -55.069  10.004 0.0000000000
35293  -34.447  -54.478  8.980 0.0000000000
36343  -33.588  -53.521  7.267 0.0000000000
36353  -32.649  -53.158  6.098 0.0000000000
37438  -31.789  -53.058  4.893 0.0000000000
47561  -43.493  -41.928  16.628 0.0000000000
47573  -43.627  -41.383  15.712 0.0000000000
46632  -43.739  -42.494  17.446 0.0000000000
46643  -43.181  -42.767  17.037 0.0000000000
52410  -41.483  -36.546  5.245 0.0000000000
52416  -41.056  -36.462  4.471 0.0000000000
52415  -40.768  -35.994  3.911 0.0000000000
123899  -41.054  -35.413  3.585 0.0000000000
53495  -41.216  -35.537  4.336 0.0000000000
33214  -33.378  -56.562  22.469 0.0000000000
120951  -32.766  -56.742  21.554 0.0000000000
33224  -33.520  -56.770  21.383 0.0000000000
48647  -38.105  -40.595  4.590 0.0000000000
131019  -38.435  -40.641  3.961 0.0000000000
48637  -39.117  -40.919  5.497 0.0000000000
46727  -47.517  -43.248  10.330 0.0000000000
46737  -47.096  -43.937  9.618 0.0000000000
38342  -41.290  -50.589  19.636 0.0000000000
38359  -40.857  -50.743  19.433 0.0000000000
128076  -41.259  -50.494  18.935 0.0000000000
43157  -35.747  -46.682  7.254 0.0000000000
48636  -38.357  -40.719  6.052 0.0000000000
114593  -37.784  -40.645  5.371 0.0000000000
57316  -52.418  -31.250  6.856 0.0000000000
134433  -51.745  -31.469  6.693 0.0000000000
57330  -51.968  -31.239  5.948 0.0000000000
38263  -25.939  -51.967  24.969 0.0000000000
38274  -25.368  -51.866  24.141 0.0000000000
38275  -26.099  -51.723  23.938 0.0000000000
38502  -29.644  -51.395  6.473 0.0000000000
38501  -28.881  -50.905  6.729 0.0000000000
38519  -29.822  -51.311  5.532 0.0000000000
128008  -29.961  -51.295  4.591 0.0000000000
129677  -30.439  -51.842  4.448 0.0000000000
38443  -33.039  -51.222  10.682 0.0000000000
38435  -33.478  -51.883  11.719 0.0000000000
38437  -35.018  -52.327  12.031 0.0000000000
47650  -40.997  -41.240  10.683 0.0000000000
47643  -42.426  -41.477  11.364 0.0000000000
46680  -45.988  -42.466  13.254 0.0000000000
132568  -46.845  -43.341  13.078 0.0000000000
46681  -47.715  -43.332  13.619 0.0000000000
43061  -44.336  -46.674  18.507 0.0000000000
129694  -43.679  -47.311  17.604 0.0000000000
43084  -43.462  -47.112  17.095 0.0000000000
44860  -40.309  -44.626  12.802 0.0000000000
43914  -40.429  -45.642  12.947 0.0000000000
115276  -39.949  -45.447  12.411 0.0000000000
44867  -39.394  -45.289  11.740 0.0000000000
44871  -38.833  -44.636  11.063 0.0000000000
45815  -39.367  -44.159  11.532 0.0000000000
125715  -41.448  -41.631  11.937 0.0000000000
35110  -28.835  -54.295  23.018 0.0000000000
35125  -29.485  -54.920  22.482 0.0000000000
34232  -29.493  -55.804  15.342 0.0000000000
34231  -28.665  -55.857  14.898 0.0000000000
34238  -28.704  -55.498  14.149 0.0000000000
35226  -28.434  -54.486  12.980 0.0000000000
34245  -29.083  -55.250  13.876 0.0000000000
46746  -43.365  -42.974  8.352 0.0000000000
131008  -42.608  -42.827  7.091 0.0000000000
46756  -43.258  -43.286  7.520 0.0000000000
44916  -45.822  -44.390  5.451 0.0000000000
44924  -45.357  -44.471  4.850 0.0000000000
49508  -45.118  -39.218  7.946 0.0000000000
49513  -44.935  -39.558  7.243 0.0000000000
36176  -37.016  -53.262  22.107 0.0000000000
118191  -36.888  -52.929  21.326 0.0000000000
40366  -35.999  -49.355  16.309 0.0000000000
39380  -35.139  -49.786  16.542 0.0000000000
132034  -35.220  -49.373  15.769 0.0000000000
40406  -34.295  -49.133  14.581 0.0000000000
118828  -35.136  -49.096  14.917 0.0000000000
41355  -39.853  -48.098  13.542 0.0000000000
41340  -39.425  -48.377  14.133 0.0000000000
41370  -38.729  -48.174  12.520 0.0000000000
42289  -34.663  -47.908  8.505 0.0000000000
40449  -34.792  -49.149  7.608 0.0000000000
39462  -35.943  -50.178  7.327 0.0000000000
46753  -35.898  -43.119  7.489 0.0000000000
45868  -34.828  -43.366  6.233 0.0000000000
126635  -50.570  -39.465  14.967 0.0000000000
54390  -48.736  -34.562  13.723 0.0000000000
54391  -49.521  -34.923  14.489 0.0000000000
53402  -48.857  -35.489  14.040 0.0000000000
51279  -48.306  -37.085  13.671 0.0000000000
52317  -48.049  -36.114  13.592 0.0000000000
52335  -47.274  -36.784  13.198 0.0000000000
53411  -47.033  -35.879  13.177 0.0000000000
54422  -45.924  -34.188  10.147 0.0000000000
54421  -45.446  -34.510  9.728 0.0000000000
54420  -44.823  -34.946  9.229 0.0000000000
58200  -49.399  -29.336  10.779 0.0000000000
58215  -48.648  -30.339  9.847 0.0000000000
137485  -47.753  -32.905  5.056 0.0000000000
55366  -47.304  -33.134  5.632 0.0000000000
114101  -45.717  -33.564  4.711 0.0000000000
55394  -46.328  -33.126  4.181 0.0000000000
56340  -46.610  -32.735  3.431 0.0000000000
58290  -48.680  -30.292  1.039 0.0000000000
58289  -47.920  -30.572  0.696 0.0000000000
58294  -48.405  -30.043  0.169 0.0000000000
59989  -54.483  -28.378  3.274 0.0000000000
59988  -53.821  -28.740  3.422 0.0000000000
35123  -22.820  -54.572  22.645 0.0000000000
36216  -23.256  -53.035  17.239 0.0000000000
115508  -23.218  -52.867  15.945 0.0000000000
36243  -22.925  -53.354  15.359 0.0000000000
36253  -22.896  -53.048  14.635 0.0000000000
37299  -26.420  -52.203  16.492 0.0000000000
128623  -26.083  -52.017  15.276 0.0000000000
35322  -25.762  -54.176  5.476 0.0000000000
38387  -31.996  -51.630  16.952 0.0000000000
37289  -31.818  -52.495  17.328 0.0000000000
38400  -31.082  -51.681  15.968 0.0000000000
131909  -32.307  -54.192  11.182 0.0000000000
36294  -31.749  -53.989  10.424 0.0000000000
35254  -32.324  -54.722  10.225 0.0000000000
36310  -32.005  -54.465  9.305 0.0000000000
35275  -32.730  -54.876  9.654 0.0000000000
47605  -42.739  -41.409  13.633 0.0000000000
113875  -43.320  -41.177  14.257 0.0000000000
47589  -44.558  -41.004  14.704 0.0000000000
47606  -44.030  -40.782  14.084 0.0000000000
47590  -45.431  -41.252  14.428 0.0000000000
44766  -44.029  -45.056  17.707 0.0000000000
43865  -43.522  -45.596  16.958 0.0000000000
44790  -43.406  -44.627  17.044 0.0000000000
45760  -42.090  -43.487  16.090 0.0000000000
115099  -42.063  -44.397  15.717 0.0000000000
125702  -41.372  -44.349  14.491 0.0000000000
45770  -41.392  -43.438  14.512 0.0000000000
46665  -42.156  -41.912  14.240 0.0000000000
51352  -41.363  -37.377  2.344 0.0000000000
54501  -41.338  -34.864  1.522 0.0000000000
55415  -42.503  -33.879  0.455 0.0000000000
33201  -31.548  -56.187  22.867 0.0000000000
34145  -30.831  -55.944  22.345 0.0000000000
33211  -31.437  -56.355  21.809 0.0000000000
33251  -31.336  -56.552  19.698 0.0000000000
33264  -30.770  -56.323  18.619 0.0000000000
33273  -30.317  -56.227  17.864 0.0000000000
33274  -30.604  -56.035  17.419 0.0000000000
48660  -39.092  -40.783  3.651 0.0000000000
44877  -45.834  -44.683  9.209 0.0000000000
44884  -45.917  -44.924  8.397 0.0000000000
46736  -46.558  -44.106  8.629 0.0000000000
45856  -46.223  -44.267  7.592 0.0000000000
46757  -46.071  -43.632  7.049 0.0000000000
48611  -46.732  -40.914  9.442 0.0000000000
125787  -46.295  -41.225  8.772 0.0000000000
49510  -46.305  -40.254  8.897 0.0000000000
49509  -45.719  -39.787  8.337 0.0000000000
37262  -39.047  -51.576  20.835 0.0000000000
37261  -38.505  -51.667  20.874 0.0000000000
115956  -39.295  -51.161  20.374 0.0000000000
39366  -39.015  -49.965  18.309 0.0000000000
39348  -38.628  -50.444  19.107 0.0000000000
40352  -37.748  -49.502  17.495 0.0000000000
134543  -37.808  -47.288  10.637 0.0000000000
42285  -36.982  -46.854  9.552 0.0000000000
42284  -36.075  -46.941  8.844 0.0000000000
42291  -35.692  -47.056  7.696 0.0000000000
42293  -35.420  -47.868  7.137 0.0000000000
42296  -35.921  -48.276  6.566 0.0000000000
40455  -36.613  -48.562  6.341 0.0000000000
41413  -37.292  -48.296  5.865 0.0000000000
47689  -36.531  -41.185  6.529 0.0000000000
47688  -35.640  -41.731  6.266 0.0000000000
56246  -48.380  -32.850  12.886 0.0000000000
55309  -47.817  -33.774  12.575 0.0000000000
56253  -47.012  -32.610  10.870 0.0000000000
134589  -46.689  -33.735  10.727 0.0000000000
55321  -46.728  -33.147  10.452 0.0000000000
57286  -51.507  -31.150  8.420 0.0000000000
58218  -51.964  -30.534  9.291 0.0000000000
58217  -51.143  -30.669  9.238 0.0000000000
128580  -50.761  -31.237  8.313 0.0000000000
125655  -50.165  -31.654  7.755 0.0000000000
56310  -50.573  -32.097  5.876 0.0000000000
56296  -50.060  -32.357  6.311 0.0000000000
56309  -49.792  -32.291  5.645 0.0000000000
56308  -48.886  -32.460  5.455 0.0000000000
56342  -48.336  -32.178  3.722 0.0000000000
57354  -50.277  -31.036  3.870 0.0000000000
57353  -49.541  -31.274  3.606 0.0000000000
57363  -50.044  -30.848  3.116 0.0000000000
119184  -49.756  -30.521  2.511 0.0000000000
60825  -55.007  -26.796  1.403 0.0000000000
36131  -24.385  -52.776  24.960 0.0000000000
36146  -24.037  -53.019  24.306 0.0000000000
37212  -24.216  -52.633  23.573 0.0000000000
38313  -24.920  -51.849  21.669 0.0000000000
37236  -24.266  -52.339  21.937 0.0000000000
37256  -24.590  -51.969  20.030 0.0000000000
37352  -26.887  -52.358  10.899 0.0000000000
117282  -26.576  -51.281  9.644 0.0000000000
39476  -27.326  -50.250  6.295 0.0000000000
39489  -26.903  -50.423  5.728 0.0000000000
38500  -26.341  -50.687  5.956 0.0000000000
39510  -27.250  -50.629  4.939 0.0000000000
37436  -27.236  -51.664  3.797 0.0000000000
38548  -28.005  -51.431  3.509 0.0000000000
36377  -29.683  -53.042  2.840 0.0000000000
36386  -29.128  -53.585  2.359 0.0000000000
40422  -30.874  -49.687  12.963 0.0000000000
127179  -30.478  -50.482  12.524 0.0000000000
39421  -30.799  -50.424  11.555 0.0000000000
36269  -33.287  -53.148  12.652 0.0000000000
37343  -32.416  -52.935  12.259 0.0000000000
122140  -32.788  -53.886  12.169 0.0000000000
116210  -33.545  -54.763  12.039 0.0000000000
48623  -39.685  -40.939  7.198 0.0000000000
47662  -42.320  -41.548  9.823 0.0000000000
46733  -42.653  -42.148  8.919 0.0000000000
113977  -43.552  -41.694  12.095 0.0000000000
46716  -44.911  -43.029  11.155 0.0000000000
46715  -44.007  -42.239  10.824 0.0000000000
46726  -44.635  -43.011  10.282 0.0000000000
45825  -45.328  -43.718  10.496 0.0000000000
117297  -45.218  -43.883  9.803 0.0000000000
45817  -45.876  -43.967  10.977 0.0000000000
45818  -47.429  -44.344  11.595 0.0000000000
45819  -47.974  -44.389  11.684 0.0000000000
45827  -47.811  -44.296  11.163 0.0000000000
115737  -42.635  -49.246  18.193 0.0000000000
40343  -42.993  -48.774  18.107 0.0000000000
42235  -42.340  -47.737  15.837 0.0000000000
41327  -42.295  -48.194  15.988 0.0000000000
41342  -41.870  -47.863  15.313 0.0000000000
41341  -41.407  -47.988  14.806 0.0000000000
42242  -41.399  -47.529  14.646 0.0000000000
43881  -42.918  -45.948  16.258 0.0000000000
119161  -42.418  -46.440  15.655 0.0000000000
43118  -40.926  -46.703  13.732 0.0000000000
43128  -40.139  -46.755  12.477 0.0000000000
42265  -39.792  -46.892  12.062 0.0000000000
43137  -39.362  -46.641  11.631 0.0000000000
43949  -37.447  -45.526  9.398 0.0000000000
43953  -36.945  -45.144  8.946 0.0000000000
135893  -37.450  -44.967  9.318 0.0000000000
44876  -38.158  -44.363  9.858 0.0000000000
45841  -37.347  -43.818  8.951 0.0000000000
45852  -36.419  -43.571  8.051 0.0000000000
46731  -37.568  -42.835  8.962 0.0000000000
45816  -39.892  -43.256  11.716 0.0000000000
46713  -39.800  -42.446  11.197 0.0000000000
46732  -39.250  -41.516  10.072 0.0000000000
46723  -38.814  -42.344  10.138 0.0000000000
46744  -37.937  -41.867  8.945 0.0000000000
47671  -38.318  -41.167  8.852 0.0000000000
48610  -39.721  -40.737  8.845 0.0000000000
48616  -38.483  -40.790  8.283 0.0000000000
48617  -39.237  -40.706  8.240 0.0000000000
48622  -38.907  -40.683  7.494 0.0000000000
130985  -55.561  -29.346  5.741 0.0000000000
59145  -56.141  -28.961  5.161 0.0000000000
59977  -56.685  -28.403  4.809 0.0000000000
59992  -57.315  -27.763  4.565 0.0000000000
119806  -57.185  -27.222  3.582 0.0000000000
61660  -58.012  -26.694  3.700 0.0000000000
36132  -27.818  -53.015  24.363 0.0000000000
131722  -27.641  -52.743  23.578 0.0000000000
36184  -28.441  -53.776  20.549 0.0000000000
36173  -28.011  -52.941  20.935 0.0000000000
36193  -28.044  -53.236  19.101 0.0000000000
36204  -27.764  -53.484  18.226 0.0000000000
34168  -29.867  -56.035  20.098 0.0000000000
35147  -29.368  -55.307  20.568 0.0000000000
117622  -29.130  -55.824  18.684 0.0000000000
35215  -27.385  -55.021  15.126 0.0000000000
35184  -28.251  -55.391  17.325 0.0000000000
120254  -27.346  -55.021  16.022 0.0000000000
36244  -27.054  -54.192  15.640 0.0000000000
35214  -27.126  -54.080  14.780 0.0000000000
36260  -27.097  -53.504  13.470 0.0000000000
36261  -27.513  -54.147  13.135 0.0000000000
36290  -28.208  -53.261  11.092 0.0000000000
37364  -28.604  -52.667  9.682 0.0000000000
37380  -28.878  -52.339  8.981 0.0000000000
37381  -29.592  -52.655  8.739 0.0000000000
47682  -40.536  -41.297  7.083 0.0000000000
47690  -39.854  -41.254  5.761 0.0000000000
47691  -40.560  -41.543  6.076 0.0000000000
47701  -41.186  -42.018  5.506 0.0000000000
46770  -41.729  -42.610  4.981 0.0000000000
45855  -44.817  -44.896  7.012 0.0000000000
45863  -43.974  -44.574  6.481 0.0000000000
45880  -43.652  -44.267  4.514 0.0000000000
47693  -45.609  -41.904  6.147 0.0000000000
49518  -43.975  -38.883  6.046 0.0000000000
51327  -42.878  -37.845  6.962 0.0000000000
50416  -43.336  -38.258  6.168 0.0000000000
51325  -41.948  -37.194  6.132 0.0000000000
51326  -42.200  -37.180  6.879 0.0000000000
34160  -35.399  -55.511  21.650 0.0000000000
134207  -35.099  -55.810  21.424 0.0000000000
34172  -35.292  -55.434  21.389 0.0000000000
36196  -35.415  -53.218  20.242 0.0000000000
35162  -34.871  -53.960  20.184 0.0000000000
37258  -34.710  -52.808  19.692 0.0000000000
37276  -33.658  -52.334  18.661 0.0000000000
38339  -37.313  -51.436  19.962 0.0000000000
38338  -36.456  -51.449  19.687 0.0000000000
38355  -36.250  -50.774  18.882 0.0000000000
131150  -34.351  -50.098  16.602 0.0000000000
38374  -34.963  -50.820  18.103 0.0000000000
39361  -33.922  -50.585  17.191 0.0000000000
39360  -33.216  -50.708  16.997 0.0000000000
39379  -33.529  -50.238  16.540 0.0000000000
40403  -32.015  -49.731  14.958 0.0000000000
40382  -32.748  -49.553  15.110 0.0000000000
41364  -32.626  -48.535  12.347 0.0000000000
41348  -32.153  -48.738  13.080 0.0000000000
41385  -31.574  -49.166  10.894 0.0000000000
40439  -32.024  -49.528  10.303 0.0000000000
40354  -40.428  -49.659  17.435 0.0000000000
40371  -40.823  -49.239  16.526 0.0000000000
41339  -38.440  -48.572  14.249 0.0000000000
40410  -38.176  -48.764  15.142 0.0000000000
40409  -37.418  -48.813  15.096 0.0000000000
42262  -37.326  -47.739  10.804 0.0000000000
41380  -37.373  -48.130  11.554 0.0000000000
134212  -36.738  -48.061  11.050 0.0000000000
41389  -34.962  -48.053  10.802 0.0000000000
41378  -35.334  -48.239  11.670 0.0000000000
41366  -34.743  -48.405  12.502 0.0000000000
41377  -34.338  -48.218  11.511 0.0000000000
39446  -33.856  -49.676  8.506 0.0000000000
40443  -32.989  -49.064  9.289 0.0000000000
39439  -33.983  -50.465  8.792 0.0000000000
38456  -34.426  -51.155  9.537 0.0000000000
38457  -35.347  -51.414  9.483 0.0000000000
132949  -35.255  -45.516  6.025 0.0000000000
36120  -24.079  -53.661  26.339 0.0000000000
34113  -31.262  -55.112  25.062 0.0000000000
35115  -34.590  -54.861  23.394 0.0000000000
36152  -35.290  -54.162  23.687 0.0000000000
124471  -37.305  -53.285  23.160 0.0000000000
39307  -38.508  -50.991  24.173 0.0000000000
38283  -38.163  -51.901  24.235 0.0000000000
38306  -38.870  -51.848  22.625 0.0000000000
37230  -38.837  -51.823  22.098 0.0000000000
120344  -40.540  -50.339  22.081 0.0000000000
39316  -40.040  -50.986  22.104 0.0000000000
38318  -40.853  -50.542  20.774 0.0000000000
40307  -41.039  -50.114  21.477 0.0000000000
41247  -42.132  -48.616  20.750 0.0000000000
41263  -42.388  -48.935  20.246 0.0000000000
42171  -42.830  -48.037  20.313 0.0000000000
42172  -43.536  -47.112  20.242 0.0000000000
42173  -44.032  -46.892  19.615 0.0000000000
43049  -44.364  -46.756  19.057 0.0000000000
125857  -44.192  -42.669  18.189 0.0000000000
47551  -45.704  -40.958  17.724 0.0000000000
128434  -47.116  -40.226  17.023 0.0000000000
48549  -47.668  -40.366  16.336 0.0000000000
48548  -46.809  -40.642  15.671 0.0000000000
48535  -49.602  -40.018  15.812 0.0000000000
48534  -49.075  -40.044  16.308 0.0000000000
48550  -49.209  -40.454  15.736 0.0000000000
47576  -48.894  -41.119  15.307 0.0000000000
47593  -49.104  -42.004  14.551 0.0000000000
135274  -49.021  -42.847  13.959 0.0000000000
47594  -49.554  -41.491  14.421 0.0000000000
48575  -50.274  -40.468  14.057 0.0000000000
137099  -49.705  -41.654  13.800 0.0000000000
47628  -49.602  -41.847  13.293 0.0000000000
46719  -48.949  -42.724  12.221 0.0000000000
48586  -49.670  -40.880  13.029 0.0000000000
54392  -49.940  -35.341  14.807 0.0000000000
51271  -50.347  -37.648  14.733 0.0000000000
51281  -50.118  -37.627  14.431 0.0000000000
127020  -48.801  -38.954  12.877 0.0000000000
50366  -49.522  -39.137  13.364 0.0000000000
49480  -49.053  -39.582  12.632 0.0000000000
49491  -48.572  -40.043  11.854 0.0000000000
49499  -47.680  -40.169  10.832 0.0000000000
49490  -47.895  -39.630  11.373 0.0000000000
50376  -46.178  -37.867  12.108 0.0000000000
130013  -46.581  -38.482  11.711 0.0000000000
50375  -45.855  -38.228  11.397 0.0000000000
114259  -45.657  -38.515  10.550 0.0000000000
50386  -45.088  -37.931  11.051 0.0000000000
134490  -46.452  -35.077  12.261 0.0000000000
53410  -46.329  -35.731  12.609 0.0000000000
53418  -45.801  -35.452  11.870 0.0000000000
53425  -44.461  -35.992  10.488 0.0000000000
52350  -44.808  -36.456  11.213 0.0000000000
52364  -44.314  -36.867  10.641 0.0000000000
51305  -44.460  -37.660  10.584 0.0000000000
51304  -43.889  -37.315  10.045 0.0000000000
51320  -43.200  -37.551  8.954 0.0000000000
52376  -43.430  -36.958  9.433 0.0000000000
53457  -43.914  -35.098  7.822 0.0000000000
53442  -43.224  -35.780  8.282 0.0000000000
53456  -43.023  -35.325  7.444 0.0000000000
53455  -42.364  -35.714  7.044 0.0000000000
53470  -42.924  -35.154  6.559 0.0000000000
57282  -46.972  -31.256  8.943 0.0000000000
57274  -46.847  -31.188  9.712 0.0000000000
57281  -46.458  -31.729  9.247 0.0000000000
134939  -46.206  -32.360  8.918 0.0000000000
57299  -48.367  -31.573  7.959 0.0000000000
55344  -47.307  -32.993  7.010 0.0000000000
54440  -46.076  -33.910  7.586 0.0000000000
54439  -45.450  -34.348  7.471 0.0000000000
54468  -44.446  -34.375  5.516 0.0000000000
54467  -43.607  -34.574  5.174 0.0000000000
54482  -43.325  -34.308  4.411 0.0000000000
54495  -43.036  -34.076  3.570 0.0000000000
54496  -43.776  -33.876  3.927 0.0000000000
55403  -43.595  -33.364  2.436 0.0000000000
55413  -43.898  -32.995  1.741 0.0000000000
56353  -43.850  -32.843  0.638 0.0000000000
56354  -44.479  -32.624  1.260 0.0000000000
56351  -48.139  -32.012  2.823 0.0000000000
136727  -46.827  -32.430  2.874 0.0000000000
56350  -47.332  -32.109  2.518 0.0000000000
57370  -46.485  -31.346  0.083 0.0000000000
56361  -46.105  -31.821  0.695 0.0000000000
57369  -45.838  -31.774  -0.042 0.0000000000
56371  -45.165  -32.232  -0.249 0.0000000000
58259  -53.396  -30.072  5.087 0.0000000000
59141  -52.692  -30.032  4.534 0.0000000000
59142  -53.325  -29.512  4.356 0.0000000000
59156  -52.617  -29.457  3.699 0.0000000000
59168  -50.787  -29.646  2.264 0.0000000000
59183  -51.410  -29.083  1.808 0.0000000000
60017  -53.282  -27.933  1.545 0.0000000000
60823  -53.034  -27.835  0.591 0.0000000000
60029  -51.353  -28.544  0.097 0.0000000000
59193  -50.492  -29.038  0.282 0.0000000000
115412  -22.966  -53.813  21.140 0.0000000000
36172  -22.993  -53.880  21.915 0.0000000000
114885  -23.102  -53.777  19.944 0.0000000000
35183  -22.998  -54.089  17.464 0.0000000000
35213  -22.664  -54.751  15.142 0.0000000000
35229  -22.414  -54.112  12.435 0.0000000000
120498  -22.450  -54.815  12.437 0.0000000000
34268  -22.658  -55.168  10.934 0.0000000000
34279  -22.809  -54.976  10.013 0.0000000000
38305  -27.057  -51.652  21.520 0.0000000000
38304  -26.534  -51.629  22.110 0.0000000000
135228  -26.910  -51.435  20.227 0.0000000000
38384  -25.285  -51.389  16.673 0.0000000000
38368  -24.548  -51.479  17.270 0.0000000000
38383  -24.632  -51.490  16.425 0.0000000000
38426  -25.624  -51.465  12.124 0.0000000000
116809  -25.145  -51.314  12.718 0.0000000000
38432  -25.035  -51.230  11.258 0.0000000000
38431  -23.828  -51.435  11.573 0.0000000000
118722  -23.367  -52.002  11.099 0.0000000000
37330  -23.384  -51.937  12.848 0.0000000000
131346  -23.064  -52.413  11.412 0.0000000000
37337  -22.729  -52.811  11.764 0.0000000000
37350  -22.981  -52.763  10.860 0.0000000000
134151  -26.864  -54.202  2.173 0.0000000000
35344  -26.415  -54.697  2.445 0.0000000000
34181  -33.810  -55.788  19.997 0.0000000000
34195  -33.099  -55.776  19.439 0.0000000000
36230  -30.668  -53.898  16.216 0.0000000000
35185  -31.300  -54.743  17.299 0.0000000000
35200  -30.366  -55.016  15.860 0.0000000000
36245  -30.211  -54.309  15.464 0.0000000000
38429  -30.059  -51.330  12.645 0.0000000000
121761  -30.204  -51.879  14.774 0.0000000000
38422  -29.696  -51.918  13.172 0.0000000000
36268  -29.751  -53.420  11.337 0.0000000000
37332  -29.288  -53.352  12.498 0.0000000000
36267  -29.186  -53.608  11.953 0.0000000000
36262  -29.130  -53.945  12.974 0.0000000000
36279  -29.475  -53.425  11.357 0.0000000000
35240  -28.890  -53.674  11.926 0.0000000000
36324  -31.440  -53.827  8.689 0.0000000000
36323  -30.766  -53.410  8.981 0.0000000000
37383  -30.960  -53.194  8.187 0.0000000000
37399  -30.551  -52.588  7.696 0.0000000000
37400  -31.248  -52.831  7.279 0.0000000000
35259  -36.109  -55.381  11.105 0.0000000000
35258  -35.174  -55.455  11.000 0.0000000000
35278  -35.712  -55.008  9.974 0.0000000000
135209  -35.489  -54.325  7.432 0.0000000000
36328  -35.120  -54.138  8.061 0.0000000000
36344  -34.880  -53.932  7.127 0.0000000000
36327  -34.177  -53.827  7.952 0.0000000000
124630  -34.223  -53.656  7.081 0.0000000000
35325  -33.476  -54.408  5.524 0.0000000000
36364  -33.324  -53.734  5.781 0.0000000000
35324  -32.845  -54.035  5.115 0.0000000000
37429  -32.137  -53.028  5.546 0.0000000000
128125  -32.174  -53.746  4.696 0.0000000000
47587  -43.067  -41.425  15.041 0.0000000000
47574  -44.391  -41.017  15.498 0.0000000000
48532  -45.013  -40.654  16.066 0.0000000000
45747  -43.213  -43.668  17.130 0.0000000000
45746  -42.576  -43.115  16.571 0.0000000000
46653  -42.187  -42.586  15.828 0.0000000000
122873  -42.411  -41.892  15.063 0.0000000000
51335  -42.251  -37.616  4.790 0.0000000000
51341  -41.287  -37.219  3.834 0.0000000000
51340  -40.854  -37.142  2.973 0.0000000000
51351  -40.870  -37.094  2.178 0.0000000000
52436  -40.759  -36.503  1.637 0.0000000000
53508  -40.628  -35.917  2.286 0.0000000000
53509  -40.888  -35.345  1.937 0.0000000000
54493  -41.383  -34.757  2.462 0.0000000000
33202  -32.188  -56.352  22.948 0.0000000000
33223  -31.942  -56.619  21.269 0.0000000000
33237  -32.409  -56.698  20.747 0.0000000000
121916  -31.687  -56.464  19.404 0.0000000000
47699  -39.784  -41.256  4.880 0.0000000000
44878  -47.044  -44.355  10.127 0.0000000000
118981  -46.230  -44.673  8.792 0.0000000000
45834  -46.610  -44.382  9.221 0.0000000000
118601  -46.571  -43.249  9.032 0.0000000000
47676  -46.193  -42.369  8.520 0.0000000000
38328  -40.448  -50.823  20.645 0.0000000000
38340  -39.964  -51.006  20.549 0.0000000000
38358  -40.089  -50.799  19.712 0.0000000000
39367  -39.982  -50.047  18.204 0.0000000000
43151  -37.366  -46.188  9.449 0.0000000000
43150  -36.662  -46.371  9.049 0.0000000000
42297  -36.486  -47.898  5.946 0.0000000000
42300  -36.729  -47.357  5.363 0.0000000000
42301  -37.388  -47.514  4.715 0.0000000000
126419  -36.014  -41.060  5.557 0.0000000000
115182  -36.905  -40.762  5.513 0.0000000000
48645  -36.354  -40.692  4.763 0.0000000000
57302  -51.855  -31.408  7.547 0.0000000000
57301  -50.916  -31.634  7.472 0.0000000000
129763  -51.281  -31.675  6.910 0.0000000000
56297  -51.230  -31.696  6.231 0.0000000000
56326  -50.235  -31.845  5.138 0.0000000000
57338  -49.821  -31.497  4.387 0.0000000000
57340  -51.233  -31.063  4.678 0.0000000000
58257  -51.576  -30.573  4.398 0.0000000000
37195  -24.686  -52.341  24.366 0.0000000000
38290  -25.495  -51.679  23.228 0.0000000000
38314  -25.515  -51.624  21.407 0.0000000000
38466  -27.554  -51.249  8.642 0.0000000000
38485  -27.747  -50.755  7.806 0.0000000000
39477  -28.236  -50.428  6.073 0.0000000000
39512  -28.689  -50.687  4.569 0.0000000000
38537  -28.437  -50.853  4.007 0.0000000000
38538  -29.307  -50.948  4.119 0.0000000000
118851  -30.184  -52.534  3.398 0.0000000000
36378  -30.419  -53.361  3.182 0.0000000000
39427  -31.728  -50.352  10.631 0.0000000000
39422  -31.151  -50.443  11.112 0.0000000000
37344  -33.799  -52.532  12.479 0.0000000000
37334  -34.078  -53.277  12.811 0.0000000000
47660  -40.251  -40.858  9.460 0.0000000000
124368  -41.030  -41.008  9.271 0.0000000000
47661  -41.466  -41.174  9.931 0.0000000000
45803  -47.095  -44.031  12.347 0.0000000000
45787  -48.230  -43.864  13.012 0.0000000000
41295  -43.653  -47.901  18.626 0.0000000000
41316  -43.119  -48.313  17.393 0.0000000000
42214  -43.548  -47.737  17.751 0.0000000000
42227  -43.286  -47.724  17.127 0.0000000000
43896  -41.436  -45.761  14.392 0.0000000000
43915  -40.967  -45.907  13.682 0.0000000000
43934  -40.156  -46.148  12.517 0.0000000000
124698  -40.078  -46.505  12.388 0.0000000000
43942  -39.389  -46.172  11.633 0.0000000000
43947  -38.840  -45.610  11.088 0.0000000000
46697  -40.908  -42.044  12.300 0.0000000000
46714  -40.360  -42.223  11.672 0.0000000000
47649  -40.263  -41.632  11.032 0.0000000000
36133  -28.458  -53.742  24.739 0.0000000000
36148  -28.222  -53.502  23.564 0.0000000000
35124  -28.863  -54.345  22.019 0.0000000000
34192  -29.718  -56.194  18.213 0.0000000000
34191  -28.952  -55.934  17.752 0.0000000000
34205  -28.831  -55.877  16.803 0.0000000000
34217  -27.846  -55.696  15.474 0.0000000000
35225  -27.765  -54.671  13.565 0.0000000000
35230  -27.934  -54.504  12.943 0.0000000000
35238  -27.818  -54.221  12.396 0.0000000000
36291  -28.783  -53.206  10.790 0.0000000000
47684  -42.092  -42.263  7.521 0.0000000000
47692  -41.239  -41.878  6.464 0.0000000000
46755  -41.911  -42.370  6.782 0.0000000000
44907  -45.270  -44.966  6.453 0.0000000000
45870  -44.111  -44.761  5.802 0.0000000000
45871  -44.386  -44.636  5.068 0.0000000000
48624  -45.681  -40.554  7.773 0.0000000000
49514  -45.272  -40.379  7.131 0.0000000000
50413  -44.454  -39.182  6.693 0.0000000000
51324  -43.131  -37.980  7.734 0.0000000000
35137  -36.435  -54.159  21.930 0.0000000000
134912  -35.604  -54.752  21.276 0.0000000000
116939  -36.214  -53.971  21.446 0.0000000000
37259  -35.757  -52.271  19.900 0.0000000000
39346  -36.504  -50.249  18.243 0.0000000000
39345  -35.712  -50.384  18.040 0.0000000000
39381  -35.761  -49.908  17.127 0.0000000000
40383  -33.647  -49.448  15.222 0.0000000000
41349  -33.187  -48.667  13.231 0.0000000000
40412  -40.160  -48.442  14.710 0.0000000000
41354  -38.100  -48.462  13.324 0.0000000000
42283  -35.341  -47.574  9.196 0.0000000000
118608  -35.645  -47.827  10.157 0.0000000000
42272  -34.664  -47.869  9.929 0.0000000000
42271  -33.808  -48.007  9.678 0.0000000000
41397  -33.926  -48.208  8.894 0.0000000000
39447  -34.533  -50.012  8.055 0.0000000000
45851  -35.900  -44.101  7.648 0.0000000000
36137  -35.968  -53.558  24.200 0.0000000000
120067  -35.586  -52.878  24.871 0.0000000000
39308  -39.039  -50.758  23.403 0.0000000000
38298  -39.396  -51.279  22.676 0.0000000000
119738  -39.108  -50.019  23.401 0.0000000000
48495  -46.601  -40.048  19.046 0.0000000000
48508  -47.025  -39.980  18.370 0.0000000000
48509  -47.554  -39.889  17.874 0.0000000000
49436  -48.020  -39.769  17.601 0.0000000000
49444  -49.989  -39.482  15.892 0.0000000000
48551  -49.802  -40.378  15.230 0.0000000000
47578  -49.783  -40.749  14.720 0.0000000000
48552  -50.280  -40.218  14.830 0.0000000000
48565  -50.283  -40.358  14.398 0.0000000000
49469  -50.446  -39.915  14.205 0.0000000000
53403  -49.804  -35.882  14.574 0.0000000000
52319  -50.020  -36.758  14.476 0.0000000000
51289  -48.526  -37.837  13.446 0.0000000000
50365  -48.207  -38.393  12.872 0.0000000000
51287  -46.646  -37.430  12.724 0.0000000000
51286  -45.804  -37.136  12.379 0.0000000000
54406  -45.790  -34.904  11.179 0.0000000000
53432  -44.187  -35.606  9.672 0.0000000000
53431  -43.596  -36.104  9.163 0.0000000000
58199  -47.547  -30.574  9.930 0.0000000000
56295  -48.639  -32.508  6.292 0.0000000000
56294  -48.073  -32.582  6.796 0.0000000000
55355  -47.769  -32.866  6.329 0.0000000000
55365  -46.598  -33.569  6.023 0.0000000000
54452  -45.961  -33.979  6.358 0.0000000000
55364  -45.865  -33.786  5.539 0.0000000000
129467  -45.020  -33.688  4.427 0.0000000000
55393  -44.533  -33.533  3.748 0.0000000000
113973  -45.121  -33.179  3.306 0.0000000000
55405  -45.368  -32.869  2.683 0.0000000000
57361  -48.576  -31.277  2.430 0.0000000000
57366  -47.483  -31.187  1.242 0.0000000000
57371  -47.158  -30.890  0.328 0.0000000000
57380  -47.014  -30.957  -0.637 0.0000000000
59158  -54.039  -29.126  4.088 0.0000000000
59171  -53.121  -28.951  3.002 0.0000000000
60001  -52.783  -28.482  2.170 0.0000000000
60837  -52.904  -27.896  -0.141 0.0000000000
34167  -22.751  -55.416  20.684 0.0000000000
36192  -23.376  -53.166  19.379 0.0000000000
36203  -23.272  -53.300  18.630 0.0000000000
35197  -23.050  -53.676  16.801 0.0000000000
36242  -22.741  -54.081  15.467 0.0000000000
36252  -22.660  -53.913  14.749 0.0000000000
117355  -22.512  -54.004  14.033 0.0000000000
38351  -27.222  -51.792  19.067 0.0000000000
38336  -26.777  -51.364  19.559 0.0000000000
37273  -27.084  -51.854  18.199 0.0000000000
38385  -26.022  -51.605  16.994 0.0000000000
38397  -25.507  -51.649  15.139 0.0000000000
39442  -24.875  -50.800  8.638 0.0000000000
38450  -24.257  -51.111  9.968 0.0000000000
38464  -24.213  -51.456  8.778 0.0000000000
120475  -23.349  -52.736  9.417 0.0000000000
35314  -24.687  -54.101  6.827 0.0000000000
118574  -25.624  -54.794  5.757 0.0000000000
34312  -26.032  -55.206  4.896 0.0000000000
34320  -26.007  -55.222  4.093 0.0000000000
36206  -32.694  -53.842  18.611 0.0000000000
36220  -32.174  -53.940  18.102 0.0000000000
120828  -31.202  -53.088  16.845 0.0000000000
37342  -30.951  -53.073  11.282 0.0000000000
37341  -30.319  -53.224  11.399 0.0000000000
117827  -30.856  -53.319  10.995 0.0000000000
117176  -31.093  -53.425  10.667 0.0000000000
131420  -31.127  -53.533  10.108 0.0000000000
36293  -30.391  -53.379  10.400 0.0000000000
36309  -31.367  -53.901  9.533 0.0000000000
36325  -32.199  -53.969  8.326 0.0000000000
34307  -34.746  -55.096  6.387 0.0000000000
35316  -34.607  -54.385  6.438 0.0000000000
114262  -42.076  -41.502  11.999 0.0000000000
47625  -43.360  -41.336  12.830 0.0000000000
47607  -44.243  -41.177  13.389 0.0000000000
47608  -45.236  -41.689  13.656 0.0000000000
47609  -46.143  -41.903  13.951 0.0000000000
130904  -44.168  -45.870  17.708 0.0000000000
43866  -43.613  -46.387  17.129 0.0000000000
43880  -42.329  -45.539  15.624 0.0000000000
44829  -41.665  -45.038  14.907 0.0000000000
114620  -41.251  -45.009  14.119 0.0000000000
46678  -40.772  -42.779  12.952 0.0000000000
123021  -41.518  -42.501  14.063 0.0000000000
46679  -41.230  -42.453  13.460 0.0000000000
46698  -41.212  -42.108  12.978 0.0000000000
47623  -41.648  -41.744  12.562 0.0000000000
52437  -41.233  -36.604  0.844 0.0000000000
34131  -30.422  -55.382  24.012 0.0000000000
34144  -30.212  -55.409  22.907 0.0000000000
34157  -30.085  -55.553  21.926 0.0000000000
34158  -30.700  -56.064  21.363 0.0000000000
33234  -30.380  -56.373  19.801 0.0000000000
33222  -31.215  -56.405  20.848 0.0000000000
34206  -29.604  -56.108  17.285 0.0000000000
45842  -44.301  -43.647  8.618 0.0000000000
45843  -44.627  -44.397  7.823 0.0000000000
44885  -46.027  -44.761  7.833 0.0000000000
44893  -45.718  -44.983  6.998 0.0000000000
44908  -45.724  -44.678  6.270 0.0000000000
44909  -46.078  -44.326  6.009 0.0000000000
45873  -46.242  -44.021  5.814 0.0000000000
46772  -46.225  -43.639  5.323 0.0000000000
46767  -46.184  -43.616  6.128 0.0000000000
48625  -45.914  -41.442  8.056 0.0000000000
50404  -45.334  -38.955  8.677 0.0000000000
37246  -37.699  -52.319  21.366 0.0000000000
135490  -37.584  -50.988  19.638 0.0000000000
38357  -39.219  -50.827  19.655 0.0000000000
39336  -37.754  -50.547  19.253 0.0000000000
39347  -37.088  -50.325  18.716 0.0000000000
39364  -37.128  -49.953  17.912 0.0000000000
40351  -37.011  -49.505  17.253 0.0000000000
40367  -36.887  -49.260  16.528 0.0000000000
42258  -39.100  -47.636  11.953 0.0000000000
113713  -38.071  -47.661  11.124 0.0000000000
116279  -36.361  -47.400  9.709 0.0000000000
41408  -35.398  -48.678  7.088 0.0000000000
119629  -36.670  -49.518  6.779 0.0000000000
40456  -37.583  -48.787  6.274 0.0000000000
41415  -38.773  -48.946  5.827 0.0000000000
46763  -36.039  -42.059  7.174 0.0000000000
120808  -34.967  -42.359  5.870 0.0000000000
47697  -34.710  -42.121  4.945 0.0000000000
47708  -35.070  -41.426  4.493 0.0000000000
55310  -48.559  -33.709  13.299 0.0000000000
54400  -47.472  -34.544  12.877 0.0000000000
54399  -47.021  -34.419  12.191 0.0000000000
55315  -46.876  -34.067  11.292 0.0000000000
54415  -46.209  -34.268  10.811 0.0000000000
124937  -46.316  -33.706  10.238 0.0000000000
55327  -46.020  -33.823  9.467 0.0000000000
57284  -48.991  -30.919  8.835 0.0000000000
56285  -50.182  -32.126  7.002 0.0000000000
132787  -49.464  -32.328  6.656 0.0000000000
55380  -48.238  -32.668  5.015 0.0000000000
56323  -47.812  -32.651  4.344 0.0000000000
57352  -48.841  -31.625  3.232 0.0000000000
58281  -49.118  -30.568  1.955 0.0000000000
58291  -49.354  -30.052  1.247 0.0000000000
60004  -55.640  -27.722  2.972 0.0000000000
133372  -54.456  -27.926  2.568 0.0000000000
60003  -54.975  -27.459  2.335 0.0000000000
35109  -23.090  -54.263  23.471 0.0000000000
36145  -23.662  -53.374  23.547 0.0000000000
37226  -23.688  -52.980  22.279 0.0000000000
37235  -23.610  -52.979  21.322 0.0000000000
37227  -24.266  -52.428  22.788 0.0000000000
37243  -23.865  -52.637  20.439 0.0000000000
37255  -23.885  -52.477  19.619 0.0000000000
37271  -23.705  -52.489  18.802 0.0000000000
37285  -23.734  -52.116  17.303 0.0000000000
37320  -26.602  -52.773  13.948 0.0000000000
38421  -26.111  -51.851  13.668 0.0000000000
38427  -26.480  -52.207  12.278 0.0000000000
113824  -26.112  -51.546  10.928 0.0000000000
38452  -25.788  -50.947  9.865 0.0000000000
38465  -26.749  -50.918  8.885 0.0000000000
39444  -26.128  -50.460  8.368 0.0000000000
39443  -25.536  -50.610  8.666 0.0000000000
39474  -25.784  -50.536  7.127 0.0000000000
37435  -26.698  -51.972  4.168 0.0000000000
36376  -27.154  -52.798  2.955 0.0000000000
37446  -28.382  -52.121  3.075 0.0000000000
36385  -28.123  -53.471  2.272 0.0000000000
39391  -31.585  -50.838  15.852 0.0000000000
38399  -30.772  -51.212  15.133 0.0000000000
39404  -30.626  -50.695  14.289 0.0000000000
118379  -30.767  -52.290  11.618 0.0000000000
128655  -30.790  -51.151  11.596 0.0000000000
35255  -32.847  -54.800  11.248 0.0000000000
48631  -39.198  -40.890  6.478 0.0000000000
47674  -41.258  -41.299  8.467 0.0000000000
47652  -42.973  -41.753  10.545 0.0000000000
47644  -44.171  -42.124  11.653 0.0000000000
45833  -45.038  -44.012  9.110 0.0000000000
44872  -46.798  -44.390  10.754 0.0000000000
44873  -47.097  -44.403  10.505 0.0000000000
44874  -47.366  -44.294  10.764 0.0000000000
45828  -48.119  -43.759  10.982 0.0000000000
39352  -42.068  -49.908  19.440 0.0000000000
39351  -41.789  -50.250  19.210 0.0000000000
39369  -42.255  -49.749  18.652 0.0000000000
40356  -42.339  -49.510  17.837 0.0000000000
40372  -41.732  -49.147  16.532 0.0000000000
41315  -42.644  -48.555  16.740 0.0000000000
40392  -42.154  -48.695  16.199 0.0000000000
40391  -41.458  -48.809  15.850 0.0000000000
41325  -41.146  -48.439  15.087 0.0000000000
114326  -40.393  -48.043  13.990 0.0000000000
41356  -40.290  -47.617  13.342 0.0000000000
132679  -43.014  -46.730  16.407 0.0000000000
43095  -42.393  -47.179  15.729 0.0000000000
43106  -41.405  -46.465  14.378 0.0000000000
42252  -41.410  -47.075  14.471 0.0000000000
42250  -40.518  -47.242  13.428 0.0000000000
113857  -39.633  -47.261  12.141 0.0000000000
42264  -39.226  -47.069  11.573 0.0000000000
42274  -38.529  -47.073  10.895 0.0000000000
43147  -38.456  -46.399  10.649 0.0000000000
43148  -38.910  -46.281  11.116 0.0000000000
43155  -36.705  -45.817  8.848 0.0000000000
43956  -35.811  -45.916  7.352 0.0000000000
43964  -35.519  -46.209  6.257 0.0000000000
114690  -35.898  -44.971  7.833 0.0000000000
44882  -37.156  -44.541  8.953 0.0000000000
130001  -36.321  -44.308  8.161 0.0000000000
119491  -36.542  -42.570  7.866 0.0000000000
45823  -38.474  -43.387  10.009 0.0000000000
47681  -37.384  -41.270  7.787 0.0000000000
47672  -38.919  -40.838  8.952 0.0000000000
135291  -37.883  -40.699  6.768 0.0000000000
48630  -38.455  -40.677  6.872 0.0000000000
58250  -54.149  -29.983  5.563 0.0000000000
59131  -54.728  -29.486  5.260 0.0000000000
59990  -55.335  -28.226  3.582 0.0000000000
59978  -57.308  -28.053  5.370 0.0000000000
60800  -56.331  -27.379  3.028 0.0000000000
60812  -56.694  -26.809  2.573 0.0000000000
61671  -57.247  -26.168  1.947 0.0000000000
37213  -26.703  -51.952  23.718 0.0000000000
37198  -27.228  -52.377  24.059 0.0000000000
127059  -27.447  -52.324  22.413 0.0000000000
37237  -27.576  -52.179  21.228 0.0000000000
37245  -27.618  -52.339  20.400 0.0000000000
37274  -27.530  -52.544  18.642 0.0000000000
37288  -27.288  -52.711  17.770 0.0000000000
36228  -26.692  -53.206  15.956 0.0000000000
35136  -29.428  -55.080  21.507 0.0000000000
35146  -28.844  -54.683  20.114 0.0000000000
35173  -28.481  -55.242  18.245 0.0000000000
36205  -28.283  -54.210  18.687 0.0000000000
134830  -26.860  -53.615  15.359 0.0000000000
37331  -26.943  -53.016  12.350 0.0000000000
36266  -27.696  -54.058  12.475 0.0000000000
37353  -27.691  -52.800  10.586 0.0000000000
38467  -28.369  -51.606  8.439 0.0000000000
38487  -29.428  -51.602  7.393 0.0000000000
38488  -30.151  -51.947  7.132 0.0000000000
37355  -35.686  -52.371  11.603 0.0000000000
47710  -40.517  -41.585  4.306 0.0000000000
47719  -40.474  -41.519  3.410 0.0000000000
45853  -43.218  -43.709  6.604 0.0000000000
45879  -42.867  -43.814  4.868 0.0000000000
46779  -42.321  -43.142  4.506 0.0000000000
48633  -45.228  -40.921  6.406 0.0000000000
132496  -43.022  -38.064  5.594 0.0000000000
51331  -42.443  -37.662  5.507 0.0000000000
51330  -41.816  -37.194  5.410 0.0000000000
52407  -41.666  -35.984  5.788 0.0000000000
34147  -34.820  -56.133  22.180 0.0000000000
33239  -34.178  -56.595  21.209 0.0000000000
34182  -34.425  -55.725  20.481 0.0000000000
35160  -33.606  -54.860  19.547 0.0000000000
36195  -34.100  -53.853  19.663 0.0000000000
36207  -33.355  -53.844  19.154 0.0000000000
122413  -33.147  -52.961  18.688 0.0000000000
38371  -32.498  -51.863  17.623 0.0000000000
113833  -36.822  -52.232  20.468 0.0000000000
37278  -35.043  -51.770  19.234 0.0000000000
38354  -35.372  -51.049  18.704 0.0000000000
38353  -34.613  -51.362  18.552 0.0000000000
38352  -33.872  -51.665  18.326 0.0000000000
38388  -32.641  -51.126  17.044 0.0000000000
133893  -32.091  -50.966  16.501 0.0000000000
39392  -32.209  -50.138  15.653 0.0000000000
136182  -31.638  -49.652  14.438 0.0000000000
40423  -31.646  -49.203  13.716 0.0000000000
40424  -32.513  -48.981  13.769 0.0000000000
41347  -31.431  -48.990  12.886 0.0000000000
40430  -31.050  -49.236  12.170 0.0000000000
40438  -31.447  -49.863  10.772 0.0000000000
133027  -32.237  -50.176  10.147 0.0000000000
38444  -34.122  -51.475  10.745 0.0000000000
39368  -40.952  -50.125  18.151 0.0000000000
40353  -39.455  -49.623  17.579 0.0000000000
116145  -40.008  -49.123  16.178 0.0000000000
116383  -39.234  -49.145  16.386 0.0000000000
40369  -38.345  -49.201  16.769 0.0000000000
40387  -37.675  -49.027  15.997 0.0000000000
40386  -36.759  -49.053  15.682 0.0000000000
40407  -35.829  -48.776  14.475 0.0000000000
41369  -37.762  -48.322  12.441 0.0000000000
41353  -37.126  -48.493  13.257 0.0000000000
41379  -36.318  -48.225  11.682 0.0000000000
41337  -36.508  -48.623  13.957 0.0000000000
120169  -35.778  -48.582  13.783 0.0000000000
41336  -35.029  -48.743  14.007 0.0000000000
41350  -34.674  -48.590  13.300 0.0000000000
41365  -33.622  -48.395  12.232 0.0000000000
41376  -32.896  -48.393  11.662 0.0000000000
41396  -33.249  -48.451  9.401 0.0000000000
41387  -33.017  -48.156  10.261 0.0000000000
41395  -32.586  -48.814  9.832 0.0000000000
39437  -32.601  -49.620  9.702 0.0000000000
38455  -33.522  -50.835  9.694 0.0000000000
117673  -34.916  -51.549  10.277 0.0000000000
135073  -44.664  -41.866  18.001 0.0000000000
47537  -45.149  -41.536  18.206 0.0000000000
47538  -45.568  -41.096  18.520 0.0000000000
36121  -24.450  -52.926  25.768 0.0000000000
123133  -24.848  -52.599  26.105 0.0000000000
37185  -25.415  -52.300  25.816 0.0000000000
38252  -26.071  -52.190  25.990 0.0000000000
38241  -26.467  -52.080  27.606 0.0000000000
37186  -26.600  -52.369  25.565 0.0000000000
36122  -27.996  -53.208  26.108 0.0000000000
35092  -29.133  -54.393  25.223 0.0000000000
35103  -29.702  -54.857  24.589 0.0000000000
35093  -29.992  -54.693  25.635 0.0000000000
34121  -30.431  -55.139  24.986 0.0000000000
34122  -31.043  -55.416  24.766 0.0000000000
34132  -31.259  -55.757  23.836 0.0000000000
34133  -32.163  -56.003  23.573 0.0000000000
33203  -32.692  -56.318  22.981 0.0000000000
136520  -34.037  -56.065  23.063 0.0000000000
119441  -33.886  -55.510  23.284 0.0000000000
34137  -35.338  -55.517  22.367 0.0000000000
35126  -35.901  -54.934  22.291 0.0000000000
130147  -36.023  -54.073  23.376 0.0000000000
35117  -36.256  -54.221  22.788 0.0000000000
35127  -36.356  -54.300  22.272 0.0000000000
35128  -36.710  -53.712  22.290 0.0000000000
36177  -37.653  -52.724  22.335 0.0000000000
36155  -37.779  -52.977  23.431 0.0000000000
36166  -37.844  -52.849  22.835 0.0000000000
125110  -38.175  -52.370  22.376 0.0000000000
37238  -38.303  -52.149  21.954 0.0000000000
37248  -39.050  -51.588  21.537 0.0000000000
38316  -39.590  -51.384  21.610 0.0000000000
38308  -40.204  -51.037  21.887 0.0000000000
38317  -40.205  -50.992  21.213 0.0000000000
38329  -41.146  -50.564  20.221 0.0000000000
39329  -41.418  -50.291  20.366 0.0000000000
129786  -41.285  -49.625  21.547 0.0000000000
40317  -41.490  -49.872  21.007 0.0000000000
40326  -41.681  -49.979  20.477 0.0000000000
39338  -41.867  -50.000  20.043 0.0000000000
137578  -42.259  -49.554  19.619 0.0000000000
40335  -42.680  -48.956  19.370 0.0000000000
41279  -43.360  -48.257  19.197 0.0000000000
114487  -43.477  -47.754  19.680 0.0000000000
42200  -44.075  -47.272  18.581 0.0000000000
43819  -44.371  -45.430  20.203 0.0000000000
128065  -44.561  -46.057  19.058 0.0000000000
120343  -44.477  -46.027  18.435 0.0000000000
45734  -44.151  -43.683  18.408 0.0000000000
135590  -45.004  -40.834  16.609 0.0000000000
48519  -46.415  -40.519  17.315 0.0000000000
48547  -45.827  -40.571  15.890 0.0000000000
48564  -46.064  -40.857  15.062 0.0000000000
47591  -47.036  -41.204  14.958 0.0000000000
46666  -47.200  -42.208  14.317 0.0000000000
49438  -48.834  -39.369  17.190 0.0000000000
49437  -48.599  -39.836  17.009 0.0000000000
48522  -48.640  -40.166  16.487 0.0000000000
47592  -48.122  -41.678  14.811 0.0000000000
46682  -48.632  -43.350  13.540 0.0000000000
131026  -48.732  -43.583  13.101 0.0000000000
47610  -49.672  -41.706  14.057 0.0000000000
46683  -49.390  -42.511  13.545 0.0000000000
45806  -48.989  -43.358  13.018 0.0000000000
46701  -48.719  -43.430  12.373 0.0000000000
46718  -48.569  -43.141  11.600 0.0000000000
51264  -50.517  -37.690  15.037 0.0000000000
49468  -50.238  -39.367  13.905 0.0000000000
50353  -49.899  -38.461  13.967 0.0000000000
49481  -49.734  -39.914  13.220 0.0000000000
48598  -48.928  -40.970  12.170 0.0000000000
134326  -48.204  -41.610  11.131 0.0000000000
48604  -47.782  -41.234  10.716 0.0000000000
48612  -47.209  -40.580  10.135 0.0000000000
49498  -47.030  -39.613  10.313 0.0000000000
50377  -47.306  -38.966  11.542 0.0000000000
50398  -46.299  -39.099  9.935 0.0000000000
50397  -45.340  -38.650  9.609 0.0000000000
115489  -44.695  -38.530  9.038 0.0000000000
132929  -45.278  -36.130  11.710 0.0000000000
52351  -45.206  -36.852  11.866 0.0000000000
50396  -44.259  -38.154  9.766 0.0000000000
50402  -43.854  -38.247  8.887 0.0000000000
132611  -43.288  -38.037  8.399 0.0000000000
51319  -42.864  -37.384  8.310 0.0000000000
52389  -42.727  -36.554  8.037 0.0000000000
52401  -42.340  -36.464  7.333 0.0000000000
52408  -41.922  -36.379  6.527 0.0000000000
53484  -42.003  -35.285  5.461 0.0000000000
56272  -47.419  -31.721  8.114 0.0000000000
56282  -46.989  -32.550  7.733 0.0000000000
121906  -46.393  -32.874  8.325 0.0000000000
54430  -46.050  -33.647  8.422 0.0000000000
54438  -44.705  -34.723  7.225 0.0000000000
54469  -45.243  -34.219  5.917 0.0000000000
54450  -44.580  -34.603  6.365 0.0000000000
53485  -42.909  -35.077  5.664 0.0000000000
53496  -41.787  -35.011  4.721 0.0000000000
54480  -41.575  -34.835  3.927 0.0000000000
54494  -42.034  -34.347  3.173 0.0000000000
54502  -41.971  -34.239  2.078 0.0000000000
115013  -43.695  -33.597  3.182 0.0000000000
55411  -42.541  -33.756  1.552 0.0000000000
55416  -43.091  -33.256  0.240 0.0000000000
56369  -43.621  -33.117  -0.290 0.0000000000
56349  -46.170  -32.635  2.762 0.0000000000
121597  -45.782  -32.490  1.932 0.0000000000
56357  -47.074  -31.809  1.745 0.0000000000
56356  -46.375  -32.060  1.454 0.0000000000
56355  -45.172  -32.390  1.271 0.0000000000
56359  -44.730  -32.438  0.569 0.0000000000
56383  -44.825  -32.673  -0.800 0.0000000000
58249  -52.608  -30.603  5.366 0.0000000000
58258  -52.143  -30.439  4.685 0.0000000000
58270  -51.340  -30.252  3.733 0.0000000000
59155  -51.772  -29.708  3.311 0.0000000000
58283  -51.101  -30.019  2.987 0.0000000000
58292  -49.999  -30.034  1.839 0.0000000000
59181  -49.853  -29.573  0.860 0.0000000000
59184  -52.113  -28.688  1.782 0.0000000000
60030  -52.197  -28.171  0.300 0.0000000000
60015  -51.721  -28.495  0.991 0.0000000000
35134  -22.747  -54.645  21.288 0.0000000000
34179  -22.831  -54.777  19.885 0.0000000000
35158  -22.967  -54.034  19.214 0.0000000000
33301  -22.602  -56.407  12.529 0.0000000000
35219  -22.552  -54.717  14.316 0.0000000000
34247  -22.465  -55.541  12.913 0.0000000000
130975  -26.423  -51.691  22.966 0.0000000000
38315  -26.247  -51.506  21.489 0.0000000000
38324  -25.845  -51.457  20.803 0.0000000000
38335  -26.021  -51.227  19.352 0.0000000000
38334  -25.154  -51.495  19.198 0.0000000000
38348  -24.863  -51.439  18.268 0.0000000000
38367  -24.001  -51.803  16.553 0.0000000000
119013  -23.637  -52.147  15.867 0.0000000000
38412  -25.395  -51.492  14.275 0.0000000000
38411  -24.443  -51.445  13.970 0.0000000000
38419  -24.240  -51.429  13.027 0.0000000000
38396  -24.581  -51.512  14.933 0.0000000000
38410  -23.850  -51.712  14.424 0.0000000000
38395  -23.742  -51.901  15.104 0.0000000000
37319  -23.292  -52.288  14.349 0.0000000000
37324  -22.642  -52.908  13.264 0.0000000000
134954  -22.544  -53.050  12.287 0.0000000000
36275  -22.638  -53.547  11.206 0.0000000000
35273  -22.794  -54.169  9.945 0.0000000000
35253  -22.642  -54.309  10.665 0.0000000000
119853  -26.335  -53.853  3.607 0.0000000000
33238  -33.469  -56.672  20.769 0.0000000000
124350  -32.573  -56.233  19.452 0.0000000000
34193  -31.687  -56.079  18.591 0.0000000000
35186  -31.808  -54.688  17.839 0.0000000000
127380  -31.407  -55.416  17.697 0.0000000000
34207  -31.183  -55.997  17.988 0.0000000000
34220  -30.350  -55.658  16.495 0.0000000000
34233  -30.003  -55.499  15.539 0.0000000000
35222  -29.635  -55.130  14.358 0.0000000000
37311  -30.459  -52.180  15.425 0.0000000000
37322  -29.831  -52.727  14.776 0.0000000000
38428  -29.675  -52.413  12.537 0.0000000000
37327  -29.368  -52.713  13.206 0.0000000000
120032  -29.368  -53.234  13.948 0.0000000000
36256  -29.286  -54.473  13.698 0.0000000000
35227  -28.936  -54.725  13.388 0.0000000000
36278  -28.718  -53.505  11.434 0.0000000000
36322  -30.040  -53.135  9.209 0.0000000000
37365  -29.344  -52.887  9.455 0.0000000000
37427  -31.052  -52.107  5.795 0.0000000000
36272  -35.312  -54.035  12.941 0.0000000000
35233  -35.024  -54.977  12.645 0.0000000000
35242  -35.787  -55.286  12.465 0.0000000000
118841  -35.067  -55.573  12.197 0.0000000000
35241  -34.327  -55.474  12.001 0.0000000000
35257  -34.320  -55.485  11.072 0.0000000000
35276  -33.658  -55.127  10.059 0.0000000000
35294  -35.401  -54.583  8.975 0.0000000000
35292  -33.461  -54.417  8.931 0.0000000000
36326  -33.146  -53.838  8.102 0.0000000000
36342  -32.668  -53.368  7.280 0.0000000000
36354  -33.874  -53.644  6.481 0.0000000000
117524  -33.263  -53.407  6.559 0.0000000000
37401  -31.956  -53.031  6.788 0.0000000000
37414  -32.044  -52.795  6.026 0.0000000000
37428  -31.641  -52.608  5.531 0.0000000000
37437  -31.068  -52.348  4.846 0.0000000000
37449  -31.202  -52.930  4.224 0.0000000000
36379  -31.123  -53.678  3.703 0.0000000000
33212  -32.123  -56.573  22.167 0.0000000000
33235  -30.913  -56.521  20.052 0.0000000000
33250  -30.682  -56.439  19.297 0.0000000000
33252  -32.363  -56.481  19.752 0.0000000000
33253  -33.182  -56.409  20.025 0.0000000000
33266  -31.990  -56.325  19.109 0.0000000000
33275  -30.815  -56.185  18.123 0.0000000000
33284  -30.091  -56.070  16.871 0.0000000000
34146  -34.083  -56.345  22.625 0.0000000000
34148  -35.460  -55.601  21.942 0.0000000000
34156  -22.718  -55.521  21.549 0.0000000000
34161  -35.807  -54.853  21.680 0.0000000000
34171  -34.779  -56.011  21.072 0.0000000000
34180  -29.284  -55.579  19.633 0.0000000000
34208  -31.791  -55.550  18.199 0.0000000000
34218  -28.676  -55.945  15.848 0.0000000000
34221  -30.913  -55.596  17.243 0.0000000000
34230  -27.940  -55.544  14.582 0.0000000000
34240  -29.739  -55.457  14.856 0.0000000000
34243  -28.206  -54.805  13.384 0.0000000000
34244  -28.662  -55.028  13.609 0.0000000000
34253  -34.839  -55.630  11.746 0.0000000000
35161  -34.328  -54.918  20.093 0.0000000000
35172  -27.921  -54.517  17.809 0.0000000000
35174  -32.329  -54.791  18.387 0.0000000000
35196  -22.846  -54.420  16.683 0.0000000000
35221  -29.300  -55.139  13.935 0.0000000000
35232  -34.211  -54.697  12.524 0.0000000000
35323  -26.035  -54.362  4.928 0.0000000000
36162  -27.836  -52.794  21.889 0.0000000000
36174  -28.385  -53.631  21.489 0.0000000000
36185  -37.172  -52.924  21.797 0.0000000000
36217  -26.905  -52.994  16.915 0.0000000000
36227  -23.179  -53.136  16.533 0.0000000000
36229  -27.104  -54.028  16.488 0.0000000000
36231  -31.114  -54.038  16.923 0.0000000000
36255  -27.349  -54.179  13.875 0.0000000000
36257  -29.765  -54.066  14.672 0.0000000000
36259  -22.462  -53.413  12.783 0.0000000000
36264  -22.496  -53.529  12.009 0.0000000000
36265  -27.234  -53.535  12.730 0.0000000000
36271  -34.502  -54.059  12.865 0.0000000000
36289  -23.087  -52.949  10.070 0.0000000000
36307  -29.838  -53.227  9.966 0.0000000000
36355  -34.383  -53.906  6.557 0.0000000000
36363  -32.497  -53.482  5.328 0.0000000000
36365  -34.059  -54.076  6.005 0.0000000000
36369  -26.191  -53.665  4.337 0.0000000000
36383  -26.565  -53.964  2.798 0.0000000000
36384  -27.176  -53.468  2.481 0.0000000000
36387  -29.962  -53.844  2.626 0.0000000000
37214  -27.199  -52.181  23.130 0.0000000000
37228  -27.400  -52.113  21.878 0.0000000000
37257  -27.605  -52.459  19.539 0.0000000000
37286  -24.041  -51.893  18.120 0.0000000000
37309  -23.261  -52.557  15.214 0.0000000000
37310  -26.304  -52.350  15.737 0.0000000000
37318  -22.826  -52.905  13.906 0.0000000000
37329  -22.768  -52.609  12.619 0.0000000000
37335  -34.758  -53.415  12.845 0.0000000000
37338  -23.218  -52.079  11.950 0.0000000000
37339  -26.952  -52.788  11.717 0.0000000000
37340  -27.569  -53.172  11.355 0.0000000000
37354  -28.380  -52.938  10.380 0.0000000000
37362  -23.693  -51.891  9.382 0.0000000000
37413  -31.509  -52.526  6.361 0.0000000000
37444  -26.831  -52.500  3.563 0.0000000000
37445  -27.541  -52.184  3.216 0.0000000000
37457  -28.744  -52.868  2.722 0.0000000000
38289  -24.776  -52.034  23.450 0.0000000000
38325  -26.683  -51.423  20.825 0.0000000000
38326  -27.232  -51.705  20.705 0.0000000000
38350  -26.611  -51.376  18.721 0.0000000000
38369  -25.515  -51.352  17.565 0.0000000000
38372  -33.341  -51.250  17.650 0.0000000000
38413  -26.133  -51.991  14.520 0.0000000000
38414  -30.071  -51.264  13.653 0.0000000000
38418  -23.632  -51.805  13.687 0.0000000000
38420  -25.264  -51.373  13.424 0.0000000000
38433  -26.309  -51.822  11.540 0.0000000000
38436  -34.350  -52.071  11.853 0.0000000000
38439  -24.659  -51.060  10.478 0.0000000000
38440  -25.495  -51.140  10.515 0.0000000000
38449  -24.046  -51.322  9.464 0.0000000000
38453  -27.333  -51.753  9.372 0.0000000000
38454  -28.104  -52.061  9.172 0.0000000000
38468  -29.167  -51.949  8.247 0.0000000000
38470  -35.829  -51.188  8.603 0.0000000000
38520  -30.499  -51.739  5.194 0.0000000000
38535  -26.904  -51.229  4.472 0.0000000000
38536  -27.623  -50.964  4.188 0.0000000000
38539  -29.952  -51.647  3.777 0.0000000000
38549  -28.943  -51.444  3.529 0.0000000000
39363  -36.415  -49.918  17.594 0.0000000000
39393  -33.125  -49.914  15.845 0.0000000000
39405  -30.991  -49.881  14.018 0.0000000000
39411  -30.472  -50.507  13.361 0.0000000000
39434  -24.562  -50.957  9.346 0.0000000000
39435  -25.264  -50.720  9.279 0.0000000000
39436  -26.026  -50.697  9.163 0.0000000000
39445  -26.892  -50.505  8.057 0.0000000000
39457  -25.442  -50.583  7.910 0.0000000000
39460  -27.980  -50.480  6.932 0.0000000000
39475  -26.461  -50.381  6.599 0.0000000000
39478  -29.094  -50.815  5.843 0.0000000000
39490  -27.643  -50.380  5.460 0.0000000000
39491  -28.476  -50.522  5.245 0.0000000000
40327  -42.222  -49.468  20.051 0.0000000000
40373  -42.320  -49.124  16.986 0.0000000000
40389  -39.621  -48.925  15.579 0.0000000000
40434  -31.025  -49.704  11.345 0.0000000000
40446  -34.158  -49.239  8.160 0.0000000000
41304  -43.421  -48.182  18.102 0.0000000000
41305  -43.751  -47.643  18.215 0.0000000000
41352  -36.201  -48.451  13.198 0.0000000000
41363  -31.762  -48.760  12.283 0.0000000000
41386  -32.257  -48.663  10.582 0.0000000000
41419  -38.923  -49.123  5.791 0.0000000000
42260  -40.485  -46.886  13.150 0.0000000000
42282  -34.455  -47.856  9.225 0.0000000000
44846  -41.042  -44.090  13.949 0.0000000000
45804  -47.872  -44.259  12.334 0.0000000000
46668  -49.376  -42.390  14.012 0.0000000000
47611  -49.991  -40.938  13.885 0.0000000000
47629  -49.933  -40.995  13.713 0.0000000000
47646  -49.311  -41.920  12.504 0.0000000000
48618  -40.011  -40.856  7.954 0.0000000000
49445  -50.426  -39.300  15.392 0.0000000000
50334  -50.474  -38.567  14.804 0.0000000000
50352  -49.106  -38.400  13.430 0.0000000000
52320  -50.269  -36.948  14.717 0.0000000000
52423  -40.758  -36.641  3.619 0.0000000000
52430  -40.646  -36.615  2.556 0.0000000000
53502  -40.610  -36.056  3.172 0.0000000000
53503  -40.932  -35.341  2.792 0.0000000000
54481  -42.354  -34.474  4.174 0.0000000000
54508  -41.483  -35.094  0.769 0.0000000000
55379  -47.135  -33.020  4.717 0.0000000000
55412  -43.127  -33.296  1.096 0.0000000000
57355  -50.993  -30.856  4.074 0.0000000000
59132  -56.280  -29.033  5.839 0.0000000000
114673  -32.710  -48.361  11.014 0.0000000000
116877  -25.451  -51.507  20.067 0.0000000000
117363  -23.457  -53.059  20.007 0.0000000000
117826  -30.742  -52.943  3.683 0.0000000000
118073  -32.051  -56.642  20.039 0.0000000000
118091  -31.364  -52.096  16.664 0.0000000000
118204  -54.566  -29.193  4.610 0.0000000000
120093  -39.063  -49.351  17.052 0.0000000000
120969  -33.321  -56.760  21.934 0.0000000000
121378  -33.064  -52.465  12.342 0.0000000000
121956  -34.074  -48.518  13.020 0.0000000000
123180  -50.474  -39.857  14.619 0.0000000000
127178  -35.915  -54.782  7.359 0.0000000000
129860  -37.856  -48.677  14.682 0.0000000000
130826  -22.673  -53.466  14.181 0.0000000000
131282  -45.953  -34.116  7.017 0.0000000000
131385  -47.849  -39.280  18.183 0.0000000000
131476  -41.754  -50.025  18.347 0.0000000000
132782  -26.439  -53.197  3.778 0.0000000000
133086  -23.787  -51.494  9.914 0.0000000000
133191  -34.637  -49.681  16.059 0.0000000000
133320  -45.791  -32.189  1.195 0.0000000000
133550  -31.149  -56.464  19.130 0.0000000000
133726  -40.716  -35.857  1.686 0.0000000000
134172  -31.438  -51.237  11.312 0.0000000000
134281  -23.188  -53.422  17.946 0.0000000000
134365  -32.129  -50.569  16.138 0.0000000000
134406  -33.034  -56.768  20.952 0.0000000000
134516  -37.319  -52.370  20.980 0.0000000000
134645  -48.099  -40.142  11.318 0.0000000000
135376  -25.047  -54.493  6.499 0.0000000000
135442  -54.283  -28.749  3.721 0.0000000000
136300  -40.864  -48.129  14.477 0.0000000000
136369  -43.497  -44.321  5.986 0.0000000000
