#!ascii label  , from subject sub-v1s7x0051324_ses-1 vox2ras=TkReg
1364
83411  -46.246  -2.222  -3.307 0.0000000000
83543  -56.503  -1.443  -18.205 0.0000000000
90938  -53.579  7.971  -5.493 0.0000000000
82598  -51.425  -2.670  -9.046 0.0000000000
122042  -50.424  -7.327  -0.977 0.0000000000
128766  -49.436  2.139  -15.145 0.0000000000
132607  -45.694  7.248  -18.723 0.0000000000
135261  -43.518  12.241  -13.114 0.0000000000
77477  -42.388  -8.244  3.529 0.0000000000
81820  -46.989  -3.198  -7.381 0.0000000000
83486  -48.782  -1.171  -12.403 0.0000000000
123727  -46.523  1.660  -8.754 0.0000000000
89338  -45.741  5.809  -9.620 0.0000000000
89377  -48.679  6.005  -12.815 0.0000000000
91711  -46.283  8.970  -14.853 0.0000000000
93560  -45.773  11.757  -18.820 0.0000000000
126284  -48.527  13.207  -14.756 0.0000000000
83576  -52.928  -0.635  -19.948 0.0000000000
84199  -45.576  0.328  -1.038 0.0000000000
86746  -49.273  2.836  -3.626 0.0000000000
82572  -55.528  -2.662  -6.129 0.0000000000
80235  -51.016  -5.303  -5.129 0.0000000000
78502  -46.356  -7.129  -4.164 0.0000000000
77527  -44.145  -8.627  -0.370 0.0000000000
85149  -53.093  0.862  -17.672 0.0000000000
87704  -52.130  4.121  -21.398 0.0000000000
88472  -52.735  4.613  -10.744 0.0000000000
89424  -51.747  6.475  -17.262 0.0000000000
89484  -47.412  5.822  -23.388 0.0000000000
91035  -43.025  7.699  -21.061 0.0000000000
91723  -41.065  8.321  -16.497 0.0000000000
122713  -45.224  -2.191  -6.030 0.0000000000
84240  -45.946  -0.740  -8.273 0.0000000000
85059  -45.482  0.177  -6.376 0.0000000000
92303  -46.231  9.678  -10.751 0.0000000000
121886  -45.368  7.652  -12.037 0.0000000000
92909  -47.792  10.635  -12.856 0.0000000000
92932  -48.695  11.299  -15.799 0.0000000000
83555  -55.205  -1.061  -19.376 0.0000000000
85873  -44.180  2.109  0.810 0.0000000000
86720  -48.219  2.201  0.115 0.0000000000
79347  -50.812  -6.452  -3.229 0.0000000000
79361  -48.249  -6.311  -5.264 0.0000000000
78488  -48.530  -7.640  -2.587 0.0000000000
78439  -43.830  -7.577  1.721 0.0000000000
80201  -40.538  -5.694  -1.618 0.0000000000
82548  -40.512  -2.583  -1.714 0.0000000000
126881  -38.729  -3.941  -0.856 0.0000000000
113872  -53.219  -1.920  -11.772 0.0000000000
85114  -48.534  0.386  -13.686 0.0000000000
84291  -51.121  -0.684  -14.987 0.0000000000
85967  -50.075  1.123  -17.029 0.0000000000
85989  -52.208  2.267  -20.011 0.0000000000
87690  -50.789  3.456  -18.120 0.0000000000
88420  -51.193  4.571  -4.235 0.0000000000
87623  -50.353  3.911  -6.623 0.0000000000
89318  -53.433  5.709  -7.699 0.0000000000
89410  -46.636  5.325  -15.649 0.0000000000
89402  -50.754  6.502  -15.111 0.0000000000
88541  -47.875  5.016  -18.419 0.0000000000
89464  -49.844  5.640  -20.949 0.0000000000
90252  -46.470  6.691  -21.408 0.0000000000
90267  -45.273  6.754  -23.455 0.0000000000
91758  -44.996  8.879  -22.238 0.0000000000
93536  -44.761  11.345  -15.421 0.0000000000
92347  -42.987  9.850  -17.166 0.0000000000
92921  -42.689  10.232  -14.236 0.0000000000
92327  -40.136  9.070  -14.324 0.0000000000
93521  -41.522  11.489  -12.534 0.0000000000
81835  -49.104  -2.871  -8.282 0.0000000000
82640  -50.066  -2.139  -11.013 0.0000000000
83447  -48.407  -1.955  -9.775 0.0000000000
85093  -47.071  -0.015  -11.217 0.0000000000
85945  -48.039  1.652  -11.846 0.0000000000
89316  -49.191  6.010  -7.303 0.0000000000
90150  -51.211  6.913  -9.689 0.0000000000
89365  -47.110  5.770  -11.293 0.0000000000
89387  -45.900  5.778  -13.622 0.0000000000
121392  -45.731  8.214  -17.139 0.0000000000
92365  -46.180  10.609  -19.589 0.0000000000
92359  -47.709  10.667  -17.416 0.0000000000
94154  -46.931  12.310  -15.826 0.0000000000
94139  -45.355  13.020  -13.705 0.0000000000
84348  -51.302  -0.191  -20.350 0.0000000000
83403  -46.803  -1.433  -1.719 0.0000000000
85040  -47.596  0.268  -3.239 0.0000000000
85033  -48.338  0.562  -1.532 0.0000000000
122172  -50.357  2.306  -1.313 0.0000000000
127151  -52.603  5.599  -2.171 0.0000000000
90071  -52.431  6.788  0.096 0.0000000000
134133  -51.912  7.692  -3.560 0.0000000000
82587  -54.333  -2.242  -7.618 0.0000000000
81800  -53.400  -3.336  -5.824 0.0000000000
81039  -51.405  -3.423  -7.105 0.0000000000
81019  -49.042  -4.580  -6.910 0.0000000000
80243  -46.656  -5.214  -6.298 0.0000000000
78457  -49.059  -7.794  1.557 0.0000000000
78410  -45.642  -7.781  2.857 0.0000000000
77508  -46.360  -8.240  1.954 0.0000000000
114362  -47.122  -8.972  -0.902 0.0000000000
77549  -45.456  -8.651  -2.340 0.0000000000
81780  -44.687  -3.626  -2.784 0.0000000000
85141  -57.207  0.706  -16.697 0.0000000000
83506  -52.676  -1.480  -13.329 0.0000000000
85127  -54.323  0.339  -15.967 0.0000000000
85984  -56.370  1.406  -19.162 0.0000000000
85180  -55.563  1.120  -20.989 0.0000000000
86012  -52.922  1.709  -21.276 0.0000000000
86021  -50.466  1.788  -22.209 0.0000000000
122672  -47.586  2.565  -6.264 0.0000000000
87636  -48.861  2.951  -9.098 0.0000000000
86800  -50.393  3.114  -12.210 0.0000000000
90178  -53.351  7.043  -12.311 0.0000000000
88500  -53.384  5.430  -13.884 0.0000000000
87680  -52.514  5.073  -16.545 0.0000000000
89457  -51.754  5.696  -19.121 0.0000000000
89487  -50.916  5.121  -22.036 0.0000000000
86869  -48.402  2.636  -22.933 0.0000000000
92373  -43.288  9.953  -19.994 0.0000000000
91739  -41.882  8.261  -18.791 0.0000000000
90215  -41.673  6.402  -16.219 0.0000000000
90206  -39.962  6.921  -14.832 0.0000000000
118039  -38.405  7.858  -13.891 0.0000000000
83414  -45.839  -2.304  -4.337 0.0000000000
83416  -45.268  -1.343  -5.802 0.0000000000
84213  -45.743  -1.369  -4.812 0.0000000000
92900  -47.597  10.925  -11.892 0.0000000000
93523  -49.250  11.313  -13.609 0.0000000000
82718  -55.934  -1.134  -18.956 0.0000000000
79327  -50.638  -6.847  -2.221 0.0000000000
78499  -49.742  -6.955  -2.943 0.0000000000
78476  -48.905  -7.844  -1.833 0.0000000000
79324  -40.098  -6.128  -1.083 0.0000000000
80977  -39.570  -4.055  -1.432 0.0000000000
82613  -52.851  -2.400  -9.482 0.0000000000
82626  -52.427  -2.444  -10.272 0.0000000000
85957  -48.989  1.419  -14.690 0.0000000000
85125  -49.602  0.626  -15.686 0.0000000000
85966  -49.609  1.519  -16.381 0.0000000000
85971  -49.836  2.027  -17.247 0.0000000000
86831  -49.812  2.437  -16.658 0.0000000000
89276  -52.799  5.907  -4.520 0.0000000000
89302  -52.728  5.527  -6.209 0.0000000000
89304  -53.923  6.971  -6.601 0.0000000000
130718  -46.091  5.980  -17.599 0.0000000000
88522  -47.516  5.162  -16.718 0.0000000000
89442  -46.627  5.557  -18.710 0.0000000000
89453  -47.519  5.332  -20.091 0.0000000000
90245  -46.317  6.457  -20.241 0.0000000000
91043  -45.958  7.465  -22.068 0.0000000000
118532  -45.542  7.907  -20.317 0.0000000000
122868  -44.103  11.944  -13.580 0.0000000000
92922  -43.421  10.567  -14.676 0.0000000000
92916  -43.245  10.751  -13.884 0.0000000000
92914  -41.752  10.211  -13.138 0.0000000000
93522  -42.429  11.440  -12.789 0.0000000000
82585  -48.372  -2.760  -8.045 0.0000000000
82609  -48.767  -2.248  -9.112 0.0000000000
82594  -47.898  -2.277  -8.346 0.0000000000
85076  -45.947  0.015  -8.832 0.0000000000
84245  -46.520  -0.476  -9.706 0.0000000000
85932  -46.708  1.045  -10.150 0.0000000000
85938  -47.367  0.977  -11.470 0.0000000000
85934  -47.748  2.216  -10.224 0.0000000000
89328  -48.248  5.760  -8.665 0.0000000000
89342  -49.123  6.168  -9.223 0.0000000000
89352  -46.441  5.745  -10.160 0.0000000000
91704  -45.928  8.792  -13.941 0.0000000000
90992  -45.320  7.009  -13.307 0.0000000000
127869  -45.354  7.125  -14.311 0.0000000000
127868  -45.404  6.749  -15.011 0.0000000000
91718  -45.843  8.435  -15.501 0.0000000000
132651  -46.469  9.098  -17.418 0.0000000000
115741  -47.403  9.866  -16.679 0.0000000000
94156  -48.670  12.252  -15.700 0.0000000000
93544  -48.114  11.950  -16.268 0.0000000000
94146  -47.296  12.749  -15.147 0.0000000000
117052  -46.444  12.584  -14.883 0.0000000000
94849  -46.870  13.767  -13.944 0.0000000000
83575  -52.364  -0.301  -20.258 0.0000000000
122305  -45.819  -0.388  -1.213 0.0000000000
84205  -47.195  -0.796  -1.635 0.0000000000
85027  -47.113  0.532  -1.163 0.0000000000
86721  -49.165  2.224  0.252 0.0000000000
86728  -49.403  1.850  -0.233 0.0000000000
86730  -50.574  2.442  -0.276 0.0000000000
87587  -51.757  3.614  -1.252 0.0000000000
88408  -52.319  3.866  -0.095 0.0000000000
131106  -51.193  7.517  0.910 0.0000000000
90076  -52.251  8.080  -1.691 0.0000000000
90905  -50.687  8.190  -2.767 0.0000000000
90096  -49.289  6.493  -4.498 0.0000000000
90089  -48.597  6.504  -3.926 0.0000000000
82601  -55.015  -1.837  -8.180 0.0000000000
82570  -54.560  -2.400  -6.821 0.0000000000
81000  -52.994  -4.410  -4.656 0.0000000000
80236  -51.935  -4.749  -5.084 0.0000000000
81021  -52.427  -3.613  -6.160 0.0000000000
81007  -51.207  -4.721  -5.779 0.0000000000
129596  -49.878  -4.356  -6.827 0.0000000000
80246  -49.653  -5.026  -6.363 0.0000000000
79353  -47.734  -6.737  -4.701 0.0000000000
80232  -47.863  -5.895  -5.901 0.0000000000
79359  -46.667  -6.093  -5.406 0.0000000000
77478  -44.389  -7.607  3.619 0.0000000000
77507  -45.028  -8.343  1.510 0.0000000000
77517  -45.069  -8.677  0.259 0.0000000000
77518  -46.639  -8.693  1.076 0.0000000000
76685  -45.528  -9.179  -0.722 0.0000000000
77540  -46.089  -9.068  -1.535 0.0000000000
77539  -45.018  -9.030  -1.580 0.0000000000
128963  -44.131  -2.736  -2.089 0.0000000000
82556  -43.240  -2.832  -2.161 0.0000000000
84309  -58.241  0.115  -15.666 0.0000000000
83470  -49.452  -1.741  -11.707 0.0000000000
83472  -51.308  -1.999  -11.869 0.0000000000
118575  -50.997  -1.564  -13.258 0.0000000000
84318  -52.004  -0.046  -16.164 0.0000000000
84305  -52.547  -0.335  -15.449 0.0000000000
115016  -53.541  0.466  -16.676 0.0000000000
85140  -55.827  1.013  -17.140 0.0000000000
85162  -54.927  1.496  -18.643 0.0000000000
85993  -55.955  1.291  -20.199 0.0000000000
85982  -54.721  1.867  -19.724 0.0000000000
134462  -52.440  2.567  -20.648 0.0000000000
86001  -53.017  2.057  -21.107 0.0000000000
119696  -52.588  2.526  -21.548 0.0000000000
86011  -52.205  1.513  -21.668 0.0000000000
86872  -52.068  3.109  -22.379 0.0000000000
85897  -48.186  1.723  -3.642 0.0000000000
85905  -47.165  1.781  -5.031 0.0000000000
86745  -48.456  2.524  -4.238 0.0000000000
88454  -51.301  4.204  -8.111 0.0000000000
121646  -49.476  3.342  -7.838 0.0000000000
87638  -50.000  3.407  -9.328 0.0000000000
87644  -49.858  3.115  -10.779 0.0000000000
87652  -51.944  4.017  -11.336 0.0000000000
90175  -49.843  6.447  -10.910 0.0000000000
90164  -53.454  7.172  -10.801 0.0000000000
90188  -51.274  6.778  -12.191 0.0000000000
89414  -51.827  6.596  -15.922 0.0000000000
89404  -53.196  6.554  -14.633 0.0000000000
89415  -53.028  6.527  -15.951 0.0000000000
87668  -52.832  4.706  -15.069 0.0000000000
131502  -52.867  5.948  -16.831 0.0000000000
88524  -52.271  5.417  -17.323 0.0000000000
89436  -52.016  6.371  -17.878 0.0000000000
89474  -48.947  5.460  -21.880 0.0000000000
114740  -50.011  5.449  -21.604 0.0000000000
88568  -49.453  5.011  -22.624 0.0000000000
87730  -49.320  4.009  -23.182 0.0000000000
87728  -47.438  4.183  -23.512 0.0000000000
86867  -47.100  2.989  -22.309 0.0000000000
88567  -46.360  4.590  -23.525 0.0000000000
90265  -43.915  7.400  -22.651 0.0000000000
89470  -44.667  5.789  -22.015 0.0000000000
92958  -46.431  11.333  -19.272 0.0000000000
92969  -44.723  10.232  -20.374 0.0000000000
92956  -45.094  11.108  -19.187 0.0000000000
92346  -42.216  9.302  -16.687 0.0000000000
92357  -42.223  9.175  -17.766 0.0000000000
117849  -41.210  8.188  -17.091 0.0000000000
91006  -41.377  7.378  -17.341 0.0000000000
91005  -40.992  7.503  -16.651 0.0000000000
90213  -40.359  7.021  -15.575 0.0000000000
91000  -40.459  7.673  -15.841 0.0000000000
129082  -39.037  9.413  -13.747 0.0000000000
91702  -38.751  8.563  -14.401 0.0000000000
92318  -38.123  9.138  -13.669 0.0000000000
91695  -37.913  8.240  -13.423 0.0000000000
82582  -45.534  -2.310  -6.730 0.0000000000
83428  -46.214  -1.491  -7.838 0.0000000000
83427  -45.675  -1.696  -7.249 0.0000000000
123675  -45.350  -0.169  -7.100 0.0000000000
85911  -45.942  1.464  -7.239 0.0000000000
90160  -45.575  6.491  -11.136 0.0000000000
91690  -45.708  8.854  -11.078 0.0000000000
130799  -46.073  9.392  -12.551 0.0000000000
92331  -47.517  10.097  -14.452 0.0000000000
92338  -47.870  10.174  -15.408 0.0000000000
92918  -48.893  10.861  -14.222 0.0000000000
93539  -49.706  11.878  -14.788 0.0000000000
83565  -53.968  -0.982  -19.764 0.0000000000
85876  -45.035  1.951  -0.070 0.0000000000
85880  -46.970  1.287  -0.761 0.0000000000
86718  -45.872  2.367  0.044 0.0000000000
130856  -51.179  -6.037  -3.838 0.0000000000
80223  -49.945  -5.760  -5.118 0.0000000000
79345  -49.496  -6.672  -3.714 0.0000000000
78504  -48.134  -7.140  -3.909 0.0000000000
78497  -47.431  -7.617  -3.500 0.0000000000
78421  -44.124  -7.295  2.311 0.0000000000
77505  -43.062  -7.621  0.952 0.0000000000
80985  -41.399  -4.869  -2.307 0.0000000000
81773  -41.240  -3.289  -2.067 0.0000000000
81772  -40.357  -3.609  -1.843 0.0000000000
81771  -39.818  -3.130  -1.544 0.0000000000
84276  -48.555  -0.396  -13.157 0.0000000000
84278  -49.966  -0.906  -13.951 0.0000000000
84290  -49.871  -0.429  -14.638 0.0000000000
84317  -51.115  -0.055  -16.147 0.0000000000
85148  -51.856  0.775  -17.860 0.0000000000
85160  -52.814  1.313  -18.665 0.0000000000
85973  -51.042  1.212  -18.165 0.0000000000
86843  -51.390  2.428  -19.331 0.0000000000
87696  -51.596  4.173  -19.784 0.0000000000
87594  -50.591  3.879  -3.595 0.0000000000
87604  -49.626  3.767  -5.065 0.0000000000
88430  -51.076  4.613  -5.178 0.0000000000
88446  -52.270  4.834  -7.650 0.0000000000
88456  -53.178  5.194  -9.186 0.0000000000
89401  -47.293  5.471  -14.018 0.0000000000
89378  -49.625  6.232  -13.331 0.0000000000
114785  -47.936  5.553  -14.900 0.0000000000
131050  -48.293  5.406  -16.329 0.0000000000
89434  -49.503  5.725  -17.862 0.0000000000
89444  -50.169  5.920  -18.745 0.0000000000
88548  -48.190  5.134  -19.325 0.0000000000
89463  -47.742  5.600  -21.151 0.0000000000
90260  -47.219  6.337  -23.012 0.0000000000
89490  -46.201  6.019  -23.824 0.0000000000
91049  -46.084  7.361  -23.056 0.0000000000
91047  -44.900  7.841  -23.366 0.0000000000
92389  -43.926  9.201  -22.539 0.0000000000
93542  -45.344  11.513  -16.587 0.0000000000
92948  -43.837  10.493  -17.657 0.0000000000
92938  -43.685  10.434  -16.620 0.0000000000
92336  -42.896  9.920  -16.165 0.0000000000
92334  -41.339  9.030  -15.347 0.0000000000
91709  -40.406  8.671  -15.045 0.0000000000
92328  -41.147  9.242  -14.428 0.0000000000
92321  -40.929  9.589  -13.446 0.0000000000
92906  -40.043  10.495  -12.448 0.0000000000
82597  -50.724  -2.783  -8.828 0.0000000000
82611  -50.845  -2.603  -9.650 0.0000000000
118024  -49.986  -2.620  -9.242 0.0000000000
83448  -49.067  -2.050  -10.171 0.0000000000
83469  -48.684  -1.461  -11.457 0.0000000000
83445  -46.790  -1.289  -9.321 0.0000000000
83455  -47.589  -1.377  -10.454 0.0000000000
84258  -48.203  -0.986  -11.844 0.0000000000
85107  -47.988  0.396  -12.867 0.0000000000
119315  -48.172  1.398  -12.632 0.0000000000
86811  -48.768  1.990  -13.071 0.0000000000
90121  -52.289  7.902  -6.400 0.0000000000
90963  -52.974  7.693  -7.702 0.0000000000
90139  -51.138  6.962  -8.252 0.0000000000
90161  -50.009  6.579  -9.887 0.0000000000
113814  -48.260  5.957  -12.083 0.0000000000
89363  -45.993  6.034  -11.424 0.0000000000
89375  -46.754  5.655  -12.580 0.0000000000
133227  -47.253  5.570  -13.199 0.0000000000
121635  -46.159  5.524  -15.013 0.0000000000
89421  -45.748  6.131  -16.132 0.0000000000
91016  -45.649  7.720  -17.885 0.0000000000
133855  -45.657  8.907  -19.583 0.0000000000
91733  -46.150  8.752  -18.163 0.0000000000
92366  -46.930  10.681  -19.110 0.0000000000
93562  -47.174  11.954  -18.335 0.0000000000
92940  -48.101  11.091  -16.610 0.0000000000
93563  -47.344  11.910  -17.576 0.0000000000
93553  -46.172  11.927  -17.467 0.0000000000
93537  -45.543  11.796  -15.500 0.0000000000
94145  -45.584  12.372  -14.502 0.0000000000
94138  -44.765  12.517  -13.683 0.0000000000
82559  -46.398  -2.181  -2.476 0.0000000000
84210  -46.975  -1.000  -3.254 0.0000000000
84207  -47.264  -1.197  -2.379 0.0000000000
85036  -48.101  -0.065  -1.997 0.0000000000
85888  -49.100  1.082  -1.980 0.0000000000
85881  -47.905  1.060  -0.822 0.0000000000
85886  -49.461  1.448  -1.102 0.0000000000
119213  -49.786  2.425  -2.358 0.0000000000
87589  -50.867  3.491  -2.588 0.0000000000
88418  -52.222  5.008  -3.100 0.0000000000
89268  -53.228  6.800  -3.567 0.0000000000
88404  -52.059  3.848  0.794 0.0000000000
89256  -52.605  5.902  -0.950 0.0000000000
90081  -52.637  7.205  -2.677 0.0000000000
90937  -53.091  8.245  -5.106 0.0000000000
90108  -50.956  7.304  -5.425 0.0000000000
89300  -48.419  5.662  -6.744 0.0000000000
114085  -46.508  5.282  -7.816 0.0000000000
82600  -54.059  -2.135  -8.452 0.0000000000
81838  -52.459  -2.678  -8.130 0.0000000000
81793  -54.812  -3.146  -4.534 0.0000000000
81809  -54.919  -2.669  -5.874 0.0000000000
81807  -53.065  -3.036  -6.615 0.0000000000
119529  -52.749  -2.808  -7.373 0.0000000000
81837  -51.487  -2.847  -8.342 0.0000000000
81823  -50.203  -3.278  -7.781 0.0000000000
81037  -49.522  -3.768  -7.404 0.0000000000
81035  -47.500  -3.996  -7.255 0.0000000000
125874  -48.654  -5.897  -5.709 0.0000000000
80244  -47.489  -5.348  -6.450 0.0000000000
81034  -46.540  -3.942  -6.959 0.0000000000
81805  -45.811  -3.808  -6.408 0.0000000000
78412  -47.530  -7.756  3.587 0.0000000000
78422  -45.115  -7.921  2.514 0.0000000000
78423  -45.792  -7.897  2.665 0.0000000000
78425  -47.483  -7.798  3.175 0.0000000000
77510  -47.824  -8.247  1.829 0.0000000000
77530  -48.395  -8.514  0.109 0.0000000000
136363  -48.656  -8.353  -0.676 0.0000000000
77541  -47.668  -8.505  -1.521 0.0000000000
77557  -46.901  -8.109  -3.021 0.0000000000
78495  -45.655  -7.359  -3.615 0.0000000000
82562  -45.933  -2.731  -2.975 0.0000000000
135320  -45.322  -2.511  -1.923 0.0000000000
83401  -45.154  -1.686  -1.420 0.0000000000
84203  -44.501  -0.959  -1.174 0.0000000000
85025  -43.986  0.544  -0.623 0.0000000000
83535  -59.084  -1.296  -16.257 0.0000000000
83534  -58.472  -0.810  -16.963 0.0000000000
83557  -57.192  -0.463  -18.209 0.0000000000
82642  -51.886  -2.321  -11.070 0.0000000000
83490  -52.686  -1.778  -12.462 0.0000000000
83519  -51.395  -1.033  -14.361 0.0000000000
84293  -52.804  -0.702  -14.667 0.0000000000
84294  -54.817  -0.188  -14.489 0.0000000000
118365  -56.448  0.815  -16.464 0.0000000000
121458  -56.755  1.079  -17.414 0.0000000000
84333  -56.796  -0.262  -19.071 0.0000000000
84341  -56.345  -0.074  -19.888 0.0000000000
128776  -55.143  -0.148  -20.685 0.0000000000
124069  -54.203  -0.046  -20.765 0.0000000000
85991  -54.088  1.997  -20.356 0.0000000000
85189  -54.525  0.966  -21.292 0.0000000000
84361  -52.998  0.380  -20.806 0.0000000000
84360  -51.907  0.265  -20.938 0.0000000000
135895  -50.630  0.826  -21.391 0.0000000000
86010  -49.279  1.107  -21.996 0.0000000000
85043  -46.425  0.380  -4.728 0.0000000000
85912  -46.256  1.613  -6.397 0.0000000000
86769  -46.585  2.106  -7.537 0.0000000000
87612  -48.808  3.287  -6.561 0.0000000000
86771  -48.114  2.867  -8.033 0.0000000000
86785  -47.623  2.450  -9.395 0.0000000000
86792  -48.484  2.506  -10.601 0.0000000000
86799  -49.523  2.755  -11.651 0.0000000000
86813  -50.610  3.247  -14.145 0.0000000000
90142  -53.969  7.270  -8.415 0.0000000000
124500  -53.819  6.434  -9.778 0.0000000000
88473  -53.894  5.461  -11.130 0.0000000000
90198  -51.566  6.694  -13.462 0.0000000000
88491  -53.924  5.964  -13.337 0.0000000000
88482  -53.262  4.809  -11.866 0.0000000000
87663  -52.578  4.211  -13.284 0.0000000000
136448  -51.859  3.947  -14.409 0.0000000000
86819  -50.240  2.975  -15.195 0.0000000000
87679  -51.239  4.079  -16.886 0.0000000000
88550  -51.755  5.095  -19.919 0.0000000000
89445  -51.100  6.156  -19.263 0.0000000000
89466  -51.313  5.547  -20.539 0.0000000000
88571  -51.892  4.465  -22.053 0.0000000000
87731  -50.786  3.682  -22.850 0.0000000000
116063  -49.150  2.276  -22.810 0.0000000000
89471  -45.403  5.375  -22.747 0.0000000000
126304  -45.192  9.630  -20.421 0.0000000000
92378  -43.916  9.966  -21.246 0.0000000000
91751  -42.531  8.973  -20.898 0.0000000000
92364  -43.218  9.933  -19.085 0.0000000000
92363  -42.468  9.294  -19.406 0.0000000000
91027  -42.300  7.826  -19.577 0.0000000000
90236  -42.402  6.954  -18.439 0.0000000000
90223  -41.934  6.529  -16.956 0.0000000000
122003  -42.566  5.739  -15.493 0.0000000000
90999  -39.834  7.964  -15.125 0.0000000000
90991  -38.962  7.518  -14.178 0.0000000000
94846  -43.601  13.633  -12.918 0.0000000000
94845  -42.255  13.079  -12.684 0.0000000000
94834  -41.429  13.091  -12.671 0.0000000000
116948  -39.956  12.213  -12.469 0.0000000000
93518  -38.773  11.409  -12.458 0.0000000000
83415  -46.357  -1.565  -3.780 0.0000000000
78479  -50.924  -6.984  -1.231 0.0000000000
79328  -51.132  -6.693  -1.812 0.0000000000
78478  -50.508  -7.099  -1.700 0.0000000000
78490  -50.088  -7.125  -2.283 0.0000000000
78477  -49.761  -7.523  -1.577 0.0000000000
117150  -39.549  -6.283  -0.588 0.0000000000
124901  -52.196  -2.581  -8.873 0.0000000000
82612  -51.873  -2.582  -9.600 0.0000000000
85962  -49.326  1.479  -15.501 0.0000000000
86825  -49.704  2.420  -15.888 0.0000000000
89289  -53.439  6.697  -5.074 0.0000000000
89303  -53.468  6.385  -5.927 0.0000000000
90111  -53.758  7.620  -6.250 0.0000000000
90233  -46.068  6.195  -18.304 0.0000000000
128077  -46.568  5.476  -17.852 0.0000000000
90238  -46.169  6.352  -19.224 0.0000000000
90244  -45.774  7.212  -19.767 0.0000000000
90251  -45.845  7.292  -20.832 0.0000000000
93529  -43.966  11.175  -14.205 0.0000000000
93528  -43.301  11.444  -13.328 0.0000000000
94136  -42.843  12.223  -12.803 0.0000000000
82584  -47.507  -2.609  -7.822 0.0000000000
127003  -46.168  0.973  -8.838 0.0000000000
85084  -46.392  0.498  -9.577 0.0000000000
85926  -46.592  1.379  -9.386 0.0000000000
85933  -47.218  1.485  -10.625 0.0000000000
85927  -47.074  1.832  -9.834 0.0000000000
89339  -46.452  5.586  -9.386 0.0000000000
115043  -47.338  5.604  -9.048 0.0000000000
91703  -45.458  7.922  -13.660 0.0000000000
91710  -45.613  8.150  -14.579 0.0000000000
91719  -46.670  9.264  -15.885 0.0000000000
94147  -48.249  12.772  -15.269 0.0000000000
94859  -47.606  13.309  -14.559 0.0000000000
82725  -53.029  -1.059  -19.456 0.0000000000
83564  -52.325  -0.807  -19.590 0.0000000000
85030  -46.425  -0.018  -1.260 0.0000000000
133720  -46.232  0.827  -1.030 0.0000000000
87580  -50.552  3.070  0.767 0.0000000000
86723  -50.419  2.486  0.143 0.0000000000
87581  -50.941  2.856  0.171 0.0000000000
86731  -51.155  2.891  -0.331 0.0000000000
115200  -51.625  3.249  0.118 0.0000000000
90904  -49.857  8.287  -2.766 0.0000000000
121118  -49.568  7.197  -3.617 0.0000000000
82589  -55.577  -2.331  -6.912 0.0000000000
82571  -55.176  -2.439  -6.395 0.0000000000
129917  -51.928  -4.177  -5.775 0.0000000000
115620  -50.534  -4.558  -6.381 0.0000000000
80234  -50.332  -5.262  -5.686 0.0000000000
123801  -46.715  -6.640  -4.804 0.0000000000
80222  -45.977  -5.819  -4.926 0.0000000000
79352  -45.828  -6.583  -4.293 0.0000000000
123978  -43.322  -7.819  3.614 0.0000000000
77516  -44.253  -8.330  0.786 0.0000000000
76671  -46.065  -9.067  0.252 0.0000000000
76677  -44.759  -8.977  -0.818 0.0000000000
77538  -44.204  -8.741  -1.326 0.0000000000
80987  -43.004  -4.301  -2.689 0.0000000000
81778  -42.859  -3.487  -2.436 0.0000000000
84295  -55.881  0.226  -14.641 0.0000000000
83487  -49.760  -1.588  -12.571 0.0000000000
83488  -50.710  -1.735  -12.608 0.0000000000
85138  -52.451  0.408  -16.856 0.0000000000
85150  -54.215  0.985  -17.680 0.0000000000
85161  -53.889  1.375  -18.577 0.0000000000
86856  -52.283  3.489  -21.164 0.0000000000
86849  -52.559  2.737  -21.126 0.0000000000
86857  -52.445  3.134  -21.573 0.0000000000
86863  -52.449  3.307  -22.058 0.0000000000
87711  -52.320  3.806  -21.871 0.0000000000
86740  -48.903  2.080  -3.192 0.0000000000
134545  -51.408  4.177  -8.904 0.0000000000
129493  -50.600  3.770  -8.666 0.0000000000
87639  -50.974  3.876  -9.505 0.0000000000
87645  -50.444  3.506  -10.155 0.0000000000
87646  -51.472  3.984  -10.381 0.0000000000
117482  -50.243  6.482  -11.893 0.0000000000
90187  -49.643  6.268  -12.526 0.0000000000
122537  -51.063  6.470  -16.548 0.0000000000
89425  -52.552  6.476  -16.637 0.0000000000
88515  -53.092  5.847  -16.322 0.0000000000
117863  -52.557  6.307  -17.257 0.0000000000
89473  -48.053  5.603  -22.646 0.0000000000
113960  -49.149  5.343  -22.273 0.0000000000
89485  -48.384  5.327  -22.990 0.0000000000
88578  -48.838  4.742  -23.175 0.0000000000
88577  -47.688  5.022  -23.545 0.0000000000
88576  -46.819  4.802  -23.772 0.0000000000
126309  -46.779  5.592  -23.796 0.0000000000
91041  -43.431  8.065  -22.199 0.0000000000
90257  -43.616  7.129  -21.704 0.0000000000
90249  -43.407  6.974  -20.613 0.0000000000
91028  -42.762  7.453  -20.091 0.0000000000
92957  -45.842  11.504  -19.345 0.0000000000
92345  -41.515  8.852  -16.209 0.0000000000
92356  -41.573  8.671  -17.062 0.0000000000
91015  -41.213  7.855  -17.281 0.0000000000
91722  -40.885  7.923  -16.596 0.0000000000
116921  -40.618  8.100  -16.074 0.0000000000
92310  -38.562  9.677  -13.270 0.0000000000
92319  -38.584  9.057  -14.034 0.0000000000
83418  -45.271  -1.504  -6.615 0.0000000000
84216  -45.640  -0.373  -5.421 0.0000000000
84222  -45.248  -0.657  -6.470 0.0000000000
85068  -45.555  0.534  -7.207 0.0000000000
85060  -45.813  0.981  -6.392 0.0000000000
91683  -45.442  8.237  -10.353 0.0000000000
92314  -46.806  10.191  -12.362 0.0000000000
135626  -46.540  9.776  -12.905 0.0000000000
92323  -46.267  9.399  -13.330 0.0000000000
92324  -47.052  10.096  -13.416 0.0000000000
92917  -48.056  10.554  -13.831 0.0000000000
93532  -49.733  11.856  -13.861 0.0000000000
93531  -49.413  11.373  -14.546 0.0000000000
94149  -49.677  12.385  -14.669 0.0000000000
82717  -54.835  -1.579  -18.718 0.0000000000
83554  -54.334  -1.320  -19.268 0.0000000000
86717  -45.061  2.468  0.626 0.0000000000
79348  -51.639  -6.155  -3.024 0.0000000000
79355  -50.334  -6.309  -3.846 0.0000000000
79346  -50.166  -6.629  -3.291 0.0000000000
78498  -48.897  -7.171  -3.231 0.0000000000
122940  -48.148  -7.498  -3.214 0.0000000000
79325  -41.035  -6.427  -1.421 0.0000000000
80202  -41.109  -5.676  -2.092 0.0000000000
80978  -40.638  -5.022  -1.958 0.0000000000
81776  -40.946  -4.196  -2.110 0.0000000000
81767  -39.203  -3.146  -1.080 0.0000000000
120106  -49.193  -0.231  -14.003 0.0000000000
85135  -49.922  0.730  -16.392 0.0000000000
85126  -50.275  0.188  -15.972 0.0000000000
85136  -50.577  0.475  -16.651 0.0000000000
85137  -51.481  0.356  -16.837 0.0000000000
85147  -50.825  0.788  -17.445 0.0000000000
86838  -50.340  2.443  -17.983 0.0000000000
85979  -50.844  1.911  -18.543 0.0000000000
132266  -50.811  2.811  -18.777 0.0000000000
86848  -51.285  3.179  -19.472 0.0000000000
132099  -51.284  3.909  -18.877 0.0000000000
87605  -50.392  4.137  -4.598 0.0000000000
89317  -52.791  5.360  -6.983 0.0000000000
88438  -51.958  4.887  -6.640 0.0000000000
88447  -52.970  5.234  -8.374 0.0000000000
113905  -46.909  5.284  -14.918 0.0000000000
89411  -47.496  5.283  -15.767 0.0000000000
88532  -47.710  5.048  -17.586 0.0000000000
88523  -48.676  5.413  -17.111 0.0000000000
88533  -48.479  5.238  -17.878 0.0000000000
88542  -48.848  5.364  -18.585 0.0000000000
89462  -46.922  5.901  -20.742 0.0000000000
89472  -47.176  6.253  -21.886 0.0000000000
116175  -47.925  5.746  -22.120 0.0000000000
90268  -46.437  6.802  -23.436 0.0000000000
90259  -46.581  6.891  -22.631 0.0000000000
91042  -45.445  8.097  -22.705 0.0000000000
91764  -45.012  8.524  -23.042 0.0000000000
91763  -44.392  8.621  -22.978 0.0000000000
91757  -44.517  9.072  -22.509 0.0000000000
92930  -44.335  10.919  -16.074 0.0000000000
92929  -43.541  10.454  -15.628 0.0000000000
92928  -42.810  10.029  -15.193 0.0000000000
92335  -42.157  9.429  -15.728 0.0000000000
92329  -42.032  9.616  -14.766 0.0000000000
92322  -41.894  9.877  -13.833 0.0000000000
92908  -41.947  10.799  -12.781 0.0000000000
92907  -41.060  10.497  -12.696 0.0000000000
92312  -40.307  9.846  -12.876 0.0000000000
93520  -40.517  11.444  -12.390 0.0000000000
127121  -49.934  -2.937  -8.472 0.0000000000
82596  -49.294  -2.551  -8.848 0.0000000000
83437  -48.144  -2.039  -8.973 0.0000000000
82610  -49.241  -2.305  -9.525 0.0000000000
83456  -48.510  -1.659  -10.651 0.0000000000
83435  -46.606  -1.387  -8.553 0.0000000000
120802  -46.354  -0.747  -8.944 0.0000000000
85092  -46.656  0.169  -10.390 0.0000000000
84251  -46.896  -0.671  -10.545 0.0000000000
119052  -47.364  -0.786  -11.073 0.0000000000
84257  -47.648  -0.542  -11.664 0.0000000000
84266  -48.035  -0.456  -12.383 0.0000000000
85101  -47.553  0.181  -12.026 0.0000000000
132632  -47.726  0.875  -12.224 0.0000000000
86804  -48.750  2.181  -12.199 0.0000000000
90130  -51.014  6.999  -7.389 0.0000000000
90138  -50.093  6.502  -7.830 0.0000000000
89354  -48.050  5.999  -10.368 0.0000000000
89355  -48.972  6.221  -10.116 0.0000000000
89367  -48.748  6.200  -10.848 0.0000000000
89366  -47.953  5.977  -11.251 0.0000000000
90981  -45.349  7.060  -11.620 0.0000000000
90173  -45.692  6.418  -11.960 0.0000000000
90186  -45.648  6.218  -12.901 0.0000000000
89374  -46.098  5.755  -12.957 0.0000000000
89388  -46.564  5.553  -13.426 0.0000000000
89400  -46.350  5.502  -14.237 0.0000000000
89399  -45.780  5.841  -14.408 0.0000000000
91007  -45.539  7.809  -16.133 0.0000000000
90216  -45.427  6.841  -15.755 0.0000000000
90224  -45.523  7.078  -16.829 0.0000000000
91734  -47.249  9.867  -17.564 0.0000000000
91741  -46.916  9.761  -18.388 0.0000000000
118610  -47.405  10.664  -18.383 0.0000000000
92950  -47.117  11.413  -18.849 0.0000000000
131905  -47.497  11.286  -18.234 0.0000000000
92931  -48.419  10.730  -15.718 0.0000000000
92349  -47.907  10.397  -16.321 0.0000000000
92941  -48.262  11.572  -16.268 0.0000000000
94162  -47.324  12.010  -16.740 0.0000000000
93555  -47.773  11.672  -16.903 0.0000000000
93554  -46.845  12.111  -17.640 0.0000000000
93543  -46.395  11.938  -16.532 0.0000000000
94857  -45.976  12.911  -14.166 0.0000000000
83574  -50.843  -0.586  -19.787 0.0000000000
84347  -50.259  -0.179  -20.362 0.0000000000
83407  -46.367  -2.007  -1.897 0.0000000000
83408  -46.910  -1.698  -2.108 0.0000000000
83404  -47.223  -1.222  -1.910 0.0000000000
85032  -47.663  -0.108  -1.676 0.0000000000
85037  -48.629  0.586  -1.985 0.0000000000
86726  -47.593  1.746  -0.366 0.0000000000
129070  -48.337  1.585  -0.409 0.0000000000
86734  -50.110  1.956  -0.762 0.0000000000
85883  -49.453  1.623  -0.678 0.0000000000
133077  -49.854  1.800  -1.252 0.0000000000
85889  -49.441  1.479  -1.602 0.0000000000
86737  -49.848  2.066  -1.765 0.0000000000
86738  -50.342  2.701  -2.067 0.0000000000
87586  -51.039  3.060  -1.548 0.0000000000
88414  -52.232  4.534  -1.697 0.0000000000
87590  -51.733  4.055  -2.253 0.0000000000
134147  -52.329  4.957  -2.433 0.0000000000
89267  -52.834  5.940  -3.716 0.0000000000
88415  -52.749  5.840  -2.963 0.0000000000
90870  -51.806  7.276  0.624 0.0000000000
89249  -52.425  5.034  1.372 0.0000000000
131166  -52.560  5.703  0.585 0.0000000000
88405  -52.546  4.756  0.357 0.0000000000
90074  -52.571  6.548  -0.632 0.0000000000
90906  -51.818  7.945  -2.794 0.0000000000
90895  -52.174  7.839  -2.434 0.0000000000
90919  -52.251  7.675  -3.529 0.0000000000
90920  -53.176  7.907  -3.970 0.0000000000
90926  -52.748  7.998  -4.256 0.0000000000
90936  -51.957  7.844  -4.826 0.0000000000
90097  -50.817  7.366  -4.578 0.0000000000
89274  -48.376  5.846  -4.807 0.0000000000
89275  -49.188  6.222  -5.419 0.0000000000
89287  -48.442  5.731  -5.862 0.0000000000
89314  -47.278  5.358  -7.538 0.0000000000
114235  -46.711  5.169  -7.035 0.0000000000
83438  -55.679  -1.772  -8.530 0.0000000000
82599  -53.101  -2.359  -8.669 0.0000000000
82586  -53.373  -2.418  -7.877 0.0000000000
81009  -53.754  -3.612  -5.017 0.0000000000
81801  -54.431  -3.049  -5.462 0.0000000000
81808  -54.143  -2.810  -6.307 0.0000000000
81020  -51.466  -3.949  -6.459 0.0000000000
81806  -52.163  -3.336  -6.907 0.0000000000
81825  -51.895  -3.097  -7.621 0.0000000000
81824  -51.021  -3.162  -7.649 0.0000000000
81038  -50.570  -3.728  -7.052 0.0000000000
81036  -48.502  -3.959  -7.361 0.0000000000
79362  -49.144  -6.146  -5.179 0.0000000000
80233  -49.403  -5.618  -5.763 0.0000000000
80231  -47.011  -5.845  -5.967 0.0000000000
81017  -47.024  -4.714  -6.857 0.0000000000
81016  -46.259  -4.522  -6.455 0.0000000000
78458  -49.676  -7.785  0.579 0.0000000000
77479  -45.443  -7.694  3.385 0.0000000000
77480  -46.259  -7.927  3.335 0.0000000000
78411  -46.949  -7.993  3.416 0.0000000000
118703  -46.278  -7.837  3.015 0.0000000000
117349  -44.669  -7.865  2.185 0.0000000000
128795  -45.682  -8.184  2.121 0.0000000000
78441  -46.245  -8.006  2.549 0.0000000000
78442  -46.872  -8.057  2.612 0.0000000000
78443  -47.600  -7.979  2.561 0.0000000000
77509  -47.118  -8.275  1.854 0.0000000000
77528  -46.940  -9.092  0.111 0.0000000000
77519  -47.586  -8.636  0.879 0.0000000000
77529  -47.645  -8.805  -0.158 0.0000000000
117066  -48.011  -8.587  -0.770 0.0000000000
77542  -48.445  -8.274  -1.324 0.0000000000
77550  -46.418  -8.556  -2.392 0.0000000000
77556  -45.994  -8.147  -3.067 0.0000000000
80993  -44.689  -4.259  -3.132 0.0000000000
81781  -45.349  -3.161  -2.844 0.0000000000
82558  -45.741  -2.518  -2.236 0.0000000000
82557  -44.889  -2.917  -2.254 0.0000000000
82551  -43.688  -2.227  -1.783 0.0000000000
82552  -44.771  -2.325  -1.733 0.0000000000
82549  -41.567  -2.380  -1.851 0.0000000000
84196  -42.855  -0.232  -0.725 0.0000000000
84197  -43.793  -0.221  -0.869 0.0000000000
126199  -43.268  0.303  -0.509 0.0000000000
85021  -43.287  0.903  -0.117 0.0000000000
83529  -59.195  -1.072  -15.533 0.0000000000
84310  -58.682  -0.376  -15.207 0.0000000000
85130  -57.714  0.447  -16.108 0.0000000000
84320  -58.167  -0.006  -16.510 0.0000000000
135243  -57.599  0.377  -16.808 0.0000000000
84326  -57.663  -0.152  -17.356 0.0000000000
82624  -50.619  -2.422  -10.438 0.0000000000
82625  -51.437  -2.503  -10.341 0.0000000000
82641  -50.933  -2.339  -11.110 0.0000000000
83489  -51.748  -1.697  -12.714 0.0000000000
83518  -50.586  -0.850  -14.498 0.0000000000
84292  -51.960  -0.672  -14.840 0.0000000000
84306  -53.404  -0.016  -15.736 0.0000000000
126006  -53.297  -0.378  -15.074 0.0000000000
84279  -53.761  -0.683  -14.406 0.0000000000
84307  -54.081  -0.129  -15.164 0.0000000000
84308  -55.063  0.280  -15.303 0.0000000000
113862  -55.387  0.631  -16.195 0.0000000000
85152  -56.260  1.400  -18.093 0.0000000000
85153  -56.873  1.121  -18.330 0.0000000000
85154  -57.082  0.356  -18.441 0.0000000000
85164  -56.732  0.585  -19.195 0.0000000000
83568  -56.392  -0.651  -19.357 0.0000000000
85992  -55.406  1.756  -20.552 0.0000000000
85170  -55.994  0.538  -20.555 0.0000000000
84351  -55.430  0.355  -20.974 0.0000000000
84350  -54.871  0.159  -21.011 0.0000000000
85179  -55.069  0.774  -21.298 0.0000000000
85981  -52.928  1.839  -19.730 0.0000000000
132418  -53.685  1.702  -19.395 0.0000000000
86013  -54.047  1.484  -21.127 0.0000000000
85188  -53.636  0.996  -21.172 0.0000000000
84362  -53.973  0.453  -20.968 0.0000000000
85187  -52.573  0.914  -21.321 0.0000000000
86022  -51.397  1.708  -21.965 0.0000000000
85186  -51.435  0.935  -21.462 0.0000000000
85194  -50.585  1.235  -21.715 0.0000000000
85185  -49.931  0.793  -21.491 0.0000000000
85193  -49.916  1.312  -21.967 0.0000000000
85039  -47.018  -0.132  -3.678 0.0000000000
84214  -46.312  -0.659  -4.251 0.0000000000
85044  -47.189  0.700  -3.947 0.0000000000
85913  -46.914  2.087  -6.032 0.0000000000
86762  -46.500  2.016  -6.818 0.0000000000
86763  -47.150  2.379  -6.906 0.0000000000
87613  -49.562  3.702  -6.104 0.0000000000
87603  -48.897  3.396  -5.557 0.0000000000
122112  -49.362  3.163  -8.968 0.0000000000
87621  -48.803  3.159  -7.505 0.0000000000
87629  -48.943  3.085  -8.402 0.0000000000
86778  -48.220  2.849  -8.880 0.0000000000
86786  -48.461  2.749  -9.718 0.0000000000
86787  -49.133  2.917  -10.267 0.0000000000
134451  -50.331  3.195  -11.476 0.0000000000
86805  -49.577  2.613  -12.609 0.0000000000
86806  -50.503  3.110  -13.101 0.0000000000
90140  -52.417  7.441  -8.612 0.0000000000
90141  -53.567  7.515  -8.503 0.0000000000
133477  -53.198  7.411  -9.190 0.0000000000
127753  -53.685  7.088  -11.538 0.0000000000
90153  -53.694  6.730  -10.307 0.0000000000
90165  -54.065  6.697  -11.166 0.0000000000
89356  -54.108  6.116  -10.556 0.0000000000
88474  -54.342  6.173  -11.383 0.0000000000
113755  -49.758  6.245  -14.195 0.0000000000
90209  -50.732  6.501  -13.829 0.0000000000
130266  -51.165  6.585  -14.546 0.0000000000
89391  -53.527  6.364  -13.962 0.0000000000
120610  -54.019  5.573  -12.639 0.0000000000
88490  -53.334  4.905  -12.910 0.0000000000
87656  -52.326  4.028  -12.311 0.0000000000
87675  -52.686  4.833  -15.838 0.0000000000
87667  -51.528  3.903  -15.093 0.0000000000
87674  -51.212  3.849  -15.983 0.0000000000
88534  -52.271  5.668  -17.957 0.0000000000
87691  -51.703  4.682  -18.111 0.0000000000
88543  -51.825  5.256  -18.773 0.0000000000
113989  -50.124  5.870  -19.866 0.0000000000
89475  -50.840  5.349  -21.581 0.0000000000
89465  -50.798  5.615  -21.001 0.0000000000
89476  -51.403  5.020  -21.695 0.0000000000
133096  -51.470  5.056  -21.331 0.0000000000
88570  -51.243  4.721  -22.245 0.0000000000
87721  -51.490  4.126  -22.519 0.0000000000
88580  -50.700  4.349  -22.662 0.0000000000
86877  -48.840  3.261  -23.133 0.0000000000
86878  -49.881  3.215  -22.993 0.0000000000
126991  -48.967  1.501  -22.405 0.0000000000
86018  -47.523  2.134  -21.873 0.0000000000
90274  -45.778  6.756  -23.619 0.0000000000
122069  -45.928  5.296  -23.685 0.0000000000
89483  -45.596  6.103  -23.566 0.0000000000
131968  -44.652  5.463  -21.098 0.0000000000
88561  -45.169  5.005  -21.567 0.0000000000
119465  -45.386  8.794  -20.334 0.0000000000
91747  -45.672  9.757  -19.873 0.0000000000
92968  -44.142  10.268  -20.384 0.0000000000
92377  -43.102  9.603  -21.237 0.0000000000
114953  -43.404  9.931  -20.746 0.0000000000
92955  -44.022  10.561  -18.682 0.0000000000
92358  -43.106  9.878  -18.159 0.0000000000
91732  -42.045  8.846  -18.635 0.0000000000
119854  -42.547  9.399  -18.626 0.0000000000
135970  -42.091  8.721  -19.163 0.0000000000
91026  -42.198  8.576  -19.764 0.0000000000
134750  -42.052  8.042  -19.226 0.0000000000
91021  -42.064  7.616  -18.744 0.0000000000
90222  -41.229  6.915  -16.709 0.0000000000
89407  -42.595  6.079  -16.322 0.0000000000
89397  -41.633  6.157  -15.384 0.0000000000
90207  -40.678  6.467  -15.137 0.0000000000
90195  -40.462  6.344  -14.452 0.0000000000
90194  -39.974  6.550  -13.975 0.0000000000
115318  -39.831  8.279  -14.967 0.0000000000
118113  -39.654  8.606  -14.697 0.0000000000
90990  -38.751  8.103  -14.420 0.0000000000
90985  -38.782  7.231  -13.511 0.0000000000
94844  -41.419  13.912  -13.009 0.0000000000
94128  -39.869  13.024  -12.887 0.0000000000
93519  -39.571  11.384  -12.350 0.0000000000
125847  -45.462  -2.035  -5.294 0.0000000000
92304  -46.794  10.391  -11.280 0.0000000000
92910  -48.620  10.949  -13.251 0.0000000000
93524  -49.546  11.735  -13.035 0.0000000000
94141  -50.056  12.496  -13.515 0.0000000000
86713  -44.764  2.626  1.476 0.0000000000
79336  -50.414  -6.758  -2.750 0.0000000000
78489  -49.343  -7.401  -2.420 0.0000000000
80200  -39.888  -5.174  -1.451 0.0000000000
82614  -53.757  -2.086  -9.258 0.0000000000
82627  -53.518  -2.108  -10.166 0.0000000000
82643  -52.908  -2.232  -11.029 0.0000000000
85118  -48.906  0.553  -14.430 0.0000000000
85119  -49.420  0.180  -14.872 0.0000000000
132640  -49.177  0.781  -15.077 0.0000000000
86832  -50.330  3.058  -17.275 0.0000000000
117244  -52.038  5.180  -3.952 0.0000000000
88421  -51.889  5.194  -4.825 0.0000000000
89288  -52.727  5.743  -5.354 0.0000000000
119430  -53.505  6.046  -6.783 0.0000000000
89319  -53.937  6.590  -7.351 0.0000000000
89422  -46.376  5.521  -16.348 0.0000000000
88514  -46.952  5.163  -16.230 0.0000000000
89433  -46.487  5.516  -17.128 0.0000000000
88531  -46.998  5.070  -17.348 0.0000000000
88540  -47.126  5.034  -18.147 0.0000000000
89443  -47.286  5.140  -19.066 0.0000000000
89452  -46.746  5.672  -19.682 0.0000000000
91036  -45.405  8.242  -21.382 0.0000000000
135621  -44.424  11.270  -14.775 0.0000000000
92923  -44.121  10.882  -15.097 0.0000000000
92915  -42.536  10.634  -13.330 0.0000000000
82595  -48.617  -2.451  -8.573 0.0000000000
122203  -46.916  0.740  -10.817 0.0000000000
85939  -47.851  1.925  -11.064 0.0000000000
89329  -49.175  6.071  -8.266 0.0000000000
89340  -47.274  5.719  -9.854 0.0000000000
89353  -47.214  5.800  -10.641 0.0000000000
91696  -45.382  7.795  -12.756 0.0000000000
90986  -45.363  6.967  -12.422 0.0000000000
90208  -45.508  6.377  -14.559 0.0000000000
91001  -45.441  7.507  -15.209 0.0000000000
91724  -46.097  8.703  -16.459 0.0000000000
91725  -46.759  9.359  -16.794 0.0000000000
93545  -48.793  11.811  -15.816 0.0000000000
94155  -47.791  12.266  -15.849 0.0000000000
94858  -46.649  13.160  -14.365 0.0000000000
94848  -45.889  13.530  -13.739 0.0000000000
123299  -51.697  -0.589  -19.827 0.0000000000
84204  -46.485  -0.843  -1.410 0.0000000000
85031  -47.136  -0.173  -1.424 0.0000000000
85028  -47.764  0.449  -1.307 0.0000000000
86727  -48.851  1.777  -0.204 0.0000000000
86729  -50.021  2.033  -0.225 0.0000000000
86735  -50.778  2.571  -0.801 0.0000000000
87583  -51.308  3.044  -0.850 0.0000000000
87584  -51.755  3.387  -0.519 0.0000000000
88411  -52.296  4.122  -0.869 0.0000000000
90882  -52.008  7.896  -0.274 0.0000000000
90073  -52.416  7.491  -0.927 0.0000000000
90891  -51.989  8.372  -1.182 0.0000000000
91636  -51.191  8.354  -2.494 0.0000000000
90918  -51.090  7.720  -3.203 0.0000000000
90090  -50.592  7.434  -3.738 0.0000000000
82602  -55.619  -2.040  -7.764 0.0000000000
82588  -55.122  -2.117  -7.243 0.0000000000
81008  -52.710  -3.945  -5.407 0.0000000000
79360  -47.350  -6.312  -5.398 0.0000000000
80230  -46.383  -5.524  -5.654 0.0000000000
80242  -46.035  -4.909  -5.898 0.0000000000
136318  -43.778  -7.988  1.133 0.0000000000
77506  -44.446  -8.046  1.726 0.0000000000
119624  -45.799  -8.534  1.249 0.0000000000
129352  -46.359  -9.203  -0.591 0.0000000000
80988  -44.058  -4.259  -2.832 0.0000000000
81779  -43.863  -3.433  -2.468 0.0000000000
84297  -57.997  0.030  -14.842 0.0000000000
85121  -57.618  0.402  -15.300 0.0000000000
85129  -57.069  0.620  -15.818 0.0000000000
83471  -50.353  -1.943  -11.823 0.0000000000
83505  -51.641  -1.377  -13.625 0.0000000000
84304  -51.588  -0.395  -15.528 0.0000000000
84319  -52.779  0.072  -16.158 0.0000000000
85139  -54.728  0.736  -16.898 0.0000000000
85151  -55.284  1.195  -17.835 0.0000000000
85163  -55.775  1.561  -18.658 0.0000000000
85983  -55.624  1.698  -19.538 0.0000000000
85990  -53.147  2.114  -20.773 0.0000000000
86023  -52.272  2.362  -22.041 0.0000000000
86871  -51.289  2.529  -22.471 0.0000000000
85891  -47.869  0.959  -3.337 0.0000000000
85896  -47.489  1.435  -4.149 0.0000000000
86744  -47.765  2.050  -4.433 0.0000000000
86754  -47.719  2.493  -5.295 0.0000000000
130858  -50.332  3.696  -7.697 0.0000000000
87630  -49.777  3.384  -8.481 0.0000000000
114864  -49.719  3.203  -10.011 0.0000000000
128092  -50.832  3.540  -10.980 0.0000000000
124164  -51.132  3.622  -11.830 0.0000000000
90162  -51.105  6.815  -10.592 0.0000000000
90163  -52.383  7.176  -10.324 0.0000000000
90176  -51.089  6.777  -11.480 0.0000000000
116543  -52.442  7.060  -11.314 0.0000000000
90177  -52.058  6.921  -12.034 0.0000000000
89413  -50.125  6.284  -15.771 0.0000000000
89403  -52.380  6.653  -15.200 0.0000000000
128775  -53.283  6.376  -15.353 0.0000000000
122836  -53.311  5.689  -14.810 0.0000000000
88507  -53.220  5.715  -15.632 0.0000000000
89437  -52.429  6.088  -17.662 0.0000000000
89447  -52.234  6.015  -18.258 0.0000000000
131988  -48.672  5.505  -21.421 0.0000000000
88579  -49.816  4.521  -22.861 0.0000000000
87729  -48.327  4.139  -23.335 0.0000000000
87720  -47.995  3.376  -23.225 0.0000000000
86868  -47.765  2.703  -22.708 0.0000000000
87719  -47.286  3.523  -23.100 0.0000000000
87718  -46.712  3.780  -22.906 0.0000000000
90266  -44.597  7.187  -23.207 0.0000000000
89482  -44.944  6.309  -22.973 0.0000000000
90258  -44.227  6.638  -22.358 0.0000000000
90250  -44.096  6.258  -21.157 0.0000000000
92965  -45.635  10.941  -19.631 0.0000000000
92964  -45.082  10.773  -19.744 0.0000000000
92963  -44.178  10.486  -19.590 0.0000000000
91731  -41.577  8.370  -17.853 0.0000000000
121759  -41.565  7.764  -18.032 0.0000000000
90214  -40.963  6.672  -15.904 0.0000000000
90221  -40.735  7.142  -16.164 0.0000000000
90995  -40.013  7.500  -15.190 0.0000000000
92326  -39.172  9.003  -14.392 0.0000000000
91701  -38.323  8.510  -13.967 0.0000000000
91700  -37.756  8.887  -13.419 0.0000000000
82583  -46.412  -2.338  -7.443 0.0000000000
84231  -45.436  -0.897  -7.409 0.0000000000
84239  -45.548  -0.090  -7.878 0.0000000000
85069  -45.749  0.746  -8.095 0.0000000000
85921  -46.212  1.575  -8.152 0.0000000000
131227  -45.363  6.603  -10.464 0.0000000000
91689  -45.356  7.953  -11.328 0.0000000000
125378  -45.587  8.567  -12.061 0.0000000000
92313  -46.122  9.543  -11.662 0.0000000000
91697  -45.675  8.656  -13.045 0.0000000000
92330  -46.650  9.533  -14.179 0.0000000000
92337  -47.057  9.662  -15.109 0.0000000000
92924  -48.356  10.528  -14.810 0.0000000000
92925  -49.003  10.973  -15.140 0.0000000000
93538  -49.327  11.559  -15.333 0.0000000000
93546  -49.376  12.080  -15.367 0.0000000000
94148  -49.161  12.678  -15.056 0.0000000000
94860  -49.147  13.367  -14.454 0.0000000000
83577  -53.650  -0.603  -20.159 0.0000000000
124709  -45.269  1.183  -0.654 0.0000000000
85879  -46.001  1.653  -0.564 0.0000000000
86725  -46.709  1.948  -0.337 0.0000000000
86719  -46.957  2.557  0.218 0.0000000000
86714  -45.758  2.907  0.982 0.0000000000
80225  -51.520  -5.491  -4.478 0.0000000000
80224  -50.595  -5.810  -4.557 0.0000000000
129913  -50.469  -5.530  -5.105 0.0000000000
126353  -49.720  -6.222  -4.477 0.0000000000
79354  -48.765  -6.611  -4.458 0.0000000000
135146  -48.818  -6.870  -3.816 0.0000000000
78503  -47.148  -7.234  -4.200 0.0000000000
77493  -42.999  -7.497  2.950 0.0000000000
115170  -43.159  -7.328  2.244 0.0000000000
78438  -42.748  -7.355  1.608 0.0000000000
80986  -42.147  -4.784  -2.533 0.0000000000
81777  -41.956  -3.978  -2.394 0.0000000000
80984  -40.252  -4.421  -1.795 0.0000000000
84277  -49.352  -0.995  -13.271 0.0000000000
123393  -50.439  -0.506  -15.011 0.0000000000
84303  -49.975  -0.095  -15.324 0.0000000000
128702  -50.739  -0.324  -15.523 0.0000000000
85980  -51.740  1.553  -18.967 0.0000000000
85972  -50.408  1.538  -17.754 0.0000000000
126765  -51.843  3.054  -20.373 0.0000000000
87703  -51.935  4.200  -20.706 0.0000000000
87592  -49.037  3.245  -4.571 0.0000000000
87593  -49.795  3.535  -4.045 0.0000000000
87614  -50.307  4.159  -5.603 0.0000000000
88431  -51.855  5.072  -5.712 0.0000000000
88437  -51.081  4.494  -6.135 0.0000000000
88445  -51.204  4.282  -7.135 0.0000000000
88455  -52.200  4.663  -8.638 0.0000000000
88464  -52.178  4.535  -9.641 0.0000000000
89389  -48.008  5.729  -13.383 0.0000000000
114084  -48.440  5.790  -14.149 0.0000000000
115105  -49.201  6.031  -14.951 0.0000000000
89412  -48.669  5.687  -15.678 0.0000000000
120036  -49.419  5.898  -16.426 0.0000000000
89423  -50.209  6.128  -17.168 0.0000000000
89435  -50.929  6.379  -17.909 0.0000000000
88549  -49.199  5.480  -19.395 0.0000000000
89454  -48.737  5.386  -20.376 0.0000000000
90269  -46.683  6.277  -23.665 0.0000000000
90275  -46.204  6.608  -23.668 0.0000000000
91053  -45.506  7.296  -23.443 0.0000000000
91048  -45.463  7.672  -23.253 0.0000000000
91046  -44.066  8.002  -23.102 0.0000000000
91034  -42.872  8.552  -21.424 0.0000000000
93552  -45.549  11.622  -17.802 0.0000000000
92949  -44.838  11.105  -18.241 0.0000000000
92939  -44.575  11.028  -17.153 0.0000000000
91717  -40.827  8.483  -15.799 0.0000000000
92320  -39.840  9.397  -13.568 0.0000000000
92311  -39.499  9.813  -12.961 0.0000000000
92905  -39.116  10.533  -12.583 0.0000000000
82623  -49.861  -2.350  -10.128 0.0000000000
83457  -49.275  -1.895  -10.846 0.0000000000
83429  -47.031  -2.034  -8.140 0.0000000000
83436  -47.351  -1.823  -8.801 0.0000000000
83446  -47.510  -1.667  -9.573 0.0000000000
84246  -46.905  -1.220  -10.011 0.0000000000
83468  -47.966  -1.173  -11.221 0.0000000000
85956  -48.566  1.018  -14.088 0.0000000000
85951  -48.834  1.741  -13.906 0.0000000000
86818  -49.522  2.348  -14.426 0.0000000000
90947  -53.114  8.114  -5.946 0.0000000000
90948  -53.598  7.838  -6.397 0.0000000000
90131  -51.980  7.714  -7.129 0.0000000000
129972  -51.855  7.434  -7.847 0.0000000000
117301  -51.436  7.069  -8.990 0.0000000000
90149  -50.252  6.616  -8.876 0.0000000000
90174  -49.052  6.189  -11.665 0.0000000000
130938  -48.881  6.090  -12.259 0.0000000000
89351  -45.792  6.052  -10.500 0.0000000000
118910  -46.478  5.836  -10.950 0.0000000000
89364  -46.578  5.790  -11.728 0.0000000000
114855  -47.377  5.749  -11.918 0.0000000000
89376  -47.708  5.745  -12.651 0.0000000000
89409  -45.644  6.065  -15.217 0.0000000000
133485  -46.070  5.646  -15.663 0.0000000000
89432  -45.934  6.129  -16.971 0.0000000000
90232  -45.715  6.727  -17.720 0.0000000000
91029  -45.583  8.043  -19.572 0.0000000000
91022  -45.786  8.315  -18.861 0.0000000000
91740  -46.303  9.602  -19.177 0.0000000000
93568  -46.509  11.895  -18.975 0.0000000000
93561  -46.381  12.069  -18.311 0.0000000000
92348  -47.455  9.843  -15.896 0.0000000000
92951  -47.632  11.471  -17.600 0.0000000000
94153  -46.209  12.155  -15.468 0.0000000000
93530  -44.770  11.752  -14.475 0.0000000000
94137  -44.016  12.739  -13.130 0.0000000000
83412  -46.751  -1.681  -2.824 0.0000000000
84211  -47.577  -0.404  -2.661 0.0000000000
84208  -47.598  -0.708  -1.995 0.0000000000
85041  -48.113  0.366  -2.574 0.0000000000
85892  -48.633  1.182  -2.675 0.0000000000
136425  -48.362  0.888  -1.083 0.0000000000
85882  -48.784  1.380  -0.661 0.0000000000
85885  -48.909  1.108  -1.075 0.0000000000
85034  -48.986  0.998  -1.503 0.0000000000
85893  -49.340  1.778  -2.310 0.0000000000
86741  -49.462  2.447  -2.866 0.0000000000
86742  -49.992  3.078  -2.982 0.0000000000
88417  -51.446  4.335  -3.277 0.0000000000
89277  -53.412  6.860  -4.276 0.0000000000
90110  -53.702  7.644  -4.845 0.0000000000
88409  -52.560  4.857  -0.497 0.0000000000
88412  -52.528  5.200  -1.315 0.0000000000
129685  -52.591  6.748  -1.237 0.0000000000
89258  -52.685  6.377  -1.865 0.0000000000
89261  -52.943  6.579  -2.803 0.0000000000
90091  -53.089  7.363  -3.521 0.0000000000
90098  -53.492  7.615  -4.169 0.0000000000
90109  -52.134  7.922  -5.695 0.0000000000
90120  -51.171  7.245  -6.407 0.0000000000
90129  -50.071  6.543  -6.874 0.0000000000
90107  -50.012  6.761  -5.015 0.0000000000
90119  -50.048  6.650  -5.923 0.0000000000
89315  -48.196  5.628  -7.671 0.0000000000
89327  -47.351  5.468  -8.230 0.0000000000
89326  -46.462  5.431  -8.615 0.0000000000
83449  -55.256  -1.635  -8.901 0.0000000000
82615  -54.601  -1.769  -9.020 0.0000000000
81826  -53.686  -2.592  -7.107 0.0000000000
81836  -50.669  -2.980  -8.214 0.0000000000
125442  -49.523  -3.213  -7.938 0.0000000000
81822  -48.851  -3.301  -7.800 0.0000000000
81821  -48.005  -3.253  -7.620 0.0000000000
80245  -48.593  -5.351  -6.335 0.0000000000
81018  -48.012  -4.731  -6.950 0.0000000000
125099  -46.026  -3.123  -6.892 0.0000000000
82569  -45.431  -3.030  -6.206 0.0000000000
126003  -45.460  -2.914  -5.280 0.0000000000
133438  -45.868  -2.748  -3.686 0.0000000000
78466  -49.780  -7.734  -0.586 0.0000000000
78401  -47.456  -7.802  4.115 0.0000000000
77494  -44.084  -7.183  3.024 0.0000000000
126608  -44.746  -7.708  2.430 0.0000000000
78440  -45.137  -8.146  2.199 0.0000000000
78424  -46.706  -7.910  3.032 0.0000000000
125281  -48.112  -7.611  2.968 0.0000000000
78444  -48.369  -7.785  2.343 0.0000000000
77520  -48.400  -8.272  1.258 0.0000000000
77521  -48.976  -8.184  0.676 0.0000000000
77531  -49.152  -8.181  -0.192 0.0000000000
77543  -49.153  -8.042  -1.054 0.0000000000
77552  -48.115  -8.103  -2.059 0.0000000000
129944  -46.922  -8.716  -1.751 0.0000000000
77551  -47.293  -8.342  -2.300 0.0000000000
78487  -47.733  -7.890  -2.797 0.0000000000
78496  -46.573  -7.643  -3.637 0.0000000000
77548  -44.401  -8.481  -2.187 0.0000000000
78485  -44.270  -7.733  -2.735 0.0000000000
78486  -45.076  -7.984  -2.897 0.0000000000
78494  -44.773  -7.249  -3.261 0.0000000000
82553  -45.640  -2.176  -1.720 0.0000000000
83402  -46.058  -1.584  -1.527 0.0000000000
122519  -45.528  -0.985  -1.266 0.0000000000
84198  -44.873  -0.153  -1.010 0.0000000000
82555  -42.233  -3.022  -2.183 0.0000000000
82550  -42.615  -2.255  -1.837 0.0000000000
84202  -43.434  -0.927  -1.098 0.0000000000
85026  -44.766  0.686  -0.744 0.0000000000
85878  -44.199  1.387  -0.196 0.0000000000
85020  -42.593  0.894  0.614 0.0000000000
85875  -43.361  1.505  0.612 0.0000000000
85872  -43.305  1.933  1.564 0.0000000000
82692  -58.623  -1.695  -16.760 0.0000000000
84321  -58.806  -0.477  -16.078 0.0000000000
82707  -57.963  -1.430  -17.420 0.0000000000
83544  -57.209  -1.160  -17.997 0.0000000000
83473  -52.279  -1.999  -11.837 0.0000000000
83503  -50.233  -1.419  -13.293 0.0000000000
83504  -50.779  -1.295  -13.881 0.0000000000
83520  -52.257  -1.051  -14.152 0.0000000000
85128  -56.118  0.569  -15.524 0.0000000000
133990  -57.290  0.125  -17.914 0.0000000000
83556  -56.761  -0.919  -18.765 0.0000000000
83567  -55.858  -0.672  -19.777 0.0000000000
85171  -56.353  0.774  -19.875 0.0000000000
84340  -55.687  -0.157  -20.436 0.0000000000
83566  -54.983  -0.680  -20.026 0.0000000000
84339  -54.486  -0.396  -20.462 0.0000000000
132582  -54.820  1.933  -20.693 0.0000000000
86002  -54.185  1.774  -20.907 0.0000000000
86003  -54.935  1.499  -21.139 0.0000000000
85178  -54.622  0.477  -21.161 0.0000000000
84349  -53.365  -0.171  -20.470 0.0000000000
84359  -50.714  0.380  -20.976 0.0000000000
85050  -45.847  0.537  -5.671 0.0000000000
85895  -46.901  1.134  -4.687 0.0000000000
85904  -46.406  1.264  -5.546 0.0000000000
86776  -46.781  2.167  -8.313 0.0000000000
130292  -48.401  3.019  -5.098 0.0000000000
86755  -48.199  2.968  -5.987 0.0000000000
87622  -49.558  3.487  -7.069 0.0000000000
128852  -48.014  2.792  -7.014 0.0000000000
86770  -47.320  2.537  -7.736 0.0000000000
86777  -47.468  2.566  -8.581 0.0000000000
86784  -46.931  2.099  -9.067 0.0000000000
86798  -48.623  2.331  -11.387 0.0000000000
86793  -49.117  2.748  -10.940 0.0000000000
86812  -49.601  2.514  -13.520 0.0000000000
90949  -53.903  7.538  -7.041 0.0000000000
90132  -54.088  7.229  -7.676 0.0000000000
89331  -53.937  6.543  -8.147 0.0000000000
90152  -53.277  7.258  -9.933 0.0000000000
89344  -53.850  6.535  -8.984 0.0000000000
89330  -53.664  5.815  -8.671 0.0000000000
89343  -53.825  5.877  -9.595 0.0000000000
88465  -53.503  5.270  -10.148 0.0000000000
90197  -50.434  6.476  -13.157 0.0000000000
90189  -52.323  6.924  -12.878 0.0000000000
90210  -52.103  6.634  -14.297 0.0000000000
89392  -53.514  6.717  -13.257 0.0000000000
89379  -54.185  6.393  -12.692 0.0000000000
88483  -54.233  5.819  -11.991 0.0000000000
87655  -51.394  3.584  -12.710 0.0000000000
128588  -52.714  4.529  -14.201 0.0000000000
87662  -51.602  3.688  -13.619 0.0000000000
135854  -50.271  3.058  -15.865 0.0000000000
86826  -50.302  3.113  -16.427 0.0000000000
87685  -51.244  4.088  -17.552 0.0000000000
133707  -51.820  4.778  -20.773 0.0000000000
115976  -51.351  6.309  -18.462 0.0000000000
89446  -51.765  6.113  -18.660 0.0000000000
89456  -51.457  5.833  -19.627 0.0000000000
89455  -50.893  5.868  -20.209 0.0000000000
125036  -51.595  5.310  -20.278 0.0000000000
88555  -51.783  4.771  -21.160 0.0000000000
88556  -52.039  4.332  -21.739 0.0000000000
87722  -52.280  3.985  -22.051 0.0000000000
86880  -51.489  3.380  -22.631 0.0000000000
86879  -50.760  3.002  -22.840 0.0000000000
133075  -50.125  3.981  -22.983 0.0000000000
86870  -50.172  2.393  -22.648 0.0000000000
86020  -49.605  1.684  -22.391 0.0000000000
88575  -46.366  5.256  -23.893 0.0000000000
91752  -45.011  9.160  -21.150 0.0000000000
92374  -45.334  10.256  -20.022 0.0000000000
92380  -44.797  9.749  -20.768 0.0000000000
92385  -44.593  9.390  -21.719 0.0000000000
92384  -44.149  9.586  -21.982 0.0000000000
91755  -42.944  9.194  -21.610 0.0000000000
92372  -42.701  9.459  -20.395 0.0000000000
119120  -42.516  8.150  -20.453 0.0000000000
90242  -42.608  7.238  -19.231 0.0000000000
90235  -41.780  7.203  -17.963 0.0000000000
90230  -42.183  6.703  -17.686 0.0000000000
89419  -42.816  6.272  -17.184 0.0000000000
89385  -41.311  5.934  -14.386 0.0000000000
91716  -40.271  8.170  -15.495 0.0000000000
124927  -39.407  7.685  -14.724 0.0000000000
91708  -39.250  8.337  -14.726 0.0000000000
90205  -39.478  7.129  -14.340 0.0000000000
90984  -38.223  7.584  -13.109 0.0000000000
94850  -48.048  13.861  -14.099 0.0000000000
135345  -45.242  13.524  -13.485 0.0000000000
94847  -44.624  13.393  -13.251 0.0000000000
121068  -43.174  12.940  -12.854 0.0000000000
95469  -42.973  14.570  -12.992 0.0000000000
118088  -42.559  13.841  -12.788 0.0000000000
94130  -41.946  12.305  -12.562 0.0000000000
94129  -40.845  12.491  -12.541 0.0000000000
94833  -40.608  13.448  -12.970 0.0000000000
83545  -57.734  -0.851  -17.601 0.0000000000
85142  -57.209  0.644  -17.562 0.0000000000
85950  -48.340  1.140  -13.424 0.0000000000
86722  -49.925  2.310  0.258 0.0000000000
87637  -49.251  3.058  -9.557 0.0000000000
87727  -46.855  4.156  -23.534 0.0000000000
88521  -46.852  5.194  -16.737 0.0000000000
88563  -51.675  4.784  -21.497 0.0000000000
88569  -50.424  4.858  -22.402 0.0000000000
89253  -52.620  5.746  -0.165 0.0000000000
89299  -47.595  5.389  -6.924 0.0000000000
89301  -49.195  6.106  -6.370 0.0000000000
89325  -45.791  5.580  -8.965 0.0000000000
89341  -48.177  5.895  -9.540 0.0000000000
89368  -54.251  6.666  -11.909 0.0000000000
89390  -48.850  6.005  -13.559 0.0000000000
89467  -51.533  5.151  -21.007 0.0000000000
89486  -50.167  5.247  -22.080 0.0000000000
90068  -51.638  6.945  1.754 0.0000000000
90077  -52.472  7.334  -1.840 0.0000000000
90151  -52.387  7.306  -9.487 0.0000000000
90196  -45.522  6.315  -13.844 0.0000000000
90199  -52.866  6.817  -13.833 0.0000000000
90273  -45.144  7.164  -23.474 0.0000000000
90894  -51.771  8.527  -2.053 0.0000000000
90907  -52.497  7.611  -3.245 0.0000000000
90917  -50.184  7.965  -3.124 0.0000000000
90925  -51.607  7.658  -3.993 0.0000000000
90927  -53.481  8.050  -4.635 0.0000000000
90957  -52.999  7.911  -6.768 0.0000000000
90958  -53.651  7.745  -7.136 0.0000000000
90959  -53.900  7.687  -7.797 0.0000000000
90975  -45.272  7.244  -10.823 0.0000000000
91054  -45.937  7.081  -23.525 0.0000000000
91756  -43.306  8.939  -22.179 0.0000000000
91762  -43.793  8.623  -22.711 0.0000000000
92379  -44.367  9.783  -21.235 0.0000000000
92383  -43.535  9.507  -21.901 0.0000000000
92901  -48.315  11.111  -12.433 0.0000000000
94140  -49.808  12.265  -14.206 0.0000000000
117025  -53.656  7.071  -9.262 0.0000000000
117365  -51.466  7.852  -2.941 0.0000000000
120557  -46.076  5.925  -12.256 0.0000000000
124977  -51.275  5.312  -21.178 0.0000000000
127083  -52.090  3.780  -22.311 0.0000000000
128573  -50.878  6.656  -12.684 0.0000000000
129520  -53.738  7.342  -5.690 0.0000000000
129862  -54.108  7.094  -7.174 0.0000000000
130814  -47.833  5.475  -6.275 0.0000000000
131719  -51.282  3.280  0.601 0.0000000000
133972  -50.078  6.942  -4.251 0.0000000000
134734  -53.427  6.090  -14.351 0.0000000000
134996  -42.086  6.112  -15.865 0.0000000000
