#!ascii label  , from subject sub-v1s7x0051324_ses-1 vox2ras=TkReg
942
45769  -37.293  -43.161  14.428 0.0000000000
43925  -22.435  -45.870  12.025 0.0000000000
43114  -29.509  -46.312  12.724 0.0000000000
67003  -44.498  -20.380  -1.329 0.0000000000
116130  -47.261  -16.426  -5.800 0.0000000000
40379  -17.340  -49.480  15.335 0.0000000000
64462  -41.009  -22.790  0.422 0.0000000000
49466  -36.873  -39.184  12.879 0.0000000000
43894  -34.139  -45.671  14.402 0.0000000000
42246  -19.854  -48.043  13.670 0.0000000000
37297  -20.333  -52.427  16.310 0.0000000000
116502  -34.029  -42.476  11.692 0.0000000000
49477  -33.222  -40.311  11.973 0.0000000000
45776  -25.502  -43.568  12.831 0.0000000000
45765  -31.493  -43.557  13.294 0.0000000000
58273  -35.969  -30.181  2.207 0.0000000000
135874  -40.450  -28.201  0.083 0.0000000000
62628  -44.922  -25.948  -2.069 0.0000000000
34226  -11.930  -55.225  15.471 0.0000000000
32318  -9.129  -57.833  16.745 0.0000000000
50383  -31.146  -39.063  9.537 0.0000000000
53461  -31.461  -35.265  7.011 0.0000000000
55375  -33.207  -33.645  3.677 0.0000000000
35211  -16.833  -54.021  15.471 0.0000000000
130864  -23.136  -48.064  14.660 0.0000000000
43889  -23.649  -45.505  14.796 0.0000000000
122648  -36.060  -44.782  14.537 0.0000000000
45762  -20.129  -43.395  14.644 0.0000000000
42255  -20.853  -47.301  12.709 0.0000000000
40401  -21.689  -49.900  14.249 0.0000000000
46648  -34.456  -41.974  15.497 0.0000000000
46659  -32.550  -42.725  13.306 0.0000000000
60804  -36.156  -27.104  1.812 0.0000000000
60008  -38.258  -28.815  1.025 0.0000000000
113831  -38.545  -26.491  0.411 0.0000000000
63578  -42.425  -24.545  -1.938 0.0000000000
115771  -44.143  -23.177  -2.335 0.0000000000
63580  -47.562  -24.571  -2.073 0.0000000000
65309  -46.335  -22.361  -2.455 0.0000000000
67014  -47.414  -21.009  -3.077 0.0000000000
50337  -30.493  -38.716  14.010 0.0000000000
49475  -31.451  -39.929  11.575 0.0000000000
51285  -28.917  -38.001  12.212 0.0000000000
54424  -29.411  -34.462  8.155 0.0000000000
55350  -30.261  -32.730  6.724 0.0000000000
54459  -32.558  -34.630  5.211 0.0000000000
57324  -31.259  -31.215  5.363 0.0000000000
58253  -32.697  -29.931  3.916 0.0000000000
43908  -27.733  -45.603  12.714 0.0000000000
37305  -14.221  -52.350  14.837 0.0000000000
37315  -16.439  -52.185  14.079 0.0000000000
29322  -9.988  -60.875  17.992 0.0000000000
26184  -7.958  -63.019  18.258 0.0000000000
63534  -39.373  -24.029  2.089 0.0000000000
50340  -35.789  -37.831  13.919 0.0000000000
43117  -32.248  -46.304  13.409 0.0000000000
41332  -18.735  -48.820  14.555 0.0000000000
38407  -18.403  -51.385  13.828 0.0000000000
39402  -20.513  -50.683  14.089 0.0000000000
71599  -49.154  -15.879  -7.038 0.0000000000
45800  -36.068  -43.204  12.402 0.0000000000
46712  -36.217  -41.869  11.533 0.0000000000
133979  -33.929  -40.932  12.575 0.0000000000
45774  -21.050  -42.544  13.150 0.0000000000
44863  -23.514  -43.649  11.953 0.0000000000
48592  -23.928  -40.734  11.652 0.0000000000
47637  -26.320  -41.613  11.786 0.0000000000
43941  -28.783  -44.023  11.033 0.0000000000
45764  -29.605  -43.710  13.900 0.0000000000
43930  -30.825  -45.207  11.323 0.0000000000
43932  -32.499  -45.163  11.950 0.0000000000
44858  -34.311  -44.435  12.165 0.0000000000
56337  -37.455  -32.560  2.838 0.0000000000
62607  -39.990  -25.289  -0.436 0.0000000000
61699  -42.835  -26.848  -1.407 0.0000000000
67035  -48.045  -20.227  -4.538 0.0000000000
32319  -10.238  -56.976  16.145 0.0000000000
30302  -10.939  -58.947  17.514 0.0000000000
48596  -35.718  -40.147  10.946 0.0000000000
133123  -34.393  -38.815  10.511 0.0000000000
51303  -33.840  -38.156  9.945 0.0000000000
52356  -28.650  -36.558  10.290 0.0000000000
51317  -30.835  -37.346  8.438 0.0000000000
120651  -34.629  -37.692  8.933 0.0000000000
52396  -35.185  -37.049  7.272 0.0000000000
53479  -34.889  -36.047  5.216 0.0000000000
54477  -36.946  -35.082  3.588 0.0000000000
120817  -35.000  -31.901  2.605 0.0000000000
59993  -34.343  -28.763  2.873 0.0000000000
44819  -24.605  -44.064  14.749 0.0000000000
37293  -12.634  -52.706  16.650 0.0000000000
35191  -14.596  -54.899  15.805 0.0000000000
36241  -18.392  -53.098  15.646 0.0000000000
26189  -5.736  -63.614  18.550 0.0000000000
42248  -22.846  -47.503  13.201 0.0000000000
42241  -23.274  -47.355  14.153 0.0000000000
43112  -23.398  -46.172  13.109 0.0000000000
44828  -37.033  -43.816  14.780 0.0000000000
44849  -20.744  -44.251  12.562 0.0000000000
43906  -20.494  -45.820  13.539 0.0000000000
43126  -22.022  -46.685  12.331 0.0000000000
41362  -22.330  -48.015  12.990 0.0000000000
61664  -36.461  -26.205  2.165 0.0000000000
60816  -37.369  -27.044  1.005 0.0000000000
62571  -37.542  -25.414  2.082 0.0000000000
66083  -43.073  -21.692  -1.264 0.0000000000
65297  -43.176  -22.399  -1.684 0.0000000000
65307  -44.560  -22.234  -2.192 0.0000000000
65308  -45.461  -22.443  -2.428 0.0000000000
66085  -45.377  -21.530  -2.211 0.0000000000
67012  -45.601  -20.748  -2.364 0.0000000000
50347  -29.825  -38.351  13.552 0.0000000000
56269  -29.639  -32.047  8.585 0.0000000000
123792  -30.619  -31.982  6.322 0.0000000000
58227  -31.103  -30.336  7.139 0.0000000000
58239  -31.705  -29.731  6.605 0.0000000000
43113  -28.578  -46.100  12.574 0.0000000000
43099  -28.106  -46.443  14.265 0.0000000000
43100  -28.805  -46.391  13.616 0.0000000000
39385  -15.560  -50.720  15.230 0.0000000000
39398  -16.581  -50.901  14.369 0.0000000000
69824  -48.483  -17.856  -6.346 0.0000000000
27318  -9.093  -62.131  18.055 0.0000000000
49460  -38.519  -39.890  14.607 0.0000000000
50350  -36.127  -38.381  13.525 0.0000000000
43893  -33.392  -45.902  14.117 0.0000000000
43093  -33.628  -46.058  15.043 0.0000000000
134352  -20.383  -46.581  14.713 0.0000000000
42230  -19.593  -47.410  15.724 0.0000000000
41312  -18.776  -47.825  16.258 0.0000000000
41333  -19.343  -48.432  14.125 0.0000000000
40418  -19.025  -49.905  13.614 0.0000000000
41344  -19.881  -48.835  13.372 0.0000000000
40365  -22.613  -49.734  16.243 0.0000000000
39390  -22.096  -50.382  15.877 0.0000000000
126944  -34.874  -42.907  11.578 0.0000000000
46693  -34.733  -42.060  11.406 0.0000000000
46675  -33.760  -41.587  12.163 0.0000000000
47582  -21.976  -41.132  14.219 0.0000000000
47633  -22.657  -41.735  11.725 0.0000000000
48568  -23.010  -40.360  12.944 0.0000000000
47618  -26.533  -40.925  12.673 0.0000000000
47619  -27.182  -41.661  12.232 0.0000000000
46710  -27.844  -42.826  11.442 0.0000000000
46690  -28.312  -42.579  12.136 0.0000000000
44824  -30.858  -44.055  14.159 0.0000000000
44841  -30.575  -43.724  12.839 0.0000000000
45778  -29.657  -43.524  12.521 0.0000000000
44856  -31.147  -44.230  11.383 0.0000000000
43931  -31.657  -45.184  11.671 0.0000000000
44857  -31.936  -44.290  11.656 0.0000000000
46674  -33.286  -42.050  12.345 0.0000000000
45797  -33.443  -43.886  11.637 0.0000000000
45798  -34.345  -43.503  11.716 0.0000000000
44859  -34.982  -44.073  12.259 0.0000000000
57346  -36.872  -31.835  2.504 0.0000000000
57348  -38.686  -31.886  3.081 0.0000000000
58275  -37.761  -30.805  2.116 0.0000000000
60020  -39.343  -28.521  0.510 0.0000000000
59176  -39.521  -29.977  1.408 0.0000000000
63545  -39.746  -23.663  1.261 0.0000000000
63553  -39.441  -24.285  0.477 0.0000000000
63566  -40.237  -24.432  -0.472 0.0000000000
62627  -43.882  -25.881  -2.054 0.0000000000
61716  -42.327  -26.116  -1.626 0.0000000000
61717  -43.656  -26.738  -1.603 0.0000000000
60845  -44.469  -27.683  -0.680 0.0000000000
67026  -47.541  -20.409  -3.858 0.0000000000
68037  -46.653  -19.018  -4.181 0.0000000000
68959  -47.121  -18.748  -4.727 0.0000000000
35190  -11.165  -54.307  16.121 0.0000000000
34210  -10.304  -55.534  16.624 0.0000000000
33289  -11.504  -56.044  15.591 0.0000000000
31367  -12.086  -58.130  17.871 0.0000000000
30287  -11.271  -59.457  19.846 0.0000000000
132367  -34.825  -40.799  11.077 0.0000000000
47640  -36.173  -40.969  11.313 0.0000000000
48595  -34.988  -40.213  10.809 0.0000000000
49485  -30.771  -39.540  10.404 0.0000000000
49496  -32.979  -39.387  10.072 0.0000000000
50385  -33.121  -38.559  9.805 0.0000000000
50372  -34.059  -38.189  10.437 0.0000000000
51301  -31.941  -38.305  9.287 0.0000000000
54410  -28.507  -35.039  10.841 0.0000000000
54425  -29.802  -35.068  7.794 0.0000000000
53436  -29.976  -35.805  7.956 0.0000000000
53437  -30.672  -36.055  7.778 0.0000000000
52380  -32.302  -37.158  8.410 0.0000000000
52393  -32.314  -36.448  7.655 0.0000000000
52382  -34.845  -37.685  7.973 0.0000000000
53448  -32.811  -35.934  7.039 0.0000000000
54475  -32.830  -34.193  4.378 0.0000000000
53478  -33.947  -35.757  5.169 0.0000000000
54476  -34.713  -34.999  3.878 0.0000000000
53494  -36.354  -35.909  4.077 0.0000000000
54491  -35.116  -34.487  3.345 0.0000000000
115671  -35.853  -33.381  2.956 0.0000000000
56335  -34.095  -32.108  2.814 0.0000000000
59971  -33.108  -27.933  4.774 0.0000000000
59149  -33.714  -29.012  3.374 0.0000000000
59972  -33.799  -27.519  4.023 0.0000000000
133047  -24.229  -43.054  12.183 0.0000000000
44837  -24.399  -43.965  13.820 0.0000000000
44838  -25.015  -43.650  13.882 0.0000000000
131323  -15.567  -53.563  14.732 0.0000000000
36237  -14.154  -53.696  14.904 0.0000000000
133148  -15.844  -54.824  15.936 0.0000000000
38392  -19.834  -52.253  14.816 0.0000000000
37306  -18.517  -52.636  14.949 0.0000000000
37296  -19.607  -52.846  16.265 0.0000000000
41313  -22.996  -49.018  15.782 0.0000000000
130397  -23.341  -47.575  15.959 0.0000000000
43075  -23.411  -46.663  15.931 0.0000000000
43858  -23.562  -45.026  16.609 0.0000000000
44826  -35.488  -45.040  14.088 0.0000000000
43878  -35.255  -45.723  15.834 0.0000000000
44817  -20.449  -44.917  14.981 0.0000000000
43888  -20.517  -45.812  14.632 0.0000000000
42247  -20.377  -47.832  13.058 0.0000000000
41345  -20.574  -48.559  12.983 0.0000000000
41346  -21.198  -48.683  12.891 0.0000000000
40402  -22.274  -49.194  13.993 0.0000000000
46661  -33.756  -41.660  13.399 0.0000000000
47585  -34.299  -41.334  14.551 0.0000000000
45753  -31.683  -43.674  14.552 0.0000000000
45780  -32.159  -43.161  12.570 0.0000000000
46660  -33.228  -42.306  13.577 0.0000000000
59995  -35.925  -28.185  1.911 0.0000000000
59162  -37.245  -29.955  1.811 0.0000000000
60007  -37.362  -28.499  1.220 0.0000000000
60019  -38.545  -28.164  0.647 0.0000000000
127354  -38.986  -27.568  0.335 0.0000000000
64483  -41.548  -23.528  -1.239 0.0000000000
65296  -42.052  -22.941  -1.295 0.0000000000
64492  -43.693  -24.016  -2.301 0.0000000000
63585  -44.274  -24.491  -2.417 0.0000000000
62638  -46.241  -25.317  -2.361 0.0000000000
64494  -45.834  -23.882  -2.640 0.0000000000
64495  -46.587  -23.374  -2.468 0.0000000000
65310  -47.760  -22.146  -2.382 0.0000000000
66096  -47.232  -21.594  -2.698 0.0000000000
68021  -45.674  -19.907  -2.841 0.0000000000
116848  -13.932  -56.105  16.639 0.0000000000
32322  -12.638  -56.947  16.737 0.0000000000
32315  -14.042  -57.168  17.755 0.0000000000
49464  -31.479  -39.691  12.807 0.0000000000
49476  -32.340  -40.116  11.756 0.0000000000
50361  -30.789  -39.629  12.211 0.0000000000
50360  -30.142  -39.155  12.034 0.0000000000
50381  -29.384  -38.811  10.655 0.0000000000
120198  -28.874  -33.913  9.617 0.0000000000
56262  -29.287  -32.677  9.054 0.0000000000
54433  -29.432  -33.737  7.889 0.0000000000
54435  -30.846  -34.531  6.875 0.0000000000
54444  -31.671  -34.700  6.464 0.0000000000
55360  -31.351  -33.354  5.704 0.0000000000
56304  -31.655  -32.776  4.955 0.0000000000
56317  -32.175  -32.363  4.153 0.0000000000
57342  -32.829  -31.385  3.422 0.0000000000
58252  -32.112  -30.491  4.378 0.0000000000
44853  -26.489  -44.034  12.243 0.0000000000
44839  -26.072  -44.306  13.405 0.0000000000
44822  -26.975  -45.120  13.376 0.0000000000
127013  -15.697  -52.005  14.113 0.0000000000
36251  -16.550  -52.889  14.416 0.0000000000
29336  -9.715  -60.110  16.753 0.0000000000
31364  -8.349  -58.890  17.359 0.0000000000
29334  -8.531  -60.560  16.643 0.0000000000
28386  -8.034  -61.765  16.920 0.0000000000
28376  -6.899  -61.734  17.830 0.0000000000
51277  -35.250  -37.369  12.756 0.0000000000
43115  -30.483  -46.510  12.993 0.0000000000
43102  -30.685  -46.864  14.048 0.0000000000
126939  -18.150  -48.311  16.409 0.0000000000
40380  -18.056  -49.166  14.937 0.0000000000
39399  -17.519  -50.889  14.067 0.0000000000
39400  -18.508  -50.472  13.765 0.0000000000
38417  -19.065  -51.032  13.629 0.0000000000
38393  -20.566  -51.884  15.473 0.0000000000
39410  -20.922  -50.003  13.755 0.0000000000
39388  -21.011  -51.010  14.987 0.0000000000
38380  -20.976  -51.904  16.490 0.0000000000
70677  -48.750  -16.511  -6.689 0.0000000000
45783  -36.816  -43.189  13.746 0.0000000000
46696  -37.030  -42.076  12.993 0.0000000000
46695  -36.447  -42.380  12.234 0.0000000000
47638  -34.860  -41.340  11.205 0.0000000000
48582  -33.728  -40.700  12.327 0.0000000000
48561  -34.226  -40.832  14.269 0.0000000000
48573  -33.359  -40.287  13.448 0.0000000000
115515  -32.660  -39.740  14.203 0.0000000000
50338  -31.169  -39.046  14.454 0.0000000000
44850  -21.651  -44.298  11.898 0.0000000000
43940  -22.942  -45.100  11.853 0.0000000000
45808  -22.910  -43.577  11.572 0.0000000000
45809  -23.466  -42.735  11.644 0.0000000000
46707  -24.699  -41.889  11.542 0.0000000000
48570  -24.426  -39.957  12.751 0.0000000000
47636  -25.205  -41.203  11.640 0.0000000000
45811  -25.859  -42.741  11.726 0.0000000000
44864  -26.921  -43.638  11.577 0.0000000000
44866  -28.030  -44.273  11.100 0.0000000000
43909  -29.253  -45.706  11.556 0.0000000000
46658  -28.470  -42.731  14.212 0.0000000000
45794  -29.079  -43.577  11.640 0.0000000000
43929  -29.517  -44.670  11.105 0.0000000000
43910  -30.241  -45.932  11.884 0.0000000000
43911  -31.155  -46.028  12.179 0.0000000000
43912  -32.029  -45.950  12.516 0.0000000000
43913  -33.856  -45.507  13.331 0.0000000000
120765  -32.678  -44.200  11.626 0.0000000000
43933  -33.509  -45.020  12.152 0.0000000000
44842  -34.323  -45.047  12.819 0.0000000000
44843  -35.113  -44.677  13.021 0.0000000000
45782  -36.320  -43.579  13.298 0.0000000000
45773  -20.437  -43.426  13.149 0.0000000000
118871  -38.753  -30.585  1.889 0.0000000000
62585  -38.360  -25.093  1.357 0.0000000000
61685  -39.042  -25.981  0.098 0.0000000000
60841  -40.199  -27.017  -0.385 0.0000000000
62609  -41.276  -25.057  -1.425 0.0000000000
115945  -42.003  -26.841  -1.111 0.0000000000
124707  -41.850  -27.517  -0.741 0.0000000000
60034  -43.054  -28.070  -0.394 0.0000000000
133883  -48.652  -20.133  -5.388 0.0000000000
69823  -47.813  -18.042  -5.783 0.0000000000
123692  -47.333  -17.255  -5.416 0.0000000000
34197  -9.942  -55.933  17.085 0.0000000000
114332  -9.747  -57.727  16.372 0.0000000000
32321  -11.761  -57.144  16.294 0.0000000000
31372  -10.722  -57.948  16.411 0.0000000000
31365  -10.483  -58.699  16.719 0.0000000000
29328  -10.201  -60.230  17.479 0.0000000000
47621  -36.743  -41.403  12.229 0.0000000000
48584  -36.711  -40.456  12.018 0.0000000000
49479  -36.576  -39.590  12.034 0.0000000000
49489  -34.180  -39.602  10.468 0.0000000000
117877  -35.043  -39.477  10.752 0.0000000000
50363  -36.111  -38.722  12.406 0.0000000000
50373  -34.342  -38.048  11.345 0.0000000000
51294  -34.492  -37.690  11.439 0.0000000000
115705  -34.619  -37.303  11.289 0.0000000000
52340  -28.593  -37.280  11.685 0.0000000000
51300  -28.920  -38.212  10.122 0.0000000000
53428  -29.068  -35.547  9.209 0.0000000000
52367  -29.254  -37.131  9.051 0.0000000000
51310  -30.486  -37.960  8.865 0.0000000000
51312  -32.423  -37.805  9.054 0.0000000000
117147  -34.213  -37.835  10.066 0.0000000000
129368  -33.656  -35.805  6.012 0.0000000000
53451  -35.628  -36.716  6.809 0.0000000000
55376  -37.471  -34.215  3.358 0.0000000000
56336  -36.459  -32.578  2.708 0.0000000000
57345  -35.308  -30.856  2.504 0.0000000000
57343  -33.562  -31.321  3.017 0.0000000000
58265  -34.528  -30.361  2.682 0.0000000000
134611  -35.023  -29.642  2.481 0.0000000000
60803  -35.311  -27.368  2.375 0.0000000000
61663  -35.736  -26.486  2.550 0.0000000000
118867  -23.545  -45.358  12.930 0.0000000000
44801  -23.775  -44.880  15.397 0.0000000000
44803  -26.035  -44.707  15.308 0.0000000000
35207  -12.240  -54.340  15.408 0.0000000000
37304  -13.480  -52.604  15.311 0.0000000000
36236  -13.247  -53.512  15.227 0.0000000000
34228  -13.756  -54.837  15.542 0.0000000000
33282  -14.832  -55.917  16.856 0.0000000000
115438  -17.631  -51.825  14.125 0.0000000000
118183  -17.798  -52.898  15.105 0.0000000000
35212  -17.698  -53.685  15.717 0.0000000000
26176  -7.175  -63.669  19.879 0.0000000000
135512  -7.368  -63.201  18.234 0.0000000000
27316  -5.781  -62.355  18.486 0.0000000000
46662  -37.771  -42.357  14.353 0.0000000000
43127  -22.667  -46.533  12.389 0.0000000000
43111  -23.009  -46.777  12.742 0.0000000000
43926  -23.147  -45.858  12.368 0.0000000000
43924  -21.363  -45.233  12.166 0.0000000000
125681  -21.599  -46.098  12.249 0.0000000000
42257  -22.311  -47.317  12.622 0.0000000000
62556  -37.050  -25.522  2.640 0.0000000000
61665  -37.025  -25.957  1.900 0.0000000000
66997  -43.816  -21.046  -1.120 0.0000000000
65298  -43.760  -21.811  -1.700 0.0000000000
66084  -44.448  -21.215  -1.704 0.0000000000
67004  -44.947  -20.553  -1.873 0.0000000000
57312  -30.713  -31.155  6.712 0.0000000000
43101  -29.714  -46.632  13.993 0.0000000000
119988  -16.578  -49.846  15.843 0.0000000000
39386  -16.217  -50.413  14.994 0.0000000000
39387  -16.983  -50.202  14.735 0.0000000000
69830  -47.821  -17.199  -6.122 0.0000000000
132680  -48.371  -17.052  -6.465 0.0000000000
49459  -37.825  -39.263  14.148 0.0000000000
50351  -37.018  -38.799  13.816 0.0000000000
42240  -20.115  -47.212  14.052 0.0000000000
123665  -20.193  -47.020  15.205 0.0000000000
42239  -19.676  -47.665  14.658 0.0000000000
48555  -22.625  -40.572  13.919 0.0000000000
47584  -27.509  -41.469  14.016 0.0000000000
47600  -27.221  -41.311  13.083 0.0000000000
46671  -27.888  -41.878  12.862 0.0000000000
45779  -31.419  -43.537  12.039 0.0000000000
46692  -33.277  -42.801  11.606 0.0000000000
57357  -36.334  -31.050  2.369 0.0000000000
57358  -37.137  -31.220  2.305 0.0000000000
58274  -36.822  -30.506  2.112 0.0000000000
115726  -40.215  -28.640  0.329 0.0000000000
60021  -41.008  -28.503  0.194 0.0000000000
64461  -40.433  -23.185  0.837 0.0000000000
63554  -39.911  -23.845  0.252 0.0000000000
64473  -40.509  -23.500  -0.170 0.0000000000
61718  -44.504  -26.633  -1.705 0.0000000000
60861  -44.960  -27.209  -1.256 0.0000000000
35206  -11.467  -54.629  15.638 0.0000000000
34225  -11.207  -55.363  15.600 0.0000000000
48594  -34.137  -40.420  11.038 0.0000000000
49494  -31.495  -39.389  9.960 0.0000000000
50384  -32.137  -38.735  9.604 0.0000000000
53446  -30.525  -35.294  7.404 0.0000000000
53447  -31.389  -35.919  7.491 0.0000000000
117017  -32.053  -35.795  7.164 0.0000000000
52394  -33.352  -36.574  7.496 0.0000000000
119500  -33.712  -34.546  3.828 0.0000000000
54489  -33.850  -33.872  3.306 0.0000000000
55388  -34.338  -33.616  3.062 0.0000000000
55387  -33.720  -33.059  3.077 0.0000000000
45775  -24.645  -43.448  13.031 0.0000000000
36239  -16.304  -53.528  14.788 0.0000000000
35210  -15.928  -54.230  15.308 0.0000000000
35193  -16.536  -54.658  16.013 0.0000000000
37308  -19.950  -52.502  15.605 0.0000000000
37307  -19.206  -52.715  15.435 0.0000000000
32310  -8.721  -58.096  17.419 0.0000000000
48563  -38.230  -40.670  14.073 0.0000000000
41324  -23.208  -48.224  15.472 0.0000000000
41314  -23.245  -48.249  16.480 0.0000000000
127319  -23.505  -46.486  15.005 0.0000000000
43065  -23.319  -45.795  16.848 0.0000000000
43874  -23.540  -45.511  15.834 0.0000000000
44808  -35.696  -45.172  15.069 0.0000000000
45750  -20.340  -43.294  15.598 0.0000000000
129651  -20.031  -44.202  14.367 0.0000000000
43110  -20.635  -46.543  13.002 0.0000000000
122415  -20.429  -47.085  13.280 0.0000000000
41360  -21.041  -48.053  12.635 0.0000000000
41334  -22.723  -48.291  13.779 0.0000000000
41323  -22.832  -48.787  14.770 0.0000000000
114897  -34.006  -42.039  14.354 0.0000000000
45766  -32.232  -43.243  13.825 0.0000000000
46647  -33.680  -42.637  14.823 0.0000000000
59173  -36.719  -29.032  1.619 0.0000000000
60006  -36.644  -27.970  1.454 0.0000000000
132083  -37.882  -26.529  0.814 0.0000000000
60829  -38.155  -27.300  0.616 0.0000000000
66082  -42.534  -22.308  -1.271 0.0000000000
65306  -43.396  -23.180  -2.031 0.0000000000
127924  -44.428  -23.876  -2.502 0.0000000000
63586  -45.038  -24.396  -2.557 0.0000000000
64493  -45.034  -23.269  -2.632 0.0000000000
134942  -45.876  -23.055  -2.515 0.0000000000
116557  -47.041  -22.084  -2.523 0.0000000000
66095  -46.320  -21.543  -2.519 0.0000000000
133429  -45.203  -19.987  -2.185 0.0000000000
122662  -31.087  -39.205  13.675 0.0000000000
50348  -30.512  -38.993  13.020 0.0000000000
50359  -29.566  -38.564  12.647 0.0000000000
50370  -29.388  -38.737  11.675 0.0000000000
56279  -29.802  -32.350  7.623 0.0000000000
55330  -29.387  -32.942  8.143 0.0000000000
55339  -29.759  -33.303  7.333 0.0000000000
55340  -30.394  -33.705  6.754 0.0000000000
125849  -31.174  -33.946  6.357 0.0000000000
55351  -30.824  -33.289  6.330 0.0000000000
128440  -31.102  -32.099  5.530 0.0000000000
136404  -31.216  -32.736  5.536 0.0000000000
56316  -31.578  -31.819  4.739 0.0000000000
57325  -32.181  -31.411  4.070 0.0000000000
129354  -31.658  -31.030  4.713 0.0000000000
59124  -32.126  -29.314  5.710 0.0000000000
44840  -27.077  -44.787  12.431 0.0000000000
38405  -16.106  -51.472  14.157 0.0000000000
38404  -15.322  -51.380  14.617 0.0000000000
36250  -15.751  -52.810  14.305 0.0000000000
29327  -9.659  -60.860  17.134 0.0000000000
29335  -9.126  -60.729  16.636 0.0000000000
128029  -8.478  -62.524  17.779 0.0000000000
28378  -8.557  -61.758  16.939 0.0000000000
27330  -8.245  -62.248  17.235 0.0000000000
28377  -7.496  -61.770  17.290 0.0000000000
26191  -7.781  -62.763  17.743 0.0000000000
50341  -36.353  -38.078  14.368 0.0000000000
52291  -35.889  -37.348  14.013 0.0000000000
51278  -35.517  -37.614  13.279 0.0000000000
43116  -31.448  -46.610  13.333 0.0000000000
132314  -31.328  -46.785  14.324 0.0000000000
43103  -31.989  -46.565  14.233 0.0000000000
41322  -19.078  -48.080  15.149 0.0000000000
41321  -18.389  -48.462  15.537 0.0000000000
40364  -17.730  -48.811  15.965 0.0000000000
40398  -17.804  -49.969  14.402 0.0000000000
40399  -18.535  -49.616  14.059 0.0000000000
39409  -19.327  -50.399  13.602 0.0000000000
39401  -19.745  -50.960  13.793 0.0000000000
38409  -20.234  -51.503  14.404 0.0000000000
40421  -21.455  -49.337  13.445 0.0000000000
117623  -21.777  -50.907  16.414 0.0000000000
39389  -21.567  -50.811  15.676 0.0000000000
38394  -21.261  -51.334  15.979 0.0000000000
46676  -36.629  -42.838  13.077 0.0000000000
47620  -34.014  -41.270  11.892 0.0000000000
48583  -34.237  -40.947  11.628 0.0000000000
128748  -34.551  -40.943  15.101 0.0000000000
127468  -33.464  -40.002  14.600 0.0000000000
49456  -31.818  -39.498  13.883 0.0000000000
45790  -21.259  -43.417  12.361 0.0000000000
45791  -22.149  -43.487  11.723 0.0000000000
46685  -21.895  -42.478  12.147 0.0000000000
134485  -22.951  -41.122  11.763 0.0000000000
46705  -23.183  -42.077  11.496 0.0000000000
47634  -23.428  -41.329  11.587 0.0000000000
45810  -24.214  -42.387  11.711 0.0000000000
47635  -24.269  -41.261  11.533 0.0000000000
47617  -25.808  -40.827  12.135 0.0000000000
46708  -25.609  -42.073  11.586 0.0000000000
46709  -26.519  -42.494  11.626 0.0000000000
45812  -26.591  -43.062  11.611 0.0000000000
45813  -27.319  -43.108  11.422 0.0000000000
119185  -28.019  -43.576  11.096 0.0000000000
43928  -28.639  -44.917  11.274 0.0000000000
44804  -29.580  -44.082  14.902 0.0000000000
45751  -28.931  -43.447  14.748 0.0000000000
45763  -29.121  -43.116  13.557 0.0000000000
45777  -28.896  -43.109  12.418 0.0000000000
44855  -30.344  -44.415  11.104 0.0000000000
125471  -29.689  -43.921  11.310 0.0000000000
125651  -30.067  -45.247  11.158 0.0000000000
116709  -32.950  -45.847  12.993 0.0000000000
46691  -32.582  -43.214  11.673 0.0000000000
45799  -35.316  -43.442  11.969 0.0000000000
45781  -35.661  -43.941  12.748 0.0000000000
47597  -21.457  -41.730  13.690 0.0000000000
46656  -20.794  -42.140  14.163 0.0000000000
56319  -37.981  -33.269  3.499 0.0000000000
57333  -39.104  -32.167  3.731 0.0000000000
59174  -37.677  -29.394  1.399 0.0000000000
59163  -37.989  -30.118  1.687 0.0000000000
59175  -38.542  -29.715  1.352 0.0000000000
63533  -38.687  -24.485  1.897 0.0000000000
62586  -38.934  -24.485  1.046 0.0000000000
62597  -39.220  -25.091  0.089 0.0000000000
61696  -39.708  -26.097  -0.279 0.0000000000
61697  -40.470  -26.163  -0.776 0.0000000000
63577  -41.684  -24.394  -1.574 0.0000000000
118938  -40.953  -24.185  -0.992 0.0000000000
62625  -41.965  -25.273  -1.713 0.0000000000
60843  -42.573  -27.489  -0.865 0.0000000000
60033  -42.225  -28.063  -0.393 0.0000000000
134929  -44.416  -28.093  -0.191 0.0000000000
62630  -47.076  -25.308  -2.075 0.0000000000
67027  -48.540  -20.544  -3.977 0.0000000000
67036  -48.759  -20.433  -4.888 0.0000000000
69818  -47.277  -18.028  -5.030 0.0000000000
68046  -47.753  -19.025  -5.382 0.0000000000
33278  -10.441  -56.117  15.993 0.0000000000
33277  -9.963  -56.346  16.566 0.0000000000
123148  -9.579  -57.103  16.657 0.0000000000
32313  -12.155  -57.585  17.202 0.0000000000
31358  -11.650  -58.654  18.125 0.0000000000
31366  -11.362  -58.247  17.132 0.0000000000
30301  -10.336  -59.516  17.007 0.0000000000
30294  -10.718  -59.596  17.921 0.0000000000
29315  -10.646  -60.052  19.468 0.0000000000
48597  -36.284  -40.068  11.385 0.0000000000
48585  -37.228  -39.980  12.618 0.0000000000
49488  -33.258  -39.993  10.606 0.0000000000
49487  -32.224  -39.984  10.607 0.0000000000
49497  -33.727  -38.981  10.101 0.0000000000
134358  -33.539  -39.436  10.221 0.0000000000
49478  -35.831  -39.239  11.355 0.0000000000
50374  -34.852  -38.566  11.377 0.0000000000
127727  -35.240  -38.350  12.206 0.0000000000
52341  -34.330  -37.748  10.700 0.0000000000
52325  -34.845  -37.304  12.106 0.0000000000
52355  -28.492  -35.919  10.759 0.0000000000
52339  -28.485  -36.551  11.158 0.0000000000
125427  -28.685  -37.352  10.683 0.0000000000
125051  -28.851  -37.348  9.718 0.0000000000
115325  -28.787  -34.811  9.858 0.0000000000
54417  -29.076  -34.617  8.969 0.0000000000
52379  -30.305  -36.611  8.160 0.0000000000
52378  -29.502  -36.335  8.624 0.0000000000
51316  -29.892  -37.271  8.647 0.0000000000
51311  -31.470  -37.857  8.874 0.0000000000
51318  -31.708  -37.384  8.566 0.0000000000
52368  -33.136  -37.595  8.803 0.0000000000
52369  -34.047  -37.854  9.258 0.0000000000
52357  -34.529  -37.396  10.626 0.0000000000
52370  -34.722  -37.264  9.923 0.0000000000
52395  -34.289  -36.761  7.350 0.0000000000
54445  -32.435  -34.941  6.046 0.0000000000
124421  -32.973  -35.652  6.310 0.0000000000
53477  -33.073  -35.414  5.515 0.0000000000
53463  -34.428  -36.015  6.093 0.0000000000
53464  -35.343  -36.448  6.038 0.0000000000
53480  -36.760  -36.370  4.806 0.0000000000
54462  -37.355  -35.687  4.252 0.0000000000
54478  -37.731  -34.775  4.039 0.0000000000
55390  -36.507  -34.256  3.182 0.0000000000
136936  -35.585  -32.504  2.695 0.0000000000
118026  -35.920  -31.772  2.540 0.0000000000
58262  -32.551  -30.759  3.775 0.0000000000
126435  -33.101  -30.607  3.333 0.0000000000
58264  -34.126  -29.673  2.912 0.0000000000
59994  -35.099  -28.449  2.387 0.0000000000
121232  -34.470  -27.631  3.042 0.0000000000
60794  -34.994  -26.677  3.062 0.0000000000
132271  -23.094  -44.324  11.728 0.0000000000
44851  -23.439  -44.675  12.338 0.0000000000
44818  -23.982  -44.562  14.597 0.0000000000
44802  -24.178  -44.501  15.477 0.0000000000
44778  -23.783  -44.745  16.090 0.0000000000
44821  -26.481  -44.924  14.310 0.0000000000
44820  -25.449  -44.135  14.626 0.0000000000
43089  -30.117  -46.985  14.873 0.0000000000
36223  -11.908  -53.219  16.305 0.0000000000
36235  -12.326  -53.550  15.578 0.0000000000
38377  -13.932  -51.784  15.579 0.0000000000
35209  -14.421  -54.375  15.311 0.0000000000
35208  -13.725  -54.159  15.154 0.0000000000
133556  -13.061  -54.300  15.247 0.0000000000
34212  -14.287  -55.405  16.236 0.0000000000
132267  -17.919  -52.378  14.603 0.0000000000
36224  -18.315  -53.589  16.197 0.0000000000
71586  -48.283  -15.812  -6.822 0.0000000000
26182  -6.256  -64.195  19.435 0.0000000000
128746  -6.577  -63.620  18.667 0.0000000000
26190  -6.829  -63.098  18.056 0.0000000000
27327  -5.742  -62.970  18.368 0.0000000000
42249  -23.227  -46.892  13.397 0.0000000000
43098  -23.492  -46.335  14.023 0.0000000000
44827  -36.535  -44.307  14.659 0.0000000000
44835  -20.160  -44.229  13.439 0.0000000000
43923  -20.450  -45.076  12.980 0.0000000000
119936  -20.883  -45.900  12.663 0.0000000000
43125  -21.240  -46.673  12.504 0.0000000000
42256  -21.540  -47.403  12.549 0.0000000000
60815  -36.807  -27.268  1.380 0.0000000000
61674  -36.825  -26.588  1.539 0.0000000000
60828  -37.451  -26.076  1.327 0.0000000000
61675  -38.077  -25.822  0.955 0.0000000000
132228  -43.789  -22.531  -2.032 0.0000000000
51276  -29.110  -37.822  13.178 0.0000000000
57311  -30.262  -31.734  7.154 0.0000000000
114877  -30.931  -31.431  5.997 0.0000000000
58245  -31.140  -30.667  6.154 0.0000000000
58246  -31.650  -30.266  5.327 0.0000000000
43892  -28.092  -46.146  13.423 0.0000000000
117228  -28.831  -46.734  14.547 0.0000000000
68052  -48.904  -19.226  -6.226 0.0000000000
68972  -49.016  -18.618  -6.419 0.0000000000
28363  -9.519  -61.459  18.653 0.0000000000
28369  -9.459  -61.517  17.592 0.0000000000
27307  -8.973  -62.045  18.828 0.0000000000
27317  -8.524  -62.540  18.533 0.0000000000
50349  -35.417  -38.067  13.097 0.0000000000
43104  -32.710  -46.225  14.113 0.0000000000
43105  -33.067  -46.187  14.777 0.0000000000
126693  -33.131  -46.333  15.409 0.0000000000
43081  -33.664  -46.347  16.013 0.0000000000
43086  -20.574  -46.314  15.465 0.0000000000
43073  -20.235  -46.732  16.261 0.0000000000
40400  -19.188  -49.241  13.749 0.0000000000
40419  -19.686  -49.671  13.515 0.0000000000
116339  -20.100  -50.179  13.625 0.0000000000
115005  -22.382  -49.708  15.108 0.0000000000
39377  -22.293  -50.424  16.803 0.0000000000
46694  -35.741  -42.623  11.544 0.0000000000
47614  -21.704  -41.904  12.859 0.0000000000
47598  -22.209  -41.192  13.154 0.0000000000
129560  -22.650  -41.040  12.208 0.0000000000
47616  -23.357  -40.610  11.995 0.0000000000
48572  -26.223  -40.443  13.426 0.0000000000
47599  -26.820  -40.810  13.691 0.0000000000
46688  -27.191  -42.305  11.645 0.0000000000
46689  -27.732  -42.173  11.905 0.0000000000
45814  -28.486  -43.299  11.454 0.0000000000
44805  -30.317  -44.311  15.022 0.0000000000
44823  -30.075  -44.166  14.017 0.0000000000
137309  -29.927  -43.831  13.332 0.0000000000
45795  -30.499  -43.753  11.706 0.0000000000
46673  -32.686  -42.521  12.411 0.0000000000
56338  -38.371  -32.428  3.233 0.0000000000
57347  -37.857  -31.748  2.603 0.0000000000
57359  -38.640  -31.360  2.539 0.0000000000
134809  -38.813  -28.686  0.783 0.0000000000
60009  -39.072  -29.186  0.968 0.0000000000
59186  -39.898  -29.291  0.786 0.0000000000
63565  -39.712  -24.575  -0.080 0.0000000000
62626  -42.875  -25.388  -2.084 0.0000000000
121899  -43.080  -26.228  -1.852 0.0000000000
60844  -43.523  -27.455  -0.953 0.0000000000
60860  -44.221  -27.172  -1.283 0.0000000000
60846  -45.347  -27.645  -0.624 0.0000000000
67025  -46.559  -20.317  -3.431 0.0000000000
68038  -47.407  -19.607  -4.585 0.0000000000
68039  -48.138  -19.944  -5.174 0.0000000000
35189  -10.736  -54.808  16.395 0.0000000000
34224  -10.692  -55.415  15.928 0.0000000000
32324  -10.864  -56.522  15.754 0.0000000000
30286  -10.964  -59.510  18.902 0.0000000000
47639  -35.489  -40.894  10.993 0.0000000000
49486  -31.408  -39.802  10.615 0.0000000000
49495  -32.170  -39.351  9.956 0.0000000000
122698  -32.863  -38.220  9.491 0.0000000000
53435  -29.453  -35.325  8.412 0.0000000000
52392  -31.342  -36.724  8.006 0.0000000000
126442  -32.979  -36.993  8.149 0.0000000000
52381  -33.850  -37.449  8.186 0.0000000000
53449  -33.818  -35.990  6.816 0.0000000000
54460  -33.289  -35.055  4.665 0.0000000000
54461  -34.011  -35.302  4.344 0.0000000000
53492  -34.561  -35.681  4.528 0.0000000000
128780  -35.758  -36.402  4.938 0.0000000000
53493  -35.317  -35.806  4.272 0.0000000000
54492  -35.809  -34.982  3.595 0.0000000000
120426  -35.650  -34.213  3.192 0.0000000000
55389  -35.006  -33.851  3.046 0.0000000000
125446  -34.767  -32.938  2.776 0.0000000000
59135  -32.696  -29.216  4.385 0.0000000000
59148  -33.142  -29.176  3.877 0.0000000000
59980  -33.400  -28.408  3.942 0.0000000000
59981  -33.926  -28.264  3.421 0.0000000000
44852  -23.988  -43.784  12.854 0.0000000000
36249  -14.755  -53.072  14.566 0.0000000000
36238  -15.019  -53.963  15.019 0.0000000000
35192  -15.199  -54.616  15.606 0.0000000000
34213  -15.256  -55.250  16.294 0.0000000000
38408  -19.323  -51.753  14.058 0.0000000000
37316  -18.509  -52.116  14.298 0.0000000000
37317  -19.138  -52.390  14.631 0.0000000000
36225  -18.868  -53.175  16.265 0.0000000000
48562  -38.026  -39.986  13.852 0.0000000000
49467  -37.550  -39.618  13.364 0.0000000000
133004  -23.033  -49.120  16.645 0.0000000000
41302  -22.993  -48.687  17.494 0.0000000000
42220  -23.285  -47.119  16.697 0.0000000000
42231  -23.356  -47.431  15.203 0.0000000000
44825  -34.677  -45.278  13.707 0.0000000000
43895  -34.956  -45.484  14.743 0.0000000000
44800  -20.913  -44.819  15.945 0.0000000000
122074  -20.180  -44.998  13.992 0.0000000000
129950  -20.165  -48.335  13.227 0.0000000000
41361  -21.701  -48.055  12.708 0.0000000000
122907  -21.967  -48.645  13.183 0.0000000000
45767  -32.999  -43.038  14.282 0.0000000000
122296  -36.527  -29.778  1.969 0.0000000000
137050  -37.177  -27.740  1.174 0.0000000000
60817  -37.776  -27.943  0.873 0.0000000000
114399  -39.891  -27.839  0.050 0.0000000000
64474  -41.127  -23.177  -0.551 0.0000000000
65295  -41.573  -22.834  -0.853 0.0000000000
64484  -42.182  -23.714  -1.684 0.0000000000
114744  -42.704  -23.067  -1.674 0.0000000000
64485  -42.907  -23.857  -2.009 0.0000000000
63579  -43.099  -24.565  -2.197 0.0000000000
62635  -43.701  -24.931  -2.308 0.0000000000
62636  -44.530  -25.166  -2.327 0.0000000000
62629  -45.812  -25.984  -2.045 0.0000000000
62637  -45.394  -25.272  -2.377 0.0000000000
120497  -45.824  -24.690  -2.559 0.0000000000
120053  -46.635  -24.436  -2.425 0.0000000000
63587  -47.303  -23.741  -2.254 0.0000000000
67013  -46.410  -20.926  -2.824 0.0000000000
34211  -13.381  -55.594  15.962 0.0000000000
33290  -12.461  -55.820  15.691 0.0000000000
33281  -13.019  -56.295  16.352 0.0000000000
33269  -13.553  -56.756  17.058 0.0000000000
49465  -32.522  -39.912  13.056 0.0000000000
49474  -30.716  -39.672  11.331 0.0000000000
50371  -30.064  -39.230  11.048 0.0000000000
50382  -30.124  -39.203  10.069 0.0000000000
55323  -29.052  -33.178  9.510 0.0000000000
55329  -29.130  -33.642  8.723 0.0000000000
54434  -29.900  -34.329  7.339 0.0000000000
53462  -32.258  -35.379  6.683 0.0000000000
54458  -31.868  -34.207  5.805 0.0000000000
131569  -30.904  -32.698  6.046 0.0000000000
55361  -32.097  -33.739  5.035 0.0000000000
55374  -32.412  -33.283  4.231 0.0000000000
56318  -32.852  -32.783  3.579 0.0000000000
56333  -32.605  -32.031  3.595 0.0000000000
59134  -32.242  -29.626  4.761 0.0000000000
59125  -32.571  -28.741  5.063 0.0000000000
59961  -32.886  -28.074  5.776 0.0000000000
43890  -26.907  -45.504  15.030 0.0000000000
43891  -27.430  -45.751  14.016 0.0000000000
128824  -27.615  -46.214  14.990 0.0000000000
38403  -14.565  -51.682  14.907 0.0000000000
37314  -15.015  -52.216  14.438 0.0000000000
37283  -20.695  -52.402  17.102 0.0000000000
113847  -8.972  -59.202  16.424 0.0000000000
31369  -8.760  -58.568  16.757 0.0000000000
30305  -8.487  -59.809  16.646 0.0000000000
30299  -7.865  -60.395  16.958 0.0000000000
28379  -9.120  -61.421  16.915 0.0000000000
122549  -8.547  -61.234  16.737 0.0000000000
29333  -7.942  -61.169  16.828 0.0000000000
29326  -7.362  -61.104  17.401 0.0000000000
64450  -40.611  -23.247  1.751 0.0000000000
64451  -41.330  -22.816  1.659 0.0000000000
52308  -35.647  -37.152  13.324 0.0000000000
43090  -30.852  -46.797  15.000 0.0000000000
43094  -34.367  -45.905  15.416 0.0000000000
40420  -20.555  -49.330  13.292 0.0000000000
40381  -21.687  -50.409  15.036 0.0000000000
39403  -21.178  -50.423  14.395 0.0000000000
70676  -47.919  -16.473  -6.468 0.0000000000
46677  -37.213  -42.598  13.716 0.0000000000
46711  -35.686  -41.706  11.137 0.0000000000
47601  -33.998  -41.127  13.241 0.0000000000
48574  -33.885  -40.706  13.407 0.0000000000
48560  -33.880  -40.449  14.176 0.0000000000
50328  -31.269  -38.925  15.338 0.0000000000
127634  -22.225  -45.015  11.795 0.0000000000
44862  -22.528  -44.342  11.660 0.0000000000
46686  -22.708  -42.693  11.588 0.0000000000
45792  -25.202  -43.079  12.226 0.0000000000
48556  -23.920  -40.009  14.235 0.0000000000
48569  -23.813  -39.922  13.323 0.0000000000
48579  -24.151  -40.245  12.016 0.0000000000
48581  -25.745  -40.399  12.836 0.0000000000
48580  -25.023  -40.365  12.206 0.0000000000
48593  -24.511  -40.689  11.722 0.0000000000
46687  -24.972  -42.520  11.758 0.0000000000
45793  -26.112  -43.343  11.994 0.0000000000
44854  -27.332  -44.307  11.557 0.0000000000
44865  -27.586  -43.791  11.231 0.0000000000
43927  -27.804  -45.038  11.629 0.0000000000
133311  -28.355  -45.605  11.826 0.0000000000
118324  -28.109  -42.112  13.811 0.0000000000
46672  -28.591  -42.473  13.172 0.0000000000
45796  -32.113  -43.573  11.841 0.0000000000
44844  -36.041  -44.386  13.736 0.0000000000
45768  -36.646  -43.737  14.134 0.0000000000
46670  -20.326  -42.873  13.933 0.0000000000
135797  -20.070  -43.583  13.864 0.0000000000
62572  -38.221  -24.813  2.287 0.0000000000
62584  -37.918  -25.457  1.571 0.0000000000
62596  -38.620  -25.446  0.603 0.0000000000
60830  -39.397  -26.870  0.008 0.0000000000
60831  -40.681  -27.771  -0.195 0.0000000000
62608  -40.658  -25.235  -0.998 0.0000000000
61698  -41.361  -26.008  -1.294 0.0000000000
60842  -41.121  -27.064  -0.737 0.0000000000
60032  -41.450  -27.927  -0.302 0.0000000000
60023  -42.653  -28.595  0.098 0.0000000000
60035  -43.884  -28.069  -0.286 0.0000000000
67045  -49.246  -20.243  -5.555 0.0000000000
68047  -48.574  -19.654  -5.775 0.0000000000
68965  -48.369  -18.777  -6.071 0.0000000000
70670  -46.595  -16.065  -5.113 0.0000000000
33268  -9.624  -56.487  17.263 0.0000000000
33280  -12.131  -56.540  15.967 0.0000000000
33279  -11.392  -56.733  15.801 0.0000000000
32320  -10.907  -57.267  15.981 0.0000000000
32312  -11.373  -57.654  16.538 0.0000000000
131578  -10.307  -57.615  16.245 0.0000000000
31371  -10.030  -58.293  16.357 0.0000000000
31370  -9.358  -58.482  16.446 0.0000000000
113786  -9.692  -59.191  16.537 0.0000000000
122845  -10.466  -60.169  18.457 0.0000000000
118547  -10.044  -60.661  19.047 0.0000000000
47602  -37.593  -41.838  13.703 0.0000000000
124400  -37.194  -40.699  12.630 0.0000000000
50362  -34.846  -37.811  12.330 0.0000000000
52324  -28.579  -37.051  12.727 0.0000000000
53407  -28.315  -35.618  12.333 0.0000000000
52323  -28.381  -36.428  12.032 0.0000000000
51293  -28.922  -38.093  11.187 0.0000000000
50393  -29.477  -38.747  9.796 0.0000000000
53421  -28.719  -35.713  10.061 0.0000000000
120087  -28.992  -36.444  9.472 0.0000000000
51309  -29.413  -38.041  9.193 0.0000000000
50394  -30.265  -38.718  9.274 0.0000000000
50395  -31.126  -38.409  9.094 0.0000000000
51302  -33.434  -38.026  9.482 0.0000000000
52342  -35.259  -36.923  11.635 0.0000000000
115286  -35.415  -37.384  9.049 0.0000000000
55377  -37.962  -33.979  4.015 0.0000000000
55391  -37.006  -33.419  2.975 0.0000000000
56334  -33.239  -32.137  3.173 0.0000000000
57344  -34.390  -31.183  2.718 0.0000000000
58263  -33.404  -29.803  3.340 0.0000000000
126041  -33.839  -30.489  2.956 0.0000000000
59161  -35.876  -29.219  2.085 0.0000000000
61654  -36.412  -25.801  3.072 0.0000000000
43907  -23.645  -45.373  13.825 0.0000000000
44836  -23.837  -44.503  13.448 0.0000000000
116820  -24.897  -44.277  15.579 0.0000000000
43875  -25.669  -44.805  16.117 0.0000000000
44779  -24.164  -44.532  16.182 0.0000000000
133921  -29.424  -47.017  14.898 0.0000000000
130952  -11.428  -53.796  16.386 0.0000000000
36222  -11.641  -53.865  15.837 0.0000000000
37303  -12.717  -52.879  15.786 0.0000000000
36248  -13.915  -53.014  14.829 0.0000000000
134761  -12.693  -53.908  15.332 0.0000000000
34227  -12.806  -55.050  15.417 0.0000000000
38406  -16.871  -51.561  14.136 0.0000000000
135478  -17.024  -52.025  14.092 0.0000000000
132731  -17.200  -52.500  14.417 0.0000000000
36240  -17.072  -53.278  14.964 0.0000000000
37282  -20.027  -52.924  16.978 0.0000000000
36214  -19.279  -53.293  16.971 0.0000000000
35195  -18.033  -54.190  16.492 0.0000000000
35194  -17.319  -54.442  16.210 0.0000000000
69831  -49.088  -17.228  -6.571 0.0000000000
27305  -7.818  -62.870  19.906 0.0000000000
26177  -7.899  -63.020  19.071 0.0000000000
26183  -7.325  -63.534  18.841 0.0000000000
27328  -6.709  -62.456  17.998 0.0000000000
122871  -5.253  -64.248  18.177 0.0000000000
127378  -5.389  -63.424  18.093 0.0000000000
27329  -7.586  -62.357  17.458 0.0000000000
27331  -8.908  -62.005  17.334 0.0000000000
30295  -11.202  -59.130  18.345 0.0000000000
30306  -9.114  -59.961  16.480 0.0000000000
33288  -10.892  -55.907  15.644 0.0000000000
35205  -10.963  -54.856  15.853 0.0000000000
39397  -15.918  -50.922  14.563 0.0000000000
43097  -20.406  -46.500  13.892 0.0000000000
46655  -20.464  -42.517  14.899 0.0000000000
46706  -23.862  -41.929  11.569 0.0000000000
47615  -22.190  -41.658  12.358 0.0000000000
48571  -25.610  -40.088  13.674 0.0000000000
54490  -34.429  -34.259  3.326 0.0000000000
60832  -44.931  -28.088  -0.098 0.0000000000
123386  -23.730  -40.097  12.556 0.0000000000
126013  -32.957  -28.675  4.393 0.0000000000
127786  -8.484  -59.192  16.806 0.0000000000
131034  -23.269  -40.146  13.811 0.0000000000
