#!ascii label  , from subject sub-v1s7x0051324_ses-1 vox2ras=TkReg
345
79868  -25.766  -6.757  -55.691 0.0000000000
126281  -22.031  -10.874  -54.454 0.0000000000
75551  -28.090  -10.661  -55.018 0.0000000000
72100  -24.394  -15.327  -54.583 0.0000000000
130014  -24.973  5.408  -52.083 0.0000000000
125637  -26.341  2.020  -52.442 0.0000000000
83875  -22.697  -1.427  -54.536 0.0000000000
69387  -23.470  -18.391  -52.554 0.0000000000
120628  -23.129  -13.101  -54.650 0.0000000000
72976  -21.983  -14.907  -54.046 0.0000000000
88846  -25.610  4.012  -52.089 0.0000000000
87157  -23.603  2.385  -53.524 0.0000000000
79854  -22.583  -6.120  -54.358 0.0000000000
82214  -21.688  -4.034  -52.834 0.0000000000
82234  -24.460  -3.867  -55.408 0.0000000000
83062  -25.725  -2.555  -54.822 0.0000000000
81455  -27.169  -5.096  -54.408 0.0000000000
79858  -28.168  -6.857  -54.387 0.0000000000
78041  -20.988  -8.461  -53.207 0.0000000000
78063  -24.009  -8.656  -55.888 0.0000000000
78064  -26.558  -8.442  -55.673 0.0000000000
125949  -25.120  -10.821  -55.606 0.0000000000
73886  -26.190  -12.936  -55.355 0.0000000000
137166  -27.541  -15.123  -53.995 0.0000000000
84645  -21.537  -0.223  -52.444 0.0000000000
85468  -24.463  0.603  -54.679 0.0000000000
84648  -27.528  -0.381  -52.337 0.0000000000
71183  -21.825  -16.103  -52.047 0.0000000000
120839  -23.781  -16.631  -53.427 0.0000000000
73854  -21.582  -13.718  -53.579 0.0000000000
72962  -21.134  -14.278  -51.822 0.0000000000
87976  -23.687  3.483  -52.986 0.0000000000
120977  -22.415  2.050  -52.569 0.0000000000
79866  -24.127  -6.584  -55.562 0.0000000000
80660  -23.580  -5.168  -55.051 0.0000000000
80669  -25.268  -5.568  -55.458 0.0000000000
126208  -25.588  -4.203  -55.190 0.0000000000
80671  -26.209  -5.839  -55.309 0.0000000000
80662  -27.065  -5.913  -54.686 0.0000000000
79870  -26.838  -6.900  -55.242 0.0000000000
128133  -21.370  -9.839  -53.899 0.0000000000
78051  -22.054  -8.608  -54.471 0.0000000000
77190  -22.826  -9.539  -55.097 0.0000000000
77192  -24.425  -9.259  -55.841 0.0000000000
125840  -23.503  -10.720  -55.211 0.0000000000
73872  -24.209  -14.108  -55.046 0.0000000000
73884  -24.652  -13.222  -55.155 0.0000000000
73873  -25.233  -13.950  -55.000 0.0000000000
121447  -26.657  -14.299  -54.623 0.0000000000
72102  -26.117  -15.715  -54.487 0.0000000000
89711  -23.643  5.445  -51.607 0.0000000000
90490  -23.702  6.239  -51.206 0.0000000000
90492  -24.625  6.931  -51.717 0.0000000000
91249  -25.051  7.579  -52.065 0.0000000000
89713  -26.676  5.723  -51.917 0.0000000000
87148  -25.870  2.591  -52.501 0.0000000000
127796  -21.891  -3.216  -53.193 0.0000000000
83849  -21.444  -1.810  -52.527 0.0000000000
84669  -22.205  -0.771  -54.148 0.0000000000
86315  -23.056  0.540  -54.296 0.0000000000
84685  -23.729  -0.587  -55.197 0.0000000000
83050  -27.506  -2.823  -53.585 0.0000000000
83864  -26.711  -1.531  -53.477 0.0000000000
83850  -27.796  -1.783  -52.761 0.0000000000
77195  -26.928  -9.143  -55.636 0.0000000000
126533  -27.796  -8.604  -55.248 0.0000000000
69374  -21.919  -18.210  -51.388 0.0000000000
70283  -22.325  -17.449  -51.869 0.0000000000
71185  -23.161  -16.905  -52.883 0.0000000000
135152  -23.629  -17.898  -52.700 0.0000000000
75547  -21.749  -11.536  -54.046 0.0000000000
75549  -22.905  -11.860  -54.771 0.0000000000
73869  -21.942  -13.063  -53.983 0.0000000000
73855  -21.967  -14.064  -54.087 0.0000000000
72977  -22.912  -15.121  -54.102 0.0000000000
136270  -24.370  5.061  -52.178 0.0000000000
88829  -25.978  4.961  -51.950 0.0000000000
87977  -24.817  3.942  -52.550 0.0000000000
87993  -24.703  3.285  -53.018 0.0000000000
126499  -25.148  2.089  -53.369 0.0000000000
79839  -21.549  -6.251  -52.999 0.0000000000
80648  -22.389  -5.320  -53.781 0.0000000000
81453  -22.625  -4.545  -54.038 0.0000000000
128135  -23.554  -2.708  -55.088 0.0000000000
83885  -24.115  -1.370  -55.355 0.0000000000
82235  -25.015  -3.305  -55.374 0.0000000000
82228  -26.279  -3.414  -54.680 0.0000000000
82216  -27.957  -4.132  -53.581 0.0000000000
81442  -27.799  -4.929  -53.890 0.0000000000
67582  -23.993  -20.215  -52.674 0.0000000000
69389  -24.760  -18.870  -53.172 0.0000000000
78978  -21.792  -7.728  -54.086 0.0000000000
134747  -23.243  -7.539  -55.217 0.0000000000
123502  -24.980  -7.721  -56.189 0.0000000000
123501  -26.234  -7.835  -55.712 0.0000000000
120686  -24.926  -8.399  -56.146 0.0000000000
77194  -26.140  -9.149  -55.809 0.0000000000
126937  -26.680  -10.888  -55.511 0.0000000000
75565  -23.621  -11.554  -55.067 0.0000000000
75567  -25.479  -11.656  -55.542 0.0000000000
74719  -27.146  -12.150  -54.978 0.0000000000
74702  -27.552  -12.854  -54.580 0.0000000000
72978  -28.187  -14.460  -53.828 0.0000000000
88830  -27.291  4.916  -51.612 0.0000000000
86298  -22.518  1.329  -53.192 0.0000000000
86317  -24.187  1.469  -54.242 0.0000000000
86311  -25.998  1.175  -53.214 0.0000000000
84687  -25.066  -0.866  -55.052 0.0000000000
84658  -26.183  -0.183  -53.414 0.0000000000
85456  -27.115  0.479  -52.514 0.0000000000
78995  -27.557  -7.655  -55.117 0.0000000000
78981  -28.605  -7.532  -54.511 0.0000000000
71169  -21.242  -15.481  -51.326 0.0000000000
72077  -21.543  -15.459  -52.281 0.0000000000
72090  -23.226  -15.840  -53.788 0.0000000000
72091  -24.149  -15.950  -54.018 0.0000000000
69402  -24.900  -18.202  -53.441 0.0000000000
70307  -25.471  -17.556  -53.759 0.0000000000
71211  -25.546  -16.441  -54.282 0.0000000000
87144  -21.933  2.257  -51.746 0.0000000000
79867  -25.094  -6.461  -55.670 0.0000000000
80668  -24.327  -5.586  -55.407 0.0000000000
80670  -25.820  -6.134  -55.551 0.0000000000
125999  -25.815  -5.525  -55.363 0.0000000000
80672  -26.656  -6.222  -55.116 0.0000000000
79869  -26.287  -6.647  -55.485 0.0000000000
76348  -21.410  -10.641  -53.824 0.0000000000
76358  -21.785  -10.073  -54.351 0.0000000000
77174  -22.204  -9.470  -54.626 0.0000000000
76359  -22.435  -10.210  -54.777 0.0000000000
76374  -23.119  -10.181  -55.220 0.0000000000
75564  -22.800  -11.025  -54.894 0.0000000000
135792  -24.270  -14.730  -54.799 0.0000000000
72987  -24.860  -14.754  -54.839 0.0000000000
72988  -25.889  -14.750  -54.799 0.0000000000
72101  -25.270  -15.557  -54.663 0.0000000000
130102  -24.226  5.604  -51.899 0.0000000000
90491  -24.081  6.334  -51.403 0.0000000000
121778  -24.758  6.173  -51.992 0.0000000000
119751  -25.343  6.752  -52.168 0.0000000000
90493  -26.292  6.519  -52.213 0.0000000000
89712  -25.662  5.918  -52.115 0.0000000000
87149  -26.569  2.536  -51.958 0.0000000000
126868  -26.998  1.851  -52.046 0.0000000000
83060  -22.614  -2.230  -54.199 0.0000000000
83047  -21.599  -2.561  -52.793 0.0000000000
83862  -21.771  -1.850  -53.229 0.0000000000
84656  -21.694  -1.036  -53.249 0.0000000000
83863  -22.139  -1.587  -53.848 0.0000000000
84670  -22.947  -0.656  -54.749 0.0000000000
83876  -23.416  -1.339  -55.086 0.0000000000
83865  -27.381  -2.003  -53.300 0.0000000000
76377  -27.344  -10.088  -55.439 0.0000000000
76378  -28.029  -9.764  -55.204 0.0000000000
68517  -23.201  -19.000  -52.347 0.0000000000
68508  -22.576  -19.075  -51.816 0.0000000000
69375  -22.737  -18.295  -52.083 0.0000000000
123044  -23.062  -17.582  -52.483 0.0000000000
74683  -21.590  -12.271  -53.633 0.0000000000
74698  -22.024  -12.230  -54.158 0.0000000000
74668  -21.354  -13.057  -53.222 0.0000000000
72975  -21.538  -14.483  -53.481 0.0000000000
72986  -22.755  -14.335  -54.270 0.0000000000
88843  -23.606  4.226  -52.482 0.0000000000
88844  -24.208  4.529  -52.547 0.0000000000
87991  -23.831  2.893  -53.397 0.0000000000
87992  -24.169  3.208  -53.272 0.0000000000
129403  -24.138  2.795  -53.471 0.0000000000
87147  -25.259  2.650  -53.036 0.0000000000
87159  -24.564  2.618  -53.393 0.0000000000
79853  -21.952  -6.719  -53.888 0.0000000000
79840  -22.079  -5.957  -53.606 0.0000000000
81461  -23.966  -4.539  -55.319 0.0000000000
81454  -23.255  -4.467  -54.727 0.0000000000
82226  -22.837  -3.733  -54.357 0.0000000000
82227  -23.588  -3.582  -55.052 0.0000000000
127980  -24.157  -2.944  -55.375 0.0000000000
82237  -26.127  -4.311  -54.879 0.0000000000
82229  -26.731  -4.314  -54.529 0.0000000000
83064  -26.980  -3.312  -54.177 0.0000000000
82230  -27.355  -4.254  -54.078 0.0000000000
79857  -27.530  -6.404  -54.561 0.0000000000
79841  -28.030  -6.190  -54.097 0.0000000000
67583  -24.397  -20.271  -52.462 0.0000000000
127412  -21.325  -7.921  -53.457 0.0000000000
78062  -23.204  -8.833  -55.382 0.0000000000
78979  -22.800  -8.185  -54.935 0.0000000000
78989  -23.569  -8.090  -55.605 0.0000000000
121043  -23.876  -7.370  -55.685 0.0000000000
78990  -24.364  -7.918  -56.048 0.0000000000
76376  -24.768  -9.998  -55.712 0.0000000000
77193  -25.306  -9.164  -55.900 0.0000000000
124257  -25.647  -9.970  -55.779 0.0000000000
123305  -26.459  -9.981  -55.688 0.0000000000
125778  -25.948  -10.841  -55.694 0.0000000000
74700  -23.344  -12.450  -54.848 0.0000000000
73885  -25.561  -13.140  -55.300 0.0000000000
74716  -25.051  -12.435  -55.356 0.0000000000
74717  -25.849  -12.394  -55.500 0.0000000000
74718  -26.470  -12.310  -55.330 0.0000000000
74701  -26.761  -12.943  -54.993 0.0000000000
72103  -26.766  -15.030  -54.388 0.0000000000
72989  -27.375  -14.368  -54.287 0.0000000000
87961  -26.582  4.060  -51.684 0.0000000000
81440  -21.509  -4.785  -52.545 0.0000000000
85447  -21.055  0.181  -51.460 0.0000000000
85453  -21.536  0.595  -51.970 0.0000000000
136869  -22.214  1.364  -52.606 0.0000000000
85454  -22.041  0.688  -52.762 0.0000000000
86316  -23.752  0.871  -54.601 0.0000000000
86318  -24.745  1.198  -54.128 0.0000000000
85461  -25.164  0.634  -54.193 0.0000000000
83887  -25.268  -1.789  -55.006 0.0000000000
83886  -24.778  -1.524  -55.251 0.0000000000
83877  -25.685  -1.628  -54.489 0.0000000000
84659  -27.213  -1.173  -52.829 0.0000000000
125199  -26.552  -0.847  -53.227 0.0000000000
84647  -26.817  -0.256  -52.862 0.0000000000
85455  -26.434  0.558  -53.073 0.0000000000
78065  -26.859  -7.867  -55.499 0.0000000000
78053  -28.110  -7.914  -54.901 0.0000000000
71171  -21.947  -16.753  -51.761 0.0000000000
71170  -21.396  -16.327  -51.247 0.0000000000
136684  -21.524  -15.812  -51.715 0.0000000000
71197  -22.792  -16.247  -53.217 0.0000000000
71198  -24.737  -16.703  -53.958 0.0000000000
73841  -21.212  -13.900  -52.773 0.0000000000
72946  -21.306  -14.782  -52.668 0.0000000000
87975  -23.038  3.573  -52.417 0.0000000000
87146  -23.126  2.820  -52.977 0.0000000000
136156  -22.966  -6.533  -54.813 0.0000000000
79855  -23.400  -6.007  -55.031 0.0000000000
81462  -24.789  -4.767  -55.432 0.0000000000
127442  -25.108  -4.197  -55.402 0.0000000000
81463  -25.466  -4.897  -55.312 0.0000000000
81464  -25.963  -5.066  -55.106 0.0000000000
80661  -26.532  -5.302  -54.846 0.0000000000
79856  -27.071  -6.536  -54.916 0.0000000000
79871  -27.418  -7.059  -54.929 0.0000000000
128100  -20.948  -9.919  -53.324 0.0000000000
77163  -21.140  -9.212  -53.609 0.0000000000
78042  -21.449  -8.556  -53.874 0.0000000000
77173  -21.615  -9.311  -54.189 0.0000000000
78052  -22.610  -8.953  -54.889 0.0000000000
77191  -23.560  -9.427  -55.537 0.0000000000
76375  -23.900  -10.058  -55.528 0.0000000000
125944  -24.225  -10.793  -55.416 0.0000000000
73871  -23.354  -13.819  -54.627 0.0000000000
73883  -23.775  -13.213  -55.001 0.0000000000
73874  -26.215  -13.697  -55.054 0.0000000000
90494  -27.250  6.347  -52.062 0.0000000000
87979  -26.100  3.262  -51.960 0.0000000000
87980  -27.018  3.235  -51.599 0.0000000000
83020  -21.169  -2.701  -51.697 0.0000000000
83843  -21.087  -1.682  -51.612 0.0000000000
121879  -21.354  -1.085  -52.333 0.0000000000
84646  -22.043  -0.137  -53.496 0.0000000000
121279  -22.526  0.588  -53.679 0.0000000000
85465  -22.570  -0.036  -54.302 0.0000000000
85466  -23.358  0.064  -54.794 0.0000000000
85467  -24.041  0.118  -55.178 0.0000000000
83063  -26.326  -2.518  -54.362 0.0000000000
83878  -26.286  -1.817  -53.959 0.0000000000
83049  -26.894  -2.323  -53.845 0.0000000000
124935  -27.267  -8.412  -55.456 0.0000000000
77196  -27.623  -9.125  -55.393 0.0000000000
77175  -28.245  -9.150  -55.105 0.0000000000
70282  -21.650  -17.260  -51.313 0.0000000000
71184  -22.466  -16.680  -52.431 0.0000000000
70305  -23.749  -17.430  -52.929 0.0000000000
75536  -21.253  -11.473  -53.372 0.0000000000
75548  -22.331  -11.683  -54.482 0.0000000000
74699  -22.597  -12.557  -54.471 0.0000000000
73870  -22.622  -13.483  -54.348 0.0000000000
72099  -23.655  -14.687  -54.530 0.0000000000
88816  -23.177  4.821  -51.589 0.0000000000
88845  -24.961  4.626  -52.124 0.0000000000
116185  -24.167  3.865  -52.957 0.0000000000
87978  -25.367  3.282  -52.559 0.0000000000
86299  -25.797  1.896  -53.012 0.0000000000
81441  -22.090  -4.658  -53.254 0.0000000000
80659  -22.950  -5.263  -54.522 0.0000000000
82215  -22.303  -3.868  -53.566 0.0000000000
128126  -23.017  -2.894  -54.611 0.0000000000
83061  -23.185  -2.099  -54.828 0.0000000000
83071  -23.816  -2.093  -55.303 0.0000000000
83072  -24.529  -2.253  -55.347 0.0000000000
83073  -25.180  -2.458  -55.188 0.0000000000
82236  -25.674  -3.381  -55.056 0.0000000000
121745  -27.572  -3.571  -53.733 0.0000000000
83051  -28.128  -3.296  -53.212 0.0000000000
82217  -28.530  -3.927  -53.162 0.0000000000
122235  -28.506  -4.624  -53.433 0.0000000000
80663  -27.623  -5.710  -54.223 0.0000000000
75550  -28.072  -11.864  -54.637 0.0000000000
68518  -23.972  -19.249  -52.804 0.0000000000
78966  -21.442  -7.175  -53.318 0.0000000000
137573  -22.272  -7.941  -54.540 0.0000000000
129461  -22.589  -7.187  -54.646 0.0000000000
79865  -23.363  -6.862  -55.185 0.0000000000
78991  -24.672  -7.249  -55.929 0.0000000000
121330  -25.373  -7.229  -55.911 0.0000000000
127374  -25.984  -7.259  -55.733 0.0000000000
78992  -25.545  -7.808  -56.007 0.0000000000
120742  -25.794  -8.445  -55.913 0.0000000000
75566  -24.582  -11.625  -55.370 0.0000000000
74715  -24.135  -12.424  -55.157 0.0000000000
75568  -26.197  -11.640  -55.546 0.0000000000
136544  -26.760  -11.647  -55.329 0.0000000000
75569  -27.369  -11.216  -55.193 0.0000000000
73875  -27.069  -13.629  -54.605 0.0000000000
72990  -27.894  -13.642  -54.235 0.0000000000
124651  -27.636  3.974  -51.410 0.0000000000
86297  -21.834  1.383  -51.966 0.0000000000
87156  -23.055  1.974  -53.422 0.0000000000
86307  -23.111  1.180  -53.886 0.0000000000
86308  -23.702  1.732  -53.950 0.0000000000
87158  -24.080  2.307  -53.718 0.0000000000
86309  -24.650  1.844  -53.729 0.0000000000
86310  -25.359  1.377  -53.638 0.0000000000
84686  -24.399  -0.674  -55.263 0.0000000000
84672  -25.056  -0.048  -54.723 0.0000000000
84673  -25.958  -1.024  -53.746 0.0000000000
117020  -25.444  -0.720  -54.467 0.0000000000
84657  -25.566  -0.123  -54.011 0.0000000000
85462  -25.790  0.599  -53.605 0.0000000000
86300  -26.588  1.315  -52.663 0.0000000000
86301  -27.423  1.140  -52.058 0.0000000000
78993  -26.568  -7.320  -55.502 0.0000000000
78994  -27.088  -7.459  -55.303 0.0000000000
78066  -27.689  -8.138  -55.209 0.0000000000
78980  -27.920  -7.415  -54.801 0.0000000000
129436  -21.270  -14.966  -51.830 0.0000000000
72088  -21.672  -15.252  -53.290 0.0000000000
72078  -22.070  -15.881  -52.876 0.0000000000
72089  -22.336  -15.575  -53.649 0.0000000000
130521  -23.681  -15.365  -54.176 0.0000000000
69388  -24.199  -18.223  -52.971 0.0000000000
70306  -24.503  -17.462  -53.423 0.0000000000
71210  -24.835  -16.039  -54.442 0.0000000000
83048  -22.090  -2.397  -53.534 0.0000000000
84671  -24.581  -0.135  -55.069 0.0000000000
128132  -22.478  -3.050  -53.898 0.0000000000
133873  -27.288  -7.895  -55.334 0.0000000000
137465  -21.057  -13.696  -52.093 0.0000000000
