#!ascii label  , from subject sub-v1s7x0051324_ses-1 vox2ras=TkReg
2052
43712  -28.953  -46.214  -60.583 0.5000000000
42891  -29.472  -46.644  -60.940 0.5000000000
44551  -29.504  -45.774  -60.937 0.4000000060
44559  -30.149  -46.140  -61.349 0.5000000000
44552  -30.159  -45.276  -61.018 0.5000000000
45522  -30.480  -44.624  -60.545 0.5000000000
131989  -32.358  -30.313  -57.719 0.5000000000
59698  -32.367  -29.722  -57.696 0.4000000060
59699  -33.235  -29.172  -57.657 0.4000000060
60514  -34.141  -28.061  -58.183 0.6000000238
61361  -33.723  -28.286  -58.018 0.5000000000
60515  -34.447  -27.633  -58.175 0.5000000000
61356  -33.664  -27.471  -58.046 0.5000000000
61362  -34.164  -27.353  -58.309 0.4000000060
61363  -34.735  -26.924  -58.262 0.4000000060
62235  -33.943  -26.674  -58.319 0.5000000000
62240  -34.296  -26.607  -58.422 0.5000000000
62236  -35.180  -26.184  -57.937 0.4000000060
42004  -29.380  -47.965  -60.362 0.5000000000
42884  -29.661  -47.377  -60.855 0.4000000060
43720  -30.658  -46.488  -61.435 0.5000000000
43713  -31.565  -46.310  -61.039 0.5000000000
44553  -31.099  -45.304  -60.636 0.5000000000
45514  -31.401  -44.998  -59.835 0.5000000000
135803  -31.208  -44.415  -59.691 0.5000000000
57917  -30.749  -31.545  -56.964 0.5000000000
57918  -31.632  -31.469  -57.124 0.5000000000
123876  -32.046  -30.868  -57.659 0.5000000000
58797  -32.631  -30.732  -57.247 0.5000000000
58798  -32.856  -29.951  -57.624 0.5000000000
60511  -33.848  -28.725  -57.937 0.6000000238
65800  -36.394  -22.650  -54.890 0.3000000119
61358  -35.164  -26.760  -57.555 0.4000000060
65809  -36.217  -22.879  -55.738 0.3000000119
64145  -35.393  -24.733  -57.691 0.4000000060
63197  -35.454  -25.459  -57.370 0.3000000119
64136  -35.685  -24.051  -57.021 0.4000000060
120955  -28.985  -47.314  -60.488 0.5000000000
137353  -30.614  -45.279  -60.895 0.5000000000
44560  -30.774  -45.850  -61.270 0.5000000000
46445  -30.595  -43.927  -60.123 0.5000000000
59695  -33.398  -29.451  -57.469 0.6000000238
122117  -36.230  -22.161  -55.844 0.3000000119
65015  -35.949  -23.411  -56.296 0.3000000119
34014  -39.573  -56.615  -60.499 0.3000000119
34015  -40.248  -56.322  -60.696 0.3000000119
34029  -40.645  -56.897  -61.061 0.4000000060
34995  -41.156  -55.443  -60.703 0.4000000060
34030  -41.426  -56.827  -61.279 0.4000000060
35002  -41.774  -55.855  -61.195 0.4000000060
35003  -42.388  -55.037  -61.276 0.4000000060
126579  -42.793  -55.945  -61.553 0.4000000060
126112  -43.342  -55.118  -61.591 0.4000000060
36042  -43.882  -54.151  -61.541 0.4000000060
34993  -39.818  -55.847  -60.287 0.3000000119
36022  -40.226  -54.267  -59.795 0.4000000060
34994  -40.537  -55.589  -60.472 0.4000000060
36030  -40.907  -54.753  -60.262 0.4000000060
34996  -41.631  -54.891  -60.812 0.4000000060
36031  -41.564  -54.111  -60.387 0.4000000060
37091  -42.605  -53.592  -60.860 0.4000000060
38173  -44.489  -52.390  -61.420 0.4000000060
117424  -43.778  -53.126  -61.304 0.4000000060
37061  -38.207  -53.050  -58.360 0.3000000119
114499  -38.996  -52.961  -58.852 0.3000000119
37079  -40.329  -53.380  -59.553 0.4000000060
118229  -40.397  -52.488  -59.300 0.4000000060
37089  -41.010  -53.835  -59.880 0.4000000060
37090  -41.621  -53.329  -60.142 0.4000000060
38162  -42.336  -52.893  -60.441 0.4000000060
37092  -43.078  -52.950  -60.889 0.4000000060
39166  -42.455  -51.128  -60.184 0.4000000060
38172  -43.687  -52.262  -61.041 0.4000000060
123210  -43.345  -49.307  -60.503 0.4000000060
40166  -42.524  -50.228  -60.171 0.4000000060
39179  -43.633  -51.398  -60.798 0.4000000060
38131  -37.354  -52.477  -57.176 0.3000000119
37069  -37.826  -53.698  -58.412 0.3000000119
119616  -38.481  -51.867  -57.732 0.3000000119
136068  -40.640  -51.964  -59.320 0.3000000119
38161  -41.703  -52.505  -59.956 0.4000000060
39165  -41.683  -51.551  -59.782 0.4000000060
41083  -41.492  -49.650  -59.496 0.4000000060
122089  -41.981  -50.775  -59.826 0.4000000060
39177  -42.352  -51.992  -60.217 0.4000000060
121587  -41.782  -48.900  -59.517 0.4000000060
42875  -41.429  -47.545  -58.975 0.4000000060
39144  -37.938  -51.783  -57.280 0.3000000119
39131  -37.916  -51.062  -56.816 0.3000000119
39145  -38.592  -51.100  -57.478 0.3000000119
39146  -39.317  -50.969  -57.920 0.3000000119
39154  -39.802  -51.331  -58.393 0.4000000060
39155  -40.300  -51.727  -58.970 0.4000000060
119095  -40.263  -50.009  -58.519 0.4000000060
39164  -40.836  -51.461  -59.418 0.4000000060
42871  -39.796  -47.109  -57.641 0.3000000119
41988  -40.397  -48.335  -58.306 0.4000000060
122316  -41.242  -50.609  -59.536 0.4000000060
42872  -40.455  -46.964  -58.195 0.3000000119
41989  -40.941  -48.338  -58.766 0.4000000060
41082  -40.773  -49.872  -59.091 0.4000000060
42874  -40.742  -47.644  -58.472 0.4000000060
41042  -36.827  -50.040  -53.957 0.3000000119
40110  -37.047  -50.365  -54.616 0.3000000119
41951  -36.645  -48.690  -52.472 0.3000000119
122615  -37.450  -51.808  -56.620 0.3000000119
40125  -37.375  -50.593  -55.394 0.3000000119
40139  -37.832  -50.363  -56.248 0.3000000119
41055  -37.970  -48.967  -55.701 0.3000000119
40140  -38.304  -50.226  -57.042 0.3000000119
124068  -38.315  -48.685  -56.159 0.3000000119
41985  -39.115  -48.668  -57.307 0.3000000119
41067  -38.705  -49.405  -57.194 0.3000000119
41980  -38.957  -47.992  -56.867 0.3000000119
41068  -39.264  -49.309  -57.653 0.3000000119
126106  -39.506  -47.919  -57.431 0.3000000119
41069  -39.778  -48.689  -57.906 0.4000000060
44531  -39.712  -45.604  -57.628 0.3000000119
43695  -40.114  -46.278  -57.915 0.4000000060
44532  -40.411  -45.459  -58.294 0.4000000060
44539  -41.103  -45.426  -58.936 0.4000000060
41029  -36.882  -49.142  -53.862 0.3000000119
41043  -37.201  -49.577  -54.542 0.3000000119
41962  -36.765  -48.317  -53.341 0.3000000119
41054  -37.580  -49.240  -55.125 0.3000000119
41971  -37.740  -48.478  -55.172 0.3000000119
43684  -38.078  -46.807  -55.411 0.3000000119
41972  -38.151  -48.224  -55.731 0.3000000119
43691  -38.490  -46.671  -56.105 0.3000000119
42868  -38.724  -47.332  -56.493 0.3000000119
41979  -38.513  -48.068  -56.313 0.3000000119
133988  -38.628  -45.873  -56.391 0.3000000119
43692  -38.918  -46.556  -56.720 0.3000000119
44526  -39.101  -45.783  -57.003 0.3000000119
45494  -39.212  -44.924  -57.306 0.3000000119
45502  -39.437  -44.131  -57.748 0.3000000119
45509  -40.484  -44.713  -58.856 0.4000000060
125478  -36.656  -47.945  -52.636 0.3000000119
41931  -36.705  -48.079  -51.795 0.3000000119
41968  -37.351  -48.799  -54.570 0.3000000119
42854  -37.100  -47.634  -53.932 0.3000000119
137424  -37.078  -47.081  -50.986 0.3000000119
115348  -37.228  -45.723  -50.958 0.3000000119
42856  -37.479  -47.990  -54.604 0.3000000119
44508  -37.062  -45.887  -53.365 0.3000000119
44471  -37.655  -45.670  -50.244 0.3000000119
135988  -37.620  -44.570  -54.733 0.3000000119
44518  -37.775  -46.056  -55.003 0.3000000119
42860  -37.884  -47.659  -55.246 0.3000000119
45486  -37.836  -44.650  -55.213 0.3000000119
44519  -38.256  -45.960  -55.688 0.3000000119
46412  -38.163  -43.835  -55.644 0.3000000119
131205  -38.753  -44.699  -56.763 0.3000000119
46425  -38.958  -43.458  -57.328 0.3000000119
119521  -39.809  -44.130  -58.522 0.4000000060
45517  -40.346  -44.413  -59.781 0.5000000000
42853  -36.741  -47.404  -53.171 0.3000000119
42831  -36.827  -47.192  -51.595 0.3000000119
44504  -36.877  -45.799  -52.541 0.3000000119
44495  -36.953  -45.769  -51.729 0.3000000119
43683  -37.547  -46.991  -54.602 0.3000000119
117772  -37.148  -45.078  -52.980 0.3000000119
45454  -38.092  -44.351  -50.085 0.3000000119
44472  -38.435  -44.858  -49.515 0.3000000119
124679  -37.475  -44.465  -54.261 0.3000000119
44512  -37.412  -46.008  -54.201 0.3000000119
46411  -37.782  -43.201  -54.919 0.3000000119
45438  -38.723  -44.061  -49.526 0.3000000119
47320  -38.516  -42.335  -56.363 0.3000000119
47310  -38.253  -42.804  -55.641 0.3000000119
124833  -41.117  -42.643  -50.460 0.3000000119
128090  -38.545  -43.178  -56.442 0.3000000119
47329  -38.760  -42.562  -57.121 0.3000000119
46426  -39.370  -43.430  -58.179 0.3000000119
46433  -39.508  -43.455  -59.121 0.4000000060
46442  -39.699  -43.814  -59.979 0.5000000000
44505  -37.113  -45.048  -52.114 0.3000000119
44496  -37.233  -45.125  -51.391 0.3000000119
45475  -37.377  -44.344  -53.455 0.3000000119
126111  -37.332  -44.289  -52.528 0.3000000119
46395  -37.469  -43.475  -52.088 0.3000000119
45465  -37.424  -44.300  -51.469 0.3000000119
122697  -37.639  -44.033  -54.821 0.3000000119
45453  -37.735  -43.947  -50.761 0.3000000119
47249  -38.727  -42.695  -50.487 0.3000000119
47266  -39.153  -41.942  -50.858 0.3000000119
47250  -39.579  -42.460  -50.304 0.3000000119
135910  -41.559  -41.083  -52.233 0.3000000119
48236  -40.475  -41.417  -51.369 0.3000000119
127888  -38.665  -41.924  -56.946 0.3000000119
48313  -38.818  -41.863  -57.644 0.3000000119
47330  -39.026  -42.699  -57.884 0.3000000119
47339  -39.123  -42.777  -58.657 0.3000000119
46398  -37.471  -43.508  -53.045 0.3000000119
47294  -37.735  -42.754  -54.300 0.3000000119
46403  -37.512  -43.563  -54.064 0.3000000119
48247  -37.944  -42.013  -53.165 0.3000000119
47275  -38.193  -41.939  -52.200 0.3000000119
47264  -37.770  -42.769  -51.678 0.3000000119
48291  -38.349  -41.958  -55.652 0.3000000119
48277  -38.298  -41.512  -54.882 0.3000000119
48259  -37.964  -41.987  -54.058 0.3000000119
135657  -38.180  -41.598  -53.572 0.3000000119
49196  -38.753  -40.461  -53.436 0.3000000119
132346  -38.717  -41.215  -52.230 0.3000000119
47265  -38.383  -42.283  -51.244 0.3000000119
122727  -38.488  -41.168  -55.725 0.3000000119
50062  -40.888  -39.660  -52.546 0.3000000119
48249  -39.282  -40.880  -51.887 0.3000000119
50079  -40.690  -39.092  -52.999 0.3000000119
49171  -40.523  -40.196  -52.209 0.3000000119
49159  -40.056  -40.719  -51.709 0.3000000119
51008  -41.891  -38.878  -53.490 0.3000000119
50080  -41.535  -39.439  -52.934 0.3000000119
132178  -38.824  -41.125  -57.692 0.4000000060
50081  -42.479  -39.793  -53.442 0.3000000119
48325  -38.892  -41.347  -58.326 0.4000000060
49221  -43.632  -40.903  -54.482 0.3000000119
135251  -38.978  -42.289  -58.915 0.3000000119
47348  -39.052  -42.586  -59.592 0.4000000060
49238  -44.684  -41.113  -55.621 0.3000000119
120931  -39.347  -43.237  -60.061 0.5000000000
47351  -39.454  -42.791  -60.769 0.5000000000
49237  -38.526  -40.558  -55.020 0.3000000119
49220  -38.642  -40.289  -54.200 0.3000000119
50077  -39.059  -39.754  -53.844 0.3000000119
50078  -39.831  -39.192  -53.451 0.3000000119
49264  -38.855  -40.531  -57.268 0.4000000060
51007  -41.204  -38.581  -53.392 0.3000000119
51029  -42.600  -38.782  -53.958 0.3000000119
116041  -38.970  -40.605  -58.095 0.4000000060
49275  -39.002  -40.768  -58.945 0.5000000000
128161  -43.282  -39.767  -54.267 0.3000000119
135666  -43.739  -40.153  -54.732 0.4000000060
50115  -44.336  -39.521  -55.572 0.4000000060
121230  -39.059  -40.982  -59.857 0.5000000000
125512  -44.628  -40.264  -55.798 0.3000000119
48335  -39.279  -41.798  -60.558 0.6000000238
48337  -40.016  -42.519  -61.827 0.6000000238
50128  -38.792  -39.783  -55.716 0.3000000119
50113  -39.170  -39.070  -55.203 0.3000000119
51047  -40.013  -37.847  -55.180 0.3000000119
49251  -38.791  -40.162  -56.513 0.3000000119
51026  -39.674  -38.446  -54.747 0.3000000119
51027  -40.383  -37.931  -54.294 0.3000000119
124785  -40.967  -37.972  -53.731 0.3000000119
124186  -41.119  -37.524  -54.156 0.4000000060
49265  -39.112  -39.912  -57.801 0.4000000060
51028  -41.734  -37.996  -53.852 0.4000000060
52042  -42.619  -37.822  -54.397 0.4000000060
50148  -39.404  -39.328  -58.258 0.5000000000
51030  -43.352  -38.703  -54.595 0.4000000060
52060  -43.416  -37.825  -55.013 0.4000000060
51049  -44.484  -38.710  -55.978 0.4000000060
50154  -39.539  -39.389  -59.158 0.5000000000
49280  -39.402  -40.161  -59.713 0.6000000238
50114  -43.820  -39.534  -54.952 0.4000000060
51048  -43.955  -38.681  -55.289 0.4000000060
50130  -44.835  -39.600  -56.244 0.4000000060
51058  -45.016  -38.750  -56.687 0.4000000060
49282  -39.632  -40.812  -60.768 0.6000000238
49253  -45.179  -40.715  -56.327 0.3000000119
50131  -45.476  -39.747  -57.068 0.4000000060
49286  -40.315  -41.638  -61.781 0.6000000238
48338  -41.330  -42.477  -62.973 0.6999999881
50129  -39.238  -39.077  -56.019 0.3000000119
137463  -39.805  -38.031  -55.764 0.3000000119
52056  -40.204  -37.556  -55.984 0.3000000119
49252  -39.064  -39.766  -57.061 0.3000000119
51057  -39.513  -38.543  -57.211 0.3000000119
52057  -40.839  -37.229  -54.961 0.3000000119
52058  -41.745  -36.749  -55.277 0.4000000060
51062  -39.517  -38.764  -57.891 0.5000000000
52059  -42.679  -36.988  -54.966 0.4000000060
130116  -43.418  -37.145  -55.491 0.4000000060
51068  -39.673  -38.551  -58.717 0.5000000000
52061  -44.046  -37.868  -55.687 0.4000000060
51075  -39.845  -38.783  -59.893 0.6000000238
52067  -44.619  -37.887  -56.386 0.4000000060
51063  -45.649  -38.494  -57.799 0.4000000060
50160  -40.021  -39.995  -60.820 0.6000000238
50149  -45.934  -39.370  -58.040 0.4000000060
123426  -46.591  -39.364  -58.775 0.4000000060
117141  -41.714  -41.719  -62.805 0.6999999881
124828  -41.659  -42.871  -63.846 0.6999999881
47355  -40.950  -42.991  -62.872 0.6999999881
52063  -39.829  -37.725  -56.952 0.4000000060
52065  -41.064  -36.910  -55.986 0.4000000060
53078  -41.194  -36.500  -56.840 0.4000000060
52072  -39.737  -38.060  -57.818 0.4000000060
52073  -40.138  -37.251  -57.648 0.4000000060
53079  -41.847  -36.448  -56.159 0.4000000060
52078  -39.983  -37.589  -58.566 0.4000000060
136812  -42.990  -36.736  -55.415 0.4000000060
53073  -43.216  -36.539  -55.809 0.4000000060
52066  -44.004  -37.014  -56.141 0.4000000060
53081  -44.233  -36.365  -56.687 0.4000000060
117722  -44.699  -37.125  -56.751 0.4000000060
135764  -45.064  -37.115  -57.152 0.4000000060
51084  -40.641  -38.357  -60.788 0.6000000238
52068  -45.223  -37.859  -57.189 0.4000000060
51069  -46.157  -38.632  -58.401 0.4000000060
51083  -40.369  -39.252  -60.841 0.6000000238
51091  -41.475  -39.289  -61.651 0.6999999881
50167  -42.283  -40.205  -62.539 0.6999999881
51070  -46.859  -38.847  -59.193 0.4000000060
49287  -41.934  -40.904  -62.602 0.6999999881
47362  -41.665  -42.808  -64.076 0.6999999881
53084  -40.666  -36.678  -57.457 0.4000000060
122284  -42.645  -36.134  -56.244 0.4000000060
51076  -39.994  -37.906  -59.652 0.6000000238
119094  -40.296  -37.203  -59.293 0.5000000000
53080  -43.496  -36.180  -56.336 0.4000000060
135587  -41.113  -37.853  -61.059 0.6999999881
52074  -44.860  -36.516  -57.134 0.4000000060
52098  -41.957  -38.512  -61.665 0.6999999881
53087  -45.414  -36.951  -57.621 0.4000000060
52080  -46.461  -37.951  -58.744 0.4000000060
53093  -46.061  -37.087  -58.330 0.4000000060
50172  -42.880  -40.210  -63.570 0.6999999881
52086  -47.335  -38.184  -59.662 0.4000000060
49292  -42.356  -41.498  -63.604 0.6999999881
52093  -48.976  -37.866  -60.631 0.4000000060
52081  -49.706  -37.586  -59.136 0.4000000060
53097  -40.703  -36.580  -59.610 0.4000000060
53092  -41.232  -35.903  -58.840 0.4000000060
53085  -41.227  -36.174  -57.719 0.4000000060
53086  -42.024  -35.929  -57.011 0.4000000060
52085  -40.627  -37.352  -60.358 0.6999999881
53104  -41.103  -36.723  -60.503 0.5000000000
54140  -42.969  -35.672  -56.787 0.4000000060
52092  -41.733  -37.483  -61.147 0.6999999881
54147  -44.345  -35.700  -57.262 0.4000000060
54148  -45.174  -35.991  -57.666 0.4000000060
52099  -42.807  -38.076  -62.181 0.6999999881
118514  -44.725  -35.188  -58.010 0.4000000060
54153  -45.633  -35.504  -58.430 0.4000000060
50173  -43.254  -39.449  -63.687 0.6999999881
53094  -46.327  -36.312  -58.677 0.4000000060
128004  -42.673  -39.519  -62.618 0.6999999881
122169  -47.216  -36.329  -59.482 0.4000000060
119982  -47.509  -37.278  -59.681 0.4000000060
54163  -48.252  -35.965  -60.174 0.4000000060
49293  -42.532  -40.927  -64.004 0.6999999881
52088  -48.842  -36.846  -60.547 0.4000000060
49295  -42.144  -41.355  -64.270 0.6999999881
52089  -49.908  -37.315  -60.164 0.4000000060
53095  -49.348  -36.764  -58.534 0.4000000060
54151  -41.902  -35.346  -58.729 0.4000000060
54144  -41.872  -35.552  -57.985 0.4000000060
54145  -42.638  -35.407  -57.535 0.4000000060
53105  -41.988  -36.637  -60.882 0.6000000238
53098  -41.280  -36.019  -60.118 0.5000000000
54152  -42.584  -35.090  -58.393 0.5000000000
134613  -43.144  -35.079  -57.882 0.4000000060
46431  -31.242  -43.662  -58.589 0.4000000060
45496  -31.698  -44.493  -57.896 0.5000000000
130217  -43.857  -35.042  -57.859 0.4000000060
52100  -43.655  -37.843  -62.758 0.6000000238
51093  -43.659  -38.408  -63.249 0.6000000238
55083  -46.006  -34.729  -59.107 0.4000000060
51097  -43.666  -38.752  -63.841 0.6999999881
54154  -46.539  -35.488  -59.104 0.4000000060
50177  -43.433  -39.043  -64.071 0.6999999881
54162  -47.493  -35.285  -59.798 0.4000000060
50175  -42.293  -40.491  -64.201 0.6999999881
54164  -49.295  -35.621  -60.496 0.4000000060
54172  -50.219  -35.417  -60.383 0.4000000060
54155  -49.608  -35.050  -58.806 0.4000000060
127187  -48.724  -34.852  -58.062 0.4000000060
131554  -42.297  -35.055  -59.154 0.5000000000
53106  -43.028  -36.450  -61.431 0.6000000238
54169  -42.199  -35.845  -60.526 0.5000000000
55079  -43.082  -34.696  -59.318 0.5000000000
47336  -30.630  -42.216  -57.824 0.3000000119
47327  -31.074  -42.860  -57.227 0.4000000060
46422  -31.418  -43.619  -57.546 0.5000000000
52104  -44.149  -37.882  -63.850 0.6000000238
55080  -43.426  -34.797  -58.511 0.4000000060
55081  -44.219  -34.631  -58.587 0.5000000000
52105  -41.953  -38.182  -63.811 0.6999999881
51099  -43.750  -38.441  -64.039 0.6000000238
55082  -45.091  -34.628  -58.760 0.4000000060
51098  -42.804  -39.144  -64.205 0.6999999881
55092  -46.622  -34.082  -59.811 0.4000000060
124940  -46.826  -34.786  -59.548 0.4000000060
55094  -48.690  -34.878  -60.405 0.4000000060
55102  -49.954  -34.297  -60.697 0.4000000060
56015  -50.622  -33.622  -60.178 0.4000000060
55084  -49.551  -34.150  -58.842 0.4000000060
55075  -48.026  -34.586  -57.448 0.4000000060
54176  -44.132  -36.065  -62.165 0.6000000238
54170  -43.220  -35.599  -61.014 0.5000000000
54161  -42.525  -35.117  -60.046 0.5000000000
47326  -30.659  -42.279  -56.871 0.4000000060
47317  -31.162  -42.863  -56.251 0.4000000060
52107  -44.019  -37.771  -64.118 0.6000000238
53114  -44.847  -36.330  -63.304 0.6000000238
55089  -43.840  -34.252  -60.023 0.5000000000
46414  -31.574  -43.528  -56.563 0.5000000000
119686  -42.288  -37.459  -63.907 0.6999999881
118795  -43.378  -37.483  -64.294 0.6999999881
122414  -43.937  -34.397  -59.326 0.5000000000
46415  -32.229  -43.894  -56.213 0.5000000000
53115  -40.042  -36.849  -62.455 0.6999999881
52103  -40.684  -37.918  -63.153 0.6999999881
55090  -44.756  -34.206  -59.466 0.5000000000
47308  -34.019  -42.485  -55.533 0.6999999881
46410  -33.665  -43.177  -55.815 0.6000000238
52101  -38.523  -37.752  -61.659 0.6999999881
52102  -39.575  -37.778  -62.313 0.6999999881
56020  -45.505  -33.508  -60.398 0.5000000000
48290  -35.225  -41.537  -55.880 0.6999999881
47309  -34.647  -42.197  -55.792 0.6999999881
51094  -39.091  -38.617  -62.328 0.6999999881
55091  -45.623  -34.029  -59.574 0.4000000060
51090  -38.059  -38.527  -61.638 0.6999999881
50169  -38.477  -39.375  -62.238 0.8000000119
56022  -47.481  -33.437  -60.341 0.4000000060
55093  -47.798  -34.234  -60.190 0.4000000060
55101  -49.141  -33.910  -60.544 0.4000000060
56024  -50.289  -33.111  -60.443 0.4000000060
56011  -49.303  -33.382  -58.867 0.4000000060
120075  -48.189  -33.752  -57.803 0.4000000060
122101  -45.117  -35.472  -63.126 0.6000000238
54171  -44.304  -35.105  -61.782 0.6000000238
55099  -43.460  -34.777  -60.510 0.5000000000
46408  -31.820  -43.248  -55.672 0.6999999881
54181  -43.289  -35.767  -64.155 0.6999999881
54183  -45.006  -36.302  -64.244 0.6000000238
54180  -45.317  -35.861  -64.052 0.6000000238
55107  -45.284  -34.408  -62.900 0.5000000000
46409  -32.735  -43.361  -55.656 0.6999999881
133387  -40.919  -36.409  -63.126 0.6999999881
53116  -42.308  -36.438  -63.807 0.6999999881
53119  -44.090  -36.752  -64.359 0.6999999881
55100  -44.433  -34.168  -61.233 0.5000000000
56019  -44.753  -33.777  -60.521 0.5000000000
47307  -33.247  -42.750  -55.285 0.6999999881
127367  -37.894  -36.956  -61.308 0.6999999881
52097  -38.924  -36.912  -61.689 0.6999999881
56030  -46.168  -32.807  -61.182 0.4000000060
52091  -37.132  -37.165  -60.843 0.6999999881
52096  -37.583  -37.784  -61.244 0.6999999881
53102  -36.752  -36.607  -60.404 0.6000000238
52090  -36.494  -37.525  -60.529 0.6000000238
51082  -36.219  -38.192  -60.797 0.6999999881
56021  -46.505  -33.231  -60.524 0.4000000060
56031  -47.928  -32.529  -60.804 0.4000000060
49235  -35.832  -40.753  -55.682 0.6999999881
52084  -36.270  -37.250  -60.066 0.6000000238
56023  -48.797  -33.122  -60.472 0.4000000060
51074  -35.909  -37.922  -59.649 0.6000000238
124348  -48.785  -32.270  -60.407 0.4000000060
56998  -48.734  -31.963  -60.208 0.4000000060
56014  -49.245  -32.660  -59.541 0.4000000060
56010  -48.353  -32.954  -58.411 0.4000000060
56009  -47.256  -33.317  -57.481 0.4000000060
55111  -45.552  -34.793  -63.915 0.6000000238
48299  -30.153  -41.852  -56.371 0.6000000238
47304  -30.737  -42.364  -55.856 0.6000000238
47305  -31.334  -42.709  -55.513 0.6999999881
54178  -41.022  -35.482  -62.980 0.6000000238
54179  -42.149  -35.186  -63.431 0.6999999881
55113  -43.364  -34.808  -64.036 0.6999999881
121536  -45.334  -35.223  -64.273 0.6000000238
53111  -39.214  -36.027  -61.736 0.6000000238
54177  -40.117  -35.780  -62.307 0.6000000238
47306  -32.433  -42.806  -55.139 0.6999999881
53110  -38.257  -36.175  -61.293 0.6000000238
56028  -45.263  -33.522  -62.313 0.5000000000
48275  -33.617  -41.633  -54.647 0.6999999881
47293  -32.974  -42.279  -54.744 0.6999999881
54166  -37.133  -35.817  -60.476 0.6000000238
53109  -37.428  -36.345  -60.894 0.6000000238
56029  -45.761  -33.025  -61.911 0.4000000060
48276  -35.131  -40.940  -55.149 0.6999999881
48289  -34.394  -41.721  -55.231 0.6999999881
116944  -35.032  -40.435  -54.463 0.6999999881
57004  -47.150  -32.213  -61.733 0.4000000060
119560  -36.300  -37.103  -59.333 0.6000000238
118086  -48.236  -31.551  -61.501 0.4000000060
49236  -36.288  -40.172  -55.548 0.6999999881
50127  -36.529  -39.533  -55.987 0.6999999881
50139  -36.325  -39.218  -57.681 0.6999999881
50147  -36.058  -39.024  -58.537 0.6000000238
125588  -48.466  -31.247  -61.120 0.4000000060
56994  -48.260  -32.210  -59.047 0.4000000060
57931  -47.902  -31.395  -59.545 0.4000000060
56989  -47.571  -32.597  -58.146 0.4000000060
57926  -46.342  -31.813  -57.922 0.3000000119
49233  -29.982  -41.110  -55.065 0.5000000000
54168  -38.972  -34.675  -61.282 0.6000000238
54175  -40.225  -34.818  -62.231 0.6000000238
55114  -44.568  -34.563  -64.248 0.6000000238
55115  -45.374  -34.291  -64.059 0.6000000238
129713  -45.451  -33.877  -63.433 0.6000000238
48285  -30.378  -41.794  -55.403 0.6000000238
48286  -31.195  -42.224  -54.910 0.5000000000
54173  -38.631  -35.385  -61.277 0.6000000238
54174  -39.443  -35.154  -61.710 0.6000000238
56040  -44.824  -33.532  -63.510 0.5000000000
48287  -32.140  -42.261  -54.636 0.6999999881
55112  -45.213  -33.446  -63.201 0.5000000000
56037  -45.293  -33.238  -62.770 0.4000000060
48274  -32.755  -41.605  -54.311 0.8000000119
115875  -37.588  -35.162  -60.335 0.6000000238
57009  -45.488  -32.503  -61.971 0.4000000060
57003  -46.251  -32.416  -62.020 0.4000000060
49218  -34.346  -41.039  -54.601 0.6999999881
53096  -36.491  -36.487  -59.769 0.6000000238
53090  -36.555  -36.407  -58.938 0.6000000238
57010  -46.552  -31.759  -61.970 0.4000000060
49219  -36.005  -40.385  -54.769 0.6999999881
114306  -36.474  -37.011  -58.562 0.6000000238
57011  -47.665  -31.315  -62.064 0.4000000060
57940  -48.264  -30.909  -61.744 0.4000000060
124285  -36.695  -38.758  -56.447 0.6999999881
52071  -36.584  -37.439  -57.903 0.6999999881
57939  -47.955  -30.378  -61.498 0.4000000060
133353  -48.305  -30.667  -61.309 0.4000000060
58820  -47.290  -29.650  -61.093 0.4000000060
58815  -47.126  -29.618  -60.374 0.3000000119
57935  -47.580  -30.455  -59.936 0.4000000060
58811  -45.810  -29.615  -58.905 0.4000000060
57930  -46.917  -31.110  -58.848 0.3000000119
55104  -39.670  -34.344  -61.573 0.6000000238
55105  -40.402  -33.912  -62.071 0.6000000238
55109  -42.220  -34.182  -63.186 0.6000000238
56038  -42.394  -33.375  -62.913 0.6000000238
56039  -43.614  -33.321  -63.384 0.5000000000
49214  -30.606  -40.454  -54.442 0.6000000238
49234  -30.835  -41.360  -54.582 0.6000000238
55097  -39.094  -33.971  -60.949 0.6000000238
55098  -39.958  -33.626  -61.374 0.6000000238
130287  -43.870  -32.901  -63.037 0.5000000000
48273  -31.786  -41.542  -54.252 0.6999999881
54167  -38.345  -34.772  -60.729 0.6000000238
57012  -44.686  -32.947  -62.822 0.5000000000
49217  -33.491  -40.853  -54.142 0.6999999881
49216  -32.479  -40.771  -53.981 0.6999999881
123845  -37.114  -35.174  -59.165 0.6000000238
124340  -37.511  -34.826  -59.699 0.6000000238
136134  -34.278  -40.490  -54.143 0.8000000119
57941  -44.460  -32.055  -61.976 0.4000000060
54150  -36.886  -35.699  -58.548 0.6000000238
57942  -45.601  -31.273  -61.740 0.4000000060
49195  -35.720  -39.995  -53.951 0.6999999881
53083  -36.776  -36.500  -57.910 0.6999999881
136167  -42.920  -29.047  -59.190 0.5000000000
58813  -43.656  -30.107  -59.991 0.5000000000
127993  -44.234  -29.079  -60.228 0.5000000000
137480  -45.231  -30.444  -61.243 0.4000000060
57943  -46.853  -30.940  -61.890 0.4000000060
50094  -36.325  -39.591  -54.248 0.6999999881
51024  -36.716  -38.923  -54.751 0.6999999881
52055  -37.093  -38.034  -56.022 0.6999999881
52062  -37.095  -37.352  -56.558 0.6999999881
59704  -42.597  -28.421  -58.730 0.5000000000
59710  -45.087  -28.701  -60.423 0.4000000060
58818  -45.580  -29.449  -61.028 0.4000000060
58821  -47.115  -30.206  -61.530 0.4000000060
59706  -43.563  -29.002  -59.761 0.5000000000
59707  -44.330  -28.002  -59.997 0.4000000060
59708  -45.358  -27.964  -60.082 0.4000000060
59709  -46.022  -28.510  -60.240 0.4000000060
59712  -46.542  -29.053  -60.617 0.4000000060
60520  -42.824  -27.210  -59.098 0.4000000060
60523  -43.328  -27.971  -59.494 0.4000000060
126431  -44.584  -27.408  -59.599 0.4000000060
58814  -46.424  -29.030  -59.892 0.4000000060
55106  -41.277  -33.546  -62.486 0.6000000238
55088  -38.522  -34.117  -60.189 0.6000000238
56025  -39.689  -33.454  -60.784 0.6000000238
56026  -40.330  -33.134  -61.094 0.6000000238
56035  -41.525  -32.907  -62.205 0.5000000000
56036  -42.689  -32.754  -62.542 0.5000000000
49215  -31.532  -40.597  -54.103 0.6999999881
55087  -38.051  -34.275  -59.530 0.6000000238
54159  -37.950  -34.582  -60.128 0.6000000238
57006  -41.849  -32.550  -61.790 0.5000000000
57007  -42.651  -32.342  -61.887 0.5000000000
50093  -32.298  -39.769  -53.881 0.6000000238
55086  -37.610  -34.552  -58.931 0.6000000238
57937  -43.297  -31.812  -61.447 0.5000000000
57008  -43.557  -32.425  -62.349 0.5000000000
49192  -33.057  -40.191  -53.879 0.8000000119
57933  -42.996  -31.066  -59.679 0.5000000000
122654  -44.437  -31.195  -61.204 0.5000000000
49193  -33.814  -40.090  -53.808 0.8000000119
54143  -37.210  -35.503  -57.507 0.6000000238
58804  -41.722  -29.906  -57.427 0.5000000000
58808  -41.914  -30.875  -57.919 0.5000000000
58812  -43.009  -30.082  -59.271 0.5000000000
57934  -43.588  -31.051  -60.515 0.5000000000
49194  -34.701  -39.976  -53.849 0.8000000119
53076  -36.873  -37.140  -57.230 0.6999999881
57928  -42.476  -30.997  -58.803 0.5000000000
58809  -42.413  -29.791  -58.386 0.5000000000
58817  -44.547  -30.020  -60.621 0.5000000000
59701  -42.052  -28.845  -57.766 0.4000000060
51045  -36.778  -38.860  -55.600 0.6999999881
60517  -42.244  -27.658  -58.271 0.4000000060
56034  -40.656  -33.166  -61.869 0.5000000000
50090  -29.594  -39.389  -54.506 0.5000000000
56016  -38.701  -33.813  -59.479 0.6000000238
56017  -39.191  -33.604  -60.214 0.6000000238
56027  -41.013  -32.739  -61.547 0.5000000000
50091  -30.460  -39.565  -54.348 0.5000000000
57000  -40.824  -32.859  -60.670 0.5000000000
57001  -41.535  -32.562  -61.031 0.5000000000
119079  -30.183  -37.845  -54.280 0.5000000000
51021  -30.470  -38.577  -54.287 0.5000000000
50092  -31.317  -39.670  -54.118 0.5000000000
55077  -37.740  -34.378  -58.136 0.6000000238
55078  -38.234  -34.004  -58.651 0.6000000238
56992  -41.374  -32.408  -59.198 0.5000000000
56997  -41.993  -32.249  -60.523 0.5000000000
57002  -42.291  -32.250  -61.221 0.5000000000
128899  -37.294  -34.970  -58.325 0.6000000238
55073  -37.833  -34.286  -57.376 0.6000000238
57923  -41.402  -31.716  -57.702 0.5000000000
57927  -41.809  -31.745  -58.568 0.5000000000
57932  -42.120  -31.868  -59.613 0.5000000000
120211  -42.665  -31.715  -60.512 0.5000000000
50073  -33.240  -39.500  -53.721 0.6999999881
54139  -37.443  -35.472  -56.423 0.6000000238
50074  -34.158  -39.400  -53.442 0.6999999881
53077  -37.192  -36.461  -56.757 0.6999999881
59700  -41.538  -29.179  -56.912 0.4000000060
132795  -36.918  -38.338  -54.465 0.6999999881
60516  -41.716  -28.068  -57.274 0.5000000000
131210  -41.424  -28.763  -56.424 0.5000000000
50075  -35.218  -39.395  -53.404 0.6999999881
123490  -36.541  -38.830  -53.920 0.8000000119
134170  -41.710  -24.662  -56.816 0.4000000060
63206  -41.966  -24.467  -57.644 0.5000000000
64147  -41.873  -24.068  -56.851 0.5000000000
62231  -43.189  -25.546  -57.135 0.5000000000
63198  -42.082  -24.084  -57.105 0.5000000000
64138  -41.786  -24.392  -56.392 0.5000000000
56018  -39.999  -33.188  -60.209 0.6000000238
56012  -38.962  -33.598  -58.710 0.6000000238
120046  -39.386  -33.425  -59.462 0.6000000238
56013  -40.045  -33.076  -59.228 0.6000000238
56995  -40.745  -32.862  -59.720 0.5000000000
56996  -41.436  -32.542  -60.145 0.5000000000
52036  -30.860  -37.615  -54.373 0.5000000000
131933  -31.102  -38.943  -54.193 0.5000000000
51023  -31.862  -38.799  -53.986 0.6999999881
55074  -38.137  -33.990  -57.814 0.6000000238
56006  -38.640  -33.641  -57.857 0.6000000238
132738  -39.545  -33.303  -58.751 0.6000000238
121831  -30.320  -37.041  -54.371 0.5000000000
52038  -31.826  -37.984  -53.989 0.6000000238
133512  -37.577  -34.795  -56.939 0.6000000238
130797  -41.273  -32.300  -58.358 0.5000000000
51001  -32.470  -38.205  -53.754 0.6999999881
128642  -37.846  -34.228  -56.699 0.6000000238
57921  -41.348  -30.816  -57.030 0.5000000000
120258  -33.431  -38.604  -53.440 0.6999999881
55068  -37.677  -34.619  -56.021 0.6000000238
136065  -41.378  -29.962  -56.716 0.5000000000
59696  -41.251  -29.572  -56.127 0.6000000238
58800  -41.136  -30.414  -56.234 0.4000000060
115316  -41.266  -28.935  -55.732 0.5000000000
118337  -37.353  -37.095  -55.753 0.6999999881
115608  -37.458  -36.158  -55.870 0.6999999881
135515  -37.238  -37.752  -55.427 0.6999999881
115112  -41.501  -26.255  -55.038 0.4000000060
52040  -37.304  -37.545  -54.659 0.6999999881
63190  -41.626  -25.219  -55.891 0.4000000060
51004  -36.317  -38.571  -53.160 0.6999999881
136399  -41.733  -24.162  -56.359 0.4000000060
51002  -34.647  -38.648  -52.965 0.6999999881
62230  -42.753  -24.744  -56.813 0.5000000000
62221  -43.029  -25.290  -55.632 0.5000000000
63191  -42.548  -24.195  -55.858 0.5000000000
56990  -40.073  -33.025  -58.274 0.5000000000
56991  -40.752  -32.765  -58.735 0.5000000000
56007  -39.354  -33.321  -57.969 0.5000000000
56985  -40.740  -32.473  -57.676 0.5000000000
52037  -31.449  -37.430  -54.186 0.6000000238
56001  -38.282  -33.765  -57.037 0.6000000238
55069  -38.031  -33.840  -56.164 0.5000000000
131740  -38.505  -33.379  -56.366 0.5000000000
57920  -40.949  -31.705  -56.909 0.5000000000
130010  -40.997  -31.102  -56.378 0.5000000000
52018  -32.090  -37.348  -53.788 0.6999999881
58799  -40.794  -30.936  -55.763 0.6000000238
59686  -41.185  -29.625  -55.474 0.5000000000
52019  -32.964  -37.637  -53.446 0.6999999881
53061  -37.559  -36.357  -54.944 0.6999999881
60493  -41.354  -28.162  -53.919 0.5000000000
133202  -41.518  -27.600  -53.029 0.4000000060
52022  -37.188  -37.365  -53.581 0.6999999881
59682  -41.201  -29.308  -55.030 0.5000000000
133074  -41.319  -28.325  -55.104 0.5000000000
61326  -41.452  -27.068  -53.962 0.4000000060
62210  -41.611  -26.017  -54.068 0.4000000060
52039  -36.836  -38.094  -53.762 0.6999999881
63179  -41.796  -24.991  -54.128 0.4000000060
52020  -33.841  -37.868  -52.946 0.6999999881
50989  -36.123  -38.172  -52.497 0.6999999881
128937  -41.639  -24.996  -54.994 0.4000000060
64127  -41.859  -23.955  -55.252 0.4000000060
52005  -34.634  -37.915  -52.570 0.6999999881
50988  -35.432  -38.174  -52.487 0.6999999881
64137  -41.728  -24.181  -55.769 0.4000000060
127944  -42.349  -23.739  -55.316 0.4000000060
63192  -43.088  -24.945  -54.918 0.5000000000
64129  -42.590  -23.898  -55.288 0.5000000000
56002  -38.996  -33.201  -56.975 0.5000000000
56984  -39.884  -32.880  -57.296 0.5000000000
56980  -39.581  -32.598  -56.383 0.5000000000
56969  -40.029  -32.088  -55.980 0.5000000000
119628  -40.529  -31.593  -56.179 0.5000000000
53059  -31.075  -36.703  -54.471 0.6000000238
52017  -31.602  -36.812  -54.101 0.6000000238
55995  -38.388  -33.344  -55.642 0.5000000000
56981  -40.330  -32.259  -56.709 0.5000000000
55064  -38.020  -34.095  -55.278 0.5000000000
57911  -40.125  -31.517  -55.398 0.6000000238
58790  -40.639  -30.802  -55.145 0.5000000000
55054  -37.966  -34.712  -54.711 0.6000000238
54133  -37.767  -35.406  -54.720 0.6999999881
116258  -41.433  -28.527  -52.813 0.4000000060
133453  -32.585  -36.908  -53.418 0.6999999881
54116  -37.743  -36.052  -54.003 0.8000000119
58784  -41.136  -29.713  -54.465 0.5000000000
133943  -41.326  -28.942  -53.545 0.5000000000
115352  -41.624  -26.687  -53.168 0.4000000060
115623  -41.755  -25.867  -53.353 0.4000000060
63167  -41.940  -25.156  -53.089 0.4000000060
53031  -37.427  -36.529  -52.634 0.6000000238
64105  -42.188  -24.069  -53.387 0.4000000060
52021  -36.651  -37.821  -52.957 0.6999999881
52007  -36.489  -37.460  -52.271 0.6999999881
53030  -36.984  -36.778  -52.101 0.6000000238
54094  -37.748  -35.426  -51.757 0.6000000238
64115  -41.966  -24.238  -54.146 0.4000000060
52004  -34.163  -37.235  -52.423 0.6999999881
120891  -35.076  -37.485  -52.172 0.6000000238
52006  -35.903  -37.673  -52.021 0.6999999881
133380  -36.185  -36.216  -51.427 0.6000000238
53014  -36.859  -36.298  -51.576 0.6000000238
64116  -42.512  -23.554  -54.519 0.4000000060
54091  -35.599  -35.618  -51.229 0.6000000238
54092  -36.544  -35.686  -51.218 0.6000000238
64117  -43.014  -23.445  -54.665 0.5000000000
55023  -35.374  -34.695  -50.997 0.6000000238
55024  -36.228  -35.007  -50.894 0.6000000238
63180  -43.331  -24.563  -54.364 0.5000000000
113944  -30.944  -35.768  -54.692 0.5000000000
56979  -38.892  -32.895  -55.996 0.5000000000
56968  -39.378  -32.260  -55.486 0.6000000238
53060  -31.502  -36.101  -54.248 0.6000000238
53041  -32.030  -36.491  -53.737 0.6000000238
55987  -38.419  -33.411  -54.811 0.6000000238
56967  -38.743  -32.760  -55.208 0.6000000238
133482  -40.604  -30.708  -54.610 0.5000000000
58783  -40.866  -30.309  -54.189 0.5000000000
54131  -31.479  -35.160  -54.534 0.6000000238
54132  -31.963  -35.664  -53.797 0.6000000238
130180  -38.668  -33.587  -53.930 0.6000000238
58778  -40.815  -30.519  -53.326 0.5000000000
59667  -41.357  -29.162  -52.150 0.5000000000
60483  -41.584  -27.898  -52.130 0.4000000060
61313  -41.663  -27.115  -52.286 0.4000000060
53042  -33.310  -37.000  -52.991 0.6999999881
54114  -32.404  -35.147  -53.338 0.6000000238
127518  -38.070  -35.124  -53.903 0.6999999881
55043  -38.472  -34.431  -53.450 0.6000000238
58779  -41.154  -29.686  -53.651 0.5000000000
120441  -41.291  -29.259  -52.959 0.5000000000
128062  -41.779  -26.231  -52.513 0.4000000060
129484  -42.123  -24.814  -52.409 0.4000000060
53043  -37.526  -36.660  -53.341 0.6999999881
122388  -37.895  -35.893  -53.022 0.6999999881
55026  -38.173  -34.849  -51.628 0.6999999881
57891  -40.502  -31.285  -53.033 0.5000000000
58768  -41.105  -29.956  -52.535 0.5000000000
54103  -33.805  -35.362  -52.049 0.6000000238
55008  -38.290  -34.273  -51.095 0.6999999881
64982  -42.392  -22.979  -53.730 0.4000000060
53028  -33.697  -36.255  -52.378 0.6999999881
53029  -34.683  -36.667  -51.848 0.6000000238
53012  -35.521  -36.432  -51.549 0.6000000238
55025  -37.584  -35.157  -51.340 0.6000000238
55007  -37.578  -34.611  -50.896 0.6000000238
56920  -38.259  -33.172  -50.282 0.6000000238
65790  -43.412  -21.531  -54.579 0.4000000060
54104  -34.263  -35.931  -51.726 0.6000000238
123383  -37.019  -34.003  -50.473 0.6000000238
55941  -37.361  -33.237  -50.224 0.6000000238
64993  -42.884  -22.332  -54.658 0.4000000060
55005  -36.109  -34.155  -50.623 0.6000000238
55940  -36.467  -33.349  -50.390 0.6000000238
64994  -43.349  -22.563  -54.319 0.5000000000
64118  -43.830  -23.868  -53.625 0.5000000000
64995  -44.214  -23.191  -53.437 0.5000000000
57906  -39.536  -31.787  -54.819 0.6000000238
56960  -38.841  -32.808  -54.443 0.6000000238
116358  -39.316  -32.230  -54.242 0.6000000238
57899  -39.793  -31.624  -54.149 0.6000000238
57900  -40.383  -31.024  -53.960 0.5000000000
55982  -39.239  -32.961  -53.492 0.6000000238
56956  -40.118  -31.626  -53.488 0.5000000000
59661  -41.369  -28.911  -51.120 0.5000000000
61306  -41.651  -27.455  -51.553 0.4000000060
134022  -31.958  -34.922  -53.977 0.6000000238
55973  -38.908  -33.860  -52.947 0.6000000238
55974  -39.368  -33.314  -52.409 0.6000000238
56947  -40.196  -32.084  -52.655 0.5000000000
57872  -40.298  -31.561  -50.709 0.5000000000
124628  -40.579  -30.831  -50.738 0.5000000000
58759  -40.888  -30.461  -51.581 0.5000000000
63156  -41.937  -25.668  -51.936 0.4000000060
55961  -39.307  -33.302  -51.454 0.5000000000
133061  -40.527  -31.552  -52.226 0.5000000000
58767  -40.787  -30.853  -52.396 0.5000000000
121836  -42.414  -22.956  -52.614 0.4000000060
114497  -33.414  -34.757  -52.447 0.6000000238
56910  -38.513  -31.956  -49.800 0.6000000238
65784  -42.629  -22.063  -54.128 0.4000000060
55021  -33.888  -34.531  -51.871 0.6000000238
55022  -34.593  -34.233  -51.333 0.6000000238
56909  -37.823  -32.384  -49.918 0.6000000238
128150  -43.127  -21.775  -54.900 0.4000000060
55959  -35.274  -33.846  -50.917 0.6000000238
55939  -35.770  -33.431  -50.616 0.6000000238
117592  -43.790  -22.013  -54.065 0.4000000060
125339  -45.609  -22.682  -53.627 0.5000000000
56955  -39.713  -32.179  -53.502 0.6000000238
59654  -40.737  -29.729  -49.910 0.5000000000
59655  -41.159  -29.018  -50.131 0.5000000000
60470  -41.424  -28.269  -50.367 0.5000000000
63144  -41.997  -25.891  -50.890 0.4000000060
116983  -32.276  -34.348  -53.684 0.6000000238
55042  -32.809  -34.525  -52.949 0.6000000238
127081  -39.716  -32.689  -52.803 0.6000000238
58741  -40.212  -31.026  -50.019 0.5000000000
58748  -40.857  -30.126  -50.723 0.5000000000
58760  -41.164  -29.703  -51.479 0.5000000000
64096  -42.324  -24.521  -51.210 0.4000000060
56922  -39.988  -32.172  -50.694 0.5000000000
122242  -42.318  -24.046  -52.297 0.4000000060
55034  -33.317  -34.033  -52.478 0.6000000238
55957  -33.930  -33.566  -51.857 0.6000000238
57859  -37.173  -30.973  -49.903 0.6000000238
66615  -42.994  -20.490  -54.739 0.4000000060
136763  -35.385  -32.279  -50.789 0.6000000238
57869  -36.562  -31.439  -50.189 0.6000000238
65791  -43.378  -21.069  -54.915 0.4000000060
56934  -35.158  -32.976  -50.975 0.6000000238
118666  -35.920  -31.928  -50.462 0.6000000238
56919  -36.742  -32.426  -50.178 0.6000000238
65792  -44.213  -21.219  -54.122 0.4000000060
65793  -45.173  -21.594  -53.757 0.4000000060
121020  -45.600  -20.911  -53.961 0.3000000119
119745  -44.697  -22.418  -53.529 0.5000000000
65802  -47.108  -21.732  -54.678 0.3000000119
60465  -41.120  -28.439  -49.533 0.5000000000
115167  -41.430  -27.546  -49.647 0.5000000000
62189  -41.739  -26.705  -50.283 0.5000000000
63133  -42.242  -24.960  -49.703 0.5000000000
59646  -40.343  -29.430  -49.235 0.6000000238
63145  -42.228  -25.157  -50.569 0.4000000060
64087  -42.366  -24.385  -50.482 0.5000000000
64972  -42.418  -23.766  -51.384 0.4000000060
55972  -33.299  -33.281  -52.553 0.6000000238
56944  -33.718  -32.596  -52.227 0.6000000238
132523  -39.439  -30.431  -49.263 0.6000000238
114721  -42.497  -22.824  -51.355 0.4000000060
65777  -42.549  -22.021  -52.750 0.4000000060
137517  -34.203  -32.315  -51.794 0.6000000238
58739  -38.631  -30.633  -49.326 0.6999999881
66607  -42.921  -20.522  -53.578 0.3000000119
57881  -34.699  -31.234  -51.518 0.6000000238
117854  -38.057  -29.811  -49.255 0.6000000238
131887  -43.234  -20.229  -53.982 0.3000000119
130417  -34.727  -32.132  -51.341 0.6000000238
116694  -35.282  -31.563  -50.906 0.6000000238
132567  -37.058  -30.307  -49.877 0.6000000238
66616  -43.708  -20.358  -54.399 0.4000000060
57868  -35.835  -31.050  -50.534 0.6000000238
59642  -36.694  -29.129  -49.948 0.6000000238
122981  -44.699  -20.721  -54.025 0.3000000119
66618  -45.994  -20.267  -54.012 0.3000000119
66619  -46.815  -19.784  -54.520 0.3000000119
66623  -46.881  -20.217  -54.797 0.3000000119
60458  -40.565  -28.605  -48.961 0.6000000238
61298  -41.045  -27.940  -49.001 0.5000000000
118439  -41.914  -25.388  -48.983 0.5000000000
63132  -41.966  -25.877  -49.788 0.5000000000
59645  -39.777  -29.734  -49.033 0.6000000238
59636  -40.063  -29.101  -48.771 0.6000000238
65764  -42.475  -23.050  -50.039 0.4000000060
56954  -33.001  -32.667  -53.059 0.6000000238
116904  -33.407  -31.862  -52.846 0.6000000238
59644  -38.959  -29.852  -48.965 0.6000000238
66601  -42.649  -21.811  -51.682 0.3000000119
126105  -42.723  -21.261  -52.788 0.3000000119
56945  -34.083  -31.717  -52.065 0.6000000238
57890  -34.271  -30.943  -52.108 0.6000000238
59660  -35.191  -29.782  -51.254 0.6000000238
127894  -37.261  -29.755  -49.660 0.6000000238
58758  -35.220  -30.694  -51.079 0.6000000238
66608  -43.972  -20.002  -53.476 0.3000000119
58746  -35.754  -30.163  -50.673 0.6000000238
59653  -36.259  -29.652  -50.359 0.6000000238
130300  -44.577  -20.125  -53.918 0.3000000119
113988  -46.687  -20.356  -53.488 0.3000000119
131394  -47.278  -18.933  -54.908 0.3000000119
61287  -40.538  -27.771  -48.616 0.6000000238
62165  -41.087  -26.395  -48.498 0.6000000238
136876  -41.356  -26.601  -48.835 0.5000000000
123151  -41.707  -24.918  -48.502 0.5000000000
63115  -42.178  -24.653  -48.936 0.4000000060
123012  -39.339  -27.889  -48.467 0.6000000238
61286  -39.767  -27.535  -48.384 0.6000000238
65752  -42.480  -22.757  -49.252 0.4000000060
119545  -42.512  -22.182  -49.886 0.4000000060
60456  -38.811  -28.292  -48.613 0.6000000238
66589  -42.666  -21.524  -50.759 0.4000000060
57889  -33.765  -30.992  -52.792 0.6000000238
132082  -37.937  -28.427  -48.928 0.6000000238
66590  -42.924  -20.913  -51.956 0.3000000119
58757  -34.642  -30.323  -51.766 0.6000000238
115792  -37.324  -28.052  -49.275 0.6000000238
67573  -44.359  -20.436  -52.095 0.3000000119
60469  -36.372  -28.376  -50.232 0.6000000238
66609  -45.096  -20.564  -52.897 0.3000000119
60468  -35.844  -28.476  -50.819 0.6000000238
134796  -36.183  -28.971  -50.444 0.6000000238
116866  -47.044  -20.504  -52.311 0.3000000119
67597  -47.406  -19.796  -54.143 0.3000000119
63113  -40.443  -25.933  -48.155 0.6000000238
64058  -41.948  -24.311  -48.295 0.5000000000
129986  -42.307  -24.047  -48.767 0.4000000060
64944  -42.436  -23.435  -49.020 0.4000000060
62163  -39.460  -26.903  -48.239 0.6000000238
125240  -42.486  -22.141  -48.953 0.4000000060
66577  -42.647  -21.301  -49.676 0.4000000060
61285  -38.836  -27.386  -48.398 0.6000000238
67546  -43.023  -20.507  -49.818 0.4000000060
67560  -43.340  -20.557  -51.465 0.3000000119
58766  -34.211  -30.430  -52.443 0.6000000238
60455  -37.967  -27.712  -48.749 0.6000000238
67548  -44.090  -19.876  -50.393 0.3000000119
60481  -34.661  -28.812  -52.413 0.6000000238
59659  -34.779  -29.478  -51.833 0.6000000238
61297  -37.312  -27.199  -49.164 0.6000000238
67562  -45.777  -20.236  -50.683 0.3000000119
61296  -36.653  -27.610  -49.822 0.6000000238
60473  -35.232  -28.813  -51.481 0.6000000238
61305  -35.540  -27.788  -51.398 0.6000000238
116511  -36.101  -27.679  -50.633 0.6000000238
63092  -39.676  -25.437  -47.850 0.6000000238
64042  -41.550  -23.765  -47.760 0.4000000060
64930  -42.219  -23.612  -48.249 0.4000000060
114639  -42.393  -22.885  -48.492 0.4000000060
63091  -38.821  -25.707  -47.998 0.5000000000
63111  -38.022  -25.967  -48.423 0.5000000000
67547  -43.537  -19.925  -49.749 0.3000000119
62179  -37.345  -26.291  -49.016 0.5000000000
68487  -44.311  -19.311  -49.515 0.3000000119
61311  -34.828  -27.918  -52.736 0.6000000238
62178  -36.776  -26.650  -49.660 0.5000000000
60482  -35.018  -28.130  -51.978 0.6000000238
62188  -36.344  -26.868  -50.393 0.6000000238
62193  -35.521  -27.028  -51.718 0.6000000238
117063  -35.865  -26.962  -51.100 0.6000000238
63154  -35.745  -26.302  -51.719 0.5000000000
64915  -39.924  -23.841  -47.470 0.4000000060
116015  -40.138  -23.064  -47.305 0.3000000119
65722  -41.198  -22.735  -47.367 0.4000000060
65723  -41.974  -22.253  -47.630 0.4000000060
65739  -42.341  -22.221  -48.111 0.3000000119
64039  -38.965  -24.915  -47.785 0.5000000000
66548  -42.213  -21.427  -47.745 0.3000000119
67516  -42.623  -20.531  -48.260 0.3000000119
121179  -42.736  -20.739  -49.085 0.3000000119
63131  -37.407  -25.285  -48.919 0.5000000000
68474  -43.101  -19.590  -48.395 0.3000000119
67534  -43.021  -20.106  -49.088 0.3000000119
63130  -36.827  -25.774  -49.597 0.5000000000
135963  -46.002  -18.959  -50.020 0.3000000119
131036  -36.505  -26.142  -50.199 0.5000000000
117469  -36.162  -26.134  -50.930 0.5000000000
65720  -39.548  -22.467  -47.245 0.3000000119
65721  -40.308  -22.410  -47.141 0.3000000119
66546  -40.730  -21.891  -47.009 0.3000000119
66547  -41.509  -21.769  -47.293 0.3000000119
65738  -38.402  -23.018  -47.973 0.3000000119
118550  -39.119  -24.128  -47.656 0.4000000060
121405  -41.709  -21.069  -47.266 0.3000000119
67515  -42.198  -20.540  -47.476 0.3000000119
64929  -37.934  -23.623  -48.445 0.3000000119
117105  -42.612  -19.928  -47.766 0.3000000119
64072  -37.154  -24.463  -49.267 0.4000000060
68475  -43.725  -19.166  -48.806 0.3000000119
131791  -36.852  -25.023  -49.600 0.5000000000
119798  -45.704  -18.454  -49.615 0.3000000119
63143  -36.470  -25.207  -50.502 0.5000000000
69369  -46.484  -18.454  -49.930 0.3000000119
63155  -36.059  -25.288  -51.742 0.4000000060
118664  -39.158  -21.753  -47.204 0.3000000119
65708  -39.931  -21.825  -46.967 0.3000000119
66533  -40.343  -21.323  -46.838 0.3000000119
118087  -38.246  -22.251  -48.104 0.3000000119
65719  -38.787  -22.420  -47.544 0.3000000119
66534  -41.041  -21.195  -46.923 0.3000000119
65737  -37.833  -22.747  -48.576 0.3000000119
68459  -42.814  -19.149  -47.606 0.3000000119
68460  -43.520  -18.775  -48.187 0.3000000119
65750  -36.783  -22.876  -49.928 0.3000000119
65751  -37.345  -23.193  -49.112 0.3000000119
69345  -44.039  -18.096  -48.406 0.3000000119
69346  -44.634  -18.166  -48.851 0.3000000119
64071  -36.696  -24.412  -49.965 0.4000000060
70255  -44.629  -17.453  -48.619 0.3000000119
69347  -45.260  -17.913  -49.149 0.3000000119
64086  -36.505  -24.311  -50.648 0.4000000060
70264  -46.152  -17.632  -49.504 0.3000000119
120121  -36.200  -24.441  -52.170 0.4000000060
64095  -36.339  -24.467  -51.377 0.4000000060
70265  -47.084  -17.795  -49.986 0.3000000119
128043  -47.599  -17.140  -50.225 0.3000000119
66545  -38.563  -21.653  -47.671 0.3000000119
121254  -38.882  -21.080  -47.311 0.3000000119
68437  -40.554  -19.792  -46.677 0.3000000119
68438  -41.420  -19.387  -46.760 0.3000000119
119981  -42.139  -18.889  -46.940 0.3000000119
66564  -38.140  -21.500  -48.342 0.3000000119
130079  -41.446  -18.623  -46.717 0.3000000119
69337  -42.706  -18.349  -47.304 0.3000000119
66576  -37.256  -21.538  -49.642 0.3000000119
128419  -37.341  -22.260  -49.267 0.3000000119
69338  -43.362  -18.003  -47.770 0.3000000119
71147  -44.885  -16.604  -48.629 0.3000000119
127376  -36.546  -23.001  -50.861 0.4000000060
134288  -45.461  -16.456  -48.989 0.3000000119
71151  -46.057  -16.685  -49.345 0.3000000119
117579  -36.383  -23.789  -51.991 0.4000000060
135546  -47.087  -15.577  -50.353 0.3000000119
124450  -48.498  -15.862  -51.217 0.3000000119
67514  -38.992  -20.130  -47.280 0.3000000119
68436  -39.705  -19.334  -46.881 0.3000000119
120878  -40.594  -18.816  -46.684 0.3000000119
68456  -38.651  -19.438  -47.726 0.3000000119
69312  -41.022  -18.023  -46.675 0.3000000119
70248  -41.931  -17.209  -46.862 0.3000000119
124485  -37.468  -20.863  -49.607 0.3000000119
67532  -38.051  -20.641  -48.815 0.3000000119
120314  -41.931  -17.985  -46.806 0.3000000119
70249  -42.678  -17.420  -47.213 0.3000000119
116653  -44.145  -16.735  -48.273 0.3000000119
66588  -36.994  -21.181  -50.276 0.3000000119
71145  -43.626  -16.150  -47.914 0.3000000119
71146  -44.328  -15.856  -48.378 0.3000000119
123103  -36.525  -23.056  -51.724 0.4000000060
126853  -45.103  -15.865  -48.815 0.3000000119
129771  -45.747  -15.887  -49.289 0.3000000119
65783  -36.560  -22.371  -52.197 0.4000000060
71164  -47.338  -16.308  -50.262 0.3000000119
64981  -36.509  -23.140  -52.650 0.4000000060
72056  -47.795  -15.576  -50.808 0.3000000119
72071  -48.436  -15.016  -51.509 0.3000000119
69336  -39.312  -18.659  -47.218 0.3000000119
69311  -40.218  -18.013  -46.736 0.3000000119
69335  -38.722  -18.684  -47.727 0.3000000119
68457  -39.048  -19.241  -47.356 0.3000000119
71136  -41.453  -16.700  -46.847 0.3000000119
68473  -38.377  -19.190  -48.287 0.3000000119
71138  -43.022  -16.531  -47.444 0.3000000119
67558  -37.214  -20.344  -50.341 0.3000000119
72038  -44.683  -15.140  -48.725 0.3000000119
72042  -45.279  -15.169  -49.216 0.3000000119
72043  -45.911  -15.144  -49.736 0.3000000119
72054  -46.564  -15.057  -50.234 0.3000000119
72055  -47.206  -14.913  -50.675 0.3000000119
134549  -36.508  -22.956  -53.404 0.3000000119
72070  -47.741  -14.775  -51.126 0.3000000119
72956  -48.606  -14.325  -51.971 0.3000000119
72968  -49.020  -13.977  -52.486 0.3000000119
69344  -38.403  -18.397  -48.420 0.3000000119
70247  -39.189  -17.446  -47.440 0.3000000119
70225  -39.848  -17.332  -46.941 0.3000000119
72019  -41.591  -15.966  -47.009 0.3000000119
71137  -42.205  -16.603  -47.051 0.3000000119
68485  -37.882  -19.371  -49.544 0.3000000119
68486  -38.149  -18.934  -49.037 0.3000000119
72904  -42.521  -15.181  -47.386 0.3000000119
72021  -43.069  -15.621  -47.547 0.3000000119
72905  -43.053  -14.723  -47.619 0.3000000119
72036  -43.646  -15.321  -47.975 0.3000000119
72919  -44.309  -14.445  -48.597 0.3000000119
72920  -44.851  -14.492  -49.100 0.3000000119
72932  -45.397  -14.441  -49.593 0.3000000119
72940  -46.690  -14.405  -50.611 0.3000000119
73821  -46.473  -13.662  -50.837 0.3000000119
73822  -47.228  -14.108  -51.159 0.3000000119
72955  -48.016  -14.234  -51.608 0.3000000119
73836  -47.655  -13.492  -51.806 0.3000000119
73848  -48.843  -13.260  -52.729 0.3000000119
73849  -49.554  -13.507  -52.994 0.3000000119
70254  -38.460  -17.579  -48.604 0.3000000119
71134  -38.813  -16.895  -48.039 0.3000000119
71135  -40.179  -15.984  -47.184 0.3000000119
71994  -40.856  -16.240  -46.906 0.3000000119
69355  -37.880  -18.717  -49.809 0.3000000119
69356  -38.191  -18.159  -49.226 0.3000000119
131011  -38.797  -16.284  -48.570 0.3000000119
71144  -39.199  -15.918  -48.012 0.3000000119
72018  -40.892  -15.352  -47.160 0.3000000119
118249  -41.837  -15.209  -47.193 0.3000000119
70262  -37.960  -17.899  -50.063 0.3000000119
72918  -43.722  -14.539  -48.112 0.3000000119
135402  -37.312  -19.044  -51.163 0.3000000119
73811  -44.794  -13.320  -49.503 0.3000000119
73813  -45.996  -14.252  -50.223 0.3000000119
73820  -45.772  -13.281  -50.511 0.3000000119
74661  -46.615  -12.339  -51.838 0.3000000119
74676  -47.815  -12.425  -52.562 0.3000000119
71150  -38.652  -16.206  -49.140 0.3000000119
71163  -38.349  -16.270  -50.426 0.3000000119
128809  -38.409  -16.568  -49.646 0.3000000119
70288  -38.128  -16.813  -51.069 0.3000000119
70276  -37.878  -17.633  -50.934 0.3000000119
70277  -38.131  -17.082  -50.269 0.3000000119
70263  -38.272  -17.357  -49.439 0.3000000119
69381  -37.474  -18.205  -51.774 0.3000000119
55943  -39.080  -33.035  -50.634 0.6999999881
56936  -40.286  -32.095  -51.521 0.5000000000
131373  -38.706  -32.526  -50.098 0.6000000238
54115  -33.149  -35.362  -52.736 0.6000000238
32143  -39.347  -58.449  -60.652 0.3000000119
33068  -39.527  -57.517  -60.719 0.3000000119
32144  -39.918  -58.200  -61.087 0.3000000119
33069  -40.262  -57.584  -61.139 0.3000000119
33080  -41.063  -57.643  -61.288 0.4000000060
34031  -42.298  -56.777  -61.624 0.4000000060
34032  -43.252  -56.798  -61.914 0.4000000060
35004  -43.758  -56.030  -61.928 0.4000000060
35005  -44.504  -55.262  -62.004 0.4000000060
36043  -44.993  -54.282  -61.872 0.4000000060
37100  -45.529  -53.502  -61.928 0.4000000060
39185  -44.469  -51.371  -61.233 0.4000000060
38174  -45.351  -52.551  -61.722 0.4000000060
44540  -41.585  -46.073  -59.079 0.4000000060
42832  -37.016  -47.753  -51.058 0.3000000119
43634  -37.857  -46.338  -49.771 0.3000000119
133548  -38.154  -45.600  -49.620 0.3000000119
45518  -41.088  -44.945  -59.585 0.5000000000
45439  -39.565  -43.994  -49.195 0.3000000119
46359  -40.188  -43.364  -49.476 0.3000000119
45526  -40.832  -44.679  -60.546 0.5000000000
48293  -45.522  -42.342  -55.836 0.3000000119
48314  -46.645  -41.992  -57.342 0.3000000119
47354  -39.930  -43.330  -61.935 0.6000000238
50141  -46.142  -40.285  -57.847 0.4000000060
47358  -40.600  -43.738  -62.912 0.6000000238
50150  -46.923  -40.314  -58.794 0.4000000060
50151  -47.958  -40.712  -59.884 0.4000000060
51078  -48.083  -38.917  -60.463 0.4000000060
51079  -49.269  -39.106  -60.208 0.4000000060
51071  -49.403  -38.612  -59.031 0.4000000060
46439  -30.970  -43.811  -59.573 0.4000000060
48344  -41.199  -42.217  -64.205 0.6999999881
53088  -48.030  -36.225  -57.194 0.4000000060
133103  -40.361  -41.524  -63.798 0.6999999881
119884  -48.009  -35.440  -57.262 0.4000000060
46423  -31.881  -44.302  -56.945 0.5000000000
45491  -32.799  -44.481  -56.678 0.5000000000
46417  -34.168  -43.647  -56.286 0.6000000238
46416  -33.241  -43.864  -56.178 0.6000000238
46418  -34.882  -43.217  -56.576 0.8000000119
50170  -39.895  -39.716  -63.126 0.8000000119
50171  -41.370  -39.733  -63.852 0.6999999881
49291  -40.114  -40.772  -63.554 0.6999999881
54142  -47.283  -35.109  -56.750 0.4000000060
47319  -35.059  -42.372  -56.304 0.8000000119
50165  -37.450  -39.179  -61.601 0.8000000119
50168  -37.780  -40.046  -62.054 0.8000000119
56005  -46.519  -33.884  -56.734 0.4000000060
49249  -35.793  -40.969  -56.485 0.6999999881
51087  -35.865  -39.164  -61.174 0.8000000119
49250  -36.243  -40.226  -56.410 0.6999999881
49263  -36.198  -39.939  -57.316 0.6999999881
50158  -35.596  -39.213  -60.769 0.8000000119
50138  -36.025  -39.771  -58.163 0.6999999881
51066  -35.700  -38.795  -59.421 0.6000000238
56986  -45.151  -32.137  -56.808 0.3000000119
60524  -43.903  -27.234  -59.597 0.4000000060
57925  -45.809  -30.920  -58.234 0.4000000060
132081  -45.586  -31.759  -57.468 0.3000000119
61369  -43.437  -26.767  -59.284 0.4000000060
60522  -44.519  -27.176  -59.122 0.4000000060
122651  -44.966  -27.936  -59.128 0.4000000060
59705  -45.684  -28.544  -59.604 0.4000000060
117771  -42.402  -26.638  -58.620 0.4000000060
61366  -43.436  -26.230  -58.405 0.4000000060
62239  -42.873  -25.441  -58.169 0.5000000000
61364  -41.943  -26.815  -58.049 0.5000000000
62229  -41.607  -25.850  -56.281 0.4000000060
62243  -42.128  -25.096  -58.250 0.5000000000
61360  -43.519  -26.703  -57.236 0.5000000000
61350  -43.330  -26.960  -56.083 0.4000000060
113791  -43.183  -25.893  -56.096 0.5000000000
130740  -41.487  -27.910  -56.313 0.5000000000
114200  -41.398  -27.445  -54.716 0.5000000000
63181  -43.734  -24.458  -53.761 0.5000000000
64106  -44.785  -24.455  -53.238 0.5000000000
54129  -30.017  -35.417  -55.067 0.5000000000
125092  -45.452  -23.720  -53.377 0.5000000000
55062  -31.124  -33.888  -55.759 0.6000000238
55053  -31.277  -34.450  -55.177 0.6000000238
120011  -31.866  -34.250  -54.598 0.6000000238
135127  -32.264  -33.672  -54.151 0.6000000238
55980  -32.695  -33.600  -53.238 0.6000000238
66624  -47.477  -20.685  -55.247 0.3000000119
67617  -47.894  -19.028  -56.271 0.3000000119
58777  -33.920  -30.123  -53.125 0.6000000238
59675  -34.192  -29.273  -53.290 0.6000000238
60492  -34.476  -28.425  -53.430 0.6000000238
61312  -35.202  -27.437  -52.167 0.6000000238
61324  -34.807  -27.665  -53.704 0.6000000238
62198  -35.445  -26.674  -52.426 0.5000000000
63165  -35.702  -25.787  -52.642 0.5000000000
64104  -36.324  -23.935  -52.803 0.4000000060
135269  -36.404  -23.471  -53.330 0.4000000060
74647  -45.566  -12.347  -50.769 0.3000000119
74648  -46.200  -12.826  -51.176 0.3000000119
75528  -47.904  -11.854  -52.986 0.3000000119
74678  -49.394  -12.807  -53.284 0.3000000119
70287  -37.851  -17.260  -51.679 0.3000000119
70299  -37.349  -17.840  -52.804 0.3000000119
52076  -48.855  -37.769  -58.303 0.4000000060
61340  -43.247  -26.966  -55.005 0.5000000000
37077  -38.495  -53.709  -58.861 0.3000000119
36021  -39.476  -54.736  -59.669 0.3000000119
37078  -39.402  -53.760  -59.377 0.3000000119
132070  -42.047  -53.629  -60.526 0.4000000060
39153  -39.107  -51.635  -58.045 0.3000000119
37070  -39.758  -52.939  -59.189 0.3000000119
43698  -41.204  -46.835  -58.695 0.4000000060
39110  -36.833  -51.255  -54.710 0.3000000119
41072  -40.446  -49.146  -58.510 0.4000000060
116519  -40.008  -44.156  -59.207 0.4000000060
46373  -39.259  -43.214  -49.777 0.3000000119
46388  -37.972  -43.051  -50.884 0.3000000119
48234  -38.828  -41.531  -51.567 0.3000000119
49198  -42.066  -40.226  -52.798 0.3000000119
49199  -43.064  -40.607  -53.851 0.3000000119
48260  -38.434  -41.264  -53.022 0.3000000119
124317  -38.360  -41.078  -54.020 0.3000000119
48248  -38.973  -40.611  -52.607 0.3000000119
49197  -39.387  -39.973  -53.038 0.3000000119
133464  -45.271  -42.451  -55.263 0.3000000119
50112  -38.814  -39.713  -54.733 0.3000000119
51005  -39.899  -38.578  -54.031 0.3000000119
50159  -39.743  -39.475  -60.072 0.6000000238
49266  -45.934  -40.942  -57.188 0.4000000060
49283  -40.667  -40.789  -61.737 0.6000000238
127931  -39.595  -38.349  -56.328 0.3000000119
50155  -47.340  -39.758  -59.571 0.4000000060
48342  -42.256  -41.727  -64.073 0.6999999881
52064  -40.465  -37.050  -56.795 0.4000000060
53091  -40.535  -36.719  -58.424 0.4000000060
52079  -45.773  -37.822  -58.008 0.4000000060
51092  -43.190  -38.910  -62.855 0.6999999881
54146  -43.431  -35.376  -57.302 0.4000000060
53112  -42.854  -37.282  -61.762 0.6000000238
53107  -49.624  -36.327  -60.453 0.4000000060
50176  -42.991  -39.898  -64.111 0.6999999881
54165  -50.588  -35.612  -59.957 0.4000000060
122951  -49.742  -35.909  -58.840 0.4000000060
47337  -30.994  -42.842  -58.190 0.3000000119
53113  -44.101  -37.075  -62.762 0.6000000238
122733  -42.352  -39.722  -64.154 0.6999999881
49294  -41.353  -41.514  -64.185 0.6999999881
53117  -44.866  -36.841  -63.962 0.6000000238
51096  -41.599  -38.924  -63.785 0.6999999881
51095  -40.308  -38.747  -63.119 0.6999999881
57005  -49.786  -32.911  -60.442 0.4000000060
54182  -44.440  -35.589  -64.386 0.6999999881
51088  -36.411  -38.835  -61.245 0.6999999881
54158  -37.050  -35.424  -59.933 0.6000000238
51073  -35.605  -38.608  -60.260 0.6999999881
51081  -35.820  -38.615  -60.885 0.6999999881
127304  -35.466  -39.414  -60.008 0.8000000119
52077  -36.285  -37.690  -58.729 0.6000000238
56004  -45.777  -33.612  -56.369 0.4000000060
56988  -46.745  -32.556  -57.640 0.3000000119
55108  -41.105  -34.462  -62.725 0.6000000238
55110  -43.441  -33.928  -63.772 0.6999999881
53103  -37.856  -35.610  -60.837 0.6000000238
51056  -36.749  -37.973  -57.043 0.6999999881
51061  -36.413  -38.357  -57.996 0.6999999881
50146  -35.714  -39.638  -59.069 0.8000000119
56041  -44.462  -33.882  -63.917 0.4000000060
58816  -47.905  -30.205  -60.915 0.3000000119
57929  -46.632  -30.091  -59.340 0.3000000119
57938  -46.122  -30.201  -61.554 0.4000000060
59711  -45.913  -28.665  -60.627 0.4000000060
58819  -46.455  -29.381  -61.147 0.4000000060
120262  -32.671  -38.956  -53.791 0.6999999881
50076  -36.078  -39.312  -53.487 0.8000000119
51022  -31.287  -38.204  -54.214 0.5000000000
134202  -41.698  -27.112  -57.282 0.5000000000
51003  -35.734  -38.807  -52.916 0.6999999881
64128  -41.881  -23.752  -55.708 0.5000000000
65007  -41.759  -24.090  -55.830 0.4000000060
62238  -42.363  -24.690  -57.705 0.5000000000
53058  -30.432  -36.252  -54.613 0.5000000000
54136  -37.606  -35.449  -55.527 0.6999999881
61349  -41.492  -27.131  -55.688 0.4000000060
130036  -37.518  -36.816  -54.103 0.8000000119
59676  -41.273  -29.033  -54.307 0.5000000000
52008  -37.075  -37.139  -52.766 0.6000000238
53013  -36.266  -36.924  -51.732 0.6000000238
120609  -32.695  -36.114  -53.171 0.6999999881
55981  -38.269  -34.212  -54.362 0.6000000238
54106  -38.078  -35.365  -52.312 0.6999999881
55006  -36.784  -34.604  -50.715 0.6000000238
54130  -30.860  -35.041  -55.024 0.5000000000
57907  -40.121  -31.209  -54.699 0.6000000238
132261  -41.497  -28.526  -51.889 0.4000000060
54117  -38.263  -35.124  -53.027 0.6999999881
55035  -38.509  -34.639  -52.518 0.6999999881
55942  -38.660  -33.682  -50.900 0.6999999881
55960  -38.808  -34.029  -51.837 0.6999999881
54090  -34.576  -35.215  -51.433 0.6000000238
57870  -37.270  -31.741  -49.947 0.6000000238
60474  -41.555  -28.097  -51.280 0.4000000060
56946  -39.869  -32.772  -51.964 0.5000000000
135086  -40.527  -30.437  -50.104 0.5000000000
56935  -39.745  -32.702  -51.072 0.5000000000
57861  -38.996  -31.418  -49.571 0.6999999881
57860  -38.009  -31.383  -49.668 0.6000000238
66606  -42.728  -21.205  -53.988 0.4000000060
55958  -34.668  -33.495  -51.311 0.6000000238
65794  -46.209  -22.035  -54.013 0.4000000060
59647  -40.793  -29.059  -49.511 0.6000000238
61301  -41.619  -27.464  -50.734 0.4000000060
58740  -39.656  -30.985  -49.597 0.6999999881
116695  -40.144  -30.296  -49.531 0.6000000238
56921  -39.410  -32.389  -50.403 0.6000000238
58747  -36.474  -30.490  -50.215 0.6000000238
65801  -46.431  -20.697  -54.267 0.3000000119
62180  -41.556  -26.683  -49.330 0.5000000000
64073  -42.397  -24.058  -49.612 0.4000000060
64958  -42.440  -23.647  -50.554 0.4000000060
67572  -43.410  -20.352  -52.649 0.3000000119
60464  -38.408  -29.091  -48.904 0.6000000238
59643  -37.464  -28.951  -49.363 0.6000000238
60463  -36.843  -28.420  -49.700 0.6000000238
66617  -45.261  -20.512  -53.772 0.3000000119
67608  -47.773  -18.747  -55.647 0.3000000119
60457  -39.857  -28.370  -48.537 0.6000000238
59635  -39.370  -29.109  -48.723 0.6000000238
59652  -35.720  -29.306  -50.814 0.6000000238
67596  -45.825  -20.577  -53.374 0.3000000119
63114  -41.257  -25.530  -48.354 0.6000000238
62162  -37.968  -26.855  -48.570 0.6000000238
67559  -42.962  -20.806  -50.708 0.4000000060
116392  -43.803  -20.212  -51.358 0.3000000119
67574  -45.500  -20.629  -51.527 0.3000000119
67586  -46.256  -20.739  -52.253 0.3000000119
63093  -40.558  -25.109  -47.881 0.5000000000
63094  -41.305  -24.665  -48.027 0.5000000000
66565  -42.510  -21.405  -48.585 0.4000000060
64041  -40.688  -24.293  -47.641 0.4000000060
64040  -39.807  -24.640  -47.633 0.4000000060
67535  -43.503  -19.599  -49.112 0.3000000119
64057  -38.207  -25.105  -48.273 0.5000000000
68488  -45.332  -19.125  -49.830 0.3000000119
133999  -38.406  -24.323  -48.088 0.4000000060
64056  -37.712  -24.444  -48.626 0.4000000060
68458  -42.155  -19.736  -47.178 0.3000000119
64943  -37.399  -23.896  -48.984 0.3000000119
64942  -36.944  -23.752  -49.578 0.3000000119
69357  -44.933  -18.623  -49.275 0.3000000119
71165  -48.140  -16.564  -50.686 0.3000000119
117606  -39.831  -20.179  -46.773 0.3000000119
137178  -37.824  -22.056  -48.641 0.3000000119
129698  -36.669  -22.365  -50.629 0.3000000119
71152  -46.834  -16.927  -49.789 0.3000000119
64971  -36.460  -23.719  -51.163 0.4000000060
67533  -38.363  -19.987  -48.104 0.3000000119
70250  -43.323  -17.246  -47.668 0.3000000119
126474  -46.543  -15.950  -49.803 0.3000000119
72957  -49.136  -14.688  -52.105 0.3000000119
71112  -40.897  -16.880  -46.766 0.3000000119
67545  -37.702  -20.051  -49.591 0.3000000119
68472  -38.134  -19.708  -48.925 0.3000000119
123866  -39.041  -18.120  -47.465 0.3000000119
72020  -42.393  -15.847  -47.252 0.3000000119
73837  -48.373  -13.717  -52.159 0.3000000119
135758  -39.536  -16.566  -47.373 0.3000000119
135049  -37.643  -18.487  -50.666 0.3000000119
73835  -46.898  -13.189  -51.500 0.3000000119
74662  -47.350  -12.758  -52.096 0.3000000119
74677  -48.597  -12.437  -52.993 0.3000000119
74691  -49.805  -12.361  -53.716 0.3000000119
117076  -38.530  -16.814  -48.877 0.3000000119
134420  -39.679  -15.906  -47.527 0.3000000119
72917  -39.863  -14.465  -48.177 0.3000000119
69395  -37.030  -18.597  -52.706 0.3000000119
74675  -47.235  -12.084  -52.443 0.3000000119
130285  -37.640  -17.453  -52.276 0.3000000119
37113  -46.532  -53.579  -62.559 0.4000000060
121509  -36.403  -40.096  -61.528 0.8000000119
117880  -35.149  -27.162  -53.062 0.5000000000
119487  -41.767  -26.026  -57.837 0.4000000060
62244  -42.670  -25.853  -58.552 0.4000000060
60485  -44.383  -28.625  -52.426 0.3000000119
61314  -43.721  -27.735  -52.971 0.4000000060
60486  -45.133  -28.444  -52.392 0.3000000119
133677  -43.552  -26.834  -53.577 0.4000000060
125261  -43.339  -26.264  -54.438 0.4000000060
62202  -46.275  -27.969  -53.014 0.3000000119
62200  -44.651  -26.890  -52.830 0.4000000060
62201  -45.510  -27.148  -52.845 0.3000000119
62211  -43.552  -25.862  -53.891 0.4000000060
62199  -43.970  -26.789  -53.129 0.4000000060
63182  -45.957  -25.293  -53.337 0.3000000119
128521  -45.207  -25.520  -53.150 0.4000000060
126639  -47.567  -25.733  -54.368 0.3000000119
126090  -46.884  -25.418  -53.709 0.3000000119
63169  -44.365  -25.047  -53.332 0.4000000060
65009  -48.428  -24.032  -55.291 0.3000000119
127726  -47.715  -24.327  -54.598 0.3000000119
64997  -47.037  -23.180  -54.302 0.3000000119
65008  -47.704  -23.100  -54.815 0.3000000119
64996  -46.321  -23.414  -53.766 0.3000000119
56978  -31.861  -32.125  -56.374 0.5000000000
55994  -31.596  -33.161  -55.840 0.5000000000
56966  -32.098  -32.670  -55.652 0.5000000000
56959  -32.373  -32.482  -55.080 0.5000000000
65810  -48.860  -21.901  -56.262 0.3000000119
58776  -33.425  -30.641  -53.752 0.5000000000
58788  -32.967  -30.818  -56.467 0.5000000000
119384  -33.247  -30.422  -55.958 0.5000000000
58782  -32.939  -31.052  -55.521 0.5000000000
130657  -33.456  -29.910  -55.298 0.4000000060
59685  -33.516  -29.732  -56.410 0.5000000000
58789  -33.161  -30.237  -57.025 0.5000000000
59679  -33.643  -29.742  -54.217 0.5000000000
59680  -34.053  -28.850  -54.297 0.5000000000
125176  -34.034  -28.991  -56.901 0.4000000060
60502  -34.593  -28.179  -56.571 0.4000000060
119442  -34.503  -28.147  -54.447 0.5000000000
60499  -34.293  -28.582  -55.465 0.4000000060
61357  -34.862  -27.494  -57.424 0.4000000060
119583  -34.953  -27.491  -55.981 0.5000000000
61338  -34.869  -27.497  -54.763 0.4000000060
61348  -35.233  -26.848  -56.479 0.5000000000
61339  -35.199  -26.871  -55.213 0.4000000060
62209  -35.451  -26.322  -53.453 0.4000000060
119725  -35.419  -26.278  -54.491 0.3000000119
62228  -35.411  -26.164  -56.894 0.3000000119
62220  -35.467  -26.190  -55.637 0.3000000119
64114  -35.846  -24.711  -54.137 0.3000000119
129337  -35.699  -25.472  -53.657 0.3000000119
63178  -35.617  -25.501  -54.740 0.3000000119
64135  -35.665  -24.736  -56.584 0.3000000119
63189  -35.611  -25.464  -56.098 0.3000000119
63166  -35.977  -24.772  -52.975 0.3000000119
64125  -35.749  -24.717  -55.305 0.3000000119
114128  -35.995  -23.996  -54.661 0.3000000119
116595  -36.161  -24.005  -53.651 0.3000000119
64126  -35.866  -24.038  -55.815 0.3000000119
65006  -36.183  -23.380  -55.204 0.3000000119
120393  -36.363  -23.284  -54.122 0.3000000119
119695  -31.187  -32.066  -56.754 0.5000000000
59670  -44.772  -29.419  -52.064 0.3000000119
61328  -43.287  -27.400  -53.844 0.4000000060
57919  -32.179  -31.344  -57.071 0.5000000000
62242  -41.872  -25.162  -58.130 0.4000000060
57898  -33.242  -31.328  -53.445 0.5000000000
61368  -43.484  -26.303  -59.021 0.4000000060
61359  -41.617  -26.586  -56.829 0.3000000119
64119  -46.357  -24.449  -53.597 0.3000000119
55986  -31.622  -33.824  -55.306 0.5000000000
126005  -32.119  -33.313  -55.028 0.5000000000
56953  -32.499  -32.820  -54.088 0.5000000000
57897  -32.821  -31.963  -53.649 0.5000000000
61325  -35.153  -26.964  -54.072 0.4000000060
60484  -43.593  -28.697  -52.698 0.4000000060
61315  -44.470  -27.721  -52.643 0.3000000119
61327  -43.100  -28.135  -54.205 0.4000000060
60495  -43.198  -28.272  -53.329 0.4000000060
60503  -43.233  -28.233  -55.157 0.4000000060
63170  -45.980  -26.722  -53.122 0.3000000119
114820  -44.927  -26.133  -52.973 0.4000000060
64120  -47.065  -24.377  -53.907 0.3000000119
56000  -31.012  -33.403  -56.194 0.5000000000
56977  -31.128  -32.746  -56.440 0.5000000000
57910  -32.540  -31.448  -56.303 0.5000000000
115193  -32.284  -32.095  -55.747 0.5000000000
131304  -32.583  -32.049  -54.463 0.5000000000
57904  -32.594  -31.741  -55.256 0.5000000000
57905  -32.895  -31.290  -54.364 0.5000000000
60498  -33.798  -29.282  -55.388 0.4000000060
125379  -33.230  -30.484  -54.801 0.4000000060
135180  -35.567  -25.874  -54.062 0.3000000119
47338  -35.707  -42.732  -57.937 0.6999999881
50162  -35.872  -39.854  -61.179 0.6999999881
49279  -35.612  -40.486  -59.673 0.6999999881
131604  -35.760  -41.018  -58.794 0.6999999881
48311  -35.661  -41.822  -57.545 0.6999999881
47328  -35.372  -42.585  -57.029 0.6999999881
49274  -35.784  -40.389  -58.589 0.6999999881
116586  -35.757  -41.058  -58.047 0.6999999881
58810  -45.060  -29.166  -58.542 0.3000000119
58806  -44.479  -29.828  -57.670 0.3000000119
59703  -44.446  -28.808  -57.962 0.3000000119
58805  -43.953  -29.703  -57.031 0.3000000119
59702  -43.872  -28.561  -57.200 0.3000000119
60519  -44.340  -27.655  -58.355 0.3000000119
60518  -43.863  -27.243  -57.784 0.3000000119
59697  -43.556  -29.458  -56.312 0.3000000119
58792  -43.265  -29.997  -55.415 0.3000000119
58785  -42.998  -30.021  -54.531 0.3000000119
132355  -36.030  -40.530  -57.044 0.6000000238
48300  -35.508  -41.715  -56.719 0.6999999881
60525  -44.127  -26.779  -59.329 0.3000000119
60521  -44.109  -26.744  -58.757 0.3000000119
59688  -43.335  -29.000  -55.707 0.3000000119
59687  -43.111  -29.267  -54.879 0.3000000119
59683  -42.859  -29.406  -54.102 0.3000000119
60513  -43.638  -27.922  -56.905 0.3000000119
59677  -43.107  -28.915  -53.045 0.3000000119
61367  -42.790  -26.316  -58.901 0.3000000119
60494  -42.934  -28.834  -53.701 0.3000000119
61365  -42.148  -25.781  -58.451 0.3000000119
49285  -37.024  -40.668  -62.018 0.6999999881
49284  -36.338  -40.724  -61.468 0.6999999881
46432  -35.584  -43.775  -58.047 0.6999999881
49281  -35.839  -40.669  -60.752 0.6999999881
48333  -35.953  -41.440  -60.148 0.6999999881
48324  -35.809  -41.737  -58.391 0.6999999881
46424  -35.252  -43.502  -57.271 0.6999999881
57924  -44.962  -31.329  -57.321 0.3000000119
58802  -44.257  -30.727  -56.934 0.3000000119
58801  -43.607  -30.422  -56.195 0.3000000119
118406  -43.368  -30.959  -55.380 0.3000000119
57901  -42.968  -30.714  -54.105 0.3000000119
58769  -42.899  -29.520  -53.283 0.3000000119
128678  -43.050  -30.089  -52.775 0.3000000119
59668  -43.358  -29.426  -52.665 0.3000000119
58807  -44.945  -30.373  -57.988 0.3000000119
60504  -43.441  -28.006  -56.194 0.3000000119
42905  -44.437  -47.472  -62.271 0.4000000060
121726  -43.373  -47.082  -62.240 0.4000000060
44565  -42.298  -46.025  -61.293 0.4000000060
43719  -42.923  -46.542  -60.464 0.4000000060
43729  -42.263  -46.731  -62.662 0.4000000060
134139  -39.691  -43.495  -60.906 0.5000000000
45530  -40.496  -44.560  -61.993 0.4000000060
45531  -41.277  -45.062  -61.260 0.4000000060
118809  -41.600  -45.645  -61.751 0.4000000060
44564  -41.900  -45.583  -60.785 0.4000000060
45536  -40.951  -45.237  -62.483 0.5000000000
43728  -41.566  -46.372  -62.930 0.4000000060
45525  -40.007  -44.143  -60.879 0.4000000060
45529  -40.112  -44.026  -62.178 0.5000000000
44570  -41.225  -45.881  -62.703 0.5000000000
42912  -41.520  -47.503  -64.096 0.5000000000
134602  -40.560  -44.414  -62.869 0.5000000000
45535  -40.569  -44.692  -63.372 0.5000000000
123331  -41.112  -47.118  -64.332 0.5000000000
42033  -40.615  -48.534  -64.988 0.5000000000
42032  -39.736  -48.773  -65.118 0.5000000000
44569  -40.630  -45.503  -63.489 0.5000000000
45538  -40.647  -44.234  -63.934 0.6000000238
42916  -40.965  -47.704  -64.779 0.5000000000
44575  -40.317  -45.525  -64.060 0.5000000000
42911  -40.532  -47.093  -64.585 0.5000000000
127096  -38.815  -47.252  -64.070 0.6000000238
42915  -40.206  -47.861  -64.984 0.5000000000
128483  -37.926  -47.309  -63.582 0.5000000000
47359  -41.342  -43.430  -63.974 0.6000000238
119290  -40.472  -44.816  -63.969 0.6000000238
128173  -39.886  -45.731  -64.075 0.5000000000
42910  -39.738  -47.126  -64.505 0.6000000238
43727  -37.647  -46.561  -63.087 0.5000000000
43725  -36.059  -47.321  -62.117 0.5000000000
42903  -36.404  -47.723  -62.763 0.5000000000
42904  -37.190  -47.439  -63.094 0.5000000000
43705  -33.429  -46.503  -59.075 0.4000000060
45537  -40.451  -44.392  -64.064 0.6000000238
44574  -40.072  -45.058  -64.127 0.5000000000
43706  -34.350  -46.777  -59.279 0.5000000000
46452  -40.191  -44.060  -64.092 0.6000000238
45533  -39.397  -44.569  -63.633 0.6000000238
44573  -39.146  -45.575  -63.600 0.6000000238
44572  -38.151  -45.840  -63.191 0.6000000238
42897  -35.204  -47.795  -61.911 0.5000000000
43726  -36.942  -46.778  -62.421 0.5000000000
44567  -37.531  -45.738  -62.611 0.5000000000
43704  -32.746  -46.493  -59.733 0.4000000060
44545  -32.530  -46.008  -59.057 0.5000000000
44528  -33.209  -46.014  -58.258 0.5000000000
129928  -41.210  -43.315  -64.160 0.6000000238
44535  -34.202  -46.243  -58.457 0.5000000000
120219  -40.008  -43.350  -64.059 0.6000000238
135766  -35.294  -45.669  -58.816 0.5000000000
46450  -39.112  -43.736  -63.476 0.6000000238
44568  -38.300  -45.098  -63.070 0.6000000238
45532  -38.257  -44.281  -62.906 0.6000000238
43722  -35.712  -47.036  -61.483 0.5000000000
123991  -37.698  -44.880  -62.522 0.6000000238
43723  -36.438  -46.520  -61.745 0.5000000000
44566  -36.988  -45.994  -62.025 0.5000000000
44556  -36.409  -45.482  -60.774 0.5000000000
131853  -33.033  -45.513  -57.632 0.5000000000
44554  -31.923  -45.895  -60.054 0.4000000060
44529  -34.032  -45.589  -57.676 0.5000000000
44530  -34.729  -45.006  -57.766 0.5000000000
44536  -34.935  -45.563  -58.299 0.5000000000
45508  -35.353  -44.668  -58.191 0.5000000000
47360  -39.432  -42.470  -63.590 0.6000000238
48343  -39.940  -41.965  -63.729 0.6000000238
44537  -35.597  -45.101  -58.819 0.5000000000
43707  -35.180  -46.633  -59.667 0.5000000000
127593  -38.717  -42.924  -63.261 0.6000000238
46449  -38.024  -43.454  -62.615 0.6000000238
44561  -36.103  -46.315  -61.046 0.5000000000
45528  -37.397  -44.244  -62.074 0.5000000000
44555  -35.827  -46.098  -60.256 0.5000000000
45527  -36.846  -44.842  -61.362 0.5000000000
121920  -35.969  -43.201  -58.619 0.6000000238
46440  -36.014  -44.079  -58.889 0.5000000000
48340  -38.738  -41.666  -63.091 0.6000000238
45516  -36.100  -44.777  -59.573 0.5000000000
44547  -35.609  -45.702  -59.416 0.5000000000
47356  -37.665  -42.467  -62.270 0.6000000238
45524  -36.153  -45.330  -60.074 0.5000000000
46448  -37.204  -43.255  -61.840 0.5000000000
136854  -36.498  -44.555  -60.527 0.5000000000
128328  -36.874  -43.939  -61.291 0.5000000000
45507  -32.216  -45.385  -58.283 0.4000000060
45499  -34.301  -44.809  -57.186 0.4000000060
45515  -31.873  -45.409  -59.229 0.4000000060
47346  -36.022  -42.368  -58.865 0.6000000238
47347  -36.314  -42.992  -59.480 0.6000000238
46441  -36.390  -43.862  -59.908 0.5000000000
47353  -36.806  -42.411  -61.597 0.6000000238
135609  -36.613  -43.698  -60.682 0.5000000000
45497  -32.428  -44.958  -57.353 0.5000000000
45492  -33.817  -44.426  -56.592 0.4000000060
45493  -34.631  -44.067  -56.824 0.5000000000
45498  -33.425  -45.067  -57.074 0.4000000060
47349  -36.159  -42.089  -59.610 0.6000000238
46446  -36.535  -43.064  -60.428 0.5000000000
47352  -36.493  -42.496  -60.986 0.5000000000
43716  -34.505  -47.229  -60.143 0.5000000000
43717  -35.319  -46.968  -60.643 0.5000000000
45506  -31.499  -44.597  -59.025 0.4000000060
44557  -42.075  -45.624  -60.089 0.4000000060
45534  -40.756  -44.027  -63.655 0.6000000238
120818  -38.881  -40.290  -62.782 0.6000000238
49289  -38.213  -40.887  -62.515 0.6000000238
48336  -36.875  -41.564  -61.881 0.6000000238
48339  -37.812  -41.568  -62.326 0.6000000238
48334  -36.294  -41.644  -61.102 0.6000000238
47350  -36.324  -42.269  -60.313 0.6000000238
44576  -40.990  -46.215  -63.437 0.5000000000
117445  -40.531  -46.022  -63.858 0.5000000000
42914  -39.217  -48.013  -64.759 0.5000000000
43731  -39.401  -46.396  -63.971 0.6000000238
44563  -37.223  -45.220  -61.980 0.5000000000
47357  -38.416  -42.187  -62.859 0.6000000238
46447  -36.733  -43.132  -61.175 0.5000000000
49276  -47.813  -41.440  -59.220 0.3000000119
49267  -46.800  -41.236  -58.168 0.3000000119
48326  -48.620  -42.079  -59.275 0.3000000119
49277  -48.622  -41.383  -59.713 0.3000000119
48316  -49.083  -42.747  -58.830 0.3000000119
48327  -49.198  -41.986  -59.268 0.3000000119
49254  -49.181  -40.799  -57.764 0.3000000119
50157  -49.015  -40.091  -60.128 0.3000000119
50152  -49.211  -40.397  -59.633 0.3000000119
49268  -49.502  -41.578  -58.983 0.3000000119
50132  -48.375  -39.752  -56.870 0.3000000119
126914  -49.231  -39.530  -59.080 0.3000000119
50142  -48.795  -40.031  -58.236 0.3000000119
53063  -45.575  -36.363  -54.369 0.3000000119
54138  -46.504  -35.505  -55.940 0.3000000119
53062  -45.100  -35.977  -53.952 0.3000000119
55071  -46.569  -34.653  -56.430 0.3000000119
55066  -45.282  -34.858  -55.182 0.3000000119
54137  -45.779  -35.357  -55.358 0.3000000119
55070  -45.345  -34.096  -55.713 0.3000000119
42034  -41.283  -48.211  -64.496 0.4000000060
48315  -47.805  -42.348  -58.446 0.3000000119
48304  -50.390  -43.094  -57.645 0.3000000119
41119  -40.900  -48.952  -64.743 0.4000000060
49241  -50.641  -41.676  -56.344 0.3000000119
49240  -49.333  -40.716  -56.704 0.3000000119
51065  -48.601  -38.819  -58.170 0.3000000119
52075  -48.119  -37.857  -57.375 0.3000000119
53082  -47.383  -36.086  -56.442 0.3000000119
53064  -46.197  -36.791  -54.799 0.3000000119
52044  -46.445  -37.525  -54.440 0.3000000119
52043  -45.817  -37.107  -53.996 0.3000000119
53045  -45.328  -36.548  -53.522 0.3000000119
54119  -44.627  -35.359  -53.909 0.3000000119
49255  -50.258  -42.148  -57.698 0.3000000119
35010  -30.828  -55.505  -62.688 0.4000000060
35009  -30.143  -55.000  -62.628 0.3000000119
36024  -30.834  -54.287  -60.811 0.3000000119
37083  -30.571  -53.568  -60.433 0.3000000119
42022  -34.394  -49.044  -63.494 0.4000000060
42023  -35.247  -48.866  -63.878 0.4000000060
41108  -34.895  -49.595  -64.129 0.4000000060
40202  -35.623  -49.961  -64.791 0.4000000060
42901  -34.480  -48.350  -62.483 0.4000000060
42017  -34.869  -48.641  -63.107 0.4000000060
42907  -35.800  -48.340  -63.360 0.4000000060
42025  -37.187  -48.511  -64.177 0.4000000060
42909  -37.419  -47.941  -63.656 0.4000000060
41114  -36.296  -49.481  -64.927 0.4000000060
42029  -36.916  -49.068  -64.777 0.4000000060
42893  -31.596  -47.739  -61.457 0.3000000119
42896  -34.221  -48.036  -61.631 0.4000000060
137240  -32.139  -47.082  -61.160 0.3000000119
120318  -30.988  -47.057  -61.443 0.3000000119
42030  -37.706  -48.987  -65.041 0.4000000060
42908  -36.715  -48.146  -63.476 0.4000000060
43715  -33.505  -47.016  -60.068 0.4000000060
119199  -35.284  -51.070  -64.162 0.4000000060
41109  -35.614  -49.286  -64.449 0.4000000060
42024  -36.216  -48.747  -64.197 0.4000000060
35016  -45.468  -55.974  -62.585 0.3000000119
36044  -45.859  -54.246  -62.323 0.3000000119
38188  -46.915  -52.368  -62.537 0.3000000119
38187  -46.365  -51.531  -62.103 0.3000000119
39187  -46.565  -50.049  -62.019 0.3000000119
40197  -46.798  -49.123  -63.892 0.3000000119
39207  -45.536  -50.498  -63.530 0.3000000119
39206  -44.348  -51.474  -63.187 0.3000000119
127577  -45.561  -48.367  -63.124 0.3000000119
40187  -44.177  -49.719  -62.988 0.3000000119
39195  -43.560  -51.010  -62.816 0.3000000119
42019  -45.179  -47.727  -62.373 0.3000000119
131192  -44.366  -48.702  -62.999 0.3000000119
124539  -43.247  -49.484  -62.869 0.3000000119
42018  -44.214  -47.846  -62.632 0.3000000119
41099  -42.525  -49.093  -63.083 0.3000000119
122655  -45.528  -50.158  -61.539 0.3000000119
42027  -42.113  -47.896  -63.633 0.3000000119
41112  -42.899  -48.212  -63.097 0.3000000119
133545  -47.390  -51.182  -62.590 0.3000000119
34016  -40.965  -56.148  -60.876 0.4000000060
34982  -39.472  -55.428  -59.905 0.3000000119
34983  -40.092  -55.106  -60.048 0.4000000060
36020  -38.705  -54.488  -59.277 0.3000000119
36032  -42.164  -54.242  -60.867 0.4000000060
36041  -42.894  -54.278  -61.265 0.4000000060
36055  -45.652  -55.038  -62.468 0.3000000119
37080  -41.044  -52.970  -59.724 0.4000000060
37099  -44.632  -53.364  -61.591 0.4000000060
38132  -37.982  -52.441  -57.792 0.3000000119
38140  -38.730  -52.342  -58.241 0.3000000119
38141  -39.629  -52.210  -58.662 0.3000000119
38150  -41.056  -52.171  -59.583 0.4000000060
38163  -42.990  -52.194  -60.611 0.4000000060
39130  -37.502  -51.183  -56.055 0.3000000119
39178  -42.930  -51.481  -60.489 0.4000000060
39186  -45.392  -51.412  -61.611 0.4000000060
39196  -44.565  -50.477  -63.148 0.3000000119
39197  -47.487  -50.047  -62.550 0.3000000119
39198  -48.193  -50.245  -63.055 0.3000000119
40150  -39.071  -50.162  -57.689 0.3000000119
40155  -39.801  -50.506  -58.214 0.3000000119
40156  -40.426  -50.794  -58.881 0.4000000060
40165  -41.914  -50.142  -59.759 0.4000000060
40174  -43.392  -50.464  -60.591 0.4000000060
40179  -44.499  -50.283  -61.099 0.4000000060
40181  -46.694  -48.673  -62.164 0.3000000119
40188  -45.590  -49.255  -63.446 0.3000000119
40193  -34.490  -50.393  -63.774 0.4000000060
40194  -35.810  -50.820  -64.769 0.4000000060
40203  -36.397  -50.335  -65.231 0.4000000060
41028  -36.681  -49.821  -53.237 0.3000000119
41062  -37.736  -49.745  -55.657 0.3000000119
41063  -38.212  -49.438  -56.397 0.3000000119
41071  -39.771  -49.648  -58.084 0.4000000060
41073  -41.120  -49.032  -59.138 0.4000000060
41084  -42.367  -49.294  -59.942 0.4000000060
41100  -43.745  -48.434  -62.937 0.3000000119
41101  -45.202  -48.007  -62.693 0.3000000119
41113  -46.708  -48.303  -63.317 0.3000000119
41115  -37.198  -49.807  -65.396 0.4000000060
41118  -40.115  -49.504  -65.050 0.5000000000
41963  -37.093  -48.372  -54.082 0.3000000119
41984  -38.631  -48.709  -56.715 0.3000000119
41986  -40.104  -47.788  -57.974 0.4000000060
41998  -41.616  -48.248  -59.289 0.4000000060
42028  -43.243  -47.631  -62.733 0.3000000119
42817  -37.342  -47.437  -50.472 0.3000000119
42847  -36.665  -47.277  -52.369 0.3000000119
42861  -38.334  -47.465  -55.872 0.3000000119
42869  -39.242  -47.229  -57.043 0.3000000119
42887  -35.059  -47.523  -61.305 0.5000000000
42902  -35.481  -48.080  -62.588 0.5000000000
42913  -42.309  -47.283  -63.167 0.4000000060
43649  -37.369  -46.548  -50.495 0.3000000119
43662  -36.987  -46.468  -51.307 0.3000000119
43675  -36.749  -46.504  -52.080 0.3000000119
43678  -36.739  -46.588  -52.898 0.3000000119
43679  -37.087  -46.749  -53.706 0.3000000119
43694  -39.476  -46.431  -57.305 0.3000000119
43697  -40.864  -46.133  -58.489 0.4000000060
43724  -42.747  -46.542  -61.760 0.4000000060
43730  -38.493  -46.470  -63.543 0.6000000238
43732  -40.159  -46.312  -64.209 0.5000000000
43733  -40.820  -46.560  -64.065 0.5000000000
43734  -41.530  -46.811  -63.619 0.5000000000
44484  -37.574  -44.801  -50.707 0.3000000119
44485  -37.947  -45.043  -50.007 0.3000000119
44525  -38.772  -45.258  -56.715 0.3000000119
44538  -39.929  -44.786  -58.025 0.4000000060
44546  -34.996  -46.198  -58.893 0.5000000000
44548  -41.666  -45.538  -59.577 0.5000000000
44558  -42.480  -45.985  -60.494 0.4000000060
44562  -36.710  -45.729  -61.471 0.5000000000
44571  -41.961  -46.185  -62.177 0.4000000060
45487  -38.399  -44.964  -56.015 0.3000000119
45500  -35.017  -44.345  -57.511 0.5000000000
45501  -38.975  -44.246  -57.159 0.3000000119
45519  -41.543  -45.194  -60.229 0.5000000000
45523  -30.956  -44.449  -60.137 0.5000000000
46372  -38.377  -43.529  -50.219 0.3000000119
46374  -40.728  -42.911  -49.899 0.3000000119
46387  -37.635  -43.483  -51.346 0.3000000119
46419  -38.625  -44.064  -56.559 0.3000000119
46451  -40.910  -43.874  -64.046 0.6000000238
47251  -40.435  -42.432  -50.333 0.3000000119
47274  -37.651  -42.699  -52.601 0.3000000119
47283  -37.649  -42.734  -53.541 0.3000000119
47295  -38.041  -42.355  -54.907 0.3000000119
47318  -34.445  -42.862  -56.035 0.6000000238
47323  -49.970  -43.215  -57.533 0.3000000119
47332  -49.689  -43.249  -58.234 0.3000000119
47361  -40.755  -42.780  -64.192 0.6999999881
48250  -40.859  -40.853  -51.919 0.3000000119
48284  -29.814  -41.403  -55.848 0.5000000000
48288  -33.648  -42.174  -55.084 0.6999999881
48292  -44.873  -41.981  -55.424 0.3000000119
48301  -38.557  -41.591  -56.403 0.3000000119
48303  -47.391  -42.749  -57.435 0.3000000119
48305  -50.691  -42.537  -56.645 0.3000000119
48312  -38.709  -41.312  -57.099 0.4000000060
48317  -49.911  -42.702  -58.621 0.3000000119
48331  -35.890  -41.495  -59.255 0.6000000238
48332  -38.914  -41.676  -59.208 0.3000000119
48341  -42.074  -42.286  -63.859 0.6999999881
48345  -42.009  -42.098  -64.165 0.6999999881
49170  -39.713  -40.282  -52.299 0.3000000119
49172  -41.373  -40.269  -52.405 0.3000000119
49239  -45.152  -41.639  -55.942 0.3000000119
49262  -35.925  -40.445  -57.735 0.6999999881
49278  -49.026  -41.092  -59.724 0.3000000119
49288  -42.577  -40.821  -63.388 0.6999999881
49290  -39.261  -41.140  -63.290 0.6000000238
50061  -40.174  -39.681  -52.695 0.3000000119
50095  -39.366  -39.098  -54.329 0.3000000119
50096  -44.165  -40.430  -55.176 0.3000000119
50111  -36.510  -39.637  -55.120 0.6999999881
50140  -39.315  -39.251  -57.499 0.3000000119
50153  -49.427  -39.335  -59.806 0.3000000119
50156  -48.250  -39.927  -60.325 0.3000000119
50161  -48.787  -39.264  -60.456 0.4000000060
50163  -36.179  -39.514  -61.376 0.8000000119
50164  -36.813  -39.740  -61.620 0.8000000119
50166  -41.079  -40.033  -61.670 0.6999999881
50174  -41.315  -40.652  -64.032 0.6999999881
51006  -40.493  -38.515  -53.603 0.3000000119
51025  -37.061  -38.261  -55.188 0.6999999881
51046  -39.559  -38.460  -55.545 0.3000000119
51059  -45.419  -38.827  -57.359 0.4000000060
51064  -48.055  -38.865  -57.137 0.3000000119
51067  -36.057  -38.352  -58.876 0.6000000238
51072  -49.655  -38.362  -59.674 0.4000000060
51077  -47.560  -39.187  -59.990 0.4000000060
51080  -49.604  -38.256  -60.148 0.4000000060
51085  -48.643  -38.538  -60.543 0.4000000060
51086  -49.185  -38.560  -60.461 0.4000000060
51089  -37.239  -38.463  -61.280 0.6999999881
51992  -35.509  -37.083  -51.805 0.6000000238
52041  -41.768  -37.162  -54.439 0.4000000060
52070  -47.573  -37.908  -56.500 0.3000000119
52082  -50.011  -37.431  -59.802 0.4000000060
52083  -35.961  -37.990  -60.429 0.6000000238
52087  -48.212  -37.829  -60.366 0.4000000060
52094  -49.471  -37.891  -60.425 0.4000000060
52095  -36.806  -37.975  -60.944 0.6999999881
52106  -43.341  -38.387  -64.240 0.6999999881
53011  -34.886  -35.989  -51.491 0.6000000238
53072  -42.506  -36.524  -55.608 0.4000000060
53074  -45.974  -36.017  -55.153 0.3000000119
53075  -46.660  -36.454  -55.605 0.3000000119
53089  -48.759  -35.869  -58.056 0.4000000060
53099  -48.045  -36.857  -59.994 0.4000000060
53100  -50.370  -36.530  -59.984 0.4000000060
53101  -50.473  -35.807  -60.094 0.4000000060
53108  -50.136  -36.456  -60.258 0.4000000060
53118  -41.136  -37.241  -63.373 0.6999999881
53120  -44.557  -37.105  -64.080 0.6000000238
54077  -37.021  -35.161  -51.010 0.6000000238
54093  -37.257  -35.667  -51.449 0.6000000238
54105  -37.507  -36.030  -52.085 0.6000000238
54134  -45.282  -35.575  -54.668 0.3000000119
54141  -43.733  -35.784  -56.794 0.4000000060
54149  -36.732  -35.823  -59.447 0.6000000238
54156  -50.371  -35.309  -59.515 0.4000000060
54157  -36.718  -35.970  -60.096 0.6000000238
54160  -41.778  -35.434  -59.576 0.5000000000
55057  -44.808  -34.981  -54.603 0.3000000119
55063  -37.783  -34.828  -55.251 0.6000000238
55067  -45.934  -34.783  -55.794 0.3000000119
55072  -47.273  -34.253  -57.102 0.4000000060
55076  -48.739  -34.121  -58.151 0.4000000060
55085  -50.418  -34.302  -59.554 0.4000000060
55095  -50.750  -34.643  -60.030 0.4000000060
55096  -50.586  -35.108  -60.133 0.4000000060
55103  -50.524  -34.304  -60.304 0.4000000060
56008  -46.268  -33.125  -56.954 0.4000000060
56032  -50.002  -33.320  -60.674 0.4000000060
56033  -50.327  -33.521  -60.489 0.4000000060
56911  -39.075  -32.026  -49.931 0.6999999881
56918  -35.888  -32.748  -50.500 0.6000000238
56933  -34.373  -32.841  -51.568 0.6000000238
56987  -45.891  -32.416  -57.205 0.3000000119
56993  -47.285  -31.952  -58.467 0.4000000060
56999  -49.697  -32.769  -60.256 0.4000000060
57871  -39.701  -31.702  -50.054 0.6999999881
57882  -40.604  -31.252  -51.521 0.5000000000
57936  -48.309  -30.878  -60.660 0.4000000060
57944  -47.766  -30.768  -61.914 0.3000000119
58737  -36.739  -29.864  -50.017 0.6000000238
58738  -37.684  -30.478  -49.588 0.6000000238
58749  -41.100  -29.514  -50.649 0.5000000000
58780  -42.849  -30.066  -53.757 0.3000000119
58786  -43.141  -30.617  -54.814 0.3000000119
58791  -41.059  -30.229  -55.581 0.5000000000
58803  -31.906  -30.314  -57.786 0.5000000000
59666  -34.398  -29.741  -52.456 0.6000000238
59681  -41.010  -30.116  -54.937 0.5000000000
60500  -42.990  -28.795  -54.387 0.3000000119
60512  -34.346  -28.235  -57.822 0.4000000060
61288  -41.151  -27.159  -48.776 0.6000000238
61316  -45.543  -27.976  -52.604 0.3000000119
62164  -40.346  -26.858  -48.360 0.6000000238
62194  -41.773  -26.664  -51.430 0.4000000060
62237  -41.710  -25.358  -57.405 0.3000000119
63112  -39.576  -26.227  -48.095 0.6000000238
63157  -42.170  -25.056  -51.512 0.4000000060
63168  -44.024  -25.695  -53.407 0.4000000060
64916  -40.735  -23.560  -47.468 0.4000000060
64917  -42.081  -22.963  -47.807 0.4000000060
65016  -41.733  -24.318  -56.217 0.5000000000
65763  -36.895  -21.963  -50.089 0.3000000119
65776  -36.586  -22.349  -51.361 0.4000000060
66563  -37.682  -21.477  -49.044 0.3000000119
67498  -39.611  -21.000  -46.898 0.3000000119
67499  -40.449  -20.649  -46.747 0.3000000119
67561  -44.731  -20.268  -50.945 0.3000000119
67607  -47.217  -19.190  -55.427 0.3000000119
67618  -48.684  -19.092  -56.560 0.3000000119
68476  -44.207  -18.684  -48.838 0.3000000119
69310  -39.853  -18.565  -46.837 0.3000000119
70226  -40.583  -17.377  -46.735 0.3000000119
70227  -41.308  -17.360  -46.735 0.3000000119
70246  -38.696  -17.834  -47.896 0.3000000119
70256  -45.443  -17.135  -48.989 0.3000000119
71111  -40.289  -16.711  -46.904 0.3000000119
72017  -39.934  -15.287  -47.648 0.3000000119
72037  -44.142  -15.051  -48.350 0.3000000119
72903  -41.435  -14.521  -47.358 0.3000000119
73781  -43.317  -14.028  -47.853 0.3000000119
73798  -44.517  -13.814  -48.986 0.3000000119
73799  -44.963  -13.945  -49.431 0.3000000119
73812  -45.342  -13.681  -49.891 0.3000000119
73847  -48.105  -13.005  -52.366 0.3000000119
113805  -31.568  -47.118  -61.310 0.3000000119
114098  -41.582  -26.109  -48.901 0.5000000000
114769  -37.404  -49.899  -55.073 0.3000000119
116000  -49.512  -37.164  -60.465 0.4000000060
116023  -36.661  -49.114  -53.070 0.3000000119
116665  -48.439  -36.892  -57.658 0.4000000060
117078  -35.779  -41.066  -57.255 0.6000000238
117385  -46.021  -34.229  -56.217 0.3000000119
117785  -38.741  -26.510  -48.215 0.5000000000
118768  -36.452  -39.410  -56.837 0.6999999881
119704  -43.544  -28.673  -56.420 0.3000000119
120224  -38.421  -20.836  -47.856 0.3000000119
120291  -31.774  -42.677  -55.135 0.6999999881
120415  -42.817  -50.503  -62.691 0.3000000119
120850  -43.451  -20.302  -50.576 0.4000000060
121309  -46.771  -37.183  -59.081 0.4000000060
121944  -42.234  -14.543  -47.376 0.3000000119
122664  -45.748  -41.798  -56.501 0.3000000119
122707  -37.333  -45.155  -53.823 0.3000000119
123005  -30.578  -42.313  -58.544 0.3000000119
123038  -37.876  -33.874  -50.555 0.6000000238
123166  -39.999  -56.955  -60.921 0.3000000119
123618  -36.611  -23.682  -50.328 0.3000000119
124483  -35.580  -39.894  -60.540 0.8000000119
124562  -39.204  -40.012  -58.630 0.5000000000
124671  -43.213  -53.610  -61.193 0.4000000060
124755  -35.137  -50.392  -64.440 0.4000000060
124992  -43.596  -16.824  -47.886 0.3000000119
125074  -50.205  -32.997  -59.912 0.4000000060
125411  -50.203  -33.574  -59.557 0.4000000060
125669  -39.561  -18.020  -47.078 0.3000000119
125969  -50.164  -36.459  -59.452 0.4000000060
126187  -38.648  -40.875  -56.514 0.3000000119
126247  -48.641  -40.745  -60.111 0.4000000060
127273  -45.701  -36.366  -58.119 0.4000000060
127876  -38.939  -42.111  -58.429 0.3000000119
128199  -39.093  -32.311  -54.855 0.6000000238
128714  -40.014  -42.782  -49.840 0.3000000119
129437  -36.539  -38.740  -57.196 0.6999999881
129660  -42.535  -22.293  -50.723 0.4000000060
131224  -31.074  -46.520  -61.388 0.5000000000
132260  -34.658  -27.983  -55.399 0.4000000060
132593  -38.619  -40.498  -55.917 0.3000000119
132831  -41.411  -20.364  -46.901 0.3000000119
133823  -37.606  -45.178  -54.661 0.3000000119
133876  -42.483  -24.326  -56.453 0.5000000000
133955  -43.130  -18.585  -47.703 0.3000000119
134021  -39.276  -39.107  -56.774 0.3000000119
134345  -37.503  -34.754  -57.659 0.6000000238
134377  -43.833  -17.406  -48.141 0.3000000119
134522  -48.089  -17.246  -50.495 0.3000000119
134527  -46.078  -52.765  -62.065 0.4000000060
134955  -42.852  -30.082  -53.246 0.3000000119
135079  -37.558  -44.338  -50.955 0.3000000119
135226  -37.945  -45.360  -55.327 0.3000000119
135520  -49.525  -38.828  -60.007 0.4000000060
135613  -39.213  -30.896  -49.384 0.6000000238
136278  -41.575  -36.863  -63.552 0.6999999881
136738  -43.375  -27.240  -59.417 0.4000000060
137060  -38.581  -23.687  -47.886 0.4000000060
137201  -39.170  -23.254  -47.506 0.3000000119
137371  -39.008  -39.576  -56.435 0.3000000119
