#!ascii label  , from subject sub-v1s7x0051324_ses-1 vox2ras=TkReg
413
118446  -29.449  -62.689  -66.214 0.6999999881
113743  -29.420  -61.116  -66.880 0.6000000238
128499  -28.851  -60.590  -67.867 0.6000000238
30196  -28.995  -60.402  -68.528 0.4000000060
28208  -28.765  -62.525  -59.237 0.6999999881
133176  -29.277  -61.650  -59.356 0.6999999881
28209  -29.499  -62.530  -59.867 0.6999999881
126206  -29.789  -61.196  -59.927 0.6000000238
133866  -30.052  -62.554  -60.447 0.6999999881
30143  -30.273  -61.177  -60.665 0.6000000238
27105  -30.288  -62.906  -61.084 0.6000000238
29194  -30.525  -61.588  -61.404 0.6000000238
28237  -30.507  -62.473  -62.738 0.6000000238
30164  -30.356  -60.523  -62.530 0.5000000000
29213  -30.515  -61.636  -63.364 0.5000000000
30172  -30.098  -60.291  -63.450 0.5000000000
130173  -29.905  -60.625  -64.694 0.6000000238
134356  -29.802  -61.164  -66.039 0.6000000238
113758  -29.426  -60.285  -65.319 0.6000000238
30186  -29.414  -60.601  -66.188 0.6000000238
30189  -28.653  -60.114  -67.304 0.6000000238
29165  -28.194  -61.725  -58.722 0.6000000238
119931  -28.670  -60.233  -59.359 0.6000000238
30134  -29.275  -60.722  -59.548 0.6000000238
30142  -29.722  -60.485  -60.227 0.6000000238
31205  -29.608  -59.447  -61.396 0.6000000238
30153  -30.064  -60.210  -61.022 0.6000000238
31206  -30.138  -59.936  -61.904 0.6000000238
31215  -29.570  -59.266  -62.250 0.6000000238
116032  -29.201  -59.107  -63.155 0.6000000238
30182  -29.612  -60.102  -64.397 0.6000000238
31225  -29.434  -59.606  -63.743 0.6999999881
136925  -29.065  -59.537  -64.407 0.6000000238
31236  -28.617  -59.497  -65.291 0.6000000238
31252  -28.427  -59.472  -67.938 0.5000000000
30133  -28.557  -60.853  -59.020 0.6000000238
31193  -28.382  -59.560  -59.450 0.6000000238
31194  -29.081  -59.965  -59.848 0.6000000238
31200  -29.401  -59.675  -60.569 0.6000000238
31199  -28.724  -59.190  -60.086 0.6000000238
32141  -28.857  -58.824  -60.982 0.6000000238
32149  -29.180  -58.880  -61.789 0.6000000238
32161  -28.934  -58.709  -62.534 0.6000000238
120990  -28.485  -58.654  -63.336 0.6999999881
31244  -27.591  -58.942  -66.705 0.6000000238
32197  -27.368  -58.289  -67.673 0.6000000238
31263  -28.588  -59.344  -68.094 0.4000000060
30124  -27.497  -59.897  -58.384 0.6000000238
30125  -27.638  -60.699  -58.551 0.6000000238
30132  -28.017  -60.042  -58.939 0.6000000238
134005  -28.156  -58.885  -59.610 0.6000000238
32134  -28.203  -58.449  -60.216 0.5000000000
32140  -27.892  -57.991  -61.174 0.6000000238
32148  -28.513  -58.374  -61.905 0.6999999881
32173  -27.522  -58.256  -63.942 0.6000000238
32174  -28.394  -59.010  -64.308 0.6000000238
31235  -27.701  -58.817  -65.626 0.6000000238
33128  -27.328  -57.786  -67.572 0.6000000238
31253  -27.805  -59.106  -67.567 0.6000000238
32211  -28.158  -58.554  -68.200 0.4000000060
32210  -27.788  -58.605  -67.993 0.5000000000
124513  -26.998  -60.681  -58.027 0.5000000000
31192  -27.777  -59.153  -58.965 0.6000000238
32133  -27.717  -58.353  -59.522 0.5000000000
115213  -27.520  -57.782  -60.256 0.5000000000
131160  -27.259  -57.442  -61.056 0.6000000238
33073  -26.766  -56.914  -61.461 0.6000000238
33074  -27.133  -57.417  -61.856 0.6999999881
33088  -26.874  -57.420  -62.840 0.6999999881
32160  -28.119  -58.265  -62.850 0.6999999881
33101  -26.725  -57.479  -63.925 0.6000000238
131974  -26.917  -57.761  -64.809 0.6000000238
116689  -27.279  -58.320  -65.211 0.6000000238
33108  -27.027  -57.576  -65.776 0.6000000238
32189  -27.164  -58.122  -66.633 0.6000000238
33129  -28.006  -57.476  -67.632 0.5000000000
33130  -29.410  -57.320  -67.162 0.4000000060
116498  -27.250  -59.945  -57.891 0.6000000238
31185  -27.674  -59.144  -58.314 0.6000000238
32128  -27.607  -58.417  -58.927 0.5000000000
133258  -27.466  -57.776  -59.473 0.5000000000
130681  -27.240  -57.328  -59.961 0.6000000238
34010  -26.927  -56.694  -60.090 0.5000000000
124842  -27.080  -57.076  -60.623 0.5000000000
34022  -26.123  -56.359  -61.931 0.5000000000
34021  -25.611  -55.753  -62.385 0.5000000000
33087  -26.515  -56.886  -62.395 0.5000000000
35006  -25.286  -55.063  -62.747 0.4000000060
33100  -26.378  -56.853  -63.337 0.6999999881
35007  -25.665  -55.697  -63.163 0.4000000060
35031  -26.355  -56.090  -64.185 0.5000000000
34042  -26.408  -56.764  -64.110 0.6000000238
34052  -26.626  -56.450  -64.661 0.5000000000
34043  -26.706  -57.069  -64.961 0.6000000238
35032  -27.036  -55.717  -64.699 0.5000000000
33115  -27.173  -56.776  -65.937 0.6000000238
33117  -28.785  -56.727  -66.941 0.5000000000
34053  -27.046  -56.212  -65.307 0.6000000238
34054  -27.719  -56.047  -65.837 0.6000000238
126687  -27.730  -57.211  -67.188 0.6000000238
33054  -27.567  -57.583  -58.697 0.5000000000
119834  -27.259  -57.078  -59.420 0.4000000060
34000  -26.403  -55.977  -60.129 0.4000000060
34009  -26.430  -56.350  -60.917 0.5000000000
33999  -25.918  -55.687  -60.716 0.5000000000
36046  -25.236  -54.286  -62.899 0.4000000060
36058  -25.746  -54.195  -63.288 0.5000000000
35020  -25.983  -55.551  -63.758 0.5000000000
36059  -26.165  -54.795  -63.723 0.5000000000
35021  -26.688  -55.269  -64.160 0.5000000000
36060  -27.146  -54.539  -63.791 0.5000000000
34055  -30.011  -55.572  -65.426 0.5000000000
34064  -29.532  -56.068  -66.188 0.5000000000
34063  -28.060  -56.468  -66.477 0.5000000000
34988  -25.310  -55.026  -61.009 0.5000000000
128252  -24.922  -54.498  -61.629 0.5000000000
37101  -25.301  -53.504  -62.915 0.4000000060
35034  -29.309  -55.184  -65.019 0.5000000000
34056  -30.668  -55.738  -64.961 0.3000000119
37103  -27.025  -53.658  -62.781 0.5000000000
35022  -27.813  -54.836  -64.389 0.5000000000
114138  -28.754  -54.884  -64.580 0.5000000000
36023  -24.709  -54.154  -61.030 0.4000000060
36034  -24.944  -54.397  -62.311 0.4000000060
37081  -24.082  -53.196  -61.225 0.4000000060
38166  -24.743  -52.184  -62.419 0.4000000060
38175  -24.680  -52.888  -62.633 0.4000000060
38176  -25.463  -52.841  -62.823 0.4000000060
38167  -25.910  -52.312  -62.294 0.4000000060
38177  -26.477  -53.037  -62.545 0.5000000000
35024  -30.313  -55.260  -63.621 0.4000000060
35035  -30.179  -55.312  -64.632 0.4000000060
121958  -27.981  -54.177  -63.883 0.5000000000
35008  -29.535  -54.681  -63.388 0.5000000000
37104  -27.989  -53.587  -62.791 0.5000000000
36048  -28.322  -53.995  -63.379 0.5000000000
36061  -28.720  -54.408  -63.961 0.5000000000
39169  -25.363  -51.673  -61.729 0.4000000060
117755  -28.944  -54.301  -63.171 0.5000000000
37094  -27.485  -53.214  -62.172 0.5000000000
38153  -26.463  -51.952  -61.322 0.4000000060
36036  -29.470  -54.429  -62.491 0.4000000060
36037  -30.230  -54.574  -61.638 0.3000000119
38168  -26.930  -52.659  -61.713 0.5000000000
37095  -28.406  -53.402  -61.948 0.5000000000
36035  -28.740  -53.948  -62.567 0.5000000000
117658  -26.023  -51.298  -60.842 0.4000000060
37096  -29.351  -53.861  -61.590 0.3000000119
37097  -30.123  -53.974  -60.989 0.3000000119
38154  -27.432  -52.288  -60.797 0.4000000060
38169  -27.922  -52.900  -61.324 0.5000000000
38155  -28.414  -52.524  -60.427 0.5000000000
129943  -26.166  -50.039  -60.052 0.4000000060
37082  -29.709  -53.424  -60.646 0.3000000119
37083  -30.571  -53.568  -60.433 0.3000000119
40171  -26.615  -50.782  -60.147 0.4000000060
39172  -29.127  -51.867  -59.729 0.4000000060
39170  -27.013  -51.551  -60.431 0.4000000060
39173  -29.903  -52.277  -59.757 0.3000000119
38145  -30.745  -52.126  -59.567 0.4000000060
39160  -31.332  -51.388  -59.279 0.4000000060
38146  -31.749  -52.176  -59.430 0.4000000060
40158  -27.078  -50.106  -59.615 0.4000000060
39158  -28.568  -50.962  -59.533 0.5000000000
39157  -27.540  -50.907  -59.742 0.5000000000
39171  -27.966  -51.791  -59.960 0.5000000000
40160  -29.096  -50.077  -59.372 0.4000000060
115646  -30.107  -50.036  -59.239 0.4000000060
40161  -30.666  -50.829  -59.187 0.4000000060
39161  -32.319  -51.231  -59.303 0.3000000119
41075  -26.644  -49.324  -59.754 0.5000000000
41076  -27.595  -49.344  -59.618 0.5000000000
41996  -29.937  -48.596  -59.887 0.4000000060
41997  -30.792  -48.707  -59.953 0.3000000119
117995  -26.905  -48.086  -59.774 0.5000000000
41078  -29.552  -49.296  -59.505 0.4000000060
41079  -30.484  -49.323  -59.483 0.4000000060
41080  -31.297  -49.417  -59.544 0.4000000060
41081  -32.038  -49.620  -59.675 0.3000000119
40159  -28.076  -50.119  -59.501 0.5000000000
41993  -27.174  -48.621  -59.762 0.5000000000
130126  -30.266  -47.959  -60.718 0.4000000060
124822  -26.567  -47.054  -59.650 0.5000000000
41088  -31.510  -48.986  -60.178 0.3000000119
42880  -27.655  -47.992  -59.912 0.5000000000
42003  -28.499  -47.953  -60.163 0.5000000000
41995  -28.983  -48.599  -59.860 0.5000000000
41994  -28.062  -48.596  -59.774 0.5000000000
42892  -30.288  -47.026  -61.361 0.4000000060
133627  -28.743  -46.769  -60.476 0.5000000000
42009  -30.960  -47.633  -61.274 0.3000000119
42005  -31.118  -48.275  -60.767 0.3000000119
43703  -27.152  -46.352  -59.627 0.5000000000
43711  -28.183  -46.405  -60.122 0.5000000000
42883  -28.111  -47.281  -60.153 0.5000000000
30192  -28.862  -60.288  -68.320 0.5000000000
29203  -30.585  -61.477  -62.345 0.6000000238
32147  -27.628  -57.876  -62.279 0.6999999881
33116  -27.332  -57.310  -66.730 0.6000000238
32159  -27.321  -57.878  -63.168 0.6999999881
119701  -26.082  -56.257  -63.583 0.5000000000
34008  -25.726  -55.744  -61.485 0.5000000000
34998  -25.243  -55.109  -61.944 0.5000000000
34033  -26.005  -56.322  -62.848 0.4000000060
35033  -28.105  -55.482  -65.104 0.5000000000
35043  -28.822  -55.728  -65.725 0.5000000000
37102  -26.012  -53.504  -63.149 0.5000000000
37093  -24.178  -53.023  -62.184 0.4000000060
38170  -28.846  -53.156  -61.019 0.4000000060
39159  -30.130  -51.592  -59.415 0.4000000060
40162  -31.591  -50.588  -59.234 0.3000000119
42879  -27.182  -47.533  -59.789 0.5000000000
123152  -24.874  -69.825  -61.368 0.5000000000
19988  -26.507  -70.296  -61.227 0.5000000000
20990  -25.705  -69.606  -61.266 0.5000000000
23016  -29.419  -68.063  -62.557 0.5000000000
19990  -28.028  -70.394  -61.230 0.5000000000
19989  -27.348  -70.570  -61.210 0.4000000060
129888  -25.853  -68.252  -61.782 0.5000000000
20991  -26.573  -69.384  -61.333 0.6000000238
22027  -26.497  -68.652  -61.690 0.6000000238
22029  -28.350  -69.048  -61.671 0.5000000000
22046  -27.832  -68.597  -62.145 0.5000000000
128258  -30.118  -66.718  -64.481 0.4000000060
23993  -25.716  -66.770  -62.121 0.6999999881
127964  -25.051  -67.008  -61.974 0.6999999881
23013  -26.388  -67.450  -62.727 0.6999999881
23014  -27.271  -68.142  -62.959 0.5000000000
122903  -26.743  -67.932  -62.841 0.6999999881
23037  -28.430  -67.914  -63.750 0.5000000000
23015  -28.112  -68.266  -62.868 0.5000000000
23036  -27.389  -67.948  -63.819 0.5000000000
24043  -29.850  -66.618  -65.486 0.5000000000
24012  -29.416  -67.371  -64.108 0.5000000000
24989  -24.188  -64.928  -62.231 0.5000000000
24990  -24.904  -65.280  -61.896 0.6999999881
24991  -25.639  -65.708  -61.773 0.6999999881
23992  -24.910  -66.280  -61.891 0.6999999881
24992  -26.336  -65.942  -61.955 0.6999999881
23012  -25.635  -67.572  -61.997 0.6000000238
23053  -26.896  -67.480  -64.475 0.6999999881
130794  -26.601  -66.897  -64.329 0.6000000238
23070  -28.318  -67.505  -65.678 0.5000000000
23054  -27.493  -67.776  -64.736 0.6000000238
23068  -27.099  -67.499  -65.182 0.6000000238
24029  -29.180  -67.271  -65.175 0.5000000000
122584  -30.288  -66.065  -66.920 0.5000000000
125129  -25.595  -64.575  -61.726 0.5000000000
24977  -26.302  -64.921  -61.604 0.6999999881
24993  -27.024  -65.847  -62.429 0.6999999881
24011  -26.612  -67.212  -63.643 0.8000000119
25006  -27.425  -66.068  -63.858 0.6999999881
24028  -26.781  -67.108  -65.106 0.6000000238
25019  -26.888  -66.484  -64.805 0.6999999881
24041  -27.891  -67.198  -66.310 0.6999999881
24040  -27.275  -67.154  -65.685 0.6000000238
130390  -29.356  -66.441  -67.355 0.6000000238
24055  -28.555  -66.722  -67.039 0.6000000238
25077  -29.525  -65.492  -68.759 0.6000000238
25996  -25.403  -63.582  -62.000 0.5000000000
137490  -26.378  -63.763  -61.248 0.6000000238
25980  -26.035  -63.848  -61.524 0.5000000000
25981  -26.802  -64.161  -61.301 0.6000000238
24978  -27.079  -65.137  -61.701 0.6999999881
25997  -29.024  -65.113  -62.398 0.6999999881
24980  -28.707  -65.124  -61.978 0.6000000238
23995  -26.816  -66.512  -63.330 0.6999999881
24995  -28.586  -65.493  -63.097 0.6999999881
129364  -27.771  -66.151  -67.301 0.6999999881
25060  -28.659  -66.353  -67.928 0.6999999881
25059  -28.199  -66.000  -68.131 0.6999999881
27115  -26.077  -63.543  -61.187 0.5000000000
25969  -28.082  -63.968  -60.954 0.6000000238
25982  -27.704  -64.471  -61.339 0.6000000238
25983  -28.614  -64.490  -61.390 0.6000000238
26011  -28.475  -65.384  -63.919 0.8000000119
114177  -29.553  -64.034  -63.932 0.5000000000
27131  -29.653  -64.275  -62.309 0.6000000238
25035  -27.621  -65.341  -65.418 0.6999999881
26023  -28.266  -64.953  -64.784 0.6999999881
131571  -27.780  -64.731  -67.385 0.6999999881
26059  -27.816  -64.610  -66.582 0.6999999881
26081  -28.872  -64.431  -69.463 0.5000000000
121174  -28.369  -65.144  -68.763 0.6999999881
27210  -28.770  -63.452  -69.819 0.5000000000
115627  -25.480  -63.377  -61.098 0.5000000000
116275  -27.127  -63.709  -60.149 0.5000000000
27102  -27.933  -63.630  -60.217 0.6000000238
25968  -27.406  -63.872  -60.894 0.6000000238
27103  -28.729  -63.718  -60.567 0.6000000238
27104  -29.602  -63.290  -60.570 0.6000000238
27116  -29.290  -63.995  -61.112 0.6000000238
27155  -29.598  -63.357  -64.742 0.6000000238
27143  -30.135  -63.149  -63.557 0.5000000000
27117  -29.975  -63.733  -61.496 0.5000000000
27167  -28.902  -63.829  -65.602 0.6000000238
27176  -28.138  -63.872  -67.109 0.6000000238
27177  -28.856  -63.427  -66.315 0.6000000238
123173  -28.473  -62.019  -68.894 0.5000000000
27101  -26.190  -63.793  -60.127 0.5000000000
27090  -27.508  -63.469  -59.524 0.6000000238
27092  -28.925  -63.154  -59.873 0.6000000238
27142  -29.796  -63.899  -63.058 0.5000000000
137340  -30.481  -62.859  -62.145 0.5000000000
28270  -30.175  -61.930  -64.998 0.4000000060
28260  -30.164  -62.484  -64.395 0.5000000000
28247  -30.417  -62.291  -63.658 0.5000000000
28276  -28.881  -62.978  -67.106 0.6000000238
27089  -26.872  -63.654  -59.264 0.6000000238
27091  -28.171  -63.154  -59.440 0.6000000238
122950  -30.017  -61.144  -65.162 0.5000000000
29221  -30.365  -61.727  -64.262 0.4000000060
27088  -25.451  -63.892  -59.161 0.5000000000
135539  -26.173  -63.874  -59.038 0.5000000000
27082  -27.359  -63.118  -58.800 0.6000000238
25942  -24.390  -64.006  -59.155 0.5000000000
27081  -26.474  -63.394  -58.576 0.6000000238
28202  -28.024  -62.610  -58.855 0.6000000238
27079  -24.814  -63.712  -58.420 0.5000000000
27080  -25.686  -63.582  -58.480 0.5000000000
28201  -26.692  -62.639  -58.192 0.6000000238
119990  -27.388  -62.232  -58.459 0.6000000238
28200  -25.974  -62.969  -57.950 0.5000000000
27067  -24.365  -63.461  -57.615 0.5000000000
29164  -27.292  -61.334  -58.335 0.5000000000
27068  -25.158  -63.171  -57.823 0.5000000000
27066  -23.581  -63.785  -57.343 0.5000000000
28192  -24.719  -62.818  -57.061 0.5000000000
119018  -26.168  -62.075  -57.624 0.5000000000
28194  -26.766  -61.639  -58.008 0.4000000060
27053  -23.961  -63.197  -56.781 0.5000000000
28193  -25.463  -62.450  -57.343 0.5000000000
29151  -26.474  -61.172  -57.347 0.4000000060
28183  -25.111  -62.198  -56.550 0.4000000060
29150  -25.760  -61.698  -56.961 0.4000000060
30115  -26.963  -60.557  -57.469 0.4000000060
29227  -29.933  -61.799  -65.982 0.6000000238
29239  -28.744  -62.318  -67.992 0.5000000000
29246  -28.632  -61.825  -69.440 0.4000000060
27132  -30.245  -63.401  -62.409 0.6000000238
23994  -26.369  -66.748  -62.715 0.6999999881
25045  -27.474  -65.989  -66.531 0.6999999881
26040  -27.541  -65.334  -66.133 0.6999999881
26012  -29.249  -64.752  -63.219 0.6000000238
25984  -29.260  -64.523  -61.712 0.6000000238
26071  -27.837  -65.391  -67.900 0.6999999881
117984  -29.005  -64.691  -64.132 0.6999999881
26041  -28.076  -64.558  -65.660 0.6999999881
28290  -28.368  -63.104  -68.630 0.6000000238
27198  -28.462  -63.893  -69.084 0.6000000238
19991  -28.749  -70.262  -61.520 0.5000000000
20992  -27.399  -69.880  -61.155 0.4000000060
20993  -28.244  -69.667  -61.354 0.4000000060
22026  -25.779  -68.848  -61.428 0.5000000000
22028  -27.444  -69.084  -61.561 0.5000000000
22044  -26.332  -68.029  -62.260 0.6999999881
22045  -27.011  -68.371  -62.215 0.5000000000
22047  -28.794  -68.629  -62.040 0.5000000000
23035  -26.858  -67.702  -63.525 0.6999999881
23055  -28.326  -67.709  -64.900 0.5000000000
23069  -27.610  -67.586  -65.503 0.6000000238
24042  -28.883  -67.092  -66.105 0.5000000000
24054  -27.949  -66.612  -66.944 0.6999999881
24065  -28.173  -66.392  -67.541 0.6999999881
24979  -27.998  -65.254  -61.897 0.6000000238
24994  -28.050  -65.692  -62.638 0.6999999881
25020  -27.536  -65.725  -64.751 0.6999999881
25034  -27.219  -66.293  -65.654 0.6000000238
25046  -29.612  -66.536  -66.477 0.5000000000
25061  -29.709  -65.959  -67.981 0.6000000238
25076  -28.763  -65.868  -68.659 0.6999999881
25967  -26.686  -63.728  -60.904 0.6000000238
26024  -28.950  -64.246  -64.837 0.6999999881
26058  -27.613  -65.377  -66.999 0.6999999881
26082  -29.038  -65.206  -69.219 0.5000000000
27118  -30.384  -63.099  -61.746 0.5000000000
27166  -28.269  -64.022  -66.246 0.6999999881
27187  -28.031  -64.273  -68.167 0.6999999881
28224  -30.546  -62.372  -61.728 0.5000000000
28269  -29.817  -62.548  -65.283 0.4000000060
28275  -28.308  -63.312  -67.846 0.6000000238
28299  -28.509  -62.754  -69.395 0.4000000060
29185  -30.000  -61.882  -60.106 0.6000000238
29186  -30.406  -62.102  -60.838 0.6999999881
29233  -29.118  -61.452  -67.677 0.6000000238
30154  -30.433  -60.797  -61.611 0.6000000238
31216  -29.877  -59.749  -62.829 0.6000000238
31245  -28.559  -59.745  -66.451 0.6000000238
32198  -27.532  -58.090  -68.076 0.5000000000
32199  -28.535  -57.958  -67.968 0.4000000060
35019  -25.569  -54.954  -63.355 0.5000000000
35023  -29.508  -54.882  -64.250 0.5000000000
36033  -24.507  -53.822  -61.854 0.5000000000
36045  -24.761  -53.609  -62.526 0.4000000060
36047  -27.566  -53.960  -63.336 0.5000000000
37116  -26.598  -54.146  -63.349 0.5000000000
38156  -29.336  -52.765  -60.180 0.3000000119
38157  -30.211  -52.903  -60.032 0.4000000060
41077  -28.560  -49.313  -59.556 0.5000000000
43710  -27.468  -46.957  -59.822 0.5000000000
115912  -29.619  -50.888  -59.313 0.4000000060
116088  -31.699  -49.961  -59.335 0.3000000119
116554  -31.019  -50.003  -59.241 0.4000000060
116663  -30.282  -60.919  -64.067 0.4000000060
117867  -30.463  -60.966  -63.147 0.5000000000
118695  -28.822  -61.150  -68.831 0.4000000060
119645  -29.438  -62.060  -67.022 0.6999999881
120318  -30.988  -47.057  -61.443 0.3000000119
128249  -27.585  -66.618  -66.418 0.6000000238
130761  -29.360  -63.188  -65.622 0.6000000238
133350  -28.848  -61.259  -68.402 0.5000000000
136115  -28.458  -63.410  -60.001 0.6000000238
136745  -30.728  -51.486  -59.342 0.4000000060
