#!ascii label  , from subject sub-v1s7x0051324_ses-1 vox2ras=TkReg
1944
10805  -37.196  -80.515  -63.680 0.1000000015
10804  -36.340  -79.306  -63.800 0.1000000015
10818  -35.061  -79.641  -65.276 0.1000000015
11829  -35.446  -78.902  -64.300 0.1000000015
12838  -34.203  -77.615  -64.218 0.1000000015
12821  -35.581  -77.080  -63.567 0.1000000015
12836  -32.798  -76.934  -64.722 0.1000000015
14793  -34.006  -75.955  -64.487 0.1000000015
137131  -34.237  -75.641  -64.678 0.1000000015
14792  -33.434  -75.911  -64.728 0.1000000015
14809  -33.614  -75.493  -65.135 0.1000000015
119556  -34.519  -75.446  -64.875 0.1000000015
15826  -33.905  -75.157  -65.745 0.1000000015
14825  -31.666  -75.489  -66.485 0.1000000015
14826  -33.366  -75.154  -66.420 0.1000000015
14861  -35.741  -76.235  -67.983 0.1000000015
128424  -32.389  -75.288  -66.591 0.1000000015
134081  -33.741  -75.436  -67.555 0.1000000015
14843  -32.804  -75.317  -67.347 0.1000000015
10792  -39.764  -79.263  -62.319 0.1000000015
10806  -37.475  -79.388  -63.189 0.1000000015
10791  -38.832  -79.419  -62.754 0.1000000015
11812  -35.917  -78.131  -63.624 0.1000000015
12810  -38.310  -77.787  -62.789 0.1000000015
11814  -37.425  -78.122  -62.954 0.1000000015
12823  -37.503  -77.271  -63.014 0.1000000015
13800  -35.243  -76.257  -63.830 0.1000000015
13801  -36.143  -76.319  -63.606 0.1000000015
14780  -35.732  -75.724  -64.044 0.1000000015
130178  -34.243  -75.283  -65.345 0.1000000015
19019  -35.973  -71.647  -65.309 0.1000000015
17933  -35.180  -72.728  -66.331 0.1000000015
16897  -35.891  -73.150  -66.271 0.1000000015
16912  -36.893  -73.874  -67.635 0.1000000015
15862  -37.279  -75.603  -68.766 0.1000000015
14863  -37.029  -76.048  -68.137 0.1000000015
14846  -35.889  -75.871  -67.024 0.1000000015
14828  -34.905  -75.295  -66.212 0.1000000015
14845  -35.081  -75.597  -66.950 0.1000000015
14827  -34.238  -75.164  -66.346 0.1000000015
9813  -39.818  -80.020  -61.364 0.1000000015
12802  -40.364  -78.120  -61.869 0.2000000030
11784  -40.128  -78.705  -61.635 0.2000000030
116427  -39.849  -79.971  -61.965 0.1000000015
12812  -40.117  -77.869  -62.317 0.1000000015
10793  -40.219  -79.081  -61.959 0.1000000015
13795  -40.520  -77.296  -62.181 0.1000000015
11800  -39.363  -78.491  -62.584 0.1000000015
23040  -40.685  -67.213  -63.132 0.1000000015
23041  -41.533  -67.785  -63.488 0.1000000015
13803  -39.143  -76.601  -63.096 0.1000000015
12824  -38.223  -76.916  -62.973 0.1000000015
13802  -37.248  -76.404  -63.378 0.1000000015
23057  -41.883  -67.563  -64.075 0.1000000015
22063  -41.391  -68.373  -63.411 0.1000000015
21021  -41.409  -69.186  -63.208 0.1000000015
21020  -40.664  -69.724  -63.429 0.1000000015
20020  -40.177  -70.601  -63.372 0.1000000015
18994  -39.175  -71.141  -63.551 0.1000000015
121223  -38.244  -76.249  -63.436 0.1000000015
14782  -37.731  -75.622  -63.966 0.1000000015
14794  -35.367  -75.410  -64.706 0.1000000015
20019  -39.278  -70.103  -63.813 0.1000000015
19008  -38.247  -71.881  -63.970 0.1000000015
17907  -37.526  -72.621  -64.514 0.1000000015
16883  -39.244  -73.949  -65.769 0.1000000015
16900  -38.612  -74.494  -66.730 0.1000000015
14795  -36.428  -75.401  -64.656 0.1000000015
114728  -36.004  -75.379  -65.530 0.1000000015
20032  -38.053  -70.593  -64.218 0.1000000015
19007  -37.286  -71.442  -64.428 0.1000000015
16882  -38.110  -73.657  -65.593 0.1000000015
14830  -37.892  -75.590  -67.949 0.1000000015
14847  -37.089  -76.053  -67.954 0.1000000015
17918  -36.173  -72.699  -65.511 0.1000000015
16898  -36.795  -73.550  -66.483 0.1000000015
16899  -37.958  -73.967  -67.044 0.1000000015
15840  -37.511  -74.933  -68.350 0.1000000015
114647  -37.097  -75.966  -67.018 0.1000000015
12794  -40.014  -78.149  -61.544 0.1000000015
11772  -39.450  -78.622  -61.150 0.2000000030
10763  -38.955  -79.994  -60.607 0.1000000015
10750  -37.472  -79.518  -59.651 0.2000000030
9788  -37.984  -80.285  -59.130 0.2000000030
12801  -40.255  -77.514  -61.617 0.1000000015
13791  -40.565  -77.472  -61.965 0.1000000015
25010  -40.148  -65.411  -63.288 0.1000000015
24018  -40.834  -66.302  -63.523 0.1000000015
13794  -39.988  -77.027  -62.664 0.1000000015
13804  -39.959  -76.276  -63.247 0.1000000015
14784  -40.280  -75.613  -63.870 0.1000000015
130465  -41.473  -68.612  -62.981 0.1000000015
114684  -41.522  -69.268  -62.837 0.1000000015
115466  -41.537  -69.856  -62.775 0.1000000015
14783  -39.101  -75.756  -63.909 0.1000000015
20007  -41.678  -70.528  -62.469 0.1000000015
18995  -40.486  -71.521  -63.187 0.1000000015
17897  -39.388  -72.307  -63.678 0.1000000015
16884  -40.124  -74.196  -65.494 0.1000000015
16901  -39.259  -74.683  -66.214 0.1000000015
14813  -38.707  -75.394  -66.286 0.1000000015
136830  -37.053  -75.502  -64.284 0.1000000015
14812  -38.105  -75.606  -66.922 0.1000000015
13784  -36.325  -76.758  -60.416 0.1000000015
12792  -36.770  -77.501  -60.430 0.1000000015
121173  -37.688  -76.033  -60.963 0.1000000015
13785  -37.196  -76.805  -60.737 0.1000000015
12793  -37.780  -77.597  -60.707 0.1000000015
11769  -37.207  -78.261  -60.380 0.2000000030
11755  -36.928  -78.768  -59.891 0.2000000030
120649  -38.281  -78.423  -60.708 0.2000000030
10737  -36.873  -79.035  -59.269 0.2000000030
10738  -37.305  -79.589  -58.648 0.2000000030
13789  -39.717  -76.679  -61.284 0.1000000015
126590  -38.715  -76.104  -61.136 0.1000000015
14771  -40.492  -76.054  -61.527 0.1000000015
14772  -40.951  -76.325  -62.010 0.1000000015
24000  -39.805  -66.272  -63.070 0.1000000015
23021  -40.034  -67.720  -62.536 0.1000000015
22052  -40.466  -68.581  -62.263 0.1000000015
22033  -39.803  -68.948  -61.768 0.1000000015
120920  -40.716  -76.759  -62.197 0.1000000015
14785  -41.022  -75.589  -63.431 0.1000000015
26013  -40.913  -64.525  -63.246 0.1000000015
26000  -39.652  -64.714  -62.730 0.1000000015
23022  -41.136  -68.230  -62.816 0.1000000015
21009  -41.656  -69.998  -62.412 0.1000000015
19995  -41.880  -70.631  -62.224 0.1000000015
18996  -41.233  -72.015  -62.850 0.1000000015
17900  -41.503  -73.250  -62.907 0.1000000015
15814  -40.724  -74.440  -64.781 0.1000000015
15801  -41.250  -74.748  -63.730 0.1000000015
16868  -40.732  -73.611  -64.417 0.1000000015
15813  -40.002  -74.833  -65.644 0.1000000015
14798  -39.638  -75.298  -65.352 0.1000000015
27134  -41.397  -63.657  -62.588 0.1000000015
28227  -41.706  -62.846  -62.241 0.1000000015
28248  -42.403  -63.001  -62.753 0.1000000015
29196  -41.798  -61.956  -61.759 0.1000000015
15776  -36.483  -74.460  -60.667 0.1000000015
14766  -36.651  -76.015  -60.740 0.1000000015
16846  -36.640  -73.628  -60.586 0.1000000015
15777  -37.407  -74.111  -60.873 0.1000000015
13783  -35.846  -76.709  -59.959 0.1000000015
130492  -36.503  -78.086  -59.957 0.1000000015
135707  -36.549  -78.497  -59.396 0.2000000030
14768  -38.359  -75.337  -61.096 0.1000000015
11744  -36.669  -78.626  -58.558 0.2000000030
16847  -37.646  -73.249  -60.682 0.1000000015
15784  -39.100  -74.668  -61.110 0.1000000015
27108  -39.521  -63.023  -60.658 0.1000000015
27120  -39.845  -63.381  -61.473 0.1000000015
25988  -39.249  -64.106  -62.003 0.1000000015
25999  -38.711  -64.867  -62.333 0.1000000015
24998  -39.174  -65.523  -62.767 0.1000000015
23999  -38.899  -66.355  -62.649 0.1000000015
23020  -38.945  -67.235  -62.378 0.1000000015
17873  -37.785  -72.373  -60.564 0.1000000015
16849  -39.366  -73.041  -60.853 0.1000000015
20997  -40.335  -69.614  -61.588 0.1000000015
19992  -39.731  -70.165  -61.211 0.1000000015
19993  -40.857  -70.265  -61.484 0.1000000015
16857  -41.323  -73.806  -61.973 0.1000000015
15786  -41.184  -74.743  -61.959 0.1000000015
122148  -41.111  -75.680  -61.983 0.1000000015
28215  -39.877  -62.350  -60.502 0.1000000015
22034  -40.782  -69.208  -62.001 0.1000000015
20998  -41.390  -69.746  -61.975 0.1000000015
123992  -41.222  -70.855  -61.437 0.1000000015
17880  -41.679  -72.819  -62.018 0.1000000015
16856  -41.101  -73.249  -61.460 0.1000000015
15793  -41.448  -74.412  -62.710 0.1000000015
15792  -41.343  -75.346  -62.783 0.1000000015
27121  -40.746  -63.130  -61.854 0.1000000015
28216  -40.636  -62.203  -60.851 0.1000000015
28226  -41.076  -62.439  -61.416 0.1000000015
29204  -42.314  -61.713  -62.223 0.1000000015
29214  -42.422  -61.801  -62.820 0.1000000015
14765  -35.843  -76.039  -60.220 0.1000000015
119285  -37.031  -72.870  -60.507 0.1000000015
16840  -35.372  -73.156  -59.956 0.1000000015
15770  -35.103  -74.773  -59.634 0.1000000015
12775  -35.790  -76.955  -59.317 0.1000000015
17872  -36.779  -72.270  -60.394 0.1000000015
18959  -36.484  -71.565  -60.348 0.1000000015
14761  -35.245  -75.800  -59.130 0.1000000015
12776  -36.156  -77.810  -59.130 0.1000000015
117892  -37.223  -71.026  -60.459 0.1000000015
18960  -37.324  -71.720  -60.446 0.1000000015
11734  -36.366  -77.720  -58.053 0.2000000030
27119  -38.976  -63.567  -61.150 0.1000000015
24997  -38.315  -65.649  -62.431 0.1000000015
23998  -37.982  -66.561  -62.301 0.1000000015
18961  -38.279  -71.454  -60.658 0.1000000015
17874  -38.933  -72.261  -60.732 0.1000000015
13744  -36.246  -76.914  -57.595 0.1000000015
12749  -36.765  -77.465  -57.214 0.2000000030
25987  -38.405  -64.272  -61.673 0.1000000015
22051  -39.309  -68.167  -62.078 0.1000000015
20996  -39.202  -69.453  -61.400 0.1000000015
19984  -40.311  -70.851  -61.033 0.1000000015
132900  -41.084  -72.524  -61.213 0.1000000015
29188  -40.553  -61.726  -60.613 0.1000000015
29195  -41.185  -61.831  -61.021 0.1000000015
30155  -41.110  -61.165  -60.818 0.1000000015
30156  -41.654  -60.725  -61.253 0.1000000015
122853  -41.634  -61.375  -61.277 0.1000000015
30165  -42.246  -61.151  -61.761 0.1000000015
29205  -42.559  -61.228  -62.457 0.1000000015
19976  -35.214  -70.896  -59.665 0.1000000015
18950  -35.131  -71.859  -59.590 0.1000000015
17866  -35.048  -72.620  -59.608 0.1000000015
127597  -35.532  -70.158  -60.071 0.1000000015
17871  -35.764  -72.256  -60.157 0.1000000015
16839  -34.751  -73.356  -59.264 0.1000000015
137579  -35.199  -75.361  -59.490 0.1000000015
19980  -36.132  -70.739  -60.361 0.1000000015
131457  -34.572  -73.793  -58.692 0.1000000015
13759  -35.498  -76.393  -58.770 0.1000000015
20980  -37.594  -69.780  -60.941 0.1000000015
19981  -36.972  -70.225  -60.576 0.1000000015
14733  -34.863  -75.055  -58.018 0.1000000015
28214  -39.042  -62.822  -60.008 0.1000000015
27107  -38.750  -63.274  -60.239 0.1000000015
25973  -38.215  -63.785  -60.820 0.1000000015
25998  -37.914  -65.001  -62.004 0.1000000015
23982  -37.200  -66.179  -61.807 0.1000000015
23001  -38.099  -67.732  -61.979 0.1000000015
22031  -37.671  -68.486  -61.497 0.1000000015
20995  -38.130  -69.276  -61.322 0.1000000015
19982  -37.958  -70.564  -60.788 0.1000000015
14734  -35.412  -75.572  -57.539 0.1000000015
12761  -35.906  -77.044  -58.448 0.1000000015
28211  -39.165  -62.214  -59.954 0.1000000015
22032  -38.687  -68.683  -61.632 0.1000000015
19983  -39.089  -70.775  -60.915 0.1000000015
128841  -36.905  -76.144  -56.595 0.1000000015
29187  -39.760  -61.632  -60.318 0.1000000015
30145  -39.357  -60.805  -60.315 0.1000000015
30146  -40.296  -60.966  -60.551 0.1000000015
127563  -40.823  -60.208  -60.982 0.1000000015
32152  -40.637  -58.387  -61.268 0.1000000015
130989  -41.553  -60.007  -61.374 0.1000000015
33081  -41.901  -57.650  -61.641 0.1000000015
126781  -34.882  -69.985  -59.495 0.1000000015
19975  -34.431  -70.638  -58.911 0.1000000015
18949  -34.576  -71.542  -58.918 0.1000000015
20975  -34.509  -69.108  -59.370 0.1000000015
17856  -34.300  -72.190  -58.148 0.1000000015
20978  -36.075  -69.838  -60.461 0.1000000015
20976  -35.337  -69.299  -60.058 0.1000000015
16833  -34.496  -73.115  -58.467 0.1000000015
15760  -34.635  -74.410  -58.428 0.1000000015
20979  -36.700  -69.432  -60.734 0.1000000015
128322  -35.984  -69.130  -60.543 0.1000000015
117330  -34.494  -73.766  -58.064 0.1000000015
29176  -38.551  -61.762  -59.446 0.1000000015
24996  -37.664  -65.708  -62.080 0.1000000015
23000  -37.154  -67.708  -61.555 0.1000000015
22030  -36.943  -68.335  -61.248 0.1000000015
22018  -36.378  -68.571  -60.831 0.1000000015
15750  -34.703  -74.328  -57.704 0.1000000015
13743  -35.649  -76.340  -57.921 0.1000000015
29177  -39.053  -61.446  -60.013 0.1000000015
28210  -38.532  -62.653  -59.350 0.1000000015
27106  -38.036  -63.496  -59.929 0.1000000015
25986  -37.636  -64.432  -61.371 0.1000000015
24981  -37.141  -65.227  -61.591 0.1000000015
127883  -37.380  -67.000  -61.844 0.1000000015
14716  -35.824  -75.206  -56.826 0.1000000015
30144  -38.940  -60.040  -60.302 0.1000000015
32143  -39.347  -58.449  -60.652 0.1000000015
128056  -39.166  -59.293  -60.493 0.1000000015
33068  -39.527  -57.517  -60.719 0.1000000015
127912  -40.068  -59.137  -61.038 0.1000000015
32144  -39.918  -58.200  -61.087 0.1000000015
33080  -41.063  -57.643  -61.288 0.1000000015
33069  -40.262  -57.584  -61.139 0.1000000015
22983  -34.488  -67.451  -59.533 0.1000000015
128143  -34.845  -68.346  -59.838 0.1000000015
18938  -34.118  -71.174  -58.246 0.1000000015
23972  -34.838  -66.673  -59.799 0.1000000015
18927  -34.021  -71.523  -57.454 0.1000000015
24968  -36.335  -65.118  -60.968 0.1000000015
24967  -35.647  -65.536  -60.393 0.1000000015
23975  -35.414  -66.474  -60.418 0.1000000015
22017  -35.573  -68.457  -60.411 0.1000000015
17852  -34.301  -72.377  -57.171 0.1000000015
25972  -37.473  -64.010  -60.569 0.1000000015
23981  -36.584  -65.853  -61.446 0.1000000015
121811  -36.606  -66.793  -61.433 0.1000000015
16815  -34.661  -73.214  -56.862 0.1000000015
30135  -38.464  -60.650  -59.828 0.1000000015
15751  -35.169  -74.793  -57.273 0.1000000015
15737  -36.345  -74.690  -56.224 0.1000000015
129830  -38.272  -59.431  -59.960 0.1000000015
129394  -38.670  -58.673  -60.260 0.1000000015
32142  -38.791  -57.895  -60.292 0.1000000015
33067  -38.920  -57.040  -60.236 0.1000000015
34014  -39.573  -56.615  -60.499 0.1000000015
34993  -39.818  -55.847  -60.287 0.1000000015
34029  -40.645  -56.897  -61.061 0.1000000015
19968  -34.167  -69.783  -58.859 0.1000000015
19967  -33.846  -70.334  -58.273 0.1000000015
19954  -33.509  -69.882  -57.350 0.1000000015
18926  -33.754  -70.859  -56.863 0.1000000015
133224  -37.525  -61.227  -58.236 0.1000000015
27093  -37.119  -63.650  -58.936 0.1000000015
25958  -36.547  -64.065  -59.552 0.1000000015
126834  -35.139  -65.895  -59.814 0.1000000015
118516  -37.506  -59.027  -59.355 0.1000000015
31195  -37.699  -60.008  -59.322 0.1000000015
29175  -37.913  -61.036  -59.028 0.1000000015
28203  -38.105  -63.043  -58.750 0.1000000015
27094  -37.827  -63.397  -59.124 0.1000000015
25971  -36.706  -64.294  -60.398 0.1000000015
32136  -38.051  -58.303  -59.819 0.1000000015
33061  -37.801  -57.441  -59.513 0.1000000015
34002  -37.610  -56.600  -59.192 0.1000000015
125430  -38.341  -56.753  -59.744 0.1000000015
34980  -38.292  -55.934  -59.446 0.1000000015
34003  -39.031  -56.115  -59.990 0.1000000015
34971  -38.152  -55.128  -59.137 0.1000000015
34981  -38.872  -55.313  -59.570 0.1000000015
36021  -39.476  -54.736  -59.669 0.1000000015
121979  -34.522  -65.885  -58.720 0.1000000015
22971  -33.541  -67.638  -58.084 0.1000000015
22007  -33.647  -68.188  -58.436 0.1000000015
20972  -33.482  -68.855  -57.865 0.1000000015
22000  -33.390  -68.280  -57.223 0.1000000015
24956  -34.994  -65.505  -59.135 0.1000000015
25957  -35.888  -64.397  -59.259 0.1000000015
32135  -37.333  -58.122  -59.193 0.1000000015
127280  -36.908  -58.726  -58.757 0.1000000015
33056  -37.240  -57.375  -59.043 0.1000000015
36010  -37.431  -54.952  -58.625 0.1000000015
37077  -38.495  -53.709  -58.861 0.1000000015
114499  -38.996  -52.961  -58.852 0.1000000015
22972  -33.862  -67.346  -58.711 0.1000000015
22958  -33.478  -67.604  -57.438 0.1000000015
24946  -35.381  -64.822  -58.791 0.1000000015
31187  -37.126  -59.544  -58.798 0.1000000015
136504  -37.057  -60.602  -58.064 0.1000000015
28196  -37.676  -62.828  -58.098 0.1000000015
27084  -37.516  -63.317  -58.457 0.1000000015
25944  -35.887  -64.125  -58.458 0.1000000015
128041  -36.845  -56.864  -58.683 0.1000000015
33995  -37.079  -56.173  -58.723 0.1000000015
37069  -37.826  -53.698  -58.412 0.1000000015
37061  -38.207  -53.050  -58.360 0.1000000015
119616  -38.481  -51.867  -57.732 0.1000000015
24935  -34.436  -65.538  -57.803 0.1000000015
27070  -36.648  -63.261  -57.494 0.1000000015
27069  -35.899  -63.777  -57.691 0.1000000015
25943  -35.169  -64.607  -57.920 0.1000000015
32129  -36.244  -58.628  -58.212 0.1000000015
31181  -36.029  -59.509  -57.846 0.1000000015
121033  -37.022  -61.200  -57.613 0.1000000015
29154  -37.480  -62.031  -57.776 0.1000000015
28195  -37.161  -62.703  -57.512 0.1000000015
33055  -36.646  -57.807  -58.577 0.1000000015
37060  -37.433  -53.268  -57.762 0.1000000015
38131  -37.354  -52.477  -57.176 0.1000000015
122615  -37.450  -51.808  -56.620 0.1000000015
39144  -37.938  -51.783  -57.280 0.1000000015
28185  -36.484  -62.640  -56.948 0.1000000015
129962  -36.437  -60.433  -57.721 0.1000000015
29152  -36.206  -61.110  -57.200 0.1000000015
29153  -36.854  -61.922  -57.170 0.1000000015
128141  -36.204  -57.044  -58.080 0.1000000015
36009  -36.809  -54.867  -58.166 0.1000000015
114431  -36.757  -53.798  -57.476 0.1000000015
38118  -36.882  -52.491  -56.435 0.1000000015
39121  -37.125  -51.366  -55.421 0.1000000015
33050  -35.916  -57.853  -57.902 0.1000000015
33994  -36.493  -56.207  -58.207 0.1000000015
134262  -35.875  -54.738  -57.149 0.1000000015
36000  -36.480  -54.468  -57.587 0.1000000015
37052  -36.705  -53.149  -57.027 0.1000000015
39110  -36.833  -51.255  -54.710 0.1000000015
39120  -36.778  -51.938  -55.131 0.1000000015
34961  -35.535  -55.415  -57.019 0.1000000015
35993  -36.092  -53.947  -56.841 0.1000000015
37051  -36.316  -53.186  -56.186 0.1000000015
38082  -36.493  -52.601  -54.792 0.1000000015
11828  -34.556  -78.631  -64.616 0.1000000015
11811  -35.034  -77.859  -63.913 0.1000000015
12822  -36.602  -77.341  -63.266 0.1000000015
13812  -34.044  -76.710  -64.205 0.1000000015
13811  -33.405  -76.424  -64.539 0.1000000015
11799  -38.293  -78.676  -62.802 0.1000000015
11813  -36.707  -78.438  -63.283 0.1000000015
14781  -36.670  -75.719  -63.885 0.1000000015
17906  -36.621  -72.126  -64.813 0.1000000015
16922  -36.153  -73.772  -67.750 0.1000000015
16923  -37.056  -74.185  -68.259 0.1000000015
15850  -36.683  -74.309  -68.456 0.1000000015
10764  -39.751  -79.455  -61.203 0.1000000015
11801  -40.221  -78.611  -62.113 0.1000000015
11771  -38.680  -79.229  -60.695 0.2000000030
12811  -39.229  -77.468  -62.734 0.1000000015
124609  -39.625  -66.950  -62.747 0.1000000015
17908  -38.616  -73.112  -64.364 0.1000000015
16881  -36.965  -73.267  -65.342 0.1000000015
16867  -39.893  -73.403  -64.612 0.1000000015
16913  -37.806  -74.374  -67.772 0.1000000015
14796  -37.709  -75.530  -65.398 0.1000000015
15829  -38.603  -75.085  -66.762 0.1000000015
14811  -37.020  -75.541  -65.907 0.1000000015
122214  -39.187  -77.709  -61.159 0.1000000015
11770  -37.662  -78.998  -60.284 0.2000000030
137568  -38.138  -79.609  -60.237 0.2000000030
13786  -38.364  -76.832  -60.967 0.1000000015
13805  -40.668  -76.378  -62.816 0.1000000015
14797  -38.636  -75.452  -65.115 0.1000000015
22053  -41.416  -69.157  -62.501 0.1000000015
122780  -41.410  -71.164  -62.682 0.1000000015
17898  -40.498  -72.663  -63.587 0.1000000015
16869  -41.244  -73.846  -63.812 0.1000000015
14814  -39.219  -75.089  -66.240 0.1000000015
14770  -39.507  -75.624  -61.193 0.1000000015
27133  -40.236  -63.902  -62.389 0.1000000015
18982  -41.690  -71.310  -62.329 0.1000000015
122032  -41.821  -71.881  -62.085 0.1000000015
17889  -41.552  -72.325  -62.510 0.1000000015
15802  -41.449  -73.976  -63.194 0.1000000015
14799  -40.615  -75.115  -64.634 0.1000000015
26001  -42.236  -64.145  -63.122 0.1000000015
120957  -35.122  -73.991  -59.779 0.1000000015
119320  -36.165  -75.258  -60.539 0.1000000015
14767  -37.179  -75.116  -61.024 0.1000000015
16848  -38.534  -73.749  -60.936 0.1000000015
11735  -36.916  -78.250  -57.498 0.2000000030
16854  -39.750  -73.908  -61.053 0.1000000015
16855  -40.395  -73.169  -61.001 0.1000000015
15785  -40.326  -74.963  -61.363 0.1000000015
20981  -38.601  -70.026  -61.112 0.1000000015
18971  -40.946  -71.594  -61.125 0.1000000015
18962  -39.647  -71.531  -60.779 0.1000000015
14735  -36.153  -76.088  -57.090 0.1000000015
31207  -41.076  -59.284  -61.353 0.1000000015
30157  -42.153  -60.252  -61.681 0.1000000015
31201  -39.755  -60.075  -60.670 0.1000000015
32153  -41.503  -58.492  -61.525 0.1000000015
22994  -36.436  -67.728  -61.124 0.1000000015
22984  -35.227  -67.486  -60.276 0.1000000015
34015  -40.248  -56.322  -60.696 0.1000000015
36022  -40.226  -54.267  -59.795 0.1000000015
27083  -36.768  -63.621  -58.212 0.1000000015
21911  -46.734  -67.933  -52.140 0.5000000000
18888  -45.589  -71.670  -52.451 0.5000000000
18882  -46.338  -71.223  -51.707 0.5000000000
133243  -45.877  -67.981  -51.782 0.5000000000
21893  -48.125  -67.673  -52.050 0.5000000000
18889  -46.536  -71.378  -52.840 0.5000000000
23876  -44.371  -66.307  -52.054 0.5000000000
22896  -45.127  -67.703  -51.756 0.5000000000
22904  -46.460  -67.704  -52.868 0.5000000000
18890  -47.251  -71.207  -53.300 0.5000000000
22903  -45.653  -67.599  -52.470 0.5000000000
22902  -44.784  -67.047  -52.350 0.5000000000
22922  -45.883  -67.284  -53.267 0.5000000000
23884  -45.219  -66.965  -52.941 0.4000000060
22923  -46.758  -67.565  -53.601 0.4000000060
17824  -46.293  -72.850  -55.012 0.5000000000
16776  -45.868  -73.431  -54.781 0.5000000000
16809  -45.840  -73.146  -55.285 0.5000000000
122466  -45.337  -72.137  -55.676 0.5000000000
127515  -45.914  -72.271  -55.886 0.5000000000
19932  -45.208  -70.692  -55.870 0.4000000060
133499  -44.641  -69.537  -55.934 0.4000000060
17742  -47.476  -72.506  -48.622 0.1000000015
18867  -45.455  -71.570  -51.272 0.5000000000
123397  -44.913  -67.789  -51.083 0.5000000000
21892  -46.475  -68.073  -51.325 0.5000000000
133479  -47.375  -67.907  -51.490 0.5000000000
22905  -49.111  -67.150  -52.132 0.4000000060
18883  -47.359  -71.054  -52.092 0.5000000000
23875  -43.763  -66.335  -51.328 0.5000000000
22895  -44.367  -67.191  -51.467 0.5000000000
24851  -43.581  -65.329  -51.316 0.5000000000
25856  -42.761  -64.634  -50.580 0.5000000000
25857  -43.382  -64.531  -51.056 0.5000000000
24852  -44.162  -65.427  -51.820 0.5000000000
26989  -43.915  -63.748  -51.101 0.4000000060
24869  -44.496  -65.535  -52.448 0.5000000000
23883  -44.800  -66.187  -52.913 0.4000000060
23903  -46.192  -66.941  -54.093 0.4000000060
22938  -48.411  -67.183  -54.627 0.6999999881
126849  -49.120  -67.410  -54.068 0.5000000000
25867  -44.203  -64.404  -51.581 0.3000000119
24870  -44.815  -65.153  -53.036 0.3000000119
23902  -45.507  -66.528  -53.502 0.4000000060
22937  -47.145  -67.242  -54.510 0.5000000000
22939  -48.984  -67.068  -54.792 0.6000000238
20920  -49.243  -68.542  -54.214 0.6000000238
19908  -48.435  -70.173  -53.318 0.6000000238
17805  -46.109  -72.816  -54.187 0.3000000119
25881  -44.594  -64.703  -52.345 0.3000000119
24895  -45.334  -65.671  -53.548 0.3000000119
23913  -46.689  -66.423  -54.926 0.4000000060
22948  -49.266  -66.708  -55.575 0.5000000000
20933  -49.042  -68.525  -55.152 0.6000000238
19935  -48.069  -70.157  -55.369 0.6000000238
18895  -47.137  -71.615  -54.434 0.5000000000
18908  -46.701  -72.289  -55.165 0.5000000000
130811  -45.390  -64.887  -53.461 0.4000000060
24909  -46.629  -65.430  -55.222 0.4000000060
23923  -48.574  -66.070  -55.942 0.5000000000
23925  -49.497  -66.541  -56.147 0.5000000000
20931  -47.682  -69.968  -56.291 0.5000000000
19934  -47.376  -70.834  -55.864 0.5000000000
128754  -46.600  -72.036  -55.688 0.5000000000
25898  -45.962  -64.312  -53.668 0.4000000060
122062  -48.028  -65.428  -56.584 0.5000000000
23939  -49.427  -66.249  -56.880 0.5000000000
21994  -48.491  -68.338  -57.489 0.4000000060
19940  -46.911  -70.471  -56.539 0.5000000000
18923  -46.293  -71.109  -56.361 0.5000000000
24922  -47.757  -64.783  -56.534 0.4000000060
23938  -48.936  -65.632  -56.793 0.5000000000
22003  -48.812  -67.579  -58.138 0.5000000000
22002  -48.039  -68.119  -58.217 0.4000000060
19939  -46.347  -70.276  -56.652 0.4000000060
24948  -48.680  -65.157  -59.167 0.5000000000
22960  -47.490  -67.524  -58.394 0.4000000060
21992  -46.673  -68.966  -57.381 0.4000000060
20930  -45.307  -69.941  -56.197 0.4000000060
23965  -47.875  -65.679  -59.430 0.3000000119
22959  -46.638  -66.994  -58.122 0.4000000060
115885  -45.407  -67.919  -57.028 0.3000000119
21976  -44.194  -68.942  -56.011 0.3000000119
17727  -47.890  -72.765  -47.539 0.1000000015
17726  -47.368  -72.940  -48.049 0.1000000015
17728  -48.480  -72.509  -47.580 0.1000000015
115241  -48.124  -72.452  -48.231 0.1000000015
18850  -48.668  -71.716  -48.894 0.4000000060
18849  -47.896  -71.987  -49.134 0.4000000060
18869  -47.521  -71.573  -50.083 0.4000000060
18868  -46.465  -71.704  -50.373 0.5000000000
18884  -48.071  -71.011  -50.978 0.5000000000
126784  -47.176  -71.304  -51.052 0.5000000000
22886  -45.311  -67.929  -50.480 0.5000000000
21878  -46.219  -68.123  -50.558 0.5000000000
21879  -47.286  -67.987  -50.779 0.5000000000
21894  -49.006  -67.191  -51.581 0.4000000060
19900  -48.219  -70.727  -51.925 0.5000000000
23869  -43.184  -66.716  -50.544 0.5000000000
22894  -43.808  -67.107  -50.811 0.5000000000
22885  -44.456  -67.567  -50.468 0.5000000000
24839  -42.467  -65.149  -50.109 0.5000000000
24840  -42.852  -65.307  -50.800 0.5000000000
20888  -49.271  -69.503  -52.138 0.6000000238
26974  -42.988  -63.837  -50.622 0.4000000060
117519  -43.672  -63.077  -50.765 0.2000000030
29074  -43.978  -61.838  -50.438 0.2000000030
26975  -44.330  -63.098  -51.123 0.3000000119
27008  -44.876  -63.825  -52.174 0.3000000119
25882  -45.280  -64.248  -52.892 0.4000000060
28110  -44.374  -62.438  -50.832 0.3000000119
26991  -45.533  -63.145  -51.823 0.3000000119
28111  -45.307  -62.167  -51.004 0.3000000119
28128  -45.845  -62.536  -51.426 0.4000000060
27009  -45.628  -63.567  -52.401 0.4000000060
27010  -46.239  -63.142  -52.271 0.3000000119
27026  -46.144  -63.643  -52.950 0.4000000060
25911  -47.260  -64.429  -55.800 0.4000000060
25899  -46.833  -63.521  -53.999 0.3000000119
25912  -48.122  -63.484  -56.895 0.3000000119
24923  -48.550  -64.760  -57.343 0.4000000060
27058  -48.422  -62.589  -58.051 0.3000000119
25946  -48.081  -64.076  -59.417 0.3000000119
23951  -47.131  -66.059  -58.714 0.4000000060
23937  -45.605  -67.120  -57.419 0.3000000119
27073  -47.723  -62.981  -58.798 0.2000000030
24936  -46.589  -65.153  -58.487 0.3000000119
28186  -46.812  -62.642  -57.902 0.1000000015
25919  -45.553  -64.518  -57.419 0.2000000030
24930  -45.630  -65.317  -57.637 0.4000000060
30095  -46.124  -60.400  -56.445 0.1000000015
18834  -49.409  -71.789  -47.793 0.1000000015
18833  -48.836  -72.168  -48.014 0.1000000015
137538  -49.209  -71.632  -48.441 0.2000000030
18871  -48.975  -71.005  -49.656 0.5000000000
18870  -48.327  -71.345  -49.841 0.4000000060
19897  -48.937  -70.635  -50.476 0.4000000060
21865  -45.790  -67.990  -49.782 0.5000000000
21880  -48.296  -67.875  -50.385 0.4000000060
21896  -49.593  -67.996  -51.212 0.4000000060
20889  -49.647  -68.907  -51.557 0.5000000000
19902  -49.501  -69.754  -50.849 0.5000000000
22884  -43.683  -67.246  -50.027 0.5000000000
131947  -45.014  -67.788  -49.850 0.4000000060
19901  -49.007  -70.240  -51.497 0.4000000060
26965  -42.316  -63.661  -49.870 0.4000000060
128717  -42.210  -64.917  -49.520 0.4000000060
23861  -42.620  -66.047  -50.148 0.5000000000
28098  -42.224  -62.834  -49.631 0.4000000060
25846  -42.410  -64.419  -50.038 0.5000000000
28108  -42.864  -62.963  -50.284 0.4000000060
126625  -42.174  -62.135  -49.446 0.3000000119
28099  -42.739  -62.185  -49.952 0.3000000119
29065  -43.325  -61.590  -50.086 0.3000000119
30023  -43.279  -60.698  -49.826 0.2000000030
29075  -44.700  -61.690  -50.588 0.2000000030
31071  -43.511  -59.783  -49.733 0.1000000015
30036  -44.842  -60.916  -50.364 0.3000000119
31088  -44.975  -60.075  -50.177 0.1000000015
29076  -45.512  -61.462  -50.770 0.3000000119
29093  -46.115  -61.909  -51.168 0.3000000119
30037  -45.650  -60.652  -50.589 0.2000000030
29094  -46.911  -61.577  -51.405 0.2000000030
118829  -46.776  -63.039  -52.892 0.2000000030
27036  -47.714  -62.793  -55.030 0.2000000030
28130  -47.290  -61.868  -51.827 0.2000000030
27027  -47.312  -62.722  -53.672 0.2000000030
28145  -47.480  -62.036  -52.383 0.2000000030
120861  -47.835  -62.153  -54.438 0.1000000015
28188  -48.228  -61.905  -57.941 0.2000000030
27057  -48.031  -62.297  -58.496 0.2000000030
29115  -48.122  -61.594  -53.845 0.1000000015
29123  -48.311  -61.456  -55.217 0.1000000015
28187  -47.579  -61.736  -57.993 0.1000000015
30098  -48.398  -60.430  -56.169 0.1000000015
115277  -47.616  -60.481  -57.068 0.1000000015
28175  -47.005  -61.270  -57.490 0.1000000015
125138  -46.904  -60.720  -57.169 0.1000000015
30087  -46.360  -59.747  -55.989 0.1000000015
31152  -46.716  -59.179  -55.518 0.1000000015
19868  -49.791  -71.074  -48.436 0.3000000119
18851  -49.425  -71.011  -49.120 0.3000000119
136632  -50.129  -68.689  -48.167 0.3000000119
21863  -50.344  -68.909  -48.557 0.3000000119
20880  -50.074  -69.223  -49.743 0.3000000119
19898  -49.654  -70.084  -49.974 0.3000000119
21862  -49.194  -68.404  -48.500 0.3000000119
21869  -50.084  -68.727  -49.372 0.3000000119
22857  -46.404  -67.809  -48.151 0.4000000060
121982  -47.179  -68.135  -48.793 0.5000000000
21881  -49.053  -68.096  -50.042 0.4000000060
20885  -49.795  -68.970  -50.620 0.5000000000
131000  -41.759  -64.819  -48.235 0.4000000060
23847  -42.678  -66.184  -49.119 0.4000000060
22871  -43.796  -67.106  -49.107 0.5000000000
22872  -44.436  -67.502  -49.512 0.5000000000
28091  -41.075  -62.250  -48.419 0.4000000060
123669  -41.252  -63.070  -48.478 0.4000000060
25845  -41.958  -64.363  -49.311 0.4000000060
24816  -41.977  -65.035  -48.769 0.5000000000
29063  -41.749  -61.776  -49.026 0.4000000060
28097  -41.674  -62.604  -49.007 0.4000000060
29055  -41.243  -61.418  -48.646 0.4000000060
30012  -41.020  -60.615  -48.565 0.3000000119
30022  -42.526  -60.461  -49.383 0.3000000119
29064  -42.504  -61.374  -49.561 0.3000000119
31070  -42.630  -59.626  -49.380 0.3000000119
32019  -43.596  -58.276  -49.654 0.1000000015
127217  -44.008  -58.995  -49.787 0.1000000015
32033  -45.042  -59.031  -50.035 0.1000000015
31089  -45.780  -59.802  -50.467 0.1000000015
30038  -46.469  -60.412  -50.850 0.2000000030
32034  -45.724  -58.295  -50.315 0.1000000015
122732  -45.961  -59.057  -50.462 0.1000000015
30056  -47.148  -60.906  -51.210 0.2000000030
31090  -46.617  -59.590  -50.765 0.2000000030
130676  -47.774  -61.523  -52.092 0.1000000015
134815  -48.077  -60.795  -51.883 0.1000000015
29116  -48.551  -61.070  -53.263 0.1000000015
30069  -48.934  -60.477  -52.880 0.1000000015
29124  -48.589  -60.944  -54.554 0.1000000015
130129  -48.892  -59.992  -55.291 0.1000000015
115724  -48.220  -59.614  -56.252 0.1000000015
31161  -47.889  -59.058  -56.370 0.1000000015
32105  -48.323  -58.697  -55.911 0.1000000015
31153  -47.443  -58.930  -56.023 0.1000000015
32070  -48.378  -57.712  -55.140 0.1000000015
33009  -47.472  -57.547  -53.969 0.1000000015
34929  -48.126  -55.673  -53.583 0.1000000015
115372  -50.145  -68.606  -47.402 0.3000000119
20856  -50.783  -69.513  -46.991 0.2000000030
22842  -49.039  -68.059  -47.097 0.3000000119
22858  -47.257  -68.030  -48.002 0.4000000060
22840  -46.851  -67.509  -47.462 0.3000000119
24800  -41.998  -65.193  -48.001 0.3000000119
24817  -42.400  -65.657  -48.518 0.3000000119
23834  -43.365  -66.298  -47.903 0.4000000060
22838  -44.883  -66.932  -47.816 0.4000000060
26955  -40.896  -63.052  -47.770 0.3000000119
25815  -41.591  -64.517  -47.738 0.3000000119
132440  -44.812  -66.292  -47.330 0.4000000060
22839  -45.883  -67.237  -47.601 0.4000000060
23821  -46.518  -66.621  -46.928 0.3000000119
30011  -40.506  -60.841  -47.915 0.3000000119
28090  -40.629  -62.249  -47.555 0.3000000119
29054  -40.740  -61.472  -48.113 0.3000000119
31057  -40.434  -60.084  -48.088 0.3000000119
126553  -40.966  -59.466  -48.771 0.3000000119
30013  -41.871  -60.060  -48.941 0.3000000119
31058  -41.950  -59.281  -48.989 0.3000000119
32009  -42.414  -58.768  -49.288 0.2000000030
32018  -42.870  -58.193  -49.483 0.1000000015
125820  -42.967  -56.899  -49.499 0.1000000015
33918  -43.418  -56.279  -49.564 0.1000000015
32020  -44.352  -58.241  -49.829 0.1000000015
33919  -44.214  -56.420  -49.785 0.1000000015
32974  -45.410  -57.436  -50.159 0.1000000015
30039  -47.166  -60.197  -51.066 0.2000000030
32035  -46.707  -58.597  -50.709 0.2000000030
31091  -47.542  -59.462  -51.167 0.2000000030
30058  -48.528  -60.276  -52.145 0.1000000015
32044  -48.336  -58.930  -51.564 0.1000000015
31107  -48.998  -59.401  -52.175 0.1000000015
30077  -49.109  -60.465  -53.895 0.1000000015
135697  -49.476  -59.362  -52.655 0.1000000015
30070  -49.499  -59.873  -53.463 0.1000000015
30078  -49.473  -59.806  -54.352 0.1000000015
31136  -49.961  -59.169  -54.141 0.1000000015
31154  -49.456  -59.171  -55.142 0.1000000015
32106  -48.994  -58.583  -55.567 0.1000000015
32089  -47.971  -58.444  -55.830 0.1000000015
33010  -48.946  -57.121  -54.957 0.1000000015
33965  -49.827  -56.939  -55.202 0.1000000015
33954  -48.147  -56.973  -54.083 0.1000000015
126466  -47.879  -56.283  -53.608 0.1000000015
33955  -48.823  -56.285  -54.307 0.1000000015
113916  -48.392  -54.303  -53.689 0.1000000015
113653  -48.960  -55.273  -53.936 0.1000000015
20857  -51.144  -69.177  -46.372 0.2000000030
130031  -50.568  -67.729  -46.159 0.2000000030
22843  -49.674  -68.174  -46.851 0.3000000119
136651  -50.162  -66.262  -45.492 0.2000000030
22823  -49.190  -67.239  -46.317 0.3000000119
22822  -48.335  -67.607  -46.732 0.3000000119
24801  -42.676  -65.695  -47.656 0.3000000119
123814  -44.124  -66.384  -47.549 0.3000000119
22821  -47.460  -67.190  -46.775 0.3000000119
26940  -41.199  -63.734  -47.149 0.3000000119
25816  -42.161  -64.968  -47.249 0.3000000119
24802  -43.513  -65.821  -47.181 0.3000000119
23819  -44.401  -65.745  -47.007 0.3000000119
23835  -45.523  -66.503  -47.231 0.3000000119
29047  -40.362  -61.449  -47.211 0.3000000119
28079  -40.509  -62.191  -46.810 0.3000000119
24790  -43.847  -65.168  -46.526 0.3000000119
23820  -45.277  -65.711  -46.937 0.3000000119
125052  -46.006  -65.884  -46.761 0.2000000030
23822  -47.333  -66.331  -46.387 0.2000000030
31048  -40.069  -59.789  -47.316 0.2000000030
30002  -40.220  -60.574  -47.280 0.2000000030
121291  -40.202  -59.181  -48.101 0.3000000119
32007  -40.574  -58.441  -48.595 0.3000000119
32008  -41.512  -58.464  -49.077 0.3000000119
32961  -41.800  -57.545  -49.238 0.2000000030
32962  -42.556  -57.517  -49.423 0.1000000015
33901  -41.471  -56.812  -49.024 0.2000000030
33902  -41.946  -56.141  -49.124 0.1000000015
33917  -42.671  -56.205  -49.367 0.1000000015
35917  -43.509  -54.858  -49.353 0.1000000015
36942  -43.387  -53.460  -48.649 0.1000000015
37971  -44.565  -52.353  -47.726 0.1000000015
34892  -43.895  -55.597  -49.616 0.1000000015
35918  -44.437  -54.752  -49.620 0.1000000015
36956  -44.606  -53.755  -49.376 0.1000000015
117428  -45.237  -52.431  -48.360 0.1000000015
114265  -46.261  -52.234  -47.133 0.1000000015
37948  -47.099  -53.003  -45.745 0.1000000015
33920  -45.065  -56.591  -49.998 0.1000000015
126406  -45.341  -55.051  -49.943 0.1000000015
36966  -45.904  -53.767  -49.929 0.1000000015
38006  -45.627  -52.754  -49.165 0.1000000015
37995  -46.607  -52.139  -47.980 0.1000000015
37973  -47.204  -52.441  -47.122 0.1000000015
33922  -45.897  -56.739  -50.302 0.1000000015
32975  -46.267  -57.597  -50.497 0.1000000015
32976  -47.179  -57.697  -50.865 0.2000000030
32036  -47.592  -58.500  -51.130 0.1000000015
32981  -48.205  -57.794  -51.450 0.1000000015
32046  -49.714  -58.871  -52.623 0.1000000015
31123  -49.806  -59.198  -53.227 0.1000000015
32071  -50.325  -58.644  -53.819 0.1000000015
32107  -49.795  -58.397  -55.109 0.1000000015
33033  -49.562  -57.939  -55.315 0.1000000015
33022  -51.136  -57.245  -54.952 0.1000000015
33021  -50.296  -57.332  -55.256 0.1000000015
33956  -50.096  -56.109  -54.856 0.1000000015
113623  -50.242  -55.192  -54.614 0.1000000015
25774  -48.601  -64.447  -44.766 0.2000000030
23823  -48.938  -65.952  -45.618 0.2000000030
26915  -47.420  -63.736  -45.080 0.2000000030
25792  -48.523  -64.587  -45.106 0.2000000030
24777  -48.315  -64.910  -45.400 0.2000000030
123696  -48.139  -66.744  -46.139 0.3000000119
25799  -41.800  -63.858  -46.442 0.3000000119
26925  -42.743  -63.785  -46.051 0.3000000119
25801  -43.281  -64.500  -46.239 0.3000000119
25802  -44.298  -64.298  -46.068 0.3000000119
28062  -40.788  -62.412  -46.229 0.3000000119
26911  -42.109  -63.164  -45.697 0.3000000119
26926  -43.819  -63.610  -45.746 0.3000000119
24791  -44.977  -64.869  -46.455 0.3000000119
31036  -39.614  -59.509  -45.651 0.2000000030
114295  -40.322  -61.061  -45.619 0.3000000119
24792  -45.994  -64.998  -46.457 0.2000000030
24793  -46.862  -65.406  -46.322 0.2000000030
31037  -39.718  -59.626  -46.430 0.2000000030
31988  -39.774  -58.954  -47.190 0.2000000030
31997  -39.450  -58.116  -47.081 0.2000000030
31998  -39.939  -58.286  -47.906 0.3000000119
32936  -39.744  -57.475  -47.612 0.3000000119
32949  -40.285  -57.560  -48.300 0.3000000119
32950  -41.005  -57.595  -48.894 0.2000000030
33882  -40.063  -56.784  -47.922 0.3000000119
34876  -40.533  -55.974  -48.142 0.2000000030
34877  -41.093  -55.263  -48.312 0.2000000030
35907  -41.755  -54.763  -48.469 0.2000000030
36941  -42.663  -53.713  -48.413 0.1000000015
34896  -46.214  -55.222  -50.280 0.1000000015
36967  -46.531  -53.274  -50.065 0.1000000015
38007  -46.479  -52.723  -49.439 0.1000000015
38008  -47.372  -52.550  -49.415 0.1000000015
127425  -46.356  -56.073  -50.439 0.1000000015
132508  -46.670  -55.644  -50.546 0.1000000015
35924  -46.593  -54.187  -50.406 0.1000000015
38025  -47.858  -52.837  -50.215 0.1000000015
33923  -46.729  -56.844  -50.622 0.1000000015
119650  -47.086  -56.066  -50.754 0.1000000015
34899  -47.896  -55.248  -51.072 0.1000000015
36977  -47.990  -53.783  -50.864 0.1000000015
33924  -47.553  -56.880  -51.023 0.1000000015
33927  -48.358  -56.737  -51.464 0.1000000015
125171  -49.026  -55.795  -51.741 0.1000000015
33928  -48.948  -56.404  -51.742 0.1000000015
32045  -49.213  -58.471  -52.004 0.1000000015
127569  -49.354  -57.289  -52.010 0.1000000015
33939  -50.729  -57.066  -52.897 0.1000000015
32995  -50.173  -58.079  -52.664 0.1000000015
32059  -50.330  -58.441  -53.337 0.1000000015
32996  -51.011  -57.738  -53.609 0.1000000015
32092  -50.952  -57.735  -54.560 0.1000000015
26871  -47.067  -63.480  -43.361 0.3000000119
26900  -46.603  -62.904  -44.528 0.3000000119
26914  -46.685  -63.218  -45.052 0.3000000119
116870  -47.135  -63.842  -45.401 0.2000000030
25805  -47.474  -64.591  -45.671 0.2000000030
117081  -45.917  -62.933  -45.052 0.3000000119
25790  -46.423  -63.542  -45.475 0.3000000119
25804  -46.719  -64.295  -45.908 0.3000000119
24794  -47.827  -65.647  -45.851 0.2000000030
28048  -41.473  -62.438  -45.590 0.3000000119
28050  -43.955  -62.067  -45.012 0.3000000119
115660  -45.186  -62.790  -45.097 0.3000000119
25803  -45.883  -64.102  -46.040 0.3000000119
29980  -39.824  -59.728  -44.991 0.2000000030
29017  -41.789  -61.477  -45.091 0.3000000119
29018  -42.894  -60.982  -44.753 0.3000000119
31979  -39.496  -58.927  -45.177 0.2000000030
126706  -39.185  -57.884  -46.388 0.2000000030
32935  -39.337  -57.325  -46.903 0.2000000030
33881  -39.644  -56.837  -47.319 0.3000000119
33875  -39.906  -56.129  -47.392 0.2000000030
128491  -40.437  -55.125  -47.496 0.2000000030
33929  -49.687  -56.269  -52.127 0.1000000015
125679  -51.513  -57.521  -54.377 0.1000000015
25743  -46.158  -64.051  -42.237 0.1000000015
26869  -45.601  -63.357  -42.478 0.2000000030
26870  -46.386  -63.263  -42.920 0.3000000119
26885  -46.584  -62.860  -43.755 0.3000000119
28034  -46.076  -62.350  -44.145 0.3000000119
28041  -45.450  -62.057  -44.360 0.3000000119
29020  -44.671  -61.792  -44.483 0.3000000119
29982  -42.161  -60.394  -44.792 0.3000000119
29983  -42.938  -60.181  -44.528 0.3000000119
29019  -43.618  -60.750  -44.485 0.3000000119
114628  -44.213  -61.515  -44.608 0.3000000119
31022  -41.649  -58.896  -44.322 0.2000000030
116018  -39.181  -58.004  -45.506 0.1000000015
33874  -39.466  -56.523  -46.630 0.2000000030
32924  -39.085  -57.227  -45.515 0.1000000015
33868  -39.222  -56.588  -45.844 0.2000000030
34850  -39.524  -55.994  -46.154 0.2000000030
34846  -39.744  -55.255  -46.032 0.3000000119
28025  -45.817  -62.566  -43.243 0.3000000119
28033  -45.482  -61.912  -43.833 0.3000000119
29005  -45.050  -61.492  -44.144 0.3000000119
29011  -44.280  -61.147  -44.371 0.3000000119
31023  -42.512  -58.856  -44.212 0.3000000119
31977  -42.035  -58.279  -44.106 0.2000000030
31967  -40.793  -58.508  -43.754 0.1000000015
127536  -39.163  -57.603  -44.954 0.1000000015
133500  -38.984  -56.657  -45.014 0.1000000015
34845  -39.329  -55.852  -45.581 0.1000000015
28023  -44.379  -61.999  -42.679 0.3000000119
29004  -44.617  -60.996  -43.889 0.3000000119
136600  -44.601  -61.188  -44.234 0.3000000119
29960  -44.044  -60.602  -43.543 0.3000000119
132977  -42.698  -58.730  -43.990 0.2000000030
122561  -43.107  -59.368  -44.138 0.3000000119
29973  -43.739  -60.480  -44.281 0.3000000119
31956  -42.032  -58.246  -43.530 0.2000000030
31007  -42.460  -58.672  -43.542 0.2000000030
129146  -40.547  -59.004  -42.773 0.1000000015
31955  -41.350  -58.447  -43.220 0.1000000015
125098  -39.868  -58.931  -42.856 0.1000000015
31954  -40.384  -58.613  -43.279 0.1000000015
31966  -39.539  -58.290  -43.756 0.1000000015
32921  -39.027  -57.541  -44.359 0.1000000015
32916  -38.777  -57.488  -43.732 0.1000000015
33861  -38.755  -56.712  -44.084 0.1000000015
126392  -38.816  -56.034  -44.401 0.1000000015
28995  -43.805  -61.126  -42.820 0.2000000030
123356  -43.279  -60.219  -43.065 0.2000000030
29959  -42.546  -59.463  -42.978 0.2000000030
29958  -41.766  -59.837  -42.594 0.1000000015
31006  -41.964  -58.804  -42.964 0.2000000030
132760  -40.434  -59.732  -42.488 0.1000000015
31953  -39.425  -58.551  -43.141 0.1000000015
32904  -38.903  -58.050  -43.358 0.1000000015
122126  -38.302  -56.793  -43.382 0.1000000015
33860  -38.440  -55.886  -43.625 0.1000000015
31003  -38.947  -59.083  -42.630 0.1000000015
31952  -38.535  -58.301  -42.911 0.1000000015
32903  -38.301  -57.563  -43.115 0.1000000015
30996  -38.028  -59.525  -42.188 0.1000000015
31002  -38.046  -58.756  -42.528 0.1000000015
31951  -37.640  -57.951  -42.516 0.1000000015
119739  -49.349  -67.437  -53.085 0.4000000060
21913  -48.606  -67.388  -52.828 0.5000000000
21912  -47.389  -67.795  -52.911 0.5000000000
123460  -49.197  -67.251  -52.666 0.4000000060
22924  -47.838  -67.622  -53.760 0.5000000000
22925  -48.957  -67.260  -53.601 0.6000000238
20893  -49.555  -68.548  -52.402 0.5000000000
21895  -49.296  -67.357  -51.740 0.4000000060
121743  -49.620  -67.800  -51.985 0.4000000060
21936  -49.386  -67.795  -53.785 0.5000000000
19904  -47.959  -70.759  -52.781 0.5000000000
20900  -49.478  -68.325  -53.251 0.6000000238
19907  -47.718  -70.777  -53.831 0.5000000000
18893  -46.204  -72.045  -53.503 0.3000000119
135481  -45.530  -74.142  -53.927 0.5000000000
19905  -48.650  -70.196  -52.391 0.5000000000
18881  -44.995  -71.749  -51.864 0.5000000000
18894  -46.614  -72.297  -54.441 0.4000000060
18919  -46.284  -71.894  -56.028 0.5000000000
19933  -45.806  -70.646  -56.416 0.4000000060
18917  -45.043  -71.366  -55.653 0.4000000060
20948  -45.862  -70.023  -56.621 0.4000000060
21990  -45.058  -69.159  -56.306 0.3000000119
21991  -45.717  -68.820  -56.943 0.4000000060
119238  -48.300  -67.632  -51.194 0.5000000000
21914  -49.575  -67.727  -52.592 0.4000000060
23912  -45.964  -66.078  -54.267 0.3000000119
22947  -48.943  -66.588  -55.352 0.4000000060
21962  -49.287  -67.821  -54.566 0.6000000238
26990  -44.633  -63.455  -51.541 0.3000000119
23914  -47.808  -66.643  -55.292 0.5000000000
22940  -49.236  -67.227  -55.059 0.6000000238
20919  -48.761  -69.411  -54.795 0.6000000238
20899  -48.928  -69.380  -53.792 0.6000000238
20892  -49.115  -69.408  -52.883 0.6000000238
127985  -46.802  -71.745  -53.738 0.5000000000
23922  -47.397  -65.796  -55.735 0.4000000060
23924  -49.271  -66.230  -56.010 0.5000000000
20932  -48.424  -69.287  -55.807 0.6000000238
21977  -48.905  -68.260  -56.265 0.5000000000
19924  -47.620  -70.887  -54.886 0.5000000000
19925  -48.290  -70.190  -54.332 0.5000000000
18909  -47.072  -71.604  -55.414 0.5000000000
24908  -45.846  -65.187  -54.184 0.4000000060
21995  -49.259  -67.531  -57.085 0.5000000000
20951  -48.070  -69.152  -56.835 0.4000000060
18920  -46.731  -71.412  -56.072 0.5000000000
25905  -46.499  -64.453  -54.786 0.4000000060
23953  -49.293  -66.197  -58.002 0.5000000000
21993  -47.557  -68.956  -57.480 0.4000000060
24931  -48.795  -65.080  -57.752 0.5000000000
22961  -48.329  -67.277  -58.781 0.4000000060
22001  -47.282  -68.358  -57.823 0.4000000060
24947  -48.194  -64.949  -59.555 0.4000000060
118527  -48.705  -64.249  -58.180 0.4000000060
23967  -49.047  -66.017  -58.983 0.4000000060
22954  -46.402  -68.003  -57.602 0.4000000060
21866  -47.012  -68.119  -49.810 0.5000000000
121922  -49.148  -67.561  -50.969 0.4000000060
24830  -42.366  -65.524  -49.362 0.5000000000
28109  -43.489  -62.351  -50.418 0.3000000119
30035  -44.057  -61.190  -50.176 0.2000000030
28127  -45.027  -62.800  -51.327 0.3000000119
28129  -46.576  -62.226  -51.607 0.3000000119
126559  -46.873  -62.558  -52.148 0.3000000119
27035  -47.455  -63.569  -55.568 0.3000000119
25920  -48.582  -63.626  -57.973 0.3000000119
27074  -48.207  -62.965  -58.726 0.3000000119
27045  -48.320  -62.483  -56.788 0.2000000030
25931  -47.310  -64.018  -58.923 0.3000000119
24937  -47.553  -64.933  -59.318 0.4000000060
23950  -45.976  -66.164  -57.943 0.4000000060
27072  -46.515  -63.709  -58.060 0.2000000030
25930  -46.254  -64.545  -58.105 0.3000000119
29132  -46.086  -61.136  -56.748 0.1000000015
30096  -46.927  -60.012  -56.830 0.1000000015
21860  -46.129  -67.984  -48.965 0.4000000060
22873  -45.204  -67.749  -49.136 0.4000000060
21867  -48.200  -68.123  -49.474 0.5000000000
21882  -49.666  -68.356  -50.249 0.4000000060
23862  -43.026  -66.802  -49.632 0.5000000000
26964  -41.686  -63.561  -49.019 0.4000000060
30024  -44.182  -60.394  -49.974 0.2000000030
31072  -44.352  -59.662  -49.905 0.1000000015
29077  -46.321  -61.185  -51.005 0.2000000030
28144  -47.207  -62.519  -52.791 0.2000000030
29095  -47.678  -61.200  -51.690 0.2000000030
28157  -47.629  -62.116  -53.242 0.1000000015
121875  -47.978  -61.551  -52.745 0.1000000015
28164  -48.121  -61.983  -55.906 0.2000000030
28176  -48.338  -61.737  -57.114 0.2000000030
29134  -48.268  -61.186  -56.647 0.1000000015
29133  -47.769  -61.303  -57.509 0.1000000015
28174  -46.338  -61.940  -57.129 0.1000000015
30097  -47.645  -59.771  -56.713 0.1000000015
31160  -47.194  -59.433  -56.386 0.1000000015
32088  -47.175  -58.651  -55.096 0.1000000015
19869  -50.362  -70.350  -48.326 0.3000000119
19883  -50.123  -70.173  -49.158 0.3000000119
133046  -50.500  -68.999  -47.746 0.3000000119
21845  -49.581  -68.453  -47.849 0.3000000119
115595  -49.824  -68.538  -48.840 0.3000000119
19884  -50.352  -69.428  -48.898 0.3000000119
21868  -49.085  -68.337  -49.228 0.3000000119
21844  -48.770  -68.275  -47.757 0.3000000119
21861  -48.239  -68.259  -48.445 0.3000000119
113835  -49.580  -68.457  -49.624 0.3000000119
22856  -45.474  -67.555  -48.337 0.4000000060
25832  -41.631  -64.388  -48.531 0.4000000060
23848  -43.252  -66.596  -48.704 0.4000000060
22855  -44.609  -67.324  -48.647 0.4000000060
26956  -41.268  -63.780  -48.114 0.4000000060
30021  -41.846  -60.936  -48.984 0.3000000119
121542  -43.171  -58.942  -49.572 0.2000000030
32963  -43.260  -57.592  -49.575 0.1000000015
32021  -45.021  -58.074  -49.996 0.1000000015
30057  -47.827  -60.457  -51.517 0.1000000015
29109  -48.256  -61.015  -52.292 0.1000000015
31122  -49.256  -59.815  -52.716 0.1000000015
31162  -48.540  -59.115  -55.891 0.1000000015
32090  -48.730  -58.225  -55.636 0.1000000015
33020  -49.333  -57.610  -55.335 0.1000000015
21846  -50.623  -68.851  -46.934 0.2000000030
22844  -50.325  -68.269  -46.636 0.2000000030
129615  -50.729  -70.446  -46.753 0.2000000030
134047  -48.511  -68.020  -47.225 0.3000000119
24789  -42.909  -65.219  -46.782 0.3000000119
22854  -43.993  -66.809  -48.251 0.4000000060
26924  -40.724  -62.888  -46.933 0.3000000119
32017  -42.230  -58.096  -49.325 0.1000000015
126266  -43.702  -57.029  -49.678 0.1000000015
34891  -43.104  -55.566  -49.385 0.1000000015
32964  -43.887  -57.693  -49.713 0.1000000015
32965  -44.519  -57.350  -49.879 0.1000000015
34893  -44.749  -55.718  -49.860 0.1000000015
31106  -48.266  -59.735  -51.683 0.1000000015
22825  -50.962  -68.368  -46.269 0.2000000030
23806  -50.644  -66.582  -45.325 0.2000000030
23825  -50.405  -66.984  -45.824 0.2000000030
22824  -50.044  -67.493  -46.284 0.3000000119
23824  -49.833  -66.552  -45.824 0.2000000030
26910  -41.243  -63.155  -46.315 0.3000000119
25800  -42.377  -64.508  -46.588 0.3000000119
115557  -40.133  -60.948  -46.408 0.3000000119
29034  -40.422  -61.693  -46.266 0.3000000119
29994  -39.862  -60.304  -45.735 0.3000000119
33916  -42.218  -56.836  -49.333 0.1000000015
120271  -41.256  -56.063  -48.671 0.2000000030
34878  -41.777  -55.468  -48.782 0.1000000015
34890  -42.413  -55.554  -49.144 0.1000000015
35916  -42.774  -54.941  -49.121 0.1000000015
35909  -43.080  -54.242  -48.956 0.1000000015
36955  -43.840  -54.049  -49.179 0.1000000015
37992  -43.727  -52.657  -48.129 0.1000000015
36943  -44.122  -53.222  -48.841 0.1000000015
37972  -45.415  -52.248  -47.327 0.1000000015
37993  -44.470  -52.674  -48.445 0.1000000015
35919  -45.226  -54.197  -49.768 0.1000000015
38005  -44.846  -52.948  -49.044 0.1000000015
36957  -45.339  -53.405  -49.518 0.1000000015
37994  -45.904  -52.095  -47.903 0.1000000015
115855  -46.086  -52.328  -48.630 0.1000000015
114693  -46.685  -52.574  -46.337 0.1000000015
37957  -47.342  -52.935  -46.301 0.1000000015
127568  -45.604  -55.901  -50.115 0.1000000015
35923  -45.856  -54.484  -50.044 0.1000000015
36958  -45.965  -53.160  -49.643 0.1000000015
120510  -46.786  -52.395  -48.797 0.1000000015
37958  -47.993  -53.149  -46.645 0.1000000015
31137  -50.414  -58.365  -54.496 0.1000000015
25773  -47.821  -63.863  -44.591 0.2000000030
25791  -47.792  -64.258  -45.244 0.2000000030
23805  -49.132  -65.128  -45.204 0.2000000030
26901  -47.129  -63.356  -44.799 0.3000000119
136899  -45.162  -63.980  -45.981 0.3000000119
28047  -40.875  -61.731  -45.585 0.3000000119
28049  -42.743  -62.095  -45.112 0.3000000119
26927  -44.807  -63.415  -45.634 0.3000000119
26912  -43.331  -62.910  -45.452 0.3000000119
29981  -40.295  -60.379  -44.976 0.3000000119
31987  -39.405  -58.746  -46.182 0.2000000030
113849  -41.031  -60.899  -45.039 0.3000000119
33900  -40.755  -56.773  -48.549 0.2000000030
128723  -42.230  -55.035  -48.865 0.1000000015
36940  -41.919  -53.996  -48.161 0.2000000030
35908  -42.405  -54.449  -48.689 0.1000000015
37996  -47.484  -52.384  -48.300 0.1000000015
34897  -47.056  -55.198  -50.686 0.1000000015
36968  -47.351  -53.422  -50.503 0.1000000015
35925  -47.511  -54.346  -50.818 0.1000000015
126424  -47.788  -56.093  -51.106 0.1000000015
125891  -48.427  -55.905  -51.447 0.1000000015
26886  -47.199  -63.282  -44.218 0.3000000119
25757  -47.828  -63.837  -43.691 0.3000000119
28042  -46.001  -62.604  -44.690 0.3000000119
25789  -45.643  -63.383  -45.541 0.3000000119
26913  -44.386  -62.756  -45.283 0.3000000119
130762  -43.622  -61.406  -44.770 0.3000000119
28051  -44.671  -62.186  -44.784 0.3000000119
129606  -41.380  -59.917  -44.644 0.3000000119
131851  -40.548  -59.618  -44.563 0.2000000030
32928  -39.116  -57.236  -46.155 0.2000000030
34851  -39.805  -55.610  -46.710 0.2000000030
35890  -40.767  -54.136  -47.070 0.2000000030
123003  -46.846  -64.347  -42.254 0.1000000015
28052  -45.245  -62.338  -44.646 0.3000000119
29012  -44.859  -61.703  -44.353 0.3000000119
29972  -42.435  -59.510  -44.500 0.3000000119
31028  -40.192  -59.059  -44.362 0.2000000030
31980  -39.540  -58.491  -44.577 0.2000000030
135603  -39.306  -58.026  -44.855 0.1000000015
28024  -45.171  -62.085  -43.168 0.3000000119
28997  -44.924  -61.532  -43.511 0.3000000119
129663  -43.550  -60.024  -44.179 0.3000000119
31969  -42.326  -58.234  -43.957 0.2000000030
31968  -41.754  -58.187  -43.811 0.2000000030
31976  -40.967  -58.593  -43.979 0.2000000030
31975  -39.558  -58.347  -44.304 0.1000000015
28996  -44.418  -61.173  -43.259 0.3000000119
31015  -43.586  -59.944  -43.838 0.3000000119
31008  -42.949  -59.355  -43.647 0.2000000030
31005  -41.187  -59.289  -42.641 0.1000000015
28994  -42.902  -61.220  -42.534 0.2000000030
29957  -40.854  -60.372  -42.400 0.1000000015
15680  -45.391  -74.658  -53.966 0.3000000119
13670  -44.164  -76.322  -53.082 0.3000000119
14656  -44.425  -75.616  -53.236 0.3000000119
10668  -39.628  -80.189  -52.980 0.2000000030
10681  -38.497  -79.967  -54.264 0.2000000030
13669  -43.540  -76.766  -52.532 0.4000000060
115057  -42.905  -78.548  -51.955 0.3000000119
14671  -45.114  -75.462  -54.069 0.4000000060
12671  -43.322  -77.754  -52.343 0.3000000119
10642  -41.269  -79.806  -51.491 0.3000000119
15681  -45.585  -74.188  -54.578 0.4000000060
12672  -43.907  -77.797  -53.315 0.4000000060
10653  -41.919  -80.710  -51.919 0.3000000119
9716  -40.215  -81.293  -53.093 0.2000000030
114537  -44.850  -75.973  -54.591 0.4000000060
12687  -44.386  -77.186  -53.976 0.4000000060
10654  -42.684  -80.165  -52.239 0.4000000060
14672  -45.362  -74.910  -54.585 0.4000000060
16808  -45.443  -73.809  -55.244 0.4000000060
11675  -43.660  -78.590  -53.559 0.4000000060
9699  -41.951  -81.494  -52.474 0.3000000119
8768  -40.687  -82.400  -53.361 0.3000000119
13692  -44.537  -76.620  -54.603 0.4000000060
117197  -44.055  -77.847  -54.133 0.4000000060
10669  -43.056  -80.196  -53.111 0.3000000119
8751  -41.685  -81.757  -52.737 0.4000000060
15721  -44.986  -74.344  -55.479 0.4000000060
11691  -43.682  -78.447  -54.370 0.4000000060
8771  -42.012  -81.912  -53.207 0.3000000119
116493  -45.418  -73.286  -55.476 0.4000000060
13713  -44.576  -75.997  -55.224 0.4000000060
12704  -43.911  -77.668  -54.748 0.4000000060
10682  -43.073  -80.030  -54.059 0.4000000060
16807  -44.980  -73.656  -55.579 0.4000000060
11709  -43.449  -78.117  -54.975 0.4000000060
10698  -42.548  -80.644  -54.324 0.3000000119
17839  -44.865  -72.836  -55.544 0.4000000060
13712  -43.841  -76.265  -55.428 0.4000000060
133255  -43.651  -77.447  -55.097 0.4000000060
132127  -42.685  -79.802  -54.741 0.4000000060
14702  -44.132  -75.491  -55.487 0.4000000060
125915  -43.030  -76.395  -55.358 0.4000000060
12724  -43.062  -77.590  -55.303 0.4000000060
11708  -42.747  -78.361  -55.259 0.4000000060
10697  -42.038  -80.183  -55.142 0.3000000119
134475  -44.528  -74.081  -55.532 0.4000000060
13711  -42.549  -76.915  -55.396 0.4000000060
11707  -41.804  -78.438  -55.477 0.4000000060
117879  -42.403  -79.182  -55.196 0.3000000119
8798  -41.080  -83.048  -54.860 0.2000000030
17838  -44.246  -73.452  -55.440 0.3000000119
118678  -43.517  -74.970  -55.321 0.4000000060
16793  -43.701  -74.135  -55.308 0.4000000060
15699  -42.953  -74.511  -54.957 0.4000000060
13710  -41.565  -76.909  -55.425 0.4000000060
9748  -41.374  -81.044  -55.250 0.2000000030
121649  -40.284  -80.446  -55.590 0.2000000030
8808  -39.852  -82.589  -56.292 0.3000000119
18916  -44.378  -71.786  -55.358 0.3000000119
122796  -43.873  -72.585  -55.165 0.3000000119
11706  -40.671  -78.624  -55.599 0.3000000119
136256  -39.929  -80.808  -55.729 0.2000000030
9763  -39.644  -81.270  -56.002 0.2000000030
126246  -39.194  -83.235  -57.528 0.2000000030
19931  -44.314  -70.695  -55.501 0.3000000119
133016  -43.349  -73.245  -54.928 0.3000000119
14700  -42.001  -76.050  -55.210 0.4000000060
10695  -39.838  -79.394  -55.614 0.1000000015
126292  -43.723  -71.071  -55.014 0.3000000119
127935  -42.414  -72.960  -54.351 0.3000000119
15718  -41.425  -75.243  -54.986 0.2000000030
13709  -40.588  -76.900  -55.549 0.2000000030
9762  -38.811  -81.303  -56.542 0.1000000015
7979  -38.991  -83.503  -58.363 0.2000000030
15697  -40.716  -73.853  -54.531 0.2000000030
15717  -40.487  -74.761  -54.953 0.2000000030
13708  -39.659  -76.776  -55.694 0.1000000015
10694  -38.886  -79.107  -55.872 0.1000000015
8818  -38.995  -82.309  -57.070 0.1000000015
20929  -43.906  -69.679  -55.613 0.2000000030
18906  -42.758  -71.604  -54.308 0.3000000119
16791  -41.696  -73.624  -54.376 0.3000000119
116463  -44.719  -67.300  -56.763 0.2000000030
20918  -43.083  -69.393  -54.978 0.1000000015
19923  -43.436  -70.265  -54.975 0.3000000119
17822  -41.482  -72.626  -54.036 0.2000000030
128222  -40.192  -76.183  -55.489 0.1000000015
131653  -38.331  -81.102  -57.545 0.1000000015
21961  -43.433  -68.810  -55.513 0.2000000030
18905  -42.192  -71.036  -54.052 0.2000000030
123528  -41.197  -71.527  -53.952 0.2000000030
13707  -38.788  -76.611  -55.942 0.1000000015
117390  -37.849  -78.174  -56.371 0.1000000015
10712  -37.749  -79.464  -56.844 0.1000000015
9789  -38.487  -81.202  -58.644 0.1000000015
8854  -39.370  -81.543  -60.289 0.1000000015
19922  -42.466  -70.003  -54.466 0.1000000015
17821  -40.564  -72.410  -54.073 0.2000000030
15696  -39.796  -73.908  -54.796 0.1000000015
14719  -38.524  -75.828  -55.959 0.1000000015
12740  -38.037  -77.302  -56.270 0.1000000015
125278  -37.953  -80.379  -58.324 0.1000000015
9802  -38.787  -81.033  -59.572 0.1000000015
8855  -39.627  -81.690  -61.000 0.1000000015
15715  -38.639  -74.487  -55.369 0.1000000015
12738  -37.230  -77.200  -56.672 0.1000000015
9812  -39.195  -80.699  -60.393 0.1000000015
125614  -39.696  -80.817  -60.957 0.1000000015
35868  -39.993  -54.459  -45.906 0.2000000030
23936  -44.868  -66.166  -56.949 0.2000000030
130744  -44.071  -67.545  -56.310 0.1000000015
20917  -42.363  -69.196  -54.733 0.1000000015
127309  -40.101  -73.131  -54.401 0.1000000015
19921  -41.288  -70.253  -54.240 0.1000000015
16806  -39.061  -73.961  -55.049 0.1000000015
14696  -38.154  -75.077  -55.791 0.1000000015
10724  -37.270  -79.090  -57.682 0.1000000015
13731  -37.443  -76.591  -56.482 0.1000000015
134860  -43.844  -77.367  -52.874 0.3000000119
13681  -44.221  -77.020  -53.291 0.4000000060
134510  -41.402  -80.532  -51.837 0.3000000119
11651  -42.853  -79.311  -52.035 0.3000000119
11652  -43.392  -78.618  -52.654 0.3000000119
9698  -41.447  -81.123  -52.205 0.3000000119
130833  -44.261  -77.259  -54.556 0.4000000060
9718  -42.220  -81.583  -52.957 0.3000000119
14688  -45.244  -74.634  -55.156 0.4000000060
10683  -43.427  -79.344  -53.791 0.4000000060
9734  -42.256  -81.515  -53.642 0.3000000119
14703  -44.789  -75.106  -55.374 0.4000000060
120311  -41.601  -79.234  -55.472 0.2000000030
9747  -40.755  -81.668  -55.474 0.2000000030
15719  -42.406  -75.091  -54.974 0.3000000119
12722  -41.141  -77.667  -55.551 0.2000000030
18907  -43.461  -71.715  -54.758 0.3000000119
134994  -42.249  -74.335  -54.710 0.3000000119
12721  -40.079  -77.610  -55.661 0.2000000030
9746  -39.296  -80.129  -55.829 0.1000000015
131169  -41.018  -76.341  -55.390 0.4000000060
14699  -40.817  -75.674  -55.245 0.2000000030
11705  -39.475  -78.380  -55.730 0.1000000015
8832  -38.826  -82.291  -58.089 0.1000000015
12720  -39.073  -77.462  -55.849 0.1000000015
10713  -38.401  -79.725  -56.216 0.1000000015
17823  -42.190  -72.016  -54.050 0.3000000119
14697  -39.337  -75.999  -55.684 0.1000000015
11722  -38.077  -78.887  -56.275 0.1000000015
9774  -37.748  -79.986  -57.636 0.1000000015
8844  -39.063  -82.274  -59.286 0.1000000015
133054  -42.707  -68.659  -55.025 0.1000000015
15716  -39.466  -74.632  -55.189 0.1000000015
11721  -37.473  -78.626  -56.863 0.1000000015
13732  -38.105  -76.401  -56.222 0.1000000015
9821  -39.754  -80.785  -61.471 0.1000000015
18904  -40.151  -71.599  -54.128 0.1000000015
16727  -43.568  -73.660  -50.192 0.3000000119
15654  -42.437  -75.087  -50.260 0.3000000119
15655  -42.903  -74.126  -50.916 0.2000000030
17760  -44.299  -72.916  -50.118 0.2000000030
17761  -45.376  -72.366  -50.016 0.4000000060
17759  -43.920  -72.855  -50.941 0.3000000119
14637  -42.190  -75.829  -50.805 0.2000000030
14625  -41.896  -75.703  -49.702 0.1000000015
13643  -41.592  -76.586  -50.161 0.2000000030
124714  -41.034  -76.816  -49.671 0.1000000015
16759  -43.396  -73.976  -52.054 0.3000000119
13642  -40.654  -76.814  -49.797 0.1000000015
136358  -42.185  -76.577  -51.093 0.2000000030
12646  -40.329  -77.324  -50.248 0.1000000015
12658  -40.092  -77.839  -50.700 0.1000000015
117775  -40.668  -77.821  -50.415 0.1000000015
11631  -40.726  -78.598  -50.914 0.1000000015
120887  -38.076  -77.400  -52.584 0.1000000015
12657  -39.313  -77.493  -51.283 0.1000000015
12670  -39.785  -78.339  -51.343 0.1000000015
11674  -38.513  -78.298  -52.927 0.1000000015
12669  -38.887  -77.865  -52.010 0.1000000015
16760  -44.202  -73.283  -52.432 0.3000000119
14654  -42.740  -76.096  -51.795 0.2000000030
12660  -41.617  -78.137  -50.945 0.2000000030
12648  -41.209  -77.437  -50.244 0.2000000030
12686  -37.623  -77.748  -53.330 0.1000000015
16761  -45.060  -73.116  -53.021 0.2000000030
121235  -44.212  -74.145  -52.787 0.3000000119
13657  -42.686  -77.069  -51.716 0.2000000030
11632  -41.382  -78.908  -51.139 0.2000000030
11649  -39.419  -78.780  -52.131 0.1000000015
11672  -37.133  -78.107  -53.996 0.1000000015
11673  -37.895  -78.489  -53.720 0.1000000015
15667  -43.784  -74.816  -52.656 0.3000000119
12661  -42.440  -77.972  -51.544 0.3000000119
17804  -45.566  -72.549  -53.218 0.2000000030
131606  -40.879  -80.296  -51.782 0.2000000030
10652  -39.965  -79.768  -52.212 0.1000000015
11689  -37.444  -78.828  -54.342 0.1000000015
10667  -38.131  -79.203  -54.022 0.1000000015
10679  -37.057  -79.234  -54.944 0.1000000015
16774  -45.040  -73.986  -53.367 0.2000000030
9731  -38.011  -80.352  -54.828 0.1000000015
9715  -39.315  -80.567  -53.737 0.1000000015
10692  -36.749  -79.769  -55.634 0.1000000015
9745  -37.516  -80.608  -55.598 0.1000000015
9733  -39.826  -81.791  -53.753 0.1000000015
8785  -38.411  -81.319  -55.080 0.1000000015
8786  -39.389  -82.177  -54.494 0.1000000015
10723  -35.109  -80.085  -57.452 0.1000000015
9744  -36.682  -80.565  -56.123 0.1000000015
8796  -38.846  -82.573  -55.162 0.1000000015
8769  -41.322  -82.328  -53.340 0.3000000119
7960  -36.604  -82.204  -57.151 0.1000000015
17794  -44.771  -72.336  -52.338 0.3000000119
17779  -44.561  -72.165  -51.159 0.3000000119
16745  -44.091  -72.686  -51.680 0.2000000030
14655  -43.534  -75.729  -52.547 0.3000000119
10651  -39.116  -79.226  -52.905 0.1000000015
10680  -37.739  -79.552  -54.603 0.1000000015
14638  -42.817  -74.984  -51.679 0.2000000030
11650  -40.396  -79.304  -51.522 0.1000000015
10711  -36.164  -80.026  -56.192 0.1000000015
9760  -36.063  -80.572  -56.685 0.1000000015
8795  -37.895  -81.755  -55.721 0.1000000015
10709  -34.865  -79.391  -57.091 0.1000000015
8806  -36.613  -81.311  -56.638 0.1000000015
8787  -40.242  -83.045  -53.913 0.2000000030
7164  -37.435  -84.284  -57.162 0.1000000015
7184  -37.032  -84.729  -58.829 0.1000000015
127105  -37.712  -85.423  -58.352 0.2000000030
7990  -36.427  -83.625  -60.045 0.1000000015
7143  -39.919  -84.389  -54.807 0.2000000030
7165  -38.221  -84.897  -56.676 0.2000000030
7194  -36.899  -84.789  -59.802 0.2000000030
6430  -38.565  -85.242  -56.871 0.1000000015
7204  -36.683  -84.692  -60.965 0.1000000015
6457  -37.557  -85.337  -59.296 0.2000000030
117934  -38.163  -85.565  -57.986 0.1000000015
7941  -40.329  -83.791  -54.306 0.2000000030
6431  -38.942  -85.073  -56.258 0.1000000015
6468  -37.389  -85.260  -60.488 0.1000000015
6458  -37.836  -85.473  -59.637 0.1000000015
8788  -41.100  -83.164  -54.030 0.2000000030
7144  -40.217  -84.176  -54.618 0.2000000030
6438  -38.915  -85.163  -56.632 0.1000000015
6444  -38.154  -85.387  -59.040 0.1000000015
7167  -40.315  -84.303  -55.205 0.1000000015
7176  -38.754  -85.176  -57.191 0.1000000015
8789  -41.701  -82.166  -53.564 0.2000000030
7951  -40.682  -83.823  -54.618 0.2000000030
119677  -38.733  -84.737  -58.399 0.1000000015
7963  -40.191  -84.025  -56.008 0.1000000015
8799  -41.497  -82.252  -54.538 0.2000000030
7962  -39.633  -83.532  -56.795 0.1000000015
7195  -38.625  -84.461  -59.694 0.1000000015
7940  -39.832  -83.621  -54.484 0.1000000015
7152  -38.668  -84.361  -55.959 0.1000000015
15642  -43.040  -74.613  -49.487 0.1000000015
130513  -50.588  -69.685  -47.889 0.2000000030
18821  -50.216  -71.239  -46.884 0.1000000015
25758  -48.743  -64.338  -44.010 0.1000000015
22806  -51.794  -67.855  -45.130 0.1000000015
21805  -51.903  -68.866  -45.119 0.1000000015
135775  -49.625  -65.271  -45.079 0.1000000015
22826  -51.423  -68.265  -45.697 0.1000000015
25746  -49.342  -64.799  -43.116 0.2000000030
25759  -49.644  -64.737  -43.838 0.1000000015
23790  -52.513  -67.056  -43.631 0.1000000015
25775  -49.387  -64.757  -44.511 0.1000000015
24748  -50.191  -65.022  -44.107 0.1000000015
23788  -50.941  -66.230  -44.648 0.1000000015
23807  -51.395  -66.993  -44.957 0.1000000015
22791  -52.205  -67.397  -44.383 0.1000000015
17762  -46.325  -72.442  -49.435 0.2000000030
18835  -50.022  -71.208  -47.670 0.1000000015
22805  -51.024  -67.512  -45.679 0.1000000015
24778  -50.176  -65.757  -45.060 0.1000000015
24758  -49.224  -64.853  -44.965 0.1000000015
25744  -47.470  -64.204  -42.756 0.2000000030
132814  -50.467  -70.607  -47.525 0.1000000015
21786  -52.236  -69.180  -44.077 0.1000000015
21806  -52.388  -68.323  -44.323 0.1000000015
24760  -50.563  -65.538  -44.370 0.1000000015
24739  -50.411  -65.129  -43.051 0.1000000015
17741  -45.828  -73.101  -48.974 0.1000000015
17740  -44.947  -73.402  -49.207 0.1000000015
28022  -43.347  -61.998  -42.434 0.1000000015
26868  -43.625  -62.860  -42.264 0.1000000015
128797  -44.333  -62.993  -42.313 0.1000000015
26858  -44.765  -63.697  -42.102 0.1000000015
127929  -45.709  -64.631  -41.599 0.1000000015
121397  -45.019  -62.753  -42.631 0.1000000015
26856  -43.051  -63.681  -42.052 0.1000000015
25732  -43.434  -64.445  -41.658 0.1000000015
136628  -43.805  -64.986  -41.272 0.1000000015
24709  -45.210  -65.598  -40.750 0.1000000015
26857  -43.901  -63.698  -42.019 0.1000000015
25733  -44.232  -64.429  -41.618 0.1000000015
128586  -45.277  -65.036  -41.170 0.1000000015
126261  -45.964  -66.027  -40.403 0.1000000015
26867  -42.750  -62.814  -42.279 0.1000000015
24707  -43.759  -66.176  -40.472 0.1000000015
25731  -42.556  -64.490  -41.707 0.1000000015
24723  -43.773  -65.535  -40.810 0.1000000015
24724  -44.523  -65.143  -41.086 0.1000000015
23752  -45.155  -66.275  -40.378 0.1000000015
123339  -42.551  -62.052  -42.408 0.1000000015
28993  -41.891  -61.562  -42.453 0.1000000015
23767  -42.435  -65.823  -40.829 0.1000000015
24722  -43.035  -65.217  -41.165 0.1000000015
24706  -43.109  -65.895  -40.656 0.1000000015
25730  -41.629  -64.555  -41.759 0.1000000015
130195  -42.029  -63.639  -42.126 0.1000000015
28021  -41.893  -62.600  -42.356 0.1000000015
120260  -42.352  -60.499  -42.597 0.1000000015
35876  -40.182  -54.680  -46.567 0.1000000015
37954  -41.645  -52.746  -46.245 0.1000000015
26866  -41.089  -63.177  -42.234 0.1000000015
134029  -41.562  -60.748  -42.463 0.1000000015
35867  -39.549  -54.818  -45.346 0.1000000015
35891  -41.192  -54.454  -47.876 0.1000000015
36919  -41.485  -53.675  -47.447 0.1000000015
36896  -40.588  -53.259  -45.482 0.1000000015
114269  -42.497  -52.303  -46.010 0.1000000015
36905  -41.735  -53.034  -47.026 0.1000000015
37969  -42.356  -52.596  -46.872 0.1000000015
24721  -42.083  -65.234  -41.302 0.1000000015
23750  -43.015  -66.684  -40.498 0.1000000015
36920  -42.286  -53.173  -47.671 0.1000000015
133625  -45.413  -64.065  -42.007 0.1000000015
25735  -46.531  -64.754  -41.684 0.1000000015
36904  -41.141  -53.379  -46.691 0.1000000015
25734  -44.970  -64.504  -41.572 0.1000000015
24725  -46.093  -65.314  -41.017 0.1000000015
36897  -40.982  -53.156  -46.035 0.1000000015
23921  -43.895  -65.995  -56.398 0.1000000015
24929  -45.015  -65.202  -56.978 0.1000000015
16692  -44.130  -74.002  -47.959 0.1000000015
126585  -43.580  -74.135  -48.213 0.1000000015
15616  -43.784  -74.163  -48.361 0.1000000015
17725  -43.608  -73.596  -47.910 0.1000000015
17724  -43.011  -73.881  -48.232 0.1000000015
15614  -42.425  -74.336  -48.440 0.1000000015
18817  -43.631  -72.476  -47.682 0.1000000015
16676  -44.667  -73.739  -47.827 0.1000000015
127640  -44.735  -73.851  -48.109 0.1000000015
18831  -42.392  -72.233  -48.358 0.1000000015
18816  -42.890  -71.836  -48.052 0.1000000015
18818  -44.507  -72.514  -47.449 0.1000000015
120239  -43.319  -71.367  -47.700 0.1000000015
16616  -41.053  -73.786  -41.918 0.1000000015
17657  -40.939  -72.850  -41.956 0.1000000015
18769  -38.917  -71.542  -43.549 0.1000000015
19792  -38.948  -70.617  -43.807 0.1000000015
129787  -37.979  -69.984  -44.990 0.1000000015
16712  -44.448  -73.940  -48.597 0.1000000015
19825  -37.397  -70.260  -45.397 0.1000000015
20783  -38.645  -69.531  -44.986 0.1000000015
19867  -42.210  -71.283  -48.374 0.1000000015
137542  -41.944  -70.406  -48.203 0.1000000015
15641  -42.467  -75.088  -49.114 0.1000000015
19839  -37.025  -69.743  -46.137 0.1000000015
21839  -38.026  -68.619  -47.305 0.1000000015
21858  -39.240  -68.632  -48.029 0.1000000015
20870  -41.349  -69.824  -48.294 0.1000000015
19853  -41.945  -69.814  -47.744 0.1000000015
20855  -43.352  -70.422  -47.389 0.1000000015
19855  -44.051  -71.364  -47.397 0.1000000015
19838  -36.321  -70.153  -46.543 0.1000000015
21857  -38.424  -68.608  -48.163 0.1000000015
131290  -41.328  -69.336  -47.720 0.1000000015
20854  -42.599  -69.709  -47.268 0.1000000015
17656  -40.314  -72.560  -42.420 0.1000000015
18770  -39.542  -71.670  -43.046 0.1000000015
16677  -45.334  -73.619  -47.791 0.1000000015
16693  -45.709  -73.597  -48.030 0.1000000015
16713  -45.296  -73.625  -48.448 0.1000000015
131759  -39.403  -70.973  -43.335 0.1000000015
19809  -39.134  -69.845  -44.218 0.1000000015
19793  -39.731  -70.184  -43.560 0.1000000015
15631  -43.084  -74.601  -48.680 0.1000000015
21822  -39.555  -68.627  -46.578 0.1000000015
125632  -40.041  -68.608  -47.036 0.1000000015
21843  -40.886  -68.814  -47.163 0.1000000015
21823  -40.334  -68.631  -46.388 0.1000000015
130693  -41.650  -68.882  -46.645 0.1000000015
20853  -41.796  -69.253  -47.183 0.1000000015
20834  -43.332  -69.532  -46.657 0.1000000015
17643  -42.467  -72.586  -41.523 0.1000000015
17642  -41.595  -72.255  -41.805 0.1000000015
18753  -42.928  -71.732  -41.617 0.1000000015
17644  -43.389  -72.450  -41.350 0.1000000015
16694  -46.577  -73.333  -48.011 0.1000000015
18762  -40.880  -71.938  -42.202 0.1000000015
120495  -41.619  -71.240  -42.152 0.1000000015
128165  -45.687  -73.212  -47.432 0.1000000015
19786  -40.768  -71.051  -42.583 0.1000000015
18819  -45.321  -72.645  -47.288 0.1000000015
137118  -46.033  -73.381  -48.351 0.1000000015
18771  -39.993  -70.930  -42.942 0.1000000015
20772  -40.460  -69.552  -43.776 0.1000000015
20785  -40.340  -69.076  -44.576 0.1000000015
21798  -39.758  -68.729  -45.843 0.1000000015
20808  -39.213  -69.020  -45.396 0.1000000015
21777  -40.600  -68.722  -45.489 0.1000000015
20833  -42.376  -69.123  -46.618 0.1000000015
21799  -41.544  -68.689  -45.456 0.1000000015
20832  -42.001  -68.729  -46.049 0.1000000015
127461  -43.773  -71.658  -41.518 0.1000000015
16678  -46.249  -73.308  -47.631 0.1000000015
18754  -44.639  -71.494  -41.439 0.1000000015
17646  -45.370  -72.052  -41.084 0.1000000015
18802  -45.864  -72.062  -46.855 0.1000000015
17709  -45.950  -72.845  -47.104 0.1000000015
16679  -47.133  -73.062  -47.551 0.1000000015
18763  -42.508  -71.064  -41.949 0.1000000015
18764  -43.281  -71.008  -41.813 0.1000000015
18801  -44.977  -71.700  -47.230 0.1000000015
19795  -41.415  -70.370  -42.761 0.1000000015
19787  -42.189  -70.433  -42.459 0.1000000015
20835  -44.280  -69.810  -46.408 0.1000000015
19841  -44.645  -70.711  -46.945 0.1000000015
19794  -40.607  -70.220  -43.133 0.1000000015
21825  -42.868  -68.841  -45.955 0.1000000015
20786  -41.034  -69.130  -44.113 0.1000000015
21778  -41.210  -68.826  -44.770 0.1000000015
121609  -41.903  -68.701  -44.859 0.1000000015
19778  -44.041  -70.892  -41.751 0.1000000015
120259  -45.367  -71.091  -46.824 0.1000000015
16714  -46.706  -72.867  -48.619 0.1000000015
20809  -43.788  -69.057  -45.808 0.1000000015
20836  -45.169  -70.209  -46.391 0.1000000015
21779  -42.540  -68.630  -44.612 0.1000000015
20773  -41.379  -69.554  -43.440 0.1000000015
21763  -41.854  -68.910  -44.134 0.1000000015
19842  -46.140  -70.917  -46.451 0.1000000015
133214  -47.580  -72.115  -46.476 0.1000000015
19789  -43.593  -70.430  -42.092 0.1000000015
20810  -44.816  -69.258  -45.686 0.1000000015
19826  -45.794  -69.775  -45.869 0.1000000015
19788  -42.953  -70.403  -42.269 0.1000000015
21801  -43.269  -68.572  -45.118 0.1000000015
20765  -42.002  -69.842  -42.955 0.1000000015
21764  -42.623  -68.738  -43.978 0.1000000015
21780  -43.229  -68.561  -44.271 0.1000000015
20774  -42.391  -69.227  -43.408 0.1000000015
19843  -47.214  -71.310  -46.295 0.1000000015
18804  -48.145  -71.793  -46.220 0.1000000015
20811  -46.341  -69.354  -45.290 0.1000000015
19827  -46.754  -70.298  -45.841 0.1000000015
19790  -44.223  -70.113  -42.111 0.1000000015
21782  -45.241  -68.407  -44.208 0.1000000015
21804  -45.821  -68.738  -44.728 0.1000000015
122188  -43.827  -68.475  -44.535 0.1000000015
21803  -45.026  -68.655  -44.943 0.1000000015
20775  -43.088  -69.269  -43.080 0.1000000015
18791  -48.969  -71.449  -45.763 0.1000000015
20812  -47.341  -69.781  -45.290 0.1000000015
20787  -46.806  -68.917  -44.541 0.1000000015
19779  -44.830  -70.666  -41.713 0.1000000015
116987  -43.912  -68.461  -43.779 0.1000000015
20767  -43.508  -69.700  -42.551 0.1000000015
19829  -49.740  -70.781  -45.031 0.1000000015
17645  -44.388  -72.438  -41.156 0.1000000015
17634  -47.390  -72.269  -40.189 0.1000000015
18743  -46.305  -71.741  -40.881 0.1000000015
17633  -46.222  -72.527  -40.669 0.1000000015
17655  -39.745  -72.318  -42.766 0.1000000015
20771  -39.807  -69.544  -44.132 0.1000000015
20807  -38.592  -69.116  -45.695 0.1000000015
20830  -37.464  -69.083  -46.647 0.1000000015
21797  -39.029  -68.779  -46.110 0.1000000015
21840  -38.772  -68.552  -47.536 0.1000000015
21859  -39.806  -68.987  -48.434 0.1000000015
20852  -40.626  -69.193  -48.187 0.1000000015
19865  -40.591  -69.904  -49.007 0.1000000015
18761  -40.194  -71.739  -42.620 0.1000000015
19840  -43.962  -70.303  -47.028 0.1000000015
21800  -42.368  -68.662  -45.356 0.1000000015
18803  -46.794  -72.030  -46.581 0.1000000015
125505  -45.552  -69.095  -45.314 0.1000000015
21781  -44.488  -68.426  -44.376 0.1000000015
19828  -47.824  -70.833  -45.823 0.1000000015
125514  -46.990  -72.898  -40.286 0.1000000015
5786  -30.148  -86.074  -66.744 0.1000000015
121563  -30.345  -86.076  -65.703 0.1000000015
7250  -25.408  -83.990  -63.702 0.1000000015
6505  -26.417  -84.678  -64.216 0.1000000015
7251  -26.114  -83.891  -64.276 0.1000000015
6514  -27.481  -84.860  -65.607 0.1000000015
5120  -28.886  -87.173  -66.311 0.1000000015
7249  -24.477  -83.603  -63.542 0.1000000015
126091  -23.669  -82.752  -64.747 0.1000000015
8079  -24.048  -82.371  -66.130 0.1000000015
125389  -30.104  -85.410  -67.259 0.1000000015
116332  -30.125  -85.356  -65.767 0.1000000015
6506  -29.520  -84.713  -63.983 0.1000000015
5785  -28.179  -85.753  -66.250 0.1000000015
5793  -29.039  -85.941  -67.221 0.1000000015
5775  -29.856  -85.577  -64.291 0.1000000015
8036  -25.670  -83.283  -64.031 0.1000000015
5103  -28.065  -86.507  -65.318 0.1000000015
5774  -27.262  -85.575  -64.750 0.1000000015
116790  -25.053  -83.177  -63.641 0.1000000015
8049  -23.932  -82.103  -64.463 0.1000000015
8066  -24.190  -81.646  -65.623 0.1000000015
119598  -24.406  -81.799  -66.443 0.1000000015
12789  -31.182  -77.395  -60.804 0.1000000015
10786  -29.923  -79.529  -62.172 0.1000000015
12800  -31.544  -77.744  -61.422 0.1000000015
7252  -29.694  -83.952  -64.646 0.1000000015
115889  -29.428  -82.976  -63.262 0.1000000015
9827  -29.665  -81.053  -62.460 0.1000000015
6515  -30.263  -84.626  -66.659 0.1000000015
6521  -28.514  -85.026  -67.048 0.1000000015
6522  -29.508  -85.295  -67.519 0.1000000015
8050  -24.242  -82.263  -63.934 0.1000000015
12790  -31.923  -77.669  -60.741 0.1000000015
11780  -30.564  -78.192  -61.878 0.1000000015
123102  -31.567  -77.396  -60.154 0.1000000015
8878  -29.688  -81.660  -63.146 0.1000000015
9838  -30.006  -81.176  -63.372 0.1000000015
9828  -30.131  -80.251  -62.792 0.1000000015
8891  -30.036  -82.212  -64.234 0.1000000015
8037  -29.865  -83.136  -64.585 0.1000000015
7263  -27.717  -84.156  -66.171 0.1000000015
7262  -26.908  -84.032  -64.883 0.1000000015
136221  -26.365  -83.437  -64.510 0.1000000015
132379  -26.063  -82.730  -64.331 0.1000000015
8051  -25.605  -81.872  -64.029 0.1000000015
6523  -29.894  -84.731  -67.653 0.1000000015
12799  -30.815  -77.653  -61.434 0.1000000015
11794  -30.491  -78.839  -62.309 0.1000000015
7273  -28.546  -84.315  -67.147 0.1000000015
11779  -29.770  -78.739  -61.674 0.1000000015
7264  -30.461  -83.914  -66.427 0.1000000015
12798  -30.017  -77.830  -61.353 0.1000000015
8069  -30.582  -83.540  -67.436 0.1000000015
8070  -31.254  -83.333  -67.081 0.1000000015
8932  -32.215  -82.693  -66.910 0.1000000015
10788  -31.185  -79.042  -62.798 0.1000000015
9839  -30.647  -80.749  -63.581 0.1000000015
8892  -30.475  -81.562  -64.122 0.1000000015
8054  -30.760  -83.394  -66.030 0.1000000015
9857  -31.045  -81.461  -64.379 0.1000000015
8931  -31.638  -82.855  -66.372 0.1000000015
10800  -31.334  -80.627  -63.729 0.1000000015
10787  -30.932  -79.896  -63.183 0.1000000015
9840  -32.041  -80.711  -63.834 0.1000000015
8910  -30.963  -82.531  -65.304 0.1000000015
8081  -31.010  -83.014  -67.664 0.1000000015
129886  -31.477  -82.218  -65.184 0.1000000015
5119  -28.728  -86.465  -66.622 0.1000000015
5133  -29.343  -86.630  -66.968 0.1000000015
5794  -29.720  -86.005  -67.289 0.1000000015
6424  -39.447  -84.890  -55.967 0.1000000015
6443  -37.902  -85.532  -58.827 0.2000000030
7153  -39.492  -84.647  -55.574 0.1000000015
7154  -39.887  -84.600  -55.260 0.1000000015
7166  -39.882  -84.692  -55.862 0.1000000015
7175  -37.168  -84.595  -57.945 0.1000000015
7177  -39.370  -84.892  -56.446 0.1000000015
7248  -23.828  -83.761  -63.783 0.1000000015
7272  -23.488  -83.520  -64.983 0.1000000015
7274  -29.312  -84.124  -67.516 0.1000000015
7931  -40.735  -83.224  -53.927 0.2000000030
7942  -40.559  -83.716  -54.361 0.2000000030
7949  -39.224  -83.835  -55.202 0.1000000015
7950  -40.621  -83.529  -55.406 0.2000000030
7970  -39.286  -84.378  -57.263 0.1000000015
7971  -39.733  -84.447  -56.401 0.1000000015
8034  -24.600  -82.711  -63.728 0.1000000015
8035  -25.230  -82.543  -63.802 0.1000000015
8065  -23.831  -82.201  -65.232 0.1000000015
8071  -31.544  -82.887  -67.431 0.1000000015
8078  -23.683  -82.967  -65.615 0.1000000015
8770  -41.830  -81.929  -52.956 0.3000000119
8794  -37.173  -81.245  -56.098 0.1000000015
8797  -40.537  -82.471  -55.673 0.2000000030
8866  -39.643  -81.459  -61.602 0.1000000015
8890  -24.845  -81.926  -63.846 0.1000000015
8927  -24.066  -81.627  -64.876 0.1000000015
9697  -40.557  -80.768  -52.435 0.3000000119
9700  -42.450  -80.929  -52.582 0.3000000119
9717  -41.098  -81.729  -52.771 0.3000000119
9732  -38.914  -80.941  -54.421 0.1000000015
9749  -42.035  -81.412  -54.460 0.3000000119
9761  -38.181  -80.336  -56.752 0.1000000015
9801  -38.313  -80.215  -59.941 0.1000000015
9832  -39.604  -81.041  -62.024 0.1000000015
10643  -42.061  -79.720  -51.659 0.3000000119
10670  -43.274  -79.446  -52.851 0.4000000060
10693  -37.422  -79.863  -55.158 0.1000000015
10696  -40.943  -79.814  -55.524 0.2000000030
10710  -35.555  -79.841  -56.709 0.1000000015
10777  -40.075  -79.209  -61.701 0.1000000015
11633  -42.205  -78.835  -51.501 0.2000000030
11690  -43.173  -79.060  -54.697 0.4000000060
11704  -38.550  -78.208  -56.040 0.1000000015
11785  -40.287  -78.617  -61.919 0.1000000015
11795  -30.998  -78.412  -62.363 0.1000000015
12647  -40.883  -77.372  -50.042 0.1000000015
12649  -41.906  -77.343  -50.923 0.2000000030
12659  -41.038  -78.052  -50.497 0.2000000030
12723  -42.150  -77.637  -55.442 0.4000000060
12725  -43.440  -76.934  -55.306 0.4000000060
12739  -37.310  -77.852  -56.738 0.1000000015
12774  -32.270  -77.732  -59.865 0.1000000015
12791  -36.108  -77.352  -59.961 0.1000000015
12803  -40.442  -78.069  -61.960 0.1000000015
12820  -34.746  -76.929  -63.857 0.1000000015
12837  -33.463  -77.277  -64.464 0.1000000015
13682  -44.639  -76.352  -53.856 0.4000000060
13691  -44.123  -76.910  -55.106 0.4000000060
13730  -36.757  -76.750  -56.905 0.1000000015
13774  -35.573  -76.290  -59.538 0.1000000015
13790  -40.590  -76.849  -61.783 0.1000000015
14687  -45.112  -75.401  -54.947 0.4000000060
14698  -39.867  -75.421  -55.352 0.1000000015
14701  -43.214  -75.740  -55.307 0.4000000060
14750  -34.828  -75.109  -58.926 0.1000000015
14751  -35.202  -75.739  -58.361 0.1000000015
14775  -41.053  -76.093  -62.543 0.1000000015
14810  -34.962  -75.272  -65.458 0.1000000015
14829  -35.792  -75.549  -66.374 0.1000000015
14844  -34.428  -75.464  -67.240 0.1000000015
14859  -33.458  -75.753  -68.333 0.1000000015
14862  -36.338  -76.230  -67.847 0.1000000015
15615  -43.100  -74.453  -48.443 0.1000000015
15668  -44.781  -74.831  -53.351 0.3000000119
15698  -41.478  -74.508  -54.702 0.2000000030
15720  -44.367  -74.705  -55.513 0.4000000060
15735  -34.923  -74.060  -57.015 0.1000000015
15769  -34.721  -74.263  -59.170 0.1000000015
15775  -35.687  -74.531  -60.217 0.1000000015
15778  -38.095  -74.579  -61.009 0.1000000015
15827  -34.379  -75.174  -65.769 0.1000000015
15828  -38.363  -74.938  -67.526 0.1000000015
15851  -37.182  -74.693  -68.586 0.1000000015
15852  -37.463  -75.204  -68.597 0.1000000015
16604  -41.710  -73.213  -41.660 0.1000000015
16711  -43.761  -74.323  -48.941 0.1000000015
16744  -43.555  -73.313  -51.400 0.2000000030
16775  -45.655  -73.497  -53.855 0.5000000000
16790  -40.888  -73.140  -54.193 0.2000000030
16792  -42.743  -73.829  -54.727 0.3000000119
16826  -34.402  -73.084  -57.687 0.1000000015
16845  -35.783  -73.732  -60.285 0.1000000015
16862  -41.505  -73.641  -62.560 0.1000000015
16911  -35.813  -73.484  -66.986 0.1000000015
17692  -46.563  -72.771  -46.908 0.1000000015
17707  -44.240  -73.398  -47.667 0.1000000015
17708  -44.947  -73.295  -47.563 0.1000000015
17840  -45.669  -72.764  -55.590 0.4000000060
17841  -46.221  -72.555  -55.558 0.5000000000
17865  -34.643  -72.451  -59.002 0.1000000015
17875  -40.119  -72.345  -60.804 0.1000000015
17899  -41.209  -72.985  -63.332 0.1000000015
18783  -38.312  -71.197  -44.134 0.1000000015
18820  -49.607  -71.822  -47.078 0.1000000015
18918  -45.754  -71.537  -56.107 0.5000000000
18937  -33.791  -70.773  -57.670 0.1000000015
18958  -35.729  -71.451  -60.122 0.1000000015
18972  -41.765  -71.202  -61.838 0.1000000015
19808  -38.442  -70.271  -44.439 0.1000000015
19854  -42.640  -70.647  -47.855 0.1000000015
19994  -41.715  -70.417  -61.909 0.1000000015
20021  -41.123  -70.542  -62.885 0.1000000015
20766  -42.677  -69.789  -42.771 0.1000000015
20784  -39.485  -69.298  -44.724 0.1000000015
20831  -38.277  -68.878  -46.367 0.1000000015
20947  -45.638  -69.528  -56.625 0.4000000060
20949  -46.857  -69.669  -57.023 0.4000000060
20950  -47.377  -69.662  -56.926 0.4000000060
20973  -33.848  -68.967  -58.711 0.1000000015
21776  -39.874  -68.914  -45.190 0.1000000015
21802  -44.208  -68.617  -45.113 0.1000000015
21821  -38.822  -68.603  -46.853 0.1000000015
21824  -41.169  -68.677  -46.207 0.1000000015
21826  -51.423  -68.838  -45.892 0.2000000030
21841  -39.403  -68.573  -47.295 0.1000000015
21842  -40.008  -68.716  -47.713 0.1000000015
21978  -49.271  -67.749  -55.370 0.6000000238
22006  -33.446  -68.108  -57.832 0.1000000015
22010  -34.108  -68.235  -59.169 0.1000000015
22019  -37.213  -69.015  -61.121 0.1000000015
22792  -52.646  -67.809  -43.616 0.1000000015
22841  -47.874  -67.959  -47.396 0.3000000119
22906  -49.363  -67.347  -52.331 0.4000000060
22946  -43.791  -68.142  -55.933 0.2000000030
22949  -49.521  -67.156  -55.976 0.5000000000
22953  -44.696  -68.270  -56.443 0.3000000119
22955  -49.395  -66.914  -57.637 0.5000000000
22956  -49.552  -66.835  -56.697 0.5000000000
22962  -49.073  -66.856  -58.658 0.4000000060
22993  -35.855  -67.060  -60.901 0.1000000015
23833  -42.848  -66.124  -48.350 0.4000000060
23952  -47.913  -66.628  -59.139 0.3000000119
23966  -48.373  -65.856  -59.446 0.3000000119
23971  -34.342  -66.626  -59.123 0.1000000015
23976  -35.954  -66.115  -61.063 0.1000000015
24759  -49.843  -65.149  -44.770 0.1000000015
24932  -49.160  -65.706  -57.465 0.5000000000
24938  -48.743  -64.576  -58.674 0.5000000000
24939  -48.985  -65.438  -58.325 0.5000000000
24945  -34.885  -65.251  -58.467 0.1000000015
24957  -35.467  -65.111  -59.602 0.1000000015
25932  -48.472  -63.691  -58.981 0.3000000119
25945  -36.444  -63.943  -58.860 0.1000000015
25947  -48.401  -64.378  -59.257 0.4000000060
25959  -37.306  -63.767  -59.728 0.1000000015
25970  -35.983  -64.656  -60.105 0.1000000015
25985  -36.976  -64.535  -61.079 0.1000000015
26992  -46.240  -62.750  -51.820 0.3000000119
27071  -37.263  -63.234  -57.892 0.1000000015
27095  -38.407  -63.150  -59.479 0.1000000015
27135  -42.231  -63.501  -62.737 0.1000000015
27144  -42.539  -63.564  -63.328 0.1000000015
28204  -38.021  -62.180  -58.604 0.1000000015
28225  -40.302  -62.730  -61.067 0.1000000015
29967  -44.161  -60.531  -44.136 0.3000000119
30117  -36.746  -59.940  -58.273 0.1000000015
30126  -37.338  -60.374  -58.628 0.1000000015
31004  -39.756  -59.539  -42.532 0.1000000015
31186  -36.597  -59.257  -58.398 0.1000000015
31208  -41.897  -59.385  -61.644 0.1000000015
32060  -50.886  -58.072  -54.023 0.1000000015
32091  -50.389  -57.747  -54.985 0.1000000015
33062  -38.370  -57.471  -59.944 0.1000000015
34962  -36.273  -55.358  -57.706 0.1000000015
34969  -36.907  -55.517  -58.453 0.1000000015
34970  -37.605  -55.712  -58.954 0.1000000015
34982  -39.472  -55.428  -59.905 0.1000000015
34983  -40.092  -55.106  -60.048 0.1000000015
36001  -37.228  -54.193  -58.130 0.1000000015
36011  -37.961  -54.356  -58.755 0.1000000015
36020  -38.705  -54.488  -59.277 0.1000000015
38100  -36.590  -52.544  -55.604 0.1000000015
38101  -37.074  -51.885  -55.870 0.1000000015
38132  -37.982  -52.441  -57.792 0.1000000015
38140  -38.730  -52.342  -58.241 0.1000000015
39130  -37.502  -51.183  -56.055 0.1000000015
113869  -47.996  -64.179  -45.005 0.2000000030
113935  -43.107  -59.856  -44.311 0.3000000119
114077  -38.492  -78.926  -53.476 0.1000000015
114812  -36.202  -72.956  -60.394 0.1000000015
114955  -42.666  -80.846  -53.428 0.3000000119
116069  -33.685  -69.581  -58.257 0.1000000015
116362  -40.680  -73.966  -61.415 0.1000000015
116929  -43.005  -72.356  -54.532 0.3000000119
116966  -35.538  -75.296  -60.002 0.1000000015
117277  -46.186  -69.576  -56.908 0.4000000060
120910  -38.446  -72.911  -60.746 0.1000000015
120915  -41.580  -71.979  -61.655 0.1000000015
121141  -29.615  -82.322  -63.459 0.1000000015
122107  -39.003  -75.239  -55.576 0.1000000015
122342  -44.694  -70.076  -55.775 0.4000000060
122570  -27.122  -83.192  -65.073 0.1000000015
122856  -34.801  -75.771  -64.326 0.1000000015
123166  -39.999  -56.955  -60.921 0.1000000015
123229  -45.609  -68.052  -51.176 0.5000000000
124743  -29.211  -84.716  -67.599 0.1000000015
125368  -43.046  -70.928  -54.447 0.3000000119
127077  -47.317  -66.860  -58.620 0.4000000060
128142  -35.650  -57.198  -57.549 0.1000000015
128247  -43.018  -66.021  -50.966 0.5000000000
128533  -46.294  -73.123  -47.237 0.1000000015
128662  -48.092  -63.384  -59.169 0.3000000119
129300  -37.887  -69.462  -45.720 0.1000000015
129692  -38.852  -79.619  -53.612 0.1000000015
129799  -34.561  -76.281  -64.090 0.1000000015
130290  -41.732  -64.379  -46.992 0.3000000119
131070  -39.684  -80.236  -60.931 0.1000000015
131447  -38.763  -80.498  -56.218 0.1000000015
131573  -40.156  -84.100  -54.505 0.2000000030
131689  -24.054  -84.256  -63.467 0.1000000015
131936  -49.697  -65.743  -45.354 0.1000000015
132115  -32.767  -76.060  -64.929 0.1000000015
132157  -39.972  -60.282  -46.625 0.3000000119
132206  -42.200  -71.759  -41.759 0.1000000015
132362  -34.603  -73.710  -57.469 0.1000000015
132488  -35.860  -67.861  -60.720 0.1000000015
132784  -37.940  -85.415  -57.390 0.1000000015
133229  -35.457  -75.760  -59.704 0.1000000015
133230  -42.968  -60.137  -49.630 0.2000000030
133896  -38.457  -85.358  -57.189 0.1000000015
134114  -36.648  -52.026  -54.487 0.1000000015
134204  -42.664  -66.236  -40.626 0.1000000015
135046  -36.856  -79.926  -63.695 0.1000000015
135484  -34.720  -66.107  -59.353 0.1000000015
136707  -30.537  -79.462  -62.679 0.1000000015
136888  -49.945  -58.770  -54.736 0.1000000015
136944  -52.695  -67.461  -43.174 0.1000000015
136968  -48.574  -66.597  -59.188 0.4000000060
137100  -35.581  -80.500  -57.188 0.1000000015
137103  -29.866  -84.681  -65.212 0.1000000015
137130  -47.457  -55.665  -50.900 0.1000000015
137308  -36.098  -74.094  -60.466 0.1000000015
