#!ascii label  , from subject sub-v1s7x0051324_ses-1 vox2ras=TkReg
544
15681  -45.585  -74.188  -54.578 0.0000000000
15737  -36.345  -74.690  -56.224 0.0000000000
22003  -48.812  -67.579  -58.138 0.0000000000
15718  -41.425  -75.243  -54.986 0.0000000000
23920  -43.132  -66.353  -55.959 0.0000000000
19901  -49.007  -70.240  -51.497 0.0000000000
22902  -44.784  -67.047  -52.350 0.0000000000
25815  -41.591  -64.517  -47.738 0.0000000000
25920  -48.582  -63.626  -57.973 0.0000000000
23937  -45.605  -67.120  -57.419 0.0000000000
27072  -46.515  -63.709  -58.060 0.0000000000
21893  -48.125  -67.673  -52.050 0.0000000000
21865  -45.790  -67.990  -49.782 0.0000000000
30012  -41.020  -60.615  -48.565 0.0000000000
28099  -42.739  -62.185  -49.952 0.0000000000
10682  -43.073  -80.030  -54.059 0.0000000000
15715  -38.639  -74.487  -55.369 0.0000000000
11722  -38.077  -78.887  -56.275 0.0000000000
11734  -36.366  -77.720  -58.053 0.0000000000
18920  -46.731  -71.412  -56.072 0.0000000000
14702  -44.132  -75.491  -55.487 0.0000000000
18905  -42.192  -71.036  -54.052 0.0000000000
123525  -39.707  -70.810  -54.342 0.0000000000
20920  -49.243  -68.542  -54.214 0.0000000000
23914  -47.808  -66.643  -55.292 0.0000000000
25898  -45.962  -64.312  -53.668 0.0000000000
132440  -44.812  -66.292  -47.330 0.0000000000
23861  -42.620  -66.047  -50.148 0.0000000000
26990  -44.633  -63.455  -51.541 0.0000000000
28130  -47.290  -61.868  -51.827 0.0000000000
11706  -40.671  -78.624  -55.599 0.0000000000
124538  -35.205  -68.549  -54.440 0.0000000000
17852  -34.301  -72.377  -57.171 0.0000000000
119285  -37.031  -72.870  -60.507 0.0000000000
25912  -48.122  -63.484  -56.895 0.0000000000
27074  -48.207  -62.965  -58.726 0.0000000000
130833  -44.261  -77.259  -54.556 0.0000000000
15714  -37.784  -74.292  -55.498 0.0000000000
13731  -37.443  -76.591  -56.482 0.0000000000
14735  -36.153  -76.088  -57.090 0.0000000000
12775  -35.790  -76.955  -59.317 0.0000000000
14734  -35.412  -75.572  -57.539 0.0000000000
20951  -48.070  -69.152  -56.835 0.0000000000
21992  -46.673  -68.966  -57.381 0.0000000000
23936  -44.868  -66.166  -56.949 0.0000000000
21976  -44.194  -68.942  -56.011 0.0000000000
133054  -42.707  -68.659  -55.025 0.0000000000
19921  -41.288  -70.253  -54.240 0.0000000000
115033  -41.926  -68.681  -54.746 0.0000000000
19907  -47.718  -70.777  -53.831 0.0000000000
20892  -49.115  -69.408  -52.883 0.0000000000
22904  -46.460  -67.704  -52.868 0.0000000000
22924  -47.838  -67.622  -53.760 0.0000000000
23903  -46.192  -66.941  -54.093 0.0000000000
24909  -46.629  -65.430  -55.222 0.0000000000
24895  -45.334  -65.671  -53.548 0.0000000000
24801  -42.676  -65.695  -47.656 0.0000000000
23848  -43.252  -66.596  -48.704 0.0000000000
24816  -41.977  -65.035  -48.769 0.0000000000
30035  -44.057  -61.190  -50.176 0.0000000000
117519  -43.672  -63.077  -50.765 0.0000000000
28111  -45.307  -62.167  -51.004 0.0000000000
28128  -45.845  -62.536  -51.426 0.0000000000
15699  -42.953  -74.511  -54.957 0.0000000000
13711  -42.549  -76.915  -55.396 0.0000000000
12722  -41.141  -77.667  -55.551 0.0000000000
131653  -38.331  -81.102  -57.545 0.0000000000
22943  -34.309  -67.328  -54.795 0.0000000000
118561  -34.418  -70.752  -55.406 0.0000000000
18950  -35.131  -71.859  -59.590 0.0000000000
24931  -48.795  -65.080  -57.752 0.0000000000
22960  -47.490  -67.524  -58.394 0.0000000000
24947  -48.194  -64.949  -59.555 0.0000000000
24936  -46.589  -65.153  -58.487 0.0000000000
24929  -45.015  -65.202  -56.978 0.0000000000
121743  -49.620  -67.800  -51.985 0.0000000000
21879  -47.286  -67.987  -50.779 0.0000000000
123397  -44.913  -67.789  -51.083 0.0000000000
28091  -41.075  -62.250  -48.419 0.0000000000
26964  -41.686  -63.561  -49.019 0.0000000000
29063  -41.749  -61.776  -49.026 0.0000000000
30023  -43.279  -60.698  -49.826 0.0000000000
31072  -44.352  -59.662  -49.905 0.0000000000
15717  -40.487  -74.761  -54.953 0.0000000000
13708  -39.659  -76.776  -55.694 0.0000000000
13707  -38.788  -76.611  -55.942 0.0000000000
11735  -36.916  -78.250  -57.498 0.0000000000
10737  -36.873  -79.035  -59.269 0.0000000000
11769  -37.207  -78.261  -60.380 0.0000000000
13785  -37.196  -76.805  -60.737 0.0000000000
121173  -37.688  -76.033  -60.963 0.0000000000
17824  -46.293  -72.850  -55.012 0.0000000000
14688  -45.244  -74.634  -55.156 0.0000000000
17838  -44.246  -73.452  -55.440 0.0000000000
133016  -43.349  -73.245  -54.928 0.0000000000
21991  -45.717  -68.820  -56.943 0.0000000000
126292  -43.723  -71.071  -55.014 0.0000000000
16791  -41.696  -73.624  -54.376 0.0000000000
17821  -40.564  -72.410  -54.073 0.0000000000
16789  -39.058  -73.106  -54.683 0.0000000000
17819  -38.362  -72.436  -54.605 0.0000000000
18895  -47.137  -71.615  -54.434 0.0000000000
19935  -48.069  -70.157  -55.369 0.0000000000
21977  -48.905  -68.260  -56.265 0.0000000000
119739  -49.349  -67.437  -53.085 0.0000000000
22939  -48.984  -67.068  -54.792 0.0000000000
23924  -49.271  -66.230  -56.010 0.0000000000
122062  -48.028  -65.428  -56.584 0.0000000000
25911  -47.260  -64.429  -55.800 0.0000000000
25899  -46.833  -63.521  -53.999 0.0000000000
22856  -45.474  -67.555  -48.337 0.0000000000
22884  -43.683  -67.246  -50.027 0.0000000000
23875  -43.763  -66.335  -51.328 0.0000000000
25846  -42.410  -64.419  -50.038 0.0000000000
25857  -43.382  -64.531  -51.056 0.0000000000
24869  -44.496  -65.535  -52.448 0.0000000000
25882  -45.280  -64.248  -52.892 0.0000000000
27010  -46.239  -63.142  -52.271 0.0000000000
133255  -43.651  -77.447  -55.097 0.0000000000
117879  -42.403  -79.182  -55.196 0.0000000000
10694  -38.886  -79.107  -55.872 0.0000000000
9762  -38.811  -81.303  -56.542 0.0000000000
21958  -40.616  -68.298  -54.721 0.0000000000
19918  -38.338  -70.136  -54.567 0.0000000000
119766  -37.023  -71.994  -54.707 0.0000000000
18899  -35.789  -71.562  -54.880 0.0000000000
16816  -35.247  -73.653  -56.369 0.0000000000
15760  -34.635  -74.410  -58.428 0.0000000000
15776  -36.483  -74.460  -60.667 0.0000000000
27036  -47.714  -62.793  -55.030 0.0000000000
27045  -48.320  -62.483  -56.788 0.0000000000
12687  -44.386  -77.186  -53.976 0.0000000000
114537  -44.850  -75.973  -54.591 0.0000000000
15713  -36.872  -74.122  -55.663 0.0000000000
14717  -36.661  -75.485  -56.446 0.0000000000
13743  -35.649  -76.340  -57.921 0.0000000000
14716  -35.824  -75.206  -56.826 0.0000000000
21994  -48.491  -68.338  -57.489 0.0000000000
21993  -47.557  -68.956  -57.480 0.0000000000
22002  -48.039  -68.119  -58.217 0.0000000000
22952  -43.952  -66.757  -56.418 0.0000000000
130744  -44.071  -67.545  -56.310 0.0000000000
22945  -43.394  -67.310  -55.949 0.0000000000
22944  -42.631  -67.172  -55.463 0.0000000000
18884  -48.071  -71.011  -50.978 0.0000000000
19900  -48.219  -70.727  -51.925 0.0000000000
19905  -48.650  -70.196  -52.391 0.0000000000
20888  -49.271  -69.503  -52.138 0.0000000000
22903  -45.653  -67.599  -52.470 0.0000000000
22922  -45.883  -67.284  -53.267 0.0000000000
23884  -45.219  -66.965  -52.941 0.0000000000
23902  -45.507  -66.528  -53.502 0.0000000000
23883  -44.800  -66.187  -52.913 0.0000000000
26940  -41.199  -63.734  -47.149 0.0000000000
25799  -41.800  -63.858  -46.442 0.0000000000
25816  -42.161  -64.968  -47.249 0.0000000000
24789  -42.909  -65.219  -46.782 0.0000000000
24800  -41.998  -65.193  -48.001 0.0000000000
24817  -42.400  -65.657  -48.518 0.0000000000
131000  -41.759  -64.819  -48.235 0.0000000000
30036  -44.842  -60.916  -50.364 0.0000000000
29075  -44.700  -61.690  -50.588 0.0000000000
29076  -45.512  -61.462  -50.770 0.0000000000
30037  -45.650  -60.652  -50.589 0.0000000000
15719  -42.406  -75.091  -54.974 0.0000000000
14700  -42.001  -76.050  -55.210 0.0000000000
131169  -41.018  -76.341  -55.390 0.0000000000
18926  -33.754  -70.859  -56.863 0.0000000000
18949  -34.576  -71.542  -58.918 0.0000000000
19975  -34.431  -70.638  -58.911 0.0000000000
24923  -48.550  -64.760  -57.343 0.0000000000
24948  -48.680  -65.157  -59.167 0.0000000000
118527  -48.705  -64.249  -58.180 0.0000000000
27073  -47.723  -62.981  -58.798 0.0000000000
25931  -47.310  -64.018  -58.923 0.0000000000
25930  -46.254  -64.545  -58.105 0.0000000000
24930  -45.630  -65.317  -57.637 0.0000000000
25919  -45.553  -64.518  -57.419 0.0000000000
21892  -46.475  -68.073  -51.325 0.0000000000
22886  -45.311  -67.929  -50.480 0.0000000000
28090  -40.629  -62.249  -47.555 0.0000000000
29055  -41.243  -61.418  -48.646 0.0000000000
30021  -41.846  -60.936  -48.984 0.0000000000
31071  -43.511  -59.783  -49.733 0.0000000000
10698  -42.548  -80.644  -54.324 0.0000000000
15716  -39.466  -74.632  -55.189 0.0000000000
14697  -39.337  -75.999  -55.684 0.0000000000
14719  -38.524  -75.828  -55.959 0.0000000000
12749  -36.765  -77.465  -57.214 0.0000000000
12738  -37.230  -77.200  -56.672 0.0000000000
11744  -36.669  -78.626  -58.558 0.0000000000
11755  -36.928  -78.768  -59.891 0.0000000000
13783  -35.846  -76.709  -59.959 0.0000000000
12792  -36.770  -77.501  -60.430 0.0000000000
13784  -36.325  -76.758  -60.416 0.0000000000
14766  -36.651  -76.015  -60.740 0.0000000000
128754  -46.600  -72.036  -55.688 0.0000000000
16809  -45.840  -73.146  -55.285 0.0000000000
122796  -43.873  -72.585  -55.165 0.0000000000
18916  -44.378  -71.786  -55.358 0.0000000000
22959  -46.638  -66.994  -58.122 0.0000000000
22954  -46.402  -68.003  -57.602 0.0000000000
115885  -45.407  -67.919  -57.028 0.0000000000
20929  -43.906  -69.679  -55.613 0.0000000000
19923  -43.436  -70.265  -54.975 0.0000000000
18906  -42.758  -71.604  -54.308 0.0000000000
17823  -42.190  -72.016  -54.050 0.0000000000
17822  -41.482  -72.626  -54.036 0.0000000000
123524  -40.496  -70.812  -54.178 0.0000000000
18904  -40.151  -71.599  -54.128 0.0000000000
18903  -39.328  -71.619  -54.327 0.0000000000
130086  -38.997  -72.257  -54.449 0.0000000000
18902  -38.569  -71.695  -54.437 0.0000000000
20899  -48.928  -69.380  -53.792 0.0000000000
19925  -48.290  -70.190  -54.332 0.0000000000
20919  -48.761  -69.411  -54.795 0.0000000000
20932  -48.424  -69.287  -55.807 0.0000000000
20933  -49.042  -68.525  -55.152 0.0000000000
22905  -49.111  -67.150  -52.132 0.0000000000
21914  -49.575  -67.727  -52.592 0.0000000000
123460  -49.197  -67.251  -52.666 0.0000000000
22937  -47.145  -67.242  -54.510 0.0000000000
22938  -48.411  -67.183  -54.627 0.0000000000
22947  -48.943  -66.588  -55.352 0.0000000000
22948  -49.266  -66.708  -55.575 0.0000000000
23923  -48.574  -66.070  -55.942 0.0000000000
23922  -47.397  -65.796  -55.735 0.0000000000
24908  -45.846  -65.187  -54.184 0.0000000000
25905  -46.499  -64.453  -54.786 0.0000000000
22838  -44.883  -66.932  -47.816 0.0000000000
23862  -43.026  -66.802  -49.632 0.0000000000
22871  -43.796  -67.106  -49.107 0.0000000000
22894  -43.808  -67.107  -50.811 0.0000000000
23869  -43.184  -66.716  -50.544 0.0000000000
28098  -42.224  -62.834  -49.631 0.0000000000
26965  -42.316  -63.661  -49.870 0.0000000000
28108  -42.864  -62.963  -50.284 0.0000000000
26975  -44.330  -63.098  -51.123 0.0000000000
26989  -43.915  -63.748  -51.101 0.0000000000
25867  -44.203  -64.404  -51.581 0.0000000000
24852  -44.162  -65.427  -51.820 0.0000000000
25881  -44.594  -64.703  -52.345 0.0000000000
27008  -44.876  -63.825  -52.174 0.0000000000
28129  -46.576  -62.226  -51.607 0.0000000000
126559  -46.873  -62.558  -52.148 0.0000000000
118829  -46.776  -63.039  -52.892 0.0000000000
14703  -44.789  -75.106  -55.374 0.0000000000
13713  -44.576  -75.997  -55.224 0.0000000000
13712  -43.841  -76.265  -55.428 0.0000000000
11707  -41.804  -78.438  -55.477 0.0000000000
120311  -41.601  -79.234  -55.472 0.0000000000
9748  -41.374  -81.044  -55.250 0.0000000000
121649  -40.284  -80.446  -55.590 0.0000000000
12720  -39.073  -77.462  -55.849 0.0000000000
11705  -39.475  -78.380  -55.730 0.0000000000
22936  -41.776  -67.178  -54.923 0.0000000000
22935  -40.941  -67.524  -54.669 0.0000000000
19917  -37.504  -70.344  -54.542 0.0000000000
123527  -38.049  -71.029  -54.417 0.0000000000
18900  -37.246  -71.214  -54.552 0.0000000000
18922  -34.205  -71.689  -56.460 0.0000000000
18915  -35.050  -71.349  -55.142 0.0000000000
17835  -34.800  -72.120  -55.735 0.0000000000
129967  -35.348  -72.632  -55.593 0.0000000000
16815  -34.661  -73.214  -56.862 0.0000000000
15750  -34.703  -74.328  -57.704 0.0000000000
117330  -34.494  -73.766  -58.064 0.0000000000
16840  -35.372  -73.156  -59.956 0.0000000000
120957  -35.122  -73.991  -59.779 0.0000000000
16846  -36.640  -73.628  -60.586 0.0000000000
27058  -48.422  -62.589  -58.051 0.0000000000
27057  -48.031  -62.297  -58.496 0.0000000000
30013  -41.871  -60.060  -48.941 0.0000000000
31058  -41.950  -59.281  -48.989 0.0000000000
11691  -43.682  -78.447  -54.370 0.0000000000
14696  -38.154  -75.077  -55.791 0.0000000000
14718  -37.605  -75.759  -56.240 0.0000000000
128841  -36.905  -76.144  -56.595 0.0000000000
13744  -36.246  -76.914  -57.595 0.0000000000
12776  -36.156  -77.810  -59.130 0.0000000000
12761  -35.906  -77.044  -58.448 0.0000000000
13759  -35.498  -76.393  -58.770 0.0000000000
14761  -35.245  -75.800  -59.130 0.0000000000
19940  -46.911  -70.471  -56.539 0.0000000000
19939  -46.347  -70.276  -56.652 0.0000000000
20948  -45.862  -70.023  -56.621 0.0000000000
116463  -44.719  -67.300  -56.763 0.0000000000
21961  -43.433  -68.810  -55.513 0.0000000000
20918  -43.083  -69.393  -54.978 0.0000000000
19922  -42.466  -70.003  -54.466 0.0000000000
20917  -42.363  -69.196  -54.733 0.0000000000
126487  -41.664  -69.364  -54.554 0.0000000000
120624  -40.893  -69.433  -54.544 0.0000000000
19908  -48.435  -70.173  -53.318 0.0000000000
21911  -46.734  -67.933  -52.140 0.0000000000
21913  -48.606  -67.388  -52.828 0.0000000000
21912  -47.389  -67.795  -52.911 0.0000000000
22923  -46.758  -67.565  -53.601 0.0000000000
23913  -46.689  -66.423  -54.926 0.0000000000
23912  -45.964  -66.078  -54.267 0.0000000000
130811  -45.390  -64.887  -53.461 0.0000000000
24802  -43.513  -65.821  -47.181 0.0000000000
123814  -44.124  -66.384  -47.549 0.0000000000
22854  -43.993  -66.809  -48.251 0.0000000000
23834  -43.365  -66.298  -47.903 0.0000000000
23847  -42.678  -66.184  -49.119 0.0000000000
24830  -42.366  -65.524  -49.362 0.0000000000
29065  -43.325  -61.590  -50.086 0.0000000000
28109  -43.489  -62.351  -50.418 0.0000000000
29074  -43.978  -61.838  -50.438 0.0000000000
28110  -44.374  -62.438  -50.832 0.0000000000
28127  -45.027  -62.800  -51.327 0.0000000000
26991  -45.533  -63.145  -51.823 0.0000000000
29093  -46.115  -61.909  -51.168 0.0000000000
29094  -46.911  -61.577  -51.405 0.0000000000
118678  -43.517  -74.970  -55.321 0.0000000000
125915  -43.030  -76.395  -55.358 0.0000000000
13710  -41.565  -76.909  -55.425 0.0000000000
10712  -37.749  -79.464  -56.844 0.0000000000
21973  -33.692  -68.761  -55.739 0.0000000000
122593  -34.156  -69.044  -55.159 0.0000000000
19930  -34.431  -69.933  -55.124 0.0000000000
19929  -33.923  -70.311  -55.654 0.0000000000
16833  -34.496  -73.115  -58.467 0.0000000000
17866  -35.048  -72.620  -59.608 0.0000000000
17871  -35.764  -72.256  -60.157 0.0000000000
23953  -49.293  -66.197  -58.002 0.0000000000
22961  -48.329  -67.277  -58.781 0.0000000000
23967  -49.047  -66.017  -58.983 0.0000000000
23965  -47.875  -65.679  -59.430 0.0000000000
23951  -47.131  -66.059  -58.714 0.0000000000
25946  -48.081  -64.076  -59.417 0.0000000000
24937  -47.553  -64.933  -59.318 0.0000000000
23950  -45.976  -66.164  -57.943 0.0000000000
23921  -43.895  -65.995  -56.398 0.0000000000
20889  -49.647  -68.907  -51.557 0.0000000000
21894  -49.006  -67.191  -51.581 0.0000000000
119238  -48.300  -67.632  -51.194 0.0000000000
133479  -47.375  -67.907  -51.490 0.0000000000
133243  -45.877  -67.981  -51.782 0.0000000000
22896  -45.127  -67.703  -51.756 0.0000000000
26955  -40.896  -63.052  -47.770 0.0000000000
26956  -41.268  -63.780  -48.114 0.0000000000
25832  -41.631  -64.388  -48.531 0.0000000000
123669  -41.252  -63.070  -48.478 0.0000000000
28097  -41.674  -62.604  -49.007 0.0000000000
126625  -42.174  -62.135  -49.446 0.0000000000
30022  -42.526  -60.461  -49.383 0.0000000000
29064  -42.504  -61.374  -49.561 0.0000000000
30024  -44.182  -60.394  -49.974 0.0000000000
31088  -44.975  -60.075  -50.177 0.0000000000
14699  -40.817  -75.674  -55.245 0.0000000000
128222  -40.192  -76.183  -55.489 0.0000000000
117390  -37.849  -78.174  -56.371 0.0000000000
11721  -37.473  -78.626  -56.863 0.0000000000
10738  -37.305  -79.589  -58.648 0.0000000000
130492  -36.503  -78.086  -59.957 0.0000000000
12793  -37.780  -77.597  -60.707 0.0000000000
122214  -39.187  -77.709  -61.159 0.0000000000
13786  -38.364  -76.832  -60.967 0.0000000000
126590  -38.715  -76.104  -61.136 0.0000000000
16776  -45.868  -73.431  -54.781 0.0000000000
14672  -45.362  -74.910  -54.585 0.0000000000
16808  -45.443  -73.809  -55.244 0.0000000000
15721  -44.986  -74.344  -55.479 0.0000000000
16807  -44.980  -73.656  -55.579 0.0000000000
17839  -44.865  -72.836  -55.544 0.0000000000
134475  -44.528  -74.081  -55.532 0.0000000000
16793  -43.701  -74.135  -55.308 0.0000000000
134994  -42.249  -74.335  -54.710 0.0000000000
22001  -47.282  -68.358  -57.823 0.0000000000
21990  -45.058  -69.159  -56.306 0.0000000000
133499  -44.641  -69.537  -55.934 0.0000000000
18907  -43.461  -71.715  -54.758 0.0000000000
127935  -42.414  -72.960  -54.351 0.0000000000
15697  -40.716  -73.853  -54.531 0.0000000000
15696  -39.796  -73.908  -54.796 0.0000000000
123528  -41.197  -71.527  -53.952 0.0000000000
127309  -40.101  -73.131  -54.401 0.0000000000
16806  -39.061  -73.961  -55.049 0.0000000000
123076  -38.359  -73.710  -55.123 0.0000000000
16788  -38.164  -73.049  -54.884 0.0000000000
16805  -37.435  -73.408  -55.198 0.0000000000
18908  -46.701  -72.289  -55.165 0.0000000000
18909  -47.072  -71.604  -55.414 0.0000000000
19924  -47.620  -70.887  -54.886 0.0000000000
19934  -47.376  -70.834  -55.864 0.0000000000
20931  -47.682  -69.968  -56.291 0.0000000000
21995  -49.259  -67.531  -57.085 0.0000000000
20893  -49.555  -68.548  -52.402 0.0000000000
20900  -49.478  -68.325  -53.251 0.0000000000
21936  -49.386  -67.795  -53.785 0.0000000000
22925  -48.957  -67.260  -53.601 0.0000000000
126849  -49.120  -67.410  -54.068 0.0000000000
21962  -49.287  -67.821  -54.566 0.0000000000
22940  -49.236  -67.227  -55.059 0.0000000000
23925  -49.497  -66.541  -56.147 0.0000000000
23939  -49.427  -66.249  -56.880 0.0000000000
23938  -48.936  -65.632  -56.793 0.0000000000
24922  -47.757  -64.783  -56.534 0.0000000000
27035  -47.455  -63.569  -55.568 0.0000000000
22855  -44.609  -67.324  -48.647 0.0000000000
22872  -44.436  -67.502  -49.512 0.0000000000
131947  -45.014  -67.788  -49.850 0.0000000000
22885  -44.456  -67.567  -50.468 0.0000000000
22895  -44.367  -67.191  -51.467 0.0000000000
23876  -44.371  -66.307  -52.054 0.0000000000
25845  -41.958  -64.363  -49.311 0.0000000000
128717  -42.210  -64.917  -49.520 0.0000000000
24839  -42.467  -65.149  -50.109 0.0000000000
26974  -42.988  -63.837  -50.622 0.0000000000
25856  -42.761  -64.634  -50.580 0.0000000000
24840  -42.852  -65.307  -50.800 0.0000000000
24851  -43.581  -65.329  -51.316 0.0000000000
24870  -44.815  -65.153  -53.036 0.0000000000
27009  -45.628  -63.567  -52.401 0.0000000000
27026  -46.144  -63.643  -52.950 0.0000000000
27027  -47.312  -62.722  -53.672 0.0000000000
13692  -44.537  -76.620  -54.603 0.0000000000
12704  -43.911  -77.668  -54.748 0.0000000000
11709  -43.449  -78.117  -54.975 0.0000000000
12724  -43.062  -77.590  -55.303 0.0000000000
11708  -42.747  -78.361  -55.259 0.0000000000
132127  -42.685  -79.802  -54.741 0.0000000000
10697  -42.038  -80.183  -55.142 0.0000000000
13709  -40.588  -76.900  -55.549 0.0000000000
12721  -40.079  -77.610  -55.661 0.0000000000
10695  -39.838  -79.394  -55.614 0.0000000000
10713  -38.401  -79.725  -56.216 0.0000000000
9746  -39.296  -80.129  -55.829 0.0000000000
136256  -39.929  -80.808  -55.729 0.0000000000
28188  -48.228  -61.905  -57.941 0.0000000000
27056  -45.585  -63.729  -57.151 0.0000000000
24921  -44.354  -65.319  -56.514 0.0000000000
24920  -43.528  -65.315  -55.960 0.0000000000
21959  -41.450  -68.138  -54.778 0.0000000000
20915  -40.342  -68.986  -54.680 0.0000000000
21957  -39.812  -68.377  -54.694 0.0000000000
20914  -39.510  -69.127  -54.686 0.0000000000
19919  -39.212  -70.014  -54.573 0.0000000000
17818  -37.604  -72.576  -54.828 0.0000000000
16804  -36.458  -73.360  -55.467 0.0000000000
19914  -35.282  -69.946  -54.664 0.0000000000
19915  -35.736  -70.784  -54.662 0.0000000000
19916  -36.681  -70.588  -54.556 0.0000000000
17817  -36.255  -72.094  -54.930 0.0000000000
118686  -35.991  -72.700  -55.309 0.0000000000
16817  -36.019  -73.917  -56.009 0.0000000000
15751  -35.169  -74.793  -57.273 0.0000000000
14733  -34.863  -75.055  -58.018 0.0000000000
137579  -35.199  -75.361  -59.490 0.0000000000
15770  -35.103  -74.773  -59.634 0.0000000000
119320  -36.165  -75.258  -60.539 0.0000000000
14767  -37.179  -75.116  -61.024 0.0000000000
9749  -42.035  -81.412  -54.460 0.0000000000
9761  -38.181  -80.336  -56.752 0.0000000000
10696  -40.943  -79.814  -55.524 0.0000000000
10750  -37.472  -79.518  -59.651 0.0000000000
11690  -43.173  -79.060  -54.697 0.0000000000
11704  -38.550  -78.208  -56.040 0.0000000000
12723  -42.150  -77.637  -55.442 0.0000000000
12725  -43.440  -76.934  -55.306 0.0000000000
12791  -36.108  -77.352  -59.961 0.0000000000
13682  -44.639  -76.352  -53.856 0.0000000000
13691  -44.123  -76.910  -55.106 0.0000000000
13730  -36.757  -76.750  -56.905 0.0000000000
13774  -35.573  -76.290  -59.538 0.0000000000
14687  -45.112  -75.401  -54.947 0.0000000000
14698  -39.867  -75.421  -55.352 0.0000000000
14701  -43.214  -75.740  -55.307 0.0000000000
14750  -34.828  -75.109  -58.926 0.0000000000
14751  -35.202  -75.739  -58.361 0.0000000000
15698  -41.478  -74.508  -54.702 0.0000000000
15720  -44.367  -74.705  -55.513 0.0000000000
15735  -34.923  -74.060  -57.015 0.0000000000
15736  -35.531  -74.414  -56.597 0.0000000000
15738  -37.257  -74.900  -55.984 0.0000000000
15775  -35.687  -74.531  -60.217 0.0000000000
16790  -40.888  -73.140  -54.193 0.0000000000
16792  -42.743  -73.829  -54.727 0.0000000000
16803  -35.640  -73.223  -55.770 0.0000000000
16826  -34.402  -73.084  -57.687 0.0000000000
16845  -35.783  -73.732  -60.285 0.0000000000
17820  -39.687  -72.366  -54.290 0.0000000000
17836  -35.519  -72.095  -55.222 0.0000000000
17837  -36.802  -72.694  -55.068 0.0000000000
17841  -46.221  -72.555  -55.558 0.0000000000
17848  -34.978  -72.929  -56.077 0.0000000000
18901  -37.807  -71.839  -54.547 0.0000000000
18913  -33.928  -70.906  -56.005 0.0000000000
18914  -34.441  -71.380  -55.710 0.0000000000
18937  -33.791  -70.773  -57.670 0.0000000000
19920  -40.200  -69.899  -54.477 0.0000000000
19938  -33.596  -70.189  -56.275 0.0000000000
20910  -34.833  -69.222  -54.691 0.0000000000
20916  -41.124  -68.824  -54.726 0.0000000000
20928  -33.764  -69.613  -55.669 0.0000000000
20949  -46.857  -69.669  -57.023 0.0000000000
20950  -47.377  -69.662  -56.926 0.0000000000
21960  -42.287  -67.979  -55.017 0.0000000000
21974  -34.027  -68.141  -55.116 0.0000000000
21975  -43.072  -68.002  -55.401 0.0000000000
21978  -49.271  -67.749  -55.370 0.0000000000
22906  -49.363  -67.347  -52.331 0.0000000000
22934  -40.134  -67.652  -54.625 0.0000000000
22946  -43.791  -68.142  -55.933 0.0000000000
22949  -49.521  -67.156  -55.976 0.0000000000
22953  -44.696  -68.270  -56.443 0.0000000000
22955  -49.395  -66.914  -57.637 0.0000000000
22956  -49.552  -66.835  -56.697 0.0000000000
22962  -49.073  -66.856  -58.658 0.0000000000
23833  -42.848  -66.124  -48.350 0.0000000000
23952  -47.913  -66.628  -59.139 0.0000000000
23966  -48.373  -65.856  -59.446 0.0000000000
24932  -49.160  -65.706  -57.465 0.0000000000
24938  -48.743  -64.576  -58.674 0.0000000000
24939  -48.985  -65.438  -58.325 0.0000000000
25918  -44.888  -64.564  -56.713 0.0000000000
25932  -48.472  -63.691  -58.981 0.0000000000
25947  -48.401  -64.378  -59.257 0.0000000000
26992  -46.240  -62.750  -51.820 0.0000000000
114812  -36.202  -72.956  -60.394 0.0000000000
116929  -43.005  -72.356  -54.532 0.0000000000
116966  -35.538  -75.296  -60.002 0.0000000000
117277  -46.186  -69.576  -56.908 0.0000000000
118572  -36.185  -69.909  -54.471 0.0000000000
122107  -39.003  -75.239  -55.576 0.0000000000
122342  -44.694  -70.076  -55.775 0.0000000000
123229  -45.609  -68.052  -51.176 0.0000000000
123526  -38.873  -70.894  -54.457 0.0000000000
123703  -41.133  -66.769  -54.610 0.0000000000
125368  -43.046  -70.928  -54.447 0.0000000000
127077  -47.317  -66.860  -58.620 0.0000000000
128247  -43.018  -66.021  -50.966 0.0000000000
128662  -48.092  -63.384  -59.169 0.0000000000
129538  -34.950  -70.568  -54.934 0.0000000000
130170  -36.448  -71.393  -54.686 0.0000000000
130290  -41.732  -64.379  -46.992 0.0000000000
131447  -38.763  -80.498  -56.218 0.0000000000
132362  -34.603  -73.710  -57.469 0.0000000000
133229  -35.457  -75.760  -59.704 0.0000000000
133544  -34.575  -72.480  -56.430 0.0000000000
136968  -48.574  -66.597  -59.188 0.0000000000
137308  -36.098  -74.094  -60.466 0.0000000000
