#!ascii label  , from subject sub-v1s7x0051324_ses-1 vox2ras=TkReg
2164
55322  43.876  -30.724  6.441 0.0000000000
36445  38.342  -49.013  14.936 0.0000000000
32211  22.909  -54.105  16.410 0.0000000000
25019  18.099  -59.814  16.860 0.0000000000
31118  34.293  -53.901  20.880 0.0000000000
130145  28.216  -49.850  11.194 0.0000000000
50086  52.119  -35.117  5.686 0.0000000000
113855  50.725  -24.534  1.840 0.0000000000
50013  45.916  -35.446  14.069 0.0000000000
121230  37.505  -38.757  10.150 0.0000000000
113565  29.537  -41.387  6.169 0.0000000000
31121  25.318  -54.551  21.151 0.0000000000
29074  20.381  -57.261  17.560 0.0000000000
31100  21.446  -54.981  23.427 0.0000000000
31144  28.379  -54.979  18.842 0.0000000000
52100  48.458  -33.638  14.791 0.0000000000
41517  34.243  -44.304  20.371 0.0000000000
41513  40.385  -44.426  19.652 0.0000000000
45191  41.618  -40.484  16.868 0.0000000000
42581  38.525  -43.768  12.903 0.0000000000
44387  34.696  -41.063  7.738 0.0000000000
40593  33.720  -44.731  11.746 0.0000000000
36486  23.026  -49.886  9.935 0.0000000000
38602  25.048  -47.924  6.419 0.0000000000
58920  47.037  -27.318  3.933 0.0000000000
58956  42.975  -26.132  -1.246 0.0000000000
34339  19.639  -51.585  12.118 0.0000000000
30172  18.101  -56.024  11.016 0.0000000000
35380  35.612  -50.911  17.325 0.0000000000
132770  33.482  -50.234  12.099 0.0000000000
116895  32.381  -52.739  15.291 0.0000000000
34292  25.942  -51.448  15.075 0.0000000000
53239  50.019  -32.747  6.622 0.0000000000
132056  19.843  -57.233  27.364 0.0000000000
29022  16.475  -56.201  21.047 0.0000000000
60571  49.023  -23.910  8.244 0.0000000000
56255  48.276  -29.591  10.672 0.0000000000
51135  49.694  -34.825  10.589 0.0000000000
123213  49.301  -37.657  9.475 0.0000000000
118255  44.827  -37.669  7.761 0.0000000000
49983  43.090  -35.326  18.815 0.0000000000
48046  41.054  -36.994  12.795 0.0000000000
123292  39.962  -36.564  6.169 0.0000000000
49116  35.937  -36.138  4.111 0.0000000000
39590  29.466  -47.071  8.182 0.0000000000
31082  26.319  -53.414  23.690 0.0000000000
31112  23.031  -54.007  21.998 0.0000000000
118836  23.737  -53.434  25.153 0.0000000000
131242  28.264  -54.636  22.873 0.0000000000
40529  36.277  -45.588  17.254 0.0000000000
134148  39.718  -46.491  17.540 0.0000000000
127750  40.994  -45.462  15.525 0.0000000000
39545  39.029  -46.399  13.900 0.0000000000
41635  35.715  -44.214  11.833 0.0000000000
39563  35.831  -47.039  13.091 0.0000000000
35475  20.532  -51.052  7.795 0.0000000000
36523  21.791  -50.008  6.711 0.0000000000
57265  45.328  -28.279  5.099 0.0000000000
123674  43.138  -28.530  2.618 0.0000000000
54350  43.554  -31.305  3.513 0.0000000000
33243  21.189  -52.591  14.609 0.0000000000
32244  17.906  -53.609  11.762 0.0000000000
31192  19.331  -54.605  14.636 0.0000000000
132344  19.344  -59.279  15.909 0.0000000000
27035  19.511  -58.964  13.461 0.0000000000
26054  18.097  -59.866  13.073 0.0000000000
27026  16.858  -58.508  14.399 0.0000000000
37408  35.529  -48.850  21.171 0.0000000000
33170  36.366  -52.387  19.707 0.0000000000
32199  35.482  -53.518  16.429 0.0000000000
133571  34.378  -54.245  18.030 0.0000000000
31164  26.065  -54.636  18.104 0.0000000000
32206  27.314  -52.983  17.077 0.0000000000
33227  24.513  -52.388  15.604 0.0000000000
34322  22.774  -51.465  13.447 0.0000000000
52185  52.522  -33.610  6.616 0.0000000000
53287  52.769  -32.586  4.993 0.0000000000
50128  54.094  -34.980  3.083 0.0000000000
30028  14.080  -55.913  22.872 0.0000000000
54261  48.487  -31.827  11.178 0.0000000000
55264  50.390  -31.036  12.799 0.0000000000
50002  47.608  -35.327  14.797 0.0000000000
48998  48.796  -36.510  13.011 0.0000000000
48042  47.676  -37.733  12.279 0.0000000000
48123  46.921  -37.738  8.556 0.0000000000
48092  45.497  -37.802  10.587 0.0000000000
46125  38.658  -39.925  14.394 0.0000000000
47062  41.080  -38.004  14.986 0.0000000000
48077  39.163  -37.805  11.460 0.0000000000
130260  40.917  -37.773  9.021 0.0000000000
48142  38.518  -37.201  7.952 0.0000000000
49114  37.893  -36.141  5.011 0.0000000000
48144  36.738  -37.736  7.225 0.0000000000
47176  32.683  -39.116  4.993 0.0000000000
35440  30.990  -50.556  11.310 0.0000000000
37552  31.439  -48.595  10.242 0.0000000000
37561  29.326  -48.617  9.224 0.0000000000
39632  24.820  -46.243  4.821 0.0000000000
118114  52.837  -23.282  -1.992 0.0000000000
134386  50.323  -23.612  -0.721 0.0000000000
30125  24.630  -55.570  18.824 0.0000000000
30142  21.359  -55.844  17.105 0.0000000000
29046  23.091  -56.191  19.339 0.0000000000
27985  21.646  -57.338  20.385 0.0000000000
25966  20.722  -58.746  21.137 0.0000000000
30039  32.060  -55.028  21.765 0.0000000000
129430  32.190  -55.784  19.712 0.0000000000
29030  29.868  -56.064  21.172 0.0000000000
30082  27.287  -55.624  20.146 0.0000000000
55248  49.520  -30.213  14.589 0.0000000000
52077  46.891  -34.128  17.509 0.0000000000
42511  41.599  -43.206  18.254 0.0000000000
43415  39.663  -42.640  15.033 0.0000000000
44357  37.505  -41.653  11.492 0.0000000000
45271  36.237  -40.274  9.000 0.0000000000
43451  36.354  -42.665  10.279 0.0000000000
43457  33.960  -42.839  9.216 0.0000000000
42610  31.968  -43.333  9.257 0.0000000000
36484  25.441  -49.929  10.196 0.0000000000
36503  26.654  -48.876  8.889 0.0000000000
36510  24.481  -49.192  7.769 0.0000000000
59752  49.130  -26.091  3.034 0.0000000000
60659  47.790  -24.674  0.442 0.0000000000
116468  45.431  -26.450  1.617 0.0000000000
29096  19.587  -56.648  14.490 0.0000000000
118657  34.340  -47.055  18.222 0.0000000000
115295  36.021  -49.660  15.838 0.0000000000
125472  35.908  -49.482  13.317 0.0000000000
33232  35.738  -51.936  14.762 0.0000000000
33251  32.914  -52.098  13.583 0.0000000000
123281  29.908  -51.217  13.418 0.0000000000
32186  31.025  -53.505  17.379 0.0000000000
34289  28.456  -51.680  15.274 0.0000000000
113640  26.871  -50.374  12.874 0.0000000000
118072  23.990  -50.509  11.910 0.0000000000
35464  21.671  -50.336  10.793 0.0000000000
53241  47.035  -32.662  6.370 0.0000000000
53311  45.973  -32.222  3.791 0.0000000000
54344  49.833  -32.044  3.898 0.0000000000
28978  20.560  -56.826  25.620 0.0000000000
25969  19.372  -59.134  21.681 0.0000000000
26953  17.816  -58.063  24.335 0.0000000000
117871  17.572  -57.737  18.551 0.0000000000
60600  51.030  -24.794  5.238 0.0000000000
59731  48.410  -25.499  6.216 0.0000000000
58058  46.846  -26.876  7.747 0.0000000000
55296  46.091  -30.159  8.998 0.0000000000
132841  46.364  -32.991  9.692 0.0000000000
121190  49.687  -34.090  8.543 0.0000000000
50070  51.688  -35.339  8.006 0.0000000000
51119  49.587  -34.470  12.900 0.0000000000
134702  50.736  -36.210  10.250 0.0000000000
49078  50.467  -36.514  7.062 0.0000000000
50082  47.989  -35.938  6.049 0.0000000000
50092  45.758  -36.253  5.167 0.0000000000
51077  44.504  -34.446  16.934 0.0000000000
47023  42.580  -39.000  18.182 0.0000000000
48973  42.272  -36.223  15.964 0.0000000000
50043  43.565  -35.535  12.713 0.0000000000
119045  43.141  -37.388  9.973 0.0000000000
114577  42.250  -36.788  6.237 0.0000000000
47170  34.533  -38.736  6.084 0.0000000000
38558  33.725  -47.673  12.251 0.0000000000
40606  31.175  -46.033  9.978 0.0000000000
41667  29.389  -44.662  7.428 0.0000000000
38584  27.605  -47.162  7.370 0.0000000000
40648  27.649  -44.998  5.565 0.0000000000
32111  24.558  -53.250  24.516 0.0000000000
32070  25.331  -52.562  25.991 0.0000000000
135372  37.489  -47.741  16.289 0.0000000000
39490  37.978  -46.441  17.231 0.0000000000
37484  38.882  -47.981  15.870 0.0000000000
124139  39.880  -47.197  15.095 0.0000000000
38526  38.971  -47.897  14.472 0.0000000000
39562  36.613  -46.304  13.165 0.0000000000
38549  37.880  -48.367  13.827 0.0000000000
56302  43.979  -29.718  5.969 0.0000000000
56310  43.508  -29.557  4.520 0.0000000000
54308  43.713  -31.224  5.086 0.0000000000
137201  22.323  -53.366  15.721 0.0000000000
32225  20.390  -53.257  14.799 0.0000000000
31188  21.319  -54.347  15.914 0.0000000000
135470  18.930  -59.660  16.211 0.0000000000
25043  18.818  -59.758  15.067 0.0000000000
26046  18.250  -59.897  15.063 0.0000000000
26055  17.696  -59.570  13.643 0.0000000000
27015  17.414  -59.462  15.722 0.0000000000
115906  34.090  -52.962  22.593 0.0000000000
33122  35.513  -52.415  22.126 0.0000000000
35331  36.093  -50.926  21.439 0.0000000000
32156  36.015  -53.676  19.875 0.0000000000
31137  35.729  -54.032  18.878 0.0000000000
134280  34.520  -54.069  19.748 0.0000000000
31180  24.158  -54.293  17.175 0.0000000000
32208  25.116  -53.386  16.638 0.0000000000
32209  24.413  -53.603  16.648 0.0000000000
122997  23.149  -52.798  15.279 0.0000000000
50085  52.510  -34.827  6.300 0.0000000000
51184  53.148  -34.235  5.234 0.0000000000
130540  52.819  -34.753  4.152 0.0000000000
57132  50.827  -28.054  13.140 0.0000000000
129838  50.483  -30.222  12.634 0.0000000000
56230  50.579  -29.300  13.297 0.0000000000
133490  47.213  -35.863  14.360 0.0000000000
49000  47.700  -36.821  13.295 0.0000000000
48023  46.903  -37.114  12.629 0.0000000000
47112  46.647  -37.901  11.177 0.0000000000
49022  46.140  -36.839  12.390 0.0000000000
47090  37.656  -39.093  11.946 0.0000000000
47077  38.510  -38.598  13.295 0.0000000000
47089  38.325  -38.343  11.737 0.0000000000
48099  38.909  -37.840  10.281 0.0000000000
47153  37.791  -38.003  9.170 0.0000000000
48143  37.535  -37.383  7.600 0.0000000000
47160  37.114  -38.390  8.734 0.0000000000
123480  30.374  -50.282  11.028 0.0000000000
36479  30.251  -49.456  10.106 0.0000000000
36480  29.580  -49.326  10.085 0.0000000000
61601  52.352  -23.765  0.110 0.0000000000
61603  50.640  -23.956  0.550 0.0000000000
30083  25.561  -55.346  20.006 0.0000000000
29045  23.858  -55.786  19.130 0.0000000000
136962  24.445  -55.312  20.217 0.0000000000
131833  22.166  -54.236  22.853 0.0000000000
29020  22.161  -56.460  20.790 0.0000000000
30066  21.610  -56.748  21.475 0.0000000000
26973  21.107  -58.025  20.604 0.0000000000
29006  21.121  -57.069  22.164 0.0000000000
30022  30.915  -54.842  22.842 0.0000000000
29002  30.845  -55.857  21.865 0.0000000000
30042  29.830  -55.538  22.327 0.0000000000
30045  27.084  -55.066  21.670 0.0000000000
30062  27.466  -55.470  20.887 0.0000000000
30063  26.659  -55.134  20.857 0.0000000000
121285  26.099  -55.411  19.369 0.0000000000
40475  39.321  -44.592  20.343 0.0000000000
41502  39.353  -44.298  21.160 0.0000000000
41500  40.676  -43.867  20.250 0.0000000000
42490  41.463  -42.967  19.429 0.0000000000
41525  41.109  -44.495  18.805 0.0000000000
41589  39.683  -44.367  13.936 0.0000000000
42558  40.349  -44.139  14.986 0.0000000000
42572  39.396  -43.683  13.683 0.0000000000
44331  38.607  -42.239  13.497 0.0000000000
43440  38.175  -42.653  12.138 0.0000000000
120521  37.340  -42.196  11.155 0.0000000000
42589  37.391  -43.340  11.654 0.0000000000
41636  34.723  -44.463  11.792 0.0000000000
42599  34.724  -43.490  10.582 0.0000000000
42600  33.778  -43.665  10.553 0.0000000000
43458  32.910  -42.942  9.108 0.0000000000
42601  32.779  -43.934  10.470 0.0000000000
36485  23.970  -49.894  9.895 0.0000000000
115797  24.349  -49.604  9.065 0.0000000000
36498  23.443  -49.668  9.164 0.0000000000
129631  48.679  -26.479  3.453 0.0000000000
58926  47.048  -26.317  2.302 0.0000000000
58927  45.782  -26.894  2.379 0.0000000000
133968  42.620  -27.970  1.274 0.0000000000
34351  19.321  -51.240  10.503 0.0000000000
33273  18.409  -52.481  10.638 0.0000000000
29082  20.822  -56.566  17.436 0.0000000000
30146  19.986  -55.959  15.716 0.0000000000
28020  19.979  -57.601  15.306 0.0000000000
26081  19.027  -59.768  11.768 0.0000000000
27046  19.472  -58.933  11.926 0.0000000000
36385  35.624  -49.994  19.692 0.0000000000
38449  34.609  -47.639  19.854 0.0000000000
37453  34.766  -48.759  18.475 0.0000000000
37487  34.658  -48.046  17.018 0.0000000000
36430  35.304  -50.025  16.578 0.0000000000
35405  36.495  -50.537  15.382 0.0000000000
34284  36.133  -51.860  16.396 0.0000000000
32215  33.949  -53.319  15.385 0.0000000000
33220  34.038  -52.851  14.676 0.0000000000
33235  32.654  -52.433  14.385 0.0000000000
120516  31.592  -51.716  13.274 0.0000000000
33253  30.987  -51.855  14.062 0.0000000000
30119  30.652  -55.310  18.993 0.0000000000
31141  31.170  -54.786  18.487 0.0000000000
31160  29.726  -54.127  18.256 0.0000000000
33225  26.317  -52.051  15.861 0.0000000000
128863  28.369  -52.220  16.370 0.0000000000
34290  27.638  -51.508  15.153 0.0000000000
34297  28.451  -51.322  14.634 0.0000000000
35411  26.925  -50.854  14.086 0.0000000000
35432  25.464  -50.348  12.420 0.0000000000
34319  25.425  -50.786  13.799 0.0000000000
134417  21.178  -51.401  12.604 0.0000000000
35449  21.721  -50.764  11.771 0.0000000000
34345  20.223  -51.099  11.749 0.0000000000
53240  48.794  -32.700  6.272 0.0000000000
53290  48.687  -32.223  4.770 0.0000000000
116230  49.536  -32.415  5.615 0.0000000000
53307  53.776  -32.522  3.841 0.0000000000
28969  20.502  -56.888  26.318 0.0000000000
26939  20.065  -58.302  24.073 0.0000000000
26930  19.428  -58.221  25.229 0.0000000000
27967  16.109  -56.923  23.827 0.0000000000
27973  17.157  -57.136  22.427 0.0000000000
26974  18.321  -58.059  20.986 0.0000000000
29034  17.120  -56.757  19.798 0.0000000000
28005  16.761  -56.962  17.065 0.0000000000
29061  16.384  -56.289  18.600 0.0000000000
60610  52.072  -24.719  4.784 0.0000000000
60577  50.145  -23.860  6.843 0.0000000000
60579  48.485  -24.550  7.657 0.0000000000
58878  47.232  -26.284  7.113 0.0000000000
59712  47.930  -25.240  8.064 0.0000000000
136729  48.641  -27.596  10.309 0.0000000000
57205  47.248  -28.095  9.045 0.0000000000
56262  46.976  -29.423  9.609 0.0000000000
54276  45.719  -31.557  9.353 0.0000000000
55280  46.842  -31.001  10.320 0.0000000000
52126  49.118  -33.640  11.516 0.0000000000
123231  48.285  -33.922  10.424 0.0000000000
51144  49.856  -34.637  9.390 0.0000000000
52154  50.544  -34.380  8.478 0.0000000000
51143  50.998  -35.174  9.241 0.0000000000
54238  49.168  -32.147  14.534 0.0000000000
54237  49.615  -31.994  14.183 0.0000000000
53123  49.186  -33.383  14.210 0.0000000000
48090  49.192  -37.714  11.175 0.0000000000
49038  49.960  -36.657  11.654 0.0000000000
48107  50.139  -37.441  9.837 0.0000000000
49060  50.998  -36.753  8.583 0.0000000000
48121  49.582  -37.366  8.579 0.0000000000
49079  49.472  -36.517  6.907 0.0000000000
48134  48.820  -37.272  8.023 0.0000000000
134232  45.334  -37.722  8.120 0.0000000000
49072  46.116  -37.366  7.299 0.0000000000
49083  45.694  -36.985  6.422 0.0000000000
49085  44.027  -36.954  6.237 0.0000000000
49989  43.162  -34.895  17.839 0.0000000000
45178  42.367  -40.768  18.412 0.0000000000
46089  42.604  -39.667  18.983 0.0000000000
115772  42.210  -40.118  17.393 0.0000000000
48024  41.069  -37.039  13.675 0.0000000000
47998  41.527  -37.628  15.253 0.0000000000
48991  41.519  -36.571  14.049 0.0000000000
50016  42.590  -35.495  14.119 0.0000000000
49025  42.516  -35.981  12.571 0.0000000000
49040  43.759  -36.655  10.901 0.0000000000
134646  42.303  -37.245  10.564 0.0000000000
48140  40.438  -37.304  7.636 0.0000000000
48139  41.366  -37.499  7.525 0.0000000000
49100  41.318  -36.527  5.948 0.0000000000
125416  41.907  -36.255  5.436 0.0000000000
50114  40.931  -35.787  4.289 0.0000000000
50115  40.000  -35.727  4.032 0.0000000000
50118  36.831  -35.887  4.116 0.0000000000
50167  37.511  -35.258  2.603 0.0000000000
45276  35.200  -40.548  7.858 0.0000000000
46191  35.175  -39.788  7.395 0.0000000000
46192  34.616  -39.870  6.938 0.0000000000
48162  33.265  -37.924  4.066 0.0000000000
36464  35.198  -50.208  13.220 0.0000000000
37541  34.807  -48.416  12.802 0.0000000000
36468  33.806  -49.306  12.167 0.0000000000
38574  30.248  -47.735  8.922 0.0000000000
136333  31.089  -47.360  9.767 0.0000000000
39587  30.450  -46.857  9.043 0.0000000000
41658  30.601  -45.378  9.045 0.0000000000
40619  29.456  -45.590  7.672 0.0000000000
114820  25.808  -48.550  7.820 0.0000000000
37566  27.392  -48.049  8.256 0.0000000000
38601  25.804  -47.507  6.788 0.0000000000
123854  26.273  -45.437  5.189 0.0000000000
42641  27.692  -44.015  5.375 0.0000000000
59791  45.160  -25.073  -0.614 0.0000000000
60669  46.384  -24.266  -1.454 0.0000000000
54368  46.686  -31.806  2.355 0.0000000000
31096  25.958  -53.785  22.908 0.0000000000
31111  24.692  -54.133  21.772 0.0000000000
31097  24.944  -53.803  22.725 0.0000000000
32112  23.522  -53.531  24.152 0.0000000000
31099  22.589  -53.859  23.935 0.0000000000
31095  26.907  -54.078  23.177 0.0000000000
41528  35.053  -44.455  19.007 0.0000000000
41515  36.047  -44.443  20.442 0.0000000000
40491  37.111  -45.047  19.185 0.0000000000
40506  38.733  -45.480  18.636 0.0000000000
136939  40.483  -45.546  18.154 0.0000000000
40527  41.176  -45.651  17.424 0.0000000000
39504  41.029  -46.433  16.246 0.0000000000
40565  40.296  -45.936  14.625 0.0000000000
133644  38.995  -45.380  13.572 0.0000000000
41633  37.606  -43.900  12.072 0.0000000000
125877  37.333  -45.488  13.027 0.0000000000
40581  35.849  -45.584  12.702 0.0000000000
126131  34.864  -45.960  12.589 0.0000000000
36500  21.770  -49.832  9.308 0.0000000000
36508  21.918  -49.746  8.454 0.0000000000
118879  21.250  -50.480  7.041 0.0000000000
115968  46.033  -27.882  4.815 0.0000000000
58102  45.260  -27.362  2.963 0.0000000000
118530  44.277  -28.276  3.725 0.0000000000
55342  42.738  -30.107  3.159 0.0000000000
33255  20.464  -52.099  13.332 0.0000000000
120347  18.693  -52.419  12.207 0.0000000000
33256  19.661  -52.596  13.521 0.0000000000
31197  18.385  -54.183  13.111 0.0000000000
132860  18.256  -54.792  12.714 0.0000000000
27004  19.792  -58.351  16.304 0.0000000000
27024  20.001  -58.295  14.986 0.0000000000
27014  19.683  -58.933  15.103 0.0000000000
26052  19.106  -59.582  13.841 0.0000000000
27047  16.849  -58.751  12.419 0.0000000000
36384  35.957  -50.607  20.475 0.0000000000
34259  36.395  -51.973  18.569 0.0000000000
33209  36.342  -52.367  17.103 0.0000000000
120757  36.408  -53.062  18.108 0.0000000000
31176  34.735  -53.976  16.911 0.0000000000
32201  32.918  -53.580  16.691 0.0000000000
131479  27.429  -54.676  18.531 0.0000000000
31162  28.181  -54.198  18.244 0.0000000000
32190  26.985  -53.758  17.619 0.0000000000
33216  25.804  -52.827  16.502 0.0000000000
33239  24.911  -51.672  15.025 0.0000000000
34299  24.379  -51.364  14.313 0.0000000000
33240  24.064  -51.933  14.838 0.0000000000
34302  21.902  -52.306  14.344 0.0000000000
53237  51.753  -32.873  6.489 0.0000000000
53266  52.009  -32.620  5.907 0.0000000000
52184  52.712  -33.270  6.042 0.0000000000
51183  53.657  -33.947  4.667 0.0000000000
28988  15.179  -56.747  24.161 0.0000000000
29008  15.435  -56.011  22.161 0.0000000000
30126  15.109  -55.731  19.069 0.0000000000
30089  14.304  -55.640  20.629 0.0000000000
57160  49.536  -28.901  11.259 0.0000000000
54266  48.104  -31.104  10.968 0.0000000000
55272  49.586  -30.617  11.647 0.0000000000
54260  49.388  -31.683  11.798 0.0000000000
52125  49.705  -33.713  12.054 0.0000000000
113318  48.043  -34.399  14.999 0.0000000000
50024  48.481  -35.367  14.017 0.0000000000
125459  48.314  -36.157  13.661 0.0000000000
48041  48.212  -37.528  12.515 0.0000000000
47110  47.852  -38.102  11.023 0.0000000000
115267  47.572  -37.849  9.042 0.0000000000
47135  47.234  -38.180  10.477 0.0000000000
115727  45.924  -38.184  10.198 0.0000000000
122454  45.170  -38.082  9.218 0.0000000000
45199  40.133  -40.563  15.982 0.0000000000
46116  41.366  -39.149  16.137 0.0000000000
47064  39.692  -38.646  14.547 0.0000000000
48026  39.733  -37.741  13.042 0.0000000000
48047  40.461  -37.387  12.480 0.0000000000
48096  41.195  -37.704  10.353 0.0000000000
48098  39.667  -37.733  10.679 0.0000000000
48130  39.267  -37.387  8.649 0.0000000000
49075  38.979  -36.854  7.107 0.0000000000
134589  38.946  -36.176  5.119 0.0000000000
49091  37.815  -36.710  6.292 0.0000000000
49092  37.021  -36.922  6.041 0.0000000000
48157  36.235  -37.167  5.765 0.0000000000
44395  33.451  -41.087  7.131 0.0000000000
46197  33.744  -39.896  6.263 0.0000000000
45291  32.565  -40.154  6.057 0.0000000000
46206  31.809  -39.099  4.790 0.0000000000
47186  30.805  -38.558  3.722 0.0000000000
34342  32.315  -50.631  11.493 0.0000000000
36472  32.396  -49.494  11.055 0.0000000000
35454  31.274  -49.698  10.634 0.0000000000
36491  30.308  -49.096  9.774 0.0000000000
37564  29.536  -48.236  8.820 0.0000000000
39624  25.097  -46.764  5.445 0.0000000000
39633  23.988  -46.497  4.429 0.0000000000
61614  52.602  -23.618  -0.591 0.0000000000
61628  51.513  -23.491  -1.291 0.0000000000
131417  49.885  -23.400  -1.804 0.0000000000
31166  23.913  -54.965  17.646 0.0000000000
31182  22.508  -54.799  16.760 0.0000000000
30133  23.608  -55.553  18.130 0.0000000000
29072  22.434  -56.495  18.546 0.0000000000
29060  21.679  -56.913  18.521 0.0000000000
31131  23.721  -55.372  20.390 0.0000000000
29047  22.492  -56.667  19.613 0.0000000000
27996  21.477  -57.407  18.943 0.0000000000
26995  19.854  -58.195  17.712 0.0000000000
135359  19.855  -58.847  18.630 0.0000000000
25008  19.304  -59.706  18.758 0.0000000000
31119  33.472  -54.470  21.032 0.0000000000
30078  33.356  -54.868  20.455 0.0000000000
29014  32.021  -55.798  21.023 0.0000000000
29043  30.757  -55.901  20.248 0.0000000000
115011  29.179  -55.785  19.871 0.0000000000
29005  28.900  -55.593  21.971 0.0000000000
135594  28.708  -55.894  20.712 0.0000000000
30121  28.385  -55.524  19.490 0.0000000000
30123  26.470  -55.311  19.041 0.0000000000
31165  25.296  -54.853  17.981 0.0000000000
50104  50.700  -35.168  4.833 0.0000000000
50130  52.219  -35.019  3.357 0.0000000000
50154  51.365  -35.363  2.641 0.0000000000
56223  49.567  -29.129  14.642 0.0000000000
53095  47.870  -33.035  16.295 0.0000000000
52086  47.663  -33.819  16.250 0.0000000000
130368  47.087  -34.583  16.560 0.0000000000
49995  46.678  -35.092  15.691 0.0000000000
44259  42.228  -41.414  18.912 0.0000000000
44292  41.380  -42.146  17.083 0.0000000000
41546  41.429  -44.517  17.170 0.0000000000
42533  40.842  -43.611  16.263 0.0000000000
44305  40.462  -41.484  16.216 0.0000000000
44317  39.218  -41.602  14.879 0.0000000000
45215  37.702  -40.618  13.101 0.0000000000
45250  37.049  -40.433  10.742 0.0000000000
46179  36.639  -40.014  9.515 0.0000000000
45251  36.831  -40.878  10.295 0.0000000000
44369  36.259  -41.598  9.553 0.0000000000
44370  35.747  -41.789  9.050 0.0000000000
42591  36.122  -43.574  11.288 0.0000000000
43452  35.645  -42.788  9.752 0.0000000000
43462  34.412  -42.333  8.644 0.0000000000
118826  33.002  -42.318  8.346 0.0000000000
43473  32.260  -41.976  7.931 0.0000000000
121299  30.675  -42.406  7.819 0.0000000000
35459  26.908  -49.868  10.620 0.0000000000
36482  27.204  -49.462  9.908 0.0000000000
36495  26.562  -49.283  9.453 0.0000000000
36505  25.224  -49.081  8.047 0.0000000000
117677  24.992  -48.814  7.371 0.0000000000
36511  23.620  -49.341  7.593 0.0000000000
36521  23.346  -49.232  5.933 0.0000000000
59763  50.093  -25.022  2.312 0.0000000000
60658  49.493  -24.375  0.881 0.0000000000
60650  48.224  -25.131  1.196 0.0000000000
117833  46.642  -25.416  0.844 0.0000000000
58955  43.777  -25.933  -0.189 0.0000000000
58116  44.103  -27.207  1.843 0.0000000000
58124  42.778  -27.370  0.737 0.0000000000
122932  20.742  -54.720  15.770 0.0000000000
30147  19.524  -55.728  14.842 0.0000000000
29119  18.650  -56.357  12.380 0.0000000000
28038  19.527  -57.975  13.148 0.0000000000
28050  18.909  -57.001  12.122 0.0000000000
41530  33.855  -44.912  19.410 0.0000000000
39474  34.422  -46.310  17.718 0.0000000000
38485  35.725  -47.665  16.190 0.0000000000
37506  37.833  -49.259  15.370 0.0000000000
130458  37.399  -49.614  14.087 0.0000000000
35404  37.295  -50.015  14.926 0.0000000000
130699  36.431  -50.628  14.282 0.0000000000
34311  34.916  -51.140  13.477 0.0000000000
32213  36.018  -52.551  15.793 0.0000000000
33233  34.930  -52.231  14.340 0.0000000000
34332  33.225  -51.264  12.640 0.0000000000
34333  32.541  -51.260  12.229 0.0000000000
34335  30.922  -51.055  12.120 0.0000000000
116828  29.219  -50.549  12.275 0.0000000000
31140  32.959  -54.945  18.616 0.0000000000
130340  32.582  -54.503  18.083 0.0000000000
32202  31.262  -53.000  16.649 0.0000000000
133833  28.755  -52.937  17.304 0.0000000000
33212  29.948  -52.573  16.520 0.0000000000
33221  30.342  -52.341  15.865 0.0000000000
34296  29.345  -51.300  14.103 0.0000000000
35420  28.394  -50.630  12.983 0.0000000000
120555  27.924  -50.080  11.888 0.0000000000
35444  26.575  -50.104  11.446 0.0000000000
35461  25.106  -50.125  10.960 0.0000000000
128864  23.531  -50.126  10.552 0.0000000000
118397  23.813  -50.812  12.716 0.0000000000
35448  22.501  -50.565  11.447 0.0000000000
36487  22.132  -49.934  9.982 0.0000000000
35469  20.516  -50.389  9.457 0.0000000000
53244  44.715  -32.170  6.302 0.0000000000
53294  44.973  -32.181  4.611 0.0000000000
53271  46.491  -32.429  5.284 0.0000000000
54322  51.779  -32.310  4.817 0.0000000000
54342  51.700  -32.210  3.922 0.0000000000
50129  53.186  -35.049  3.198 0.0000000000
32071  24.310  -52.684  26.531 0.0000000000
120858  23.265  -53.731  25.692 0.0000000000
31068  22.130  -54.777  25.625 0.0000000000
137113  21.960  -55.023  26.405 0.0000000000
30013  20.945  -55.862  23.849 0.0000000000
26949  20.518  -58.050  22.876 0.0000000000
131050  20.037  -59.471  20.943 0.0000000000
24999  18.444  -59.674  18.814 0.0000000000
26931  18.869  -58.446  25.426 0.0000000000
135005  18.671  -58.404  22.878 0.0000000000
25985  18.582  -58.950  20.437 0.0000000000
137055  17.880  -59.575  17.828 0.0000000000
27006  17.025  -58.603  15.961 0.0000000000
117141  52.284  -24.679  3.282 0.0000000000
59751  50.647  -25.466  3.850 0.0000000000
115185  49.982  -26.070  4.117 0.0000000000
58900  49.254  -26.310  4.929 0.0000000000
61523  51.159  -23.738  6.571 0.0000000000
59729  50.136  -25.085  5.424 0.0000000000
58902  47.845  -26.802  5.289 0.0000000000
58903  47.051  -27.297  5.786 0.0000000000
58074  46.217  -27.865  6.298 0.0000000000
56276  44.958  -29.330  7.087 0.0000000000
58855  47.414  -26.692  8.562 0.0000000000
57207  46.064  -28.852  8.106 0.0000000000
55303  44.794  -30.137  7.697 0.0000000000
132124  45.150  -32.441  7.976 0.0000000000
53219  46.440  -32.925  7.545 0.0000000000
52172  48.358  -33.373  7.736 0.0000000000
53177  47.220  -32.616  10.584 0.0000000000
52155  48.682  -33.781  8.567 0.0000000000
52171  49.597  -33.398  7.804 0.0000000000
52170  51.048  -33.475  7.454 0.0000000000
51159  52.127  -34.638  7.568 0.0000000000
132554  51.933  -35.545  6.588 0.0000000000
128218  49.976  -30.925  13.775 0.0000000000
53148  50.038  -32.569  13.348 0.0000000000
51126  49.755  -34.703  11.597 0.0000000000
50042  49.379  -35.274  12.962 0.0000000000
50051  50.240  -35.970  11.515 0.0000000000
123499  50.617  -35.416  9.959 0.0000000000
136631  51.201  -35.634  9.194 0.0000000000
49066  51.473  -36.098  8.001 0.0000000000
50079  50.988  -36.074  6.400 0.0000000000
50088  50.342  -35.636  5.619 0.0000000000
50089  48.626  -35.474  5.322 0.0000000000
49071  47.121  -37.164  7.332 0.0000000000
49094  47.005  -36.190  5.874 0.0000000000
118034  45.676  -34.463  17.266 0.0000000000
50003  45.699  -34.976  15.506 0.0000000000
47973  42.685  -37.494  18.982 0.0000000000
47036  41.895  -38.812  16.401 0.0000000000
47982  42.324  -37.368  17.359 0.0000000000
48969  42.532  -36.417  17.733 0.0000000000
49997  42.631  -35.183  16.416 0.0000000000
131113  44.098  -34.973  14.718 0.0000000000
136198  45.148  -35.373  13.503 0.0000000000
49039  44.731  -36.747  11.407 0.0000000000
48093  44.739  -37.705  10.269 0.0000000000
48126  43.792  -38.011  8.794 0.0000000000
48111  42.056  -37.762  9.172 0.0000000000
113699  43.013  -37.952  8.282 0.0000000000
48149  43.598  -37.323  6.848 0.0000000000
49099  42.741  -36.368  5.521 0.0000000000
50116  38.619  -35.716  3.963 0.0000000000
114837  38.504  -35.169  1.753 0.0000000000
47161  36.448  -38.896  8.248 0.0000000000
47169  35.286  -38.507  6.516 0.0000000000
48161  35.000  -37.236  4.878 0.0000000000
46199  33.810  -39.228  5.855 0.0000000000
47179  34.083  -37.703  4.680 0.0000000000
37537  36.443  -48.802  13.392 0.0000000000
38557  34.506  -47.619  12.673 0.0000000000
39574  33.266  -46.802  12.134 0.0000000000
37546  32.764  -48.704  11.280 0.0000000000
39579  32.051  -46.876  11.069 0.0000000000
41650  32.168  -44.843  10.981 0.0000000000
41661  30.875  -44.589  9.236 0.0000000000
42612  30.251  -43.876  8.409 0.0000000000
43476  29.223  -42.849  6.965 0.0000000000
36493  28.316  -48.682  9.162 0.0000000000
38578  28.271  -47.818  8.282 0.0000000000
38583  28.400  -47.191  7.763 0.0000000000
39610  26.360  -46.740  6.299 0.0000000000
39608  27.434  -46.522  6.689 0.0000000000
40620  28.763  -45.775  7.075 0.0000000000
40632  28.569  -45.119  6.539 0.0000000000
42624  28.660  -43.531  6.455 0.0000000000
60662  48.306  -24.128  -0.101 0.0000000000
61632  47.811  -23.818  -1.738 0.0000000000
61643  46.896  -23.820  -2.831 0.0000000000
54348  45.079  -31.869  2.811 0.0000000000
125947  38.453  -48.570  15.517 0.0000000000
38483  38.352  -47.898  16.253 0.0000000000
37505  38.897  -48.290  15.168 0.0000000000
37524  39.289  -47.837  15.029 0.0000000000
37525  38.670  -48.404  14.736 0.0000000000
37534  38.427  -48.433  14.297 0.0000000000
55323  43.670  -30.605  5.595 0.0000000000
32221  21.384  -53.666  15.653 0.0000000000
31187  22.140  -53.961  15.997 0.0000000000
25027  18.465  -59.876  16.520 0.0000000000
25034  18.535  -59.802  15.667 0.0000000000
25028  18.098  -59.903  15.967 0.0000000000
26035  17.859  -59.800  15.587 0.0000000000
26027  17.802  -59.765  16.266 0.0000000000
32147  34.760  -53.519  21.233 0.0000000000
32135  34.802  -53.054  21.992 0.0000000000
32146  35.465  -53.052  21.271 0.0000000000
32155  35.968  -53.004  20.554 0.0000000000
31128  35.159  -53.667  20.473 0.0000000000
113364  35.176  -53.979  19.808 0.0000000000
32210  23.587  -53.799  16.531 0.0000000000
32220  22.913  -53.410  15.901 0.0000000000
50102  52.758  -34.638  5.261 0.0000000000
50103  52.172  -34.929  4.553 0.0000000000
57133  50.649  -28.628  13.419 0.0000000000
116093  50.334  -28.568  14.057 0.0000000000
50012  46.760  -35.521  14.863 0.0000000000
48989  47.001  -36.102  14.026 0.0000000000
49002  46.589  -36.374  13.214 0.0000000000
47140  37.695  -38.750  11.030 0.0000000000
47139  38.133  -38.246  10.308 0.0000000000
136338  37.828  -38.279  9.748 0.0000000000
117995  37.287  -38.644  9.454 0.0000000000
35457  29.025  -49.593  10.767 0.0000000000
35456  29.987  -49.870  10.574 0.0000000000
60647  51.564  -24.229  1.788 0.0000000000
61587  52.096  -23.886  1.124 0.0000000000
135596  50.703  -24.290  1.345 0.0000000000
31130  25.095  -55.042  20.367 0.0000000000
30084  24.868  -55.448  19.869 0.0000000000
31113  21.721  -55.278  22.417 0.0000000000
30047  21.425  -56.255  22.210 0.0000000000
123061  21.280  -57.398  21.549 0.0000000000
30027  21.194  -55.721  22.968 0.0000000000
118552  30.789  -54.210  23.256 0.0000000000
30041  30.551  -55.557  22.317 0.0000000000
30023  30.130  -55.104  22.737 0.0000000000
31120  26.184  -54.679  21.402 0.0000000000
30064  25.891  -54.990  20.563 0.0000000000
40474  39.950  -44.721  19.482 0.0000000000
41514  39.809  -44.391  20.246 0.0000000000
41501  40.076  -44.131  20.678 0.0000000000
41512  40.901  -44.187  19.445 0.0000000000
41526  40.782  -44.657  19.004 0.0000000000
41615  39.139  -44.071  13.391 0.0000000000
42573  38.860  -43.442  13.163 0.0000000000
43434  38.567  -42.795  12.919 0.0000000000
125252  38.468  -43.229  12.626 0.0000000000
43441  37.653  -42.789  11.619 0.0000000000
42582  38.093  -43.398  12.149 0.0000000000
41648  34.222  -44.019  11.218 0.0000000000
41649  33.240  -44.299  11.140 0.0000000000
58919  47.840  -26.816  3.622 0.0000000000
113359  47.108  -26.883  3.037 0.0000000000
58098  46.236  -27.251  3.167 0.0000000000
34346  19.453  -51.315  11.357 0.0000000000
33268  18.955  -51.849  11.778 0.0000000000
29083  20.140  -57.076  16.844 0.0000000000
29088  19.952  -57.013  16.038 0.0000000000
136378  19.946  -57.564  16.289 0.0000000000
27060  19.388  -59.205  11.141 0.0000000000
35367  35.702  -50.720  18.588 0.0000000000
36398  35.162  -49.735  18.570 0.0000000000
36413  35.238  -50.184  17.677 0.0000000000
36414  34.886  -49.396  17.536 0.0000000000
35394  35.785  -50.986  16.469 0.0000000000
35379  36.054  -51.672  17.031 0.0000000000
32216  33.099  -53.285  15.754 0.0000000000
118250  33.294  -52.888  14.893 0.0000000000
33236  31.676  -52.267  14.742 0.0000000000
130922  29.908  -55.201  19.029 0.0000000000
31142  30.258  -54.706  18.603 0.0000000000
31143  29.375  -54.823  18.769 0.0000000000
34291  26.794  -51.598  15.346 0.0000000000
116644  26.841  -51.194  14.717 0.0000000000
34318  26.113  -50.858  14.219 0.0000000000
129682  25.898  -50.591  13.590 0.0000000000
34338  20.502  -51.547  12.548 0.0000000000
34344  21.051  -51.076  12.129 0.0000000000
34350  19.980  -50.788  10.909 0.0000000000
129226  50.549  -32.556  6.067 0.0000000000
117791  20.335  -56.904  27.036 0.0000000000
27932  19.950  -57.383  26.420 0.0000000000
27944  19.647  -57.910  25.770 0.0000000000
27933  19.460  -57.774  26.657 0.0000000000
29007  16.367  -56.375  22.024 0.0000000000
118002  16.719  -57.030  23.156 0.0000000000
27979  17.104  -56.865  21.511 0.0000000000
27987  17.097  -56.739  20.639 0.0000000000
128041  16.513  -56.243  19.349 0.0000000000
136946  16.149  -55.984  19.588 0.0000000000
61532  53.054  -24.043  5.672 0.0000000000
61521  52.742  -23.614  6.289 0.0000000000
61516  49.771  -23.497  7.837 0.0000000000
60564  48.566  -24.607  8.658 0.0000000000
57174  48.190  -28.871  10.335 0.0000000000
57187  47.530  -28.674  9.697 0.0000000000
56256  47.569  -29.507  10.167 0.0000000000
55288  46.922  -30.155  10.029 0.0000000000
55279  47.642  -30.392  10.590 0.0000000000
51127  49.465  -34.319  11.417 0.0000000000
51136  48.860  -34.310  10.861 0.0000000000
51153  50.704  -34.786  9.058 0.0000000000
126672  50.395  -35.060  9.780 0.0000000000
53124  48.822  -32.789  14.616 0.0000000000
134562  49.434  -32.645  14.221 0.0000000000
48108  49.322  -37.733  10.320 0.0000000000
116226  49.913  -37.466  10.560 0.0000000000
48120  50.304  -37.292  9.032 0.0000000000
48122  48.557  -37.631  8.822 0.0000000000
48147  45.237  -37.403  7.022 0.0000000000
49084  44.869  -37.043  6.284 0.0000000000
48148  44.419  -37.389  6.934 0.0000000000
45190  41.887  -40.854  17.481 0.0000000000
45184  42.438  -40.203  18.141 0.0000000000
49005  41.570  -36.460  13.151 0.0000000000
49004  42.053  -35.948  13.610 0.0000000000
49026  41.769  -36.645  12.206 0.0000000000
49041  42.743  -36.434  11.476 0.0000000000
49042  41.996  -37.008  11.311 0.0000000000
49073  40.766  -37.109  7.023 0.0000000000
49101  40.465  -36.353  5.695 0.0000000000
127011  41.095  -36.102  5.198 0.0000000000
49112  40.220  -35.996  4.895 0.0000000000
50143  36.336  -35.585  3.372 0.0000000000
45277  34.667  -40.401  7.313 0.0000000000
35427  34.229  -50.631  12.789 0.0000000000
36467  34.356  -49.845  12.605 0.0000000000
39589  29.981  -47.072  8.539 0.0000000000
126739  30.147  -46.431  8.592 0.0000000000
39594  29.723  -46.402  8.177 0.0000000000
37584  25.372  -48.264  7.117 0.0000000000
38586  26.184  -47.894  7.443 0.0000000000
118006  44.147  -25.334  -0.881 0.0000000000
59798  43.469  -25.558  -1.519 0.0000000000
32124  25.258  -53.397  23.610 0.0000000000
32109  26.579  -53.031  24.170 0.0000000000
31081  27.191  -53.579  23.680 0.0000000000
41537  35.548  -44.739  18.384 0.0000000000
41527  36.043  -44.530  19.265 0.0000000000
40508  36.534  -45.069  18.228 0.0000000000
119238  39.010  -46.628  17.475 0.0000000000
39473  38.368  -45.947  17.921 0.0000000000
39472  39.312  -45.996  18.028 0.0000000000
39451  39.506  -45.404  18.649 0.0000000000
39471  39.966  -46.001  17.898 0.0000000000
39470  40.630  -46.033  17.625 0.0000000000
39489  40.251  -46.560  17.286 0.0000000000
38525  39.484  -47.360  14.735 0.0000000000
38524  39.988  -47.040  14.971 0.0000000000
39526  39.798  -46.659  14.481 0.0000000000
40573  39.658  -45.760  14.027 0.0000000000
40574  38.548  -45.767  13.546 0.0000000000
40580  38.143  -45.114  13.164 0.0000000000
127677  35.608  -46.330  12.900 0.0000000000
126675  21.165  -50.075  8.220 0.0000000000
35474  20.888  -50.530  7.639 0.0000000000
118077  45.505  -27.938  4.417 0.0000000000
57273  44.854  -28.237  4.405 0.0000000000
115987  43.161  -30.456  3.942 0.0000000000
56316  43.116  -29.497  3.696 0.0000000000
137202  43.020  -30.812  3.150 0.0000000000
54371  43.474  -31.214  2.556 0.0000000000
33244  20.457  -52.652  14.177 0.0000000000
31191  19.843  -53.916  14.825 0.0000000000
32227  19.229  -53.840  14.267 0.0000000000
31193  18.795  -54.343  13.939 0.0000000000
26025  19.638  -58.807  16.358 0.0000000000
26034  19.308  -59.364  15.290 0.0000000000
26045  18.646  -59.781  14.374 0.0000000000
26053  18.560  -59.824  13.418 0.0000000000
26068  18.497  -59.987  12.422 0.0000000000
26069  17.890  -59.979  12.119 0.0000000000
133625  17.226  -59.027  13.938 0.0000000000
27037  17.079  -58.908  13.185 0.0000000000
28039  16.330  -58.050  12.760 0.0000000000
115759  16.641  -58.196  13.593 0.0000000000
36336  35.936  -49.935  22.249 0.0000000000
34239  36.234  -51.643  20.106 0.0000000000
35342  36.025  -50.690  21.164 0.0000000000
124327  36.149  -51.307  19.863 0.0000000000
34249  36.391  -51.994  19.275 0.0000000000
33185  36.465  -52.513  18.531 0.0000000000
32173  36.420  -53.166  18.829 0.0000000000
114056  35.126  -54.200  18.517 0.0000000000
120233  35.161  -54.101  17.733 0.0000000000
31177  33.691  -54.030  17.225 0.0000000000
31163  26.760  -54.372  18.121 0.0000000000
32191  26.259  -54.086  17.614 0.0000000000
32219  24.606  -53.024  16.169 0.0000000000
32218  25.084  -52.765  16.103 0.0000000000
33226  25.414  -52.145  15.725 0.0000000000
134343  23.764  -52.464  15.269 0.0000000000
114874  21.810  -52.716  15.053 0.0000000000
33242  22.558  -52.521  14.798 0.0000000000
33254  21.200  -52.177  13.852 0.0000000000
52186  52.092  -33.390  6.874 0.0000000000
53236  52.318  -33.021  6.339 0.0000000000
50101  53.463  -34.512  4.245 0.0000000000
51191  54.292  -34.409  3.739 0.0000000000
28998  14.517  -56.234  23.700 0.0000000000
28997  15.354  -56.460  23.491 0.0000000000
30048  14.549  -55.726  22.051 0.0000000000
30067  14.779  -55.693  21.291 0.0000000000
56247  49.628  -29.740  11.443 0.0000000000
122164  50.655  -28.796  12.389 0.0000000000
55271  50.164  -30.903  12.254 0.0000000000
54259  50.069  -31.877  12.470 0.0000000000
53160  49.552  -32.763  12.080 0.0000000000
51086  47.671  -34.778  15.197 0.0000000000
51096  48.100  -34.961  14.639 0.0000000000
50010  47.979  -35.746  14.296 0.0000000000
48022  47.464  -37.273  12.766 0.0000000000
48021  47.884  -37.329  12.857 0.0000000000
115217  48.116  -37.892  12.036 0.0000000000
48067  48.339  -37.952  11.487 0.0000000000
48068  47.736  -38.004  11.677 0.0000000000
47111  47.214  -38.056  11.171 0.0000000000
48070  46.080  -37.689  11.202 0.0000000000
47136  46.558  -38.102  10.605 0.0000000000
47150  45.556  -38.180  9.688 0.0000000000
47137  45.284  -38.037  10.099 0.0000000000
46124  39.377  -39.686  14.905 0.0000000000
46118  39.920  -39.857  15.570 0.0000000000
46131  38.873  -39.034  14.210 0.0000000000
47088  38.930  -38.013  12.487 0.0000000000
129505  39.101  -38.088  13.148 0.0000000000
48048  39.801  -37.632  12.095 0.0000000000
48076  39.955  -37.633  11.346 0.0000000000
48131  38.462  -37.562  8.899 0.0000000000
48113  39.077  -37.627  9.465 0.0000000000
48141  39.547  -37.145  7.790 0.0000000000
49090  38.519  -36.660  6.504 0.0000000000
48151  38.109  -36.951  7.057 0.0000000000
48152  37.283  -37.152  6.799 0.0000000000
48153  36.513  -37.458  6.483 0.0000000000
49105  36.730  -36.637  5.325 0.0000000000
44389  32.418  -41.282  7.196 0.0000000000
45284  32.934  -40.664  6.605 0.0000000000
45285  32.016  -40.660  6.536 0.0000000000
46207  30.755  -39.088  4.502 0.0000000000
132182  30.172  -38.927  3.894 0.0000000000
35439  31.576  -50.314  11.091 0.0000000000
36473  32.017  -50.003  11.016 0.0000000000
36492  29.822  -49.035  9.634 0.0000000000
37560  29.930  -48.720  9.220 0.0000000000
37563  30.008  -48.259  8.906 0.0000000000
61616  51.021  -23.651  -0.647 0.0000000000
61615  51.858  -23.654  -0.573 0.0000000000
61629  50.604  -23.476  -1.433 0.0000000000
61630  49.772  -23.547  -1.117 0.0000000000
30132  24.510  -55.260  18.191 0.0000000000
29058  23.976  -55.614  18.635 0.0000000000
30107  23.594  -55.821  19.618 0.0000000000
29071  23.224  -56.061  18.693 0.0000000000
118599  22.618  -56.613  19.068 0.0000000000
132245  23.865  -54.215  21.623 0.0000000000
31123  23.310  -54.722  21.123 0.0000000000
30086  22.667  -56.284  20.273 0.0000000000
27984  22.012  -57.070  19.848 0.0000000000
27995  22.083  -57.044  19.364 0.0000000000
27997  20.500  -57.790  18.416 0.0000000000
27990  21.522  -57.575  19.745 0.0000000000
25982  20.672  -58.727  20.348 0.0000000000
26979  20.375  -58.684  19.376 0.0000000000
26008  19.507  -59.332  18.292 0.0000000000
25996  19.749  -59.223  19.098 0.0000000000
31108  31.800  -54.424  22.506 0.0000000000
32137  32.482  -53.727  22.553 0.0000000000
115741  32.592  -54.294  22.041 0.0000000000
31107  33.171  -54.189  21.699 0.0000000000
30038  32.773  -54.823  21.390 0.0000000000
30059  32.953  -55.113  20.949 0.0000000000
30060  32.372  -55.353  21.150 0.0000000000
29016  30.381  -56.006  21.563 0.0000000000
29015  31.160  -55.927  21.351 0.0000000000
29029  30.586  -56.058  21.024 0.0000000000
29044  29.923  -55.962  20.454 0.0000000000
30025  28.819  -54.864  22.848 0.0000000000
30043  29.183  -55.403  22.356 0.0000000000
117544  28.541  -55.135  22.399 0.0000000000
29019  28.545  -55.734  21.288 0.0000000000
30081  28.025  -55.744  20.471 0.0000000000
30102  28.524  -55.834  20.090 0.0000000000
30103  27.734  -55.646  19.784 0.0000000000
30122  27.394  -55.254  19.139 0.0000000000
30104  26.911  -55.501  19.568 0.0000000000
30124  25.416  -55.517  19.027 0.0000000000
137099  25.969  -55.422  18.981 0.0000000000
30131  25.176  -55.315  18.508 0.0000000000
131663  24.645  -54.771  17.641 0.0000000000
50131  51.203  -34.918  3.872 0.0000000000
53096  47.511  -33.237  17.085 0.0000000000
51067  47.312  -34.083  16.861 0.0000000000
51075  46.740  -34.844  16.241 0.0000000000
113316  46.617  -34.557  16.999 0.0000000000
40468  36.946  -44.887  21.082 0.0000000000
42499  41.441  -43.444  18.844 0.0000000000
43376  41.819  -42.335  18.965 0.0000000000
43385  42.009  -41.968  18.499 0.0000000000
43395  41.866  -42.361  18.007 0.0000000000
43403  41.548  -42.708  17.484 0.0000000000
40546  41.282  -45.858  16.413 0.0000000000
41547  41.365  -45.196  17.317 0.0000000000
41573  41.134  -44.982  15.903 0.0000000000
43423  39.930  -43.538  14.766 0.0000000000
42546  40.780  -44.280  15.740 0.0000000000
43414  40.332  -43.359  15.591 0.0000000000
43405  40.759  -42.556  16.416 0.0000000000
121781  40.173  -42.344  15.808 0.0000000000
44306  39.780  -41.560  15.622 0.0000000000
44346  38.096  -41.903  12.702 0.0000000000
124955  38.176  -41.423  13.533 0.0000000000
45225  37.574  -41.190  12.123 0.0000000000
46138  37.400  -40.118  12.154 0.0000000000
45239  37.303  -40.777  11.427 0.0000000000
44363  37.100  -41.386  10.815 0.0000000000
43450  36.853  -42.114  10.551 0.0000000000
44364  36.669  -41.478  10.157 0.0000000000
124152  36.442  -42.032  10.029 0.0000000000
43455  36.030  -42.228  9.619 0.0000000000
41634  36.793  -43.964  11.816 0.0000000000
42605  34.324  -43.183  9.905 0.0000000000
135881  35.111  -43.147  9.950 0.0000000000
121641  34.935  -42.721  9.281 0.0000000000
43463  33.895  -42.080  8.089 0.0000000000
113618  33.661  -42.499  8.666 0.0000000000
43464  31.917  -42.703  8.656 0.0000000000
43474  31.418  -42.307  8.099 0.0000000000
43465  30.828  -42.950  8.406 0.0000000000
35460  26.009  -50.043  10.789 0.0000000000
36483  26.313  -49.707  10.063 0.0000000000
131271  24.657  -49.361  8.407 0.0000000000
113971  25.263  -49.367  8.860 0.0000000000
37571  24.257  -49.022  7.030 0.0000000000
132619  22.554  -49.606  7.395 0.0000000000
37586  24.040  -48.889  6.333 0.0000000000
129115  49.824  -25.652  3.071 0.0000000000
59777  49.436  -25.266  2.124 0.0000000000
59778  48.700  -25.507  1.926 0.0000000000
58942  46.270  -26.369  1.896 0.0000000000
59780  46.836  -25.807  1.521 0.0000000000
58943  45.978  -25.809  1.070 0.0000000000
59785  45.484  -25.431  0.269 0.0000000000
58950  44.180  -26.275  0.574 0.0000000000
57282  43.958  -28.093  2.944 0.0000000000
58103  44.424  -27.505  2.576 0.0000000000
57289  43.639  -27.826  2.251 0.0000000000
115040  18.249  -52.943  12.002 0.0000000000
32243  17.990  -53.017  11.206 0.0000000000
117176  21.844  -55.228  16.790 0.0000000000
31183  21.180  -55.213  16.314 0.0000000000
30152  19.098  -56.035  14.049 0.0000000000
29105  18.867  -56.216  13.197 0.0000000000
27025  19.577  -58.991  14.360 0.0000000000
114928  19.758  -58.156  14.039 0.0000000000
28056  19.325  -58.042  11.171 0.0000000000
28049  19.345  -57.833  12.190 0.0000000000
28057  18.957  -57.250  11.580 0.0000000000
37409  35.019  -48.155  21.545 0.0000000000
38436  34.556  -47.517  20.832 0.0000000000
39452  34.276  -46.956  19.177 0.0000000000
39434  34.139  -46.846  20.108 0.0000000000
39453  33.864  -46.128  19.471 0.0000000000
39475  34.153  -46.240  18.607 0.0000000000
40510  34.387  -45.468  18.227 0.0000000000
128209  35.221  -49.163  16.154 0.0000000000
38486  34.901  -47.364  16.629 0.0000000000
123651  35.802  -48.716  15.974 0.0000000000
116453  36.461  -48.300  16.037 0.0000000000
37485  36.852  -49.171  15.797 0.0000000000
36446  37.834  -49.597  14.998 0.0000000000
36447  37.101  -49.934  15.335 0.0000000000
34294  36.222  -51.344  14.905 0.0000000000
35410  36.654  -50.656  14.932 0.0000000000
34310  35.714  -51.278  14.207 0.0000000000
35419  35.719  -50.706  13.744 0.0000000000
122024  35.143  -51.723  14.047 0.0000000000
32198  36.064  -53.037  16.247 0.0000000000
33210  36.244  -52.438  16.362 0.0000000000
32214  35.496  -53.122  15.741 0.0000000000
33234  33.470  -52.454  14.178 0.0000000000
121167  34.164  -52.363  14.157 0.0000000000
33250  33.580  -52.013  13.595 0.0000000000
33249  34.322  -51.805  13.661 0.0000000000
34313  33.057  -51.677  12.999 0.0000000000
34315  30.770  -51.393  13.135 0.0000000000
34334  31.705  -51.420  12.497 0.0000000000
35429  30.200  -50.660  11.734 0.0000000000
34336  30.019  -51.018  12.645 0.0000000000
30099  32.815  -55.615  19.952 0.0000000000
30098  33.352  -55.122  20.031 0.0000000000
30117  32.512  -55.414  19.194 0.0000000000
31159  30.673  -54.090  18.044 0.0000000000
132982  31.749  -54.150  17.872 0.0000000000
32185  31.979  -53.498  17.083 0.0000000000
32189  27.961  -53.416  17.641 0.0000000000
32188  29.022  -53.559  17.894 0.0000000000
32205  28.178  -52.624  16.980 0.0000000000
33222  28.932  -52.038  15.776 0.0000000000
33213  29.057  -52.425  16.649 0.0000000000
128221  29.615  -52.278  16.034 0.0000000000
33238  29.799  -52.016  15.390 0.0000000000
120505  30.038  -51.700  14.605 0.0000000000
34288  29.179  -51.634  14.986 0.0000000000
35421  27.495  -50.672  13.494 0.0000000000
34317  28.411  -51.015  13.796 0.0000000000
121350  27.691  -50.345  12.641 0.0000000000
35431  27.126  -50.173  12.093 0.0000000000
115667  26.298  -50.231  12.267 0.0000000000
35433  24.648  -50.555  12.599 0.0000000000
35446  24.832  -50.305  11.767 0.0000000000
35462  24.187  -50.214  11.049 0.0000000000
135983  24.014  -51.224  13.850 0.0000000000
34321  23.602  -51.151  13.414 0.0000000000
35434  22.445  -50.867  12.145 0.0000000000
35463  22.690  -50.210  10.668 0.0000000000
35468  21.276  -50.055  9.836 0.0000000000
35465  20.635  -50.404  10.402 0.0000000000
53243  45.460  -32.493  6.603 0.0000000000
132400  45.349  -32.378  5.888 0.0000000000
53242  46.202  -32.497  5.960 0.0000000000
53291  47.782  -32.335  4.866 0.0000000000
54324  48.928  -32.014  3.942 0.0000000000
53288  52.227  -32.479  5.267 0.0000000000
54307  51.595  -32.425  5.401 0.0000000000
54341  52.662  -32.202  3.690 0.0000000000
54363  51.998  -31.983  2.941 0.0000000000
128188  52.679  -35.673  2.521 0.0000000000
33080  24.790  -52.142  26.668 0.0000000000
32072  23.568  -53.028  27.047 0.0000000000
31060  23.072  -53.731  26.665 0.0000000000
31067  22.748  -54.188  25.686 0.0000000000
31061  22.494  -54.478  26.570 0.0000000000
30004  21.562  -55.523  25.783 0.0000000000
28987  20.843  -56.215  25.030 0.0000000000
122886  20.541  -56.994  23.958 0.0000000000
27964  20.408  -57.738  23.569 0.0000000000
26951  19.869  -58.589  23.655 0.0000000000
26950  20.224  -58.473  23.287 0.0000000000
25968  19.936  -59.421  21.631 0.0000000000
24988  19.265  -59.556  20.121 0.0000000000
117483  18.914  -59.243  20.796 0.0000000000
26943  17.479  -58.167  25.110 0.0000000000
26925  17.251  -58.400  26.676 0.0000000000
26932  17.954  -58.561  25.896 0.0000000000
26923  18.629  -58.479  26.398 0.0000000000
26942  18.350  -58.400  24.912 0.0000000000
26941  18.948  -58.485  24.645 0.0000000000
25934  18.636  -58.438  23.968 0.0000000000
27991  17.747  -57.563  19.440 0.0000000000
26989  18.071  -58.743  19.060 0.0000000000
25997  18.335  -59.333  19.119 0.0000000000
26996  17.779  -58.880  18.182 0.0000000000
120992  17.642  -58.998  17.328 0.0000000000
28004  17.384  -57.863  17.649 0.0000000000
29090  16.363  -56.911  15.459 0.0000000000
29076  15.291  -56.270  17.461 0.0000000000
60620  52.876  -24.490  3.893 0.0000000000
60621  51.471  -24.991  3.579 0.0000000000
123819  52.178  -24.821  4.161 0.0000000000
60611  51.176  -24.961  4.831 0.0000000000
59736  50.403  -25.471  4.952 0.0000000000
59747  49.877  -26.031  4.731 0.0000000000
61522  52.076  -23.713  6.399 0.0000000000
61514  51.648  -23.102  7.209 0.0000000000
60589  49.641  -24.509  6.241 0.0000000000
59730  49.246  -25.282  5.795 0.0000000000
59738  48.909  -25.964  5.460 0.0000000000
58890  48.134  -26.189  5.816 0.0000000000
58891  47.465  -26.604  6.245 0.0000000000
58892  46.793  -27.049  6.758 0.0000000000
58059  46.386  -27.601  7.269 0.0000000000
57249  45.541  -28.530  6.714 0.0000000000
57248  45.964  -28.155  7.102 0.0000000000
58866  47.874  -25.942  8.735 0.0000000000
58854  48.031  -26.681  9.289 0.0000000000
57188  46.881  -28.816  9.083 0.0000000000
57206  46.632  -28.285  8.432 0.0000000000
56269  46.004  -29.543  8.496 0.0000000000
56270  45.467  -29.464  7.884 0.0000000000
55297  45.350  -30.345  8.433 0.0000000000
54283  44.623  -31.046  8.020 0.0000000000
54277  45.133  -31.357  8.673 0.0000000000
53188  45.956  -32.367  9.585 0.0000000000
53202  45.806  -32.811  8.180 0.0000000000
52157  46.611  -33.226  8.366 0.0000000000
52173  47.312  -33.219  7.644 0.0000000000
52156  47.582  -33.547  8.522 0.0000000000
118615  47.671  -31.859  10.835 0.0000000000
53176  48.055  -32.623  10.871 0.0000000000
130114  48.942  -34.293  9.260 0.0000000000
52141  47.936  -33.798  9.604 0.0000000000
122205  50.399  -33.305  7.460 0.0000000000
113710  50.447  -33.746  7.924 0.0000000000
51151  51.626  -34.562  7.951 0.0000000000
50076  52.399  -34.838  7.003 0.0000000000
50077  51.894  -35.439  7.411 0.0000000000
55247  49.930  -30.412  13.966 0.0000000000
54236  49.735  -31.144  14.157 0.0000000000
52110  49.719  -32.814  13.843 0.0000000000
52118  49.803  -33.398  13.219 0.0000000000
52124  49.706  -33.921  12.467 0.0000000000
133327  49.796  -34.784  12.124 0.0000000000
50023  48.881  -35.713  13.356 0.0000000000
123347  49.085  -34.857  13.559 0.0000000000
120493  49.399  -35.971  12.705 0.0000000000
49048  50.415  -36.469  10.911 0.0000000000
50057  50.526  -35.767  10.630 0.0000000000
50064  50.888  -35.728  9.807 0.0000000000
129474  51.012  -36.219  9.634 0.0000000000
49067  50.864  -36.683  7.838 0.0000000000
49077  51.386  -36.165  7.231 0.0000000000
50080  49.960  -36.104  6.300 0.0000000000
49080  48.508  -36.484  6.783 0.0000000000
50081  48.990  -35.975  6.205 0.0000000000
48135  47.703  -37.518  8.141 0.0000000000
134765  46.758  -37.500  7.939 0.0000000000
49095  46.128  -36.505  5.780 0.0000000000
49082  46.580  -36.813  6.550 0.0000000000
50091  46.484  -35.996  5.058 0.0000000000
51069  44.642  -34.188  17.840 0.0000000000
129925  45.363  -34.740  16.501 0.0000000000
51089  44.469  -34.628  16.096 0.0000000000
125184  42.625  -39.058  18.803 0.0000000000
119089  42.577  -39.061  19.369 0.0000000000
119011  42.622  -38.361  19.214 0.0000000000
120964  42.638  -38.318  18.534 0.0000000000
47051  40.873  -38.710  15.481 0.0000000000
47050  41.389  -38.381  15.735 0.0000000000
47997  41.914  -37.054  15.589 0.0000000000
47989  41.994  -37.209  16.517 0.0000000000
48970  42.274  -36.242  16.900 0.0000000000
49990  42.678  -35.409  17.331 0.0000000000
50027  42.787  -35.561  13.318 0.0000000000
119399  42.747  -35.270  14.756 0.0000000000
50026  43.528  -35.311  13.612 0.0000000000
122915  44.500  -35.146  14.006 0.0000000000
50025  44.466  -35.394  13.124 0.0000000000
49023  44.589  -35.933  12.250 0.0000000000
48073  42.938  -36.853  10.618 0.0000000000
48072  43.868  -37.264  10.299 0.0000000000
48094  44.053  -37.676  9.885 0.0000000000
47152  44.317  -37.971  9.303 0.0000000000
48110  43.714  -37.829  9.438 0.0000000000
129227  41.356  -37.756  9.732 0.0000000000
48150  42.206  -37.369  7.080 0.0000000000
48138  42.276  -37.798  7.846 0.0000000000
48137  43.084  -37.662  7.477 0.0000000000
131039  42.878  -37.231  6.746 0.0000000000
49086  43.190  -36.849  6.199 0.0000000000
50113  41.828  -35.703  4.105 0.0000000000
128716  38.494  -36.034  4.747 0.0000000000
50166  38.288  -35.259  2.507 0.0000000000
115138  37.723  -35.042  1.874 0.0000000000
46184  36.624  -39.323  9.045 0.0000000000
46185  36.069  -39.755  8.411 0.0000000000
46195  34.869  -39.246  6.771 0.0000000000
47165  35.558  -38.950  7.133 0.0000000000
48158  35.446  -37.496  5.544 0.0000000000
47173  34.665  -37.957  5.448 0.0000000000
46200  33.122  -39.643  5.671 0.0000000000
47175  33.348  -38.942  5.208 0.0000000000
48167  33.268  -37.395  3.315 0.0000000000
48166  33.869  -37.188  3.741 0.0000000000
36463  36.769  -49.606  13.672 0.0000000000
37536  37.298  -49.019  13.760 0.0000000000
37542  34.117  -48.420  12.408 0.0000000000
39565  34.182  -46.810  12.570 0.0000000000
36478  31.671  -49.328  10.623 0.0000000000
37551  32.112  -48.699  10.715 0.0000000000
39580  31.404  -46.982  10.201 0.0000000000
40605  31.634  -45.946  10.742 0.0000000000
41651  31.496  -45.237  10.346 0.0000000000
41657  31.101  -45.093  9.697 0.0000000000
41666  29.854  -44.782  8.112 0.0000000000
41662  30.407  -44.695  8.735 0.0000000000
42615  29.742  -44.054  7.854 0.0000000000
43466  30.058  -43.233  7.921 0.0000000000
42616  29.355  -43.659  7.285 0.0000000000
36494  27.395  -49.004  9.319 0.0000000000
36481  28.086  -49.196  9.709 0.0000000000
36502  27.416  -48.542  8.801 0.0000000000
38585  27.038  -47.671  7.665 0.0000000000
129113  27.751  -47.573  7.878 0.0000000000
132947  25.758  -46.569  5.746 0.0000000000
40649  27.037  -45.504  5.610 0.0000000000
39609  27.013  -46.096  6.063 0.0000000000
40634  27.789  -45.672  6.096 0.0000000000
39607  28.200  -46.065  6.834 0.0000000000
40633  28.312  -45.521  6.473 0.0000000000
41680  28.180  -45.086  5.968 0.0000000000
42649  27.255  -43.787  4.992 0.0000000000
42640  28.105  -43.844  5.716 0.0000000000
43485  28.351  -42.822  5.700 0.0000000000
113287  48.653  -24.490  0.666 0.0000000000
60668  47.206  -24.127  -1.182 0.0000000000
61633  47.008  -23.900  -1.993 0.0000000000
61642  47.652  -23.702  -2.537 0.0000000000
53293  45.607  -32.271  4.367 0.0000000000
135536  44.597  -31.997  4.262 0.0000000000
131788  45.654  -32.038  3.204 0.0000000000
32110  25.660  -53.085  24.417 0.0000000000
124825  25.238  -52.994  25.219 0.0000000000
32091  24.503  -53.061  25.655 0.0000000000
39506  36.326  -46.496  16.599 0.0000000000
39491  37.053  -46.176  16.999 0.0000000000
39505  37.493  -47.055  16.622 0.0000000000
38474  38.695  -47.205  16.859 0.0000000000
38473  39.683  -47.121  16.961 0.0000000000
38472  40.260  -47.010  16.702 0.0000000000
38482  39.788  -47.472  16.169 0.0000000000
38547  39.210  -47.238  14.312 0.0000000000
39546  37.963  -46.267  13.469 0.0000000000
38548  38.526  -47.519  13.922 0.0000000000
39547  37.395  -47.311  13.575 0.0000000000
39548  36.533  -47.304  13.335 0.0000000000
57266  44.666  -28.828  5.731 0.0000000000
116008  44.605  -28.655  4.975 0.0000000000
56303  43.633  -29.875  5.254 0.0000000000
55335  43.459  -30.479  4.824 0.0000000000
54327  43.630  -31.282  4.357 0.0000000000
132054  20.766  -52.869  14.736 0.0000000000
32224  21.105  -53.104  15.202 0.0000000000
32222  20.638  -53.918  15.435 0.0000000000
26026  19.341  -59.314  16.683 0.0000000000
121218  18.177  -59.862  14.066 0.0000000000
26036  17.572  -59.532  14.747 0.0000000000
27016  16.944  -58.747  15.224 0.0000000000
124353  35.891  -51.106  22.845 0.0000000000
35321  36.113  -50.983  22.057 0.0000000000
34225  36.129  -51.428  21.344 0.0000000000
33152  36.212  -52.072  20.508 0.0000000000
113770  36.273  -52.895  19.987 0.0000000000
31132  36.148  -53.722  19.170 0.0000000000
31133  35.680  -53.976  19.412 0.0000000000
31134  34.865  -54.153  19.332 0.0000000000
31138  34.436  -54.307  18.889 0.0000000000
31179  25.053  -54.233  17.234 0.0000000000
137039  25.676  -54.358  17.618 0.0000000000
122999  23.838  -53.023  15.943 0.0000000000
33228  22.432  -52.982  15.385 0.0000000000
51164  52.660  -34.264  6.630 0.0000000000
51163  52.801  -33.799  6.269 0.0000000000
51174  52.878  -34.280  5.980 0.0000000000
130035  13.722  -55.998  23.557 0.0000000000
57146  50.867  -27.966  12.939 0.0000000000
56238  50.699  -29.226  12.779 0.0000000000
56229  50.799  -28.488  13.025 0.0000000000
125859  50.515  -30.156  13.080 0.0000000000
121207  47.262  -35.423  14.961 0.0000000000
50011  47.564  -35.811  14.346 0.0000000000
48988  47.476  -36.249  13.850 0.0000000000
49001  47.275  -36.678  13.302 0.0000000000
48043  47.099  -37.647  12.186 0.0000000000
47087  47.193  -37.916  11.721 0.0000000000
48044  46.479  -37.490  11.946 0.0000000000
48045  45.704  -37.233  11.649 0.0000000000
46137  37.756  -39.372  12.848 0.0000000000
135626  38.192  -38.624  12.475 0.0000000000
47114  38.531  -38.099  10.954 0.0000000000
135152  39.060  -37.829  10.851 0.0000000000
48114  38.382  -37.901  9.644 0.0000000000
114480  37.716  -37.676  8.416 0.0000000000
47163  36.941  -38.049  7.980 0.0000000000
35455  30.795  -49.968  10.628 0.0000000000
121569  29.026  -48.875  9.696 0.0000000000
135746  52.916  -23.836  0.674 0.0000000000
61602  51.349  -23.792  0.241 0.0000000000
128417  50.504  -23.767  -0.088 0.0000000000
30105  25.454  -55.432  19.611 0.0000000000
30106  24.556  -55.578  19.435 0.0000000000
114981  24.081  -55.606  19.899 0.0000000000
31124  22.425  -54.874  21.678 0.0000000000
30046  22.010  -55.933  21.494 0.0000000000
29021  21.695  -57.064  20.894 0.0000000000
27977  21.301  -57.638  21.103 0.0000000000
26964  20.945  -58.228  21.424 0.0000000000
31091  31.353  -53.988  23.072 0.0000000000
30040  31.287  -55.360  22.197 0.0000000000
30061  31.608  -55.596  21.520 0.0000000000
29003  30.174  -55.924  21.961 0.0000000000
30026  27.629  -54.731  22.547 0.0000000000
30044  28.076  -55.323  21.814 0.0000000000
116682  26.434  -55.421  20.070 0.0000000000
40476  38.541  -44.851  20.814 0.0000000000
40465  38.857  -44.548  21.246 0.0000000000
41503  38.656  -44.514  22.029 0.0000000000
42479  41.032  -43.172  20.718 0.0000000000
43367  41.441  -42.658  20.202 0.0000000000
42491  41.162  -43.500  19.884 0.0000000000
42500  41.226  -43.835  19.196 0.0000000000
41524  41.361  -44.171  18.457 0.0000000000
119631  40.571  -45.332  14.888 0.0000000000
41574  40.715  -44.838  15.250 0.0000000000
41588  40.231  -44.627  14.562 0.0000000000
42559  39.864  -43.955  14.286 0.0000000000
43424  39.548  -43.246  14.160 0.0000000000
44330  39.142  -42.427  14.173 0.0000000000
43433  39.101  -42.998  13.513 0.0000000000
44347  37.887  -41.943  11.981 0.0000000000
128266  37.731  -42.278  11.637 0.0000000000
43447  36.987  -42.830  11.003 0.0000000000
42592  35.190  -43.786  11.258 0.0000000000
42606  33.363  -43.337  9.845 0.0000000000
42607  32.393  -43.609  9.767 0.0000000000
128930  24.592  -50.040  10.360 0.0000000000
36497  24.888  -49.759  9.647 0.0000000000
36506  23.928  -49.469  8.387 0.0000000000
113289  48.557  -26.053  2.581 0.0000000000
58925  47.846  -26.427  2.799 0.0000000000
56331  42.515  -29.114  2.114 0.0000000000
57297  42.863  -28.243  1.890 0.0000000000
31210  17.716  -54.382  11.515 0.0000000000
30143  20.475  -56.145  16.568 0.0000000000
29089  19.851  -56.763  15.173 0.0000000000
26067  19.140  -59.569  12.751 0.0000000000
135424  19.507  -58.709  12.675 0.0000000000
37424  35.390  -49.054  20.209 0.0000000000
37425  35.029  -48.266  20.547 0.0000000000
37440  34.894  -48.474  19.561 0.0000000000
119946  34.547  -47.809  18.867 0.0000000000
38461  34.512  -47.898  17.877 0.0000000000
37467  34.681  -48.607  17.497 0.0000000000
36431  34.846  -48.946  16.770 0.0000000000
36429  36.132  -50.502  15.756 0.0000000000
35393  35.968  -51.225  16.072 0.0000000000
33231  36.118  -51.757  15.441 0.0000000000
122909  34.726  -53.533  15.932 0.0000000000
122376  34.749  -53.101  15.177 0.0000000000
33252  32.041  -52.049  13.804 0.0000000000
30100  30.926  -55.650  19.563 0.0000000000
30118  31.591  -55.474  19.139 0.0000000000
32187  30.072  -53.500  17.632 0.0000000000
33215  26.764  -52.537  16.529 0.0000000000
33214  27.641  -52.306  16.483 0.0000000000
33224  27.205  -51.979  15.856 0.0000000000
33223  28.045  -51.947  15.812 0.0000000000
34298  27.625  -51.085  14.325 0.0000000000
35422  26.561  -50.590  13.573 0.0000000000
35423  25.331  -50.573  13.175 0.0000000000
113625  21.907  -51.248  12.696 0.0000000000
35450  20.840  -50.667  11.323 0.0000000000
131319  47.585  -32.455  5.423 0.0000000000
53269  48.353  -32.448  5.488 0.0000000000
53289  49.692  -32.175  4.690 0.0000000000
53286  53.378  -32.729  4.610 0.0000000000
53308  53.088  -32.424  4.230 0.0000000000
28958  20.924  -56.234  27.184 0.0000000000
27954  20.232  -57.768  24.367 0.0000000000
27943  20.090  -57.447  25.457 0.0000000000
26929  19.854  -58.041  24.882 0.0000000000
25942  19.653  -58.791  23.157 0.0000000000
27956  15.791  -57.208  24.641 0.0000000000
27966  17.065  -57.592  23.850 0.0000000000
134247  17.380  -57.561  23.123 0.0000000000
27972  17.966  -57.809  22.633 0.0000000000
27978  17.844  -57.571  21.787 0.0000000000
27986  17.796  -57.398  20.316 0.0000000000
27998  16.907  -56.935  18.092 0.0000000000
60609  52.777  -24.560  4.682 0.0000000000
60598  52.661  -24.466  5.215 0.0000000000
61533  52.437  -24.196  5.752 0.0000000000
60587  51.639  -24.254  5.797 0.0000000000
61515  50.699  -23.255  7.505 0.0000000000
60578  49.218  -24.105  7.225 0.0000000000
60590  48.762  -24.777  6.675 0.0000000000
59732  47.740  -25.840  6.620 0.0000000000
59722  48.025  -25.149  7.071 0.0000000000
59713  47.625  -25.669  7.365 0.0000000000
58867  47.415  -26.058  7.946 0.0000000000
58843  48.724  -26.774  10.141 0.0000000000
58033  48.168  -27.423  9.704 0.0000000000
121268  47.759  -27.944  9.500 0.0000000000
125741  46.563  -29.995  9.457 0.0000000000
55290  45.684  -30.832  9.051 0.0000000000
55289  46.274  -30.762  9.640 0.0000000000
54268  46.264  -31.679  10.059 0.0000000000
53178  46.514  -32.508  10.204 0.0000000000
53161  48.801  -32.692  11.438 0.0000000000
52140  48.829  -34.491  10.054 0.0000000000
51142  51.383  -35.202  8.559 0.0000000000
54225  49.165  -31.296  14.810 0.0000000000
115821  49.413  -33.885  13.694 0.0000000000
48066  49.383  -37.286  11.851 0.0000000000
49020  49.405  -36.687  12.349 0.0000000000
48089  50.011  -37.176  11.108 0.0000000000
132907  50.523  -36.881  10.255 0.0000000000
122598  50.805  -36.816  9.370 0.0000000000
49061  50.383  -37.063  8.354 0.0000000000
49068  49.848  -36.967  7.738 0.0000000000
49069  48.964  -36.855  7.402 0.0000000000
48124  45.999  -37.772  8.332 0.0000000000
49096  45.331  -36.639  5.685 0.0000000000
49097  44.507  -36.571  5.575 0.0000000000
51059  43.781  -34.318  18.468 0.0000000000
51070  43.685  -34.409  17.410 0.0000000000
44269  42.421  -40.752  18.831 0.0000000000
45174  42.523  -40.187  19.153 0.0000000000
124853  42.509  -40.206  18.663 0.0000000000
46098  42.549  -39.648  18.461 0.0000000000
47024  42.481  -38.921  17.537 0.0000000000
48010  40.706  -37.594  14.239 0.0000000000
48009  41.275  -37.303  14.516 0.0000000000
48008  41.750  -36.871  14.813 0.0000000000
48979  42.144  -36.224  15.133 0.0000000000
117174  42.362  -35.696  14.766 0.0000000000
48990  41.989  -36.108  14.423 0.0000000000
49024  43.668  -36.062  11.768 0.0000000000
120057  40.885  -37.653  8.178 0.0000000000
49087  41.427  -37.029  6.691 0.0000000000
49111  41.629  -35.918  4.798 0.0000000000
50139  41.228  -35.597  3.406 0.0000000000
121550  39.758  -35.496  3.134 0.0000000000
49115  37.208  -36.210  4.828 0.0000000000
50117  37.754  -35.814  4.210 0.0000000000
50142  37.200  -35.519  3.379 0.0000000000
50168  36.712  -35.266  2.613 0.0000000000
45272  35.744  -40.524  8.422 0.0000000000
46186  35.595  -40.012  7.970 0.0000000000
46205  32.348  -38.658  4.357 0.0000000000
115892  32.988  -38.590  4.555 0.0000000000
129149  32.676  -38.263  3.997 0.0000000000
120240  36.213  -50.136  13.675 0.0000000000
36466  35.019  -49.278  12.983 0.0000000000
118837  34.419  -49.065  12.589 0.0000000000
37545  33.445  -48.588  11.846 0.0000000000
37558  30.961  -48.405  9.773 0.0000000000
38567  31.254  -47.848  9.935 0.0000000000
38573  30.781  -47.684  9.445 0.0000000000
39586  30.934  -46.842  9.614 0.0000000000
40611  30.749  -46.055  9.371 0.0000000000
40612  30.420  -46.086  8.873 0.0000000000
40614  30.086  -45.653  8.450 0.0000000000
37567  26.595  -48.492  8.366 0.0000000000
37570  26.575  -48.134  7.940 0.0000000000
38600  26.750  -47.272  7.025 0.0000000000
40657  25.449  -45.404  4.617 0.0000000000
124988  25.595  -46.058  5.269 0.0000000000
119248  26.939  -44.859  5.185 0.0000000000
59790  45.973  -24.864  -0.162 0.0000000000
60663  46.591  -24.475  -0.623 0.0000000000
54346  47.298  -31.937  3.061 0.0000000000
54347  46.382  -32.022  3.126 0.0000000000
54367  47.692  -31.642  2.090 0.0000000000
31110  25.609  -54.180  22.038 0.0000000000
32138  23.983  -53.824  22.430 0.0000000000
32125  24.217  -53.530  23.430 0.0000000000
31098  23.210  -53.725  23.112 0.0000000000
116098  21.889  -54.373  23.916 0.0000000000
31094  27.752  -54.130  23.221 0.0000000000
31109  26.554  -54.444  22.332 0.0000000000
41516  35.091  -44.392  19.890 0.0000000000
40478  36.902  -44.839  20.061 0.0000000000
136384  37.605  -45.042  19.834 0.0000000000
40507  37.699  -45.339  18.452 0.0000000000
40490  38.066  -45.174  19.267 0.0000000000
119884  38.321  -45.030  20.012 0.0000000000
40489  38.917  -45.103  19.354 0.0000000000
40488  39.503  -44.906  19.395 0.0000000000
40487  40.522  -45.020  18.741 0.0000000000
40486  41.016  -44.891  18.581 0.0000000000
39487  41.148  -46.053  16.902 0.0000000000
40557  41.183  -45.958  15.820 0.0000000000
38481  40.448  -47.042  16.164 0.0000000000
126243  40.926  -46.353  15.626 0.0000000000
40558  40.823  -45.950  15.252 0.0000000000
41603  40.012  -45.144  14.237 0.0000000000
41604  39.405  -44.836  13.702 0.0000000000
41616  38.753  -44.496  13.216 0.0000000000
41617  38.087  -44.145  12.655 0.0000000000
41618  37.291  -44.640  12.507 0.0000000000
41619  36.258  -44.778  12.299 0.0000000000
132817  36.657  -45.340  12.734 0.0000000000
41620  35.264  -44.997  12.283 0.0000000000
40582  34.271  -45.272  12.199 0.0000000000
36499  22.509  -49.709  9.224 0.0000000000
36512  21.552  -49.981  7.582 0.0000000000
34361  20.911  -51.176  7.066 0.0000000000
35481  21.423  -50.776  6.361 0.0000000000
58097  46.048  -27.608  4.021 0.0000000000
134368  45.683  -27.501  3.470 0.0000000000
129117  45.172  -27.762  3.753 0.0000000000
57275  43.631  -28.914  3.988 0.0000000000
57283  43.431  -28.740  3.346 0.0000000000
56323  42.814  -29.319  2.933 0.0000000000
55352  42.533  -29.859  2.439 0.0000000000
33262  19.745  -52.044  12.794 0.0000000000
33263  19.174  -52.057  12.360 0.0000000000
120109  19.067  -52.538  12.853 0.0000000000
33264  18.580  -52.929  12.636 0.0000000000
32226  19.690  -53.235  14.224 0.0000000000
32233  18.854  -53.336  13.460 0.0000000000
32240  18.285  -53.507  12.566 0.0000000000
31204  18.018  -54.224  12.312 0.0000000000
30163  17.969  -54.979  12.072 0.0000000000
121452  18.196  -55.770  11.837 0.0000000000
28009  19.919  -57.866  16.498 0.0000000000
28019  19.985  -57.938  15.729 0.0000000000
27013  19.865  -58.398  15.637 0.0000000000
26044  19.185  -59.522  14.691 0.0000000000
27036  17.523  -59.500  12.707 0.0000000000
27061  17.109  -59.217  11.716 0.0000000000
36355  36.032  -50.203  21.648 0.0000000000
36372  35.997  -50.176  21.195 0.0000000000
36373  35.794  -49.680  20.763 0.0000000000
35354  35.977  -50.880  19.595 0.0000000000
35366  36.072  -51.578  18.073 0.0000000000
34274  36.377  -52.147  17.853 0.0000000000
32183  36.408  -52.911  17.440 0.0000000000
132318  35.994  -53.367  16.806 0.0000000000
31156  36.151  -53.610  18.469 0.0000000000
31175  35.601  -53.794  17.206 0.0000000000
32200  33.859  -53.710  16.262 0.0000000000
32217  32.165  -53.066  16.230 0.0000000000
134003  27.417  -54.104  18.060 0.0000000000
116604  25.710  -53.747  17.157 0.0000000000
32207  26.447  -53.336  17.121 0.0000000000
115324  25.218  -51.122  14.360 0.0000000000
34300  23.552  -51.623  14.085 0.0000000000
33241  23.304  -52.249  14.699 0.0000000000
34301  22.695  -52.065  14.105 0.0000000000
34323  21.956  -51.835  13.573 0.0000000000
34324  21.215  -51.716  13.089 0.0000000000
53238  51.018  -32.778  6.590 0.0000000000
53267  51.313  -32.586  5.990 0.0000000000
53265  52.530  -32.764  5.699 0.0000000000
53264  53.041  -32.959  5.384 0.0000000000
51173  53.103  -33.662  5.583 0.0000000000
52200  53.556  -33.289  4.781 0.0000000000
51182  54.328  -33.683  4.038 0.0000000000
123193  15.550  -57.395  25.425 0.0000000000
28996  15.951  -56.446  22.898 0.0000000000
29023  15.633  -55.879  21.360 0.0000000000
29035  15.915  -55.869  20.595 0.0000000000
30088  15.152  -55.698  20.592 0.0000000000
30109  14.682  -55.674  19.849 0.0000000000
30068  14.015  -55.593  21.377 0.0000000000
125175  48.754  -29.029  10.776 0.0000000000
56248  49.001  -29.522  10.984 0.0000000000
55273  48.733  -30.301  11.059 0.0000000000
120695  48.868  -31.107  11.312 0.0000000000
56246  50.354  -29.832  12.138 0.0000000000
52085  47.975  -33.748  15.555 0.0000000000
129677  48.681  -34.409  14.276 0.0000000000
48987  47.855  -36.303  13.786 0.0000000000
48999  48.191  -36.936  13.170 0.0000000000
49021  48.769  -37.210  12.538 0.0000000000
48040  48.680  -37.713  12.001 0.0000000000
48091  48.567  -37.970  10.746 0.0000000000
135674  48.710  -37.924  10.094 0.0000000000
48109  48.261  -37.912  9.614 0.0000000000
47134  48.003  -38.088  10.301 0.0000000000
47148  47.354  -38.146  9.770 0.0000000000
47157  46.642  -38.034  9.172 0.0000000000
47149  46.409  -38.263  9.877 0.0000000000
47158  45.786  -38.126  9.176 0.0000000000
119700  45.114  -37.930  8.607 0.0000000000
48957  42.798  -36.477  19.525 0.0000000000
45192  40.918  -40.534  16.362 0.0000000000
46108  41.334  -39.864  16.393 0.0000000000
46117  40.669  -39.628  15.954 0.0000000000
46123  40.165  -39.082  15.259 0.0000000000
47063  40.445  -38.281  14.781 0.0000000000
47075  40.051  -37.900  13.971 0.0000000000
48025  40.493  -37.394  13.356 0.0000000000
48074  41.161  -37.155  11.915 0.0000000000
48075  40.563  -37.478  11.628 0.0000000000
124077  40.553  -37.681  10.847 0.0000000000
48097  40.465  -37.797  9.988 0.0000000000
120845  39.605  -37.771  9.953 0.0000000000
48112  39.905  -37.656  9.268 0.0000000000
48129  40.138  -37.499  8.424 0.0000000000
49074  39.943  -36.879  6.924 0.0000000000
49089  39.233  -36.579  6.319 0.0000000000
49102  39.514  -36.278  5.496 0.0000000000
49103  38.487  -36.366  5.646 0.0000000000
49104  37.521  -36.474  5.546 0.0000000000
129911  36.516  -36.320  4.690 0.0000000000
49106  35.886  -36.792  4.972 0.0000000000
44388  34.052  -41.449  7.633 0.0000000000
45278  34.170  -40.788  7.193 0.0000000000
45283  33.654  -40.491  6.677 0.0000000000
45290  33.240  -40.182  6.232 0.0000000000
46201  32.211  -39.625  5.445 0.0000000000
47181  31.551  -38.628  4.101 0.0000000000
35428  32.968  -50.831  11.939 0.0000000000
35438  32.699  -50.206  11.450 0.0000000000
119756  30.689  -49.452  10.266 0.0000000000
36490  30.974  -49.046  10.060 0.0000000000
37559  30.418  -48.498  9.415 0.0000000000
38576  29.735  -47.712  8.585 0.0000000000
38616  23.999  -47.836  5.380 0.0000000000
38615  24.720  -47.520  5.731 0.0000000000
38623  24.308  -46.982  5.112 0.0000000000
39642  23.744  -46.175  3.674 0.0000000000
40658  24.505  -45.788  4.111 0.0000000000
61626  53.172  -23.476  -1.100 0.0000000000
61627  52.327  -23.461  -1.228 0.0000000000
116479  51.994  -23.286  -1.814 0.0000000000
61638  51.298  -23.326  -2.044 0.0000000000
61640  49.473  -23.352  -2.439 0.0000000000
58967  42.442  -26.530  -2.517 0.0000000000
31181  23.367  -54.562  16.995 0.0000000000
31167  23.102  -55.317  17.453 0.0000000000
30141  22.278  -55.604  17.347 0.0000000000
30134  22.787  -55.942  17.999 0.0000000000
30135  21.806  -56.341  17.904 0.0000000000
29073  21.092  -56.872  18.061 0.0000000000
31122  24.350  -54.710  20.861 0.0000000000
30085  23.281  -55.892  20.062 0.0000000000
30065  22.757  -55.659  20.718 0.0000000000
29032  22.870  -56.269  19.839 0.0000000000
29059  22.133  -56.937  18.908 0.0000000000
28002  20.827  -57.334  18.290 0.0000000000
28003  19.986  -57.818  17.436 0.0000000000
137349  19.755  -58.356  16.903 0.0000000000
26017  19.609  -58.780  17.141 0.0000000000
26978  20.956  -58.185  19.865 0.0000000000
26988  20.174  -58.320  18.531 0.0000000000
26018  19.393  -59.368  17.513 0.0000000000
25026  18.979  -59.814  17.067 0.0000000000
25018  18.540  -59.989  17.452 0.0000000000
31106  33.961  -53.677  21.702 0.0000000000
30079  32.732  -55.423  20.611 0.0000000000
30080  32.227  -55.900  20.369 0.0000000000
29028  31.447  -55.986  20.728 0.0000000000
29042  31.564  -55.906  19.933 0.0000000000
30101  30.056  -55.633  19.618 0.0000000000
30120  29.180  -55.379  19.280 0.0000000000
30024  29.421  -55.054  22.746 0.0000000000
29004  29.539  -55.797  21.995 0.0000000000
29018  29.273  -55.864  21.651 0.0000000000
29031  29.261  -55.971  21.227 0.0000000000
131625  29.229  -55.960  20.586 0.0000000000
31145  26.638  -54.907  18.621 0.0000000000
31146  25.863  -55.165  18.611 0.0000000000
116584  51.553  -35.135  4.957 0.0000000000
55240  48.806  -30.318  15.525 0.0000000000
114488  48.445  -31.168  15.769 0.0000000000
114239  48.096  -32.055  16.055 0.0000000000
53108  48.286  -32.886  15.381 0.0000000000
52093  47.687  -34.362  15.602 0.0000000000
51087  47.382  -34.581  15.928 0.0000000000
134922  47.380  -35.045  15.311 0.0000000000
51088  47.114  -34.991  15.698 0.0000000000
137497  46.973  -35.330  15.323 0.0000000000
44247  42.325  -40.784  19.409 0.0000000000
44270  42.267  -41.243  18.578 0.0000000000
44291  41.835  -41.663  17.693 0.0000000000
132919  41.570  -41.286  17.211 0.0000000000
41536  41.212  -45.035  18.072 0.0000000000
41535  41.429  -44.411  17.809 0.0000000000
133002  41.489  -43.835  17.643 0.0000000000
42532  41.217  -44.274  16.521 0.0000000000
42531  41.427  -43.657  17.243 0.0000000000
43404  41.210  -43.201  16.861 0.0000000000
44293  41.149  -41.408  16.714 0.0000000000
45200  39.487  -40.636  15.350 0.0000000000
45207  38.879  -40.683  14.697 0.0000000000
44318  38.627  -41.550  14.192 0.0000000000
45208  38.242  -40.652  14.030 0.0000000000
46148  37.272  -39.743  11.317 0.0000000000
46166  37.181  -39.501  10.530 0.0000000000
122275  37.006  -39.378  9.801 0.0000000000
45260  36.867  -40.187  10.089 0.0000000000
45261  36.514  -40.812  9.645 0.0000000000
45262  36.015  -41.090  8.964 0.0000000000
44378  35.344  -41.304  8.372 0.0000000000
42590  36.811  -43.344  11.299 0.0000000000
42597  36.451  -43.146  10.834 0.0000000000
42598  35.686  -43.252  10.531 0.0000000000
43456  35.517  -42.349  9.251 0.0000000000
43461  35.145  -42.092  8.721 0.0000000000
44379  34.636  -41.773  8.132 0.0000000000
43472  33.222  -41.719  7.682 0.0000000000
44390  31.467  -41.769  7.569 0.0000000000
35458  27.929  -49.617  10.460 0.0000000000
36496  25.739  -49.537  9.539 0.0000000000
36504  26.035  -49.196  9.008 0.0000000000
37568  25.934  -48.941  8.439 0.0000000000
37585  24.674  -48.588  6.711 0.0000000000
36507  22.967  -49.553  8.375 0.0000000000
36522  22.655  -49.657  6.303 0.0000000000
115096  23.456  -49.271  6.730 0.0000000000
37599  24.410  -48.317  6.027 0.0000000000
60648  49.843  -24.708  1.607 0.0000000000
60649  49.043  -24.886  1.404 0.0000000000
59779  47.801  -25.815  1.881 0.0000000000
59783  47.365  -25.315  0.989 0.0000000000
129133  46.173  -25.255  0.452 0.0000000000
59786  44.608  -25.635  0.016 0.0000000000
58928  44.911  -26.937  2.167 0.0000000000
58944  44.570  -26.622  1.361 0.0000000000
58117  43.293  -27.573  1.522 0.0000000000
58945  43.712  -26.905  1.081 0.0000000000
117171  43.334  -26.584  0.298 0.0000000000
33269  18.491  -52.400  11.479 0.0000000000
119800  21.812  -54.710  16.359 0.0000000000
31189  20.027  -54.841  15.371 0.0000000000
31184  20.521  -55.387  15.909 0.0000000000
30153  18.631  -55.172  13.433 0.0000000000
30162  18.407  -55.537  12.609 0.0000000000
28029  19.859  -57.477  14.630 0.0000000000
29104  19.492  -57.076  13.750 0.0000000000
29118  19.133  -57.083  12.812 0.0000000000
29126  18.549  -56.549  11.625 0.0000000000
41518  33.597  -44.695  20.142 0.0000000000
41529  34.337  -44.544  19.480 0.0000000000
135335  34.609  -44.628  18.931 0.0000000000
41538  34.793  -44.801  18.397 0.0000000000
40531  34.828  -45.608  17.435 0.0000000000
38475  34.528  -47.157  17.332 0.0000000000
39492  34.797  -46.460  16.951 0.0000000000
40547  35.463  -45.944  16.880 0.0000000000
38484  36.668  -47.496  16.250 0.0000000000
129492  37.489  -48.446  15.990 0.0000000000
37526  38.243  -48.883  14.585 0.0000000000
130500  37.818  -49.462  14.639 0.0000000000
136078  36.914  -50.070  13.956 0.0000000000
33218  36.142  -51.990  15.887 0.0000000000
130380  36.024  -52.170  15.444 0.0000000000
135944  34.661  -52.667  14.633 0.0000000000
34331  33.952  -51.265  13.017 0.0000000000
130785  33.511  -50.863  12.497 0.0000000000
34343  31.755  -50.973  11.649 0.0000000000
34314  32.370  -51.734  12.993 0.0000000000
35441  29.628  -50.194  11.288 0.0000000000
35442  28.734  -50.078  11.620 0.0000000000
30077  33.902  -54.439  19.818 0.0000000000
30115  33.913  -54.583  19.478 0.0000000000
31139  33.756  -54.608  18.795 0.0000000000
124439  32.093  -54.936  18.499 0.0000000000
31158  33.385  -54.400  18.050 0.0000000000
31178  32.712  -54.023  17.494 0.0000000000
31161  28.918  -54.336  18.438 0.0000000000
32204  29.554  -52.963  17.168 0.0000000000
32203  30.421  -53.009  16.952 0.0000000000
33211  30.661  -52.655  16.366 0.0000000000
115786  31.319  -52.540  15.771 0.0000000000
33237  30.684  -52.127  15.072 0.0000000000
34295  30.202  -51.493  13.878 0.0000000000
34316  29.209  -50.954  13.222 0.0000000000
35430  28.379  -50.314  12.311 0.0000000000
35443  27.442  -50.007  11.275 0.0000000000
35445  25.705  -50.178  11.616 0.0000000000
129918  24.053  -50.082  10.467 0.0000000000
34320  24.546  -50.917  13.543 0.0000000000
34337  22.951  -51.049  12.745 0.0000000000
114359  23.171  -50.722  12.037 0.0000000000
35447  23.339  -50.409  11.274 0.0000000000
35471  21.148  -50.005  8.961 0.0000000000
35472  20.549  -50.576  8.479 0.0000000000
54293  44.174  -31.628  6.804 0.0000000000
114571  44.060  -31.589  5.785 0.0000000000
53272  44.790  -32.170  5.419 0.0000000000
132187  45.690  -32.362  5.153 0.0000000000
53292  46.415  -32.344  4.560 0.0000000000
117550  47.080  -32.407  5.051 0.0000000000
127637  47.192  -32.303  4.454 0.0000000000
53310  46.848  -32.193  3.819 0.0000000000
53268  50.675  -32.351  5.340 0.0000000000
131469  51.218  -32.296  4.949 0.0000000000
116990  51.216  -32.255  4.449 0.0000000000
54321  52.411  -32.369  4.549 0.0000000000
54343  50.707  -32.111  3.828 0.0000000000
54364  50.927  -31.956  2.998 0.0000000000
50153  53.714  -35.690  2.509 0.0000000000
33079  25.674  -51.936  26.276 0.0000000000
32092  23.733  -53.277  26.151 0.0000000000
32093  23.013  -53.833  24.881 0.0000000000
31083  22.300  -54.325  24.775 0.0000000000
31084  21.524  -55.098  24.651 0.0000000000
28995  20.856  -56.529  22.977 0.0000000000
114184  20.632  -57.384  22.909 0.0000000000
26959  20.785  -58.245  22.077 0.0000000000
27965  20.289  -58.112  23.654 0.0000000000
26960  20.440  -58.624  22.512 0.0000000000
25983  20.410  -59.148  20.859 0.0000000000
24997  19.544  -59.581  19.607 0.0000000000
24998  19.002  -59.839  19.261 0.0000000000
25010  18.109  -59.835  17.884 0.0000000000
26922  19.194  -58.218  26.068 0.0000000000
25933  19.364  -58.543  24.022 0.0000000000
25954  19.301  -58.817  22.591 0.0000000000
26967  18.527  -58.197  21.960 0.0000000000
25970  18.774  -58.820  21.336 0.0000000000
25984  18.665  -59.382  19.730 0.0000000000
26009  18.048  -59.496  18.501 0.0000000000
26019  17.858  -59.670  17.094 0.0000000000
27005  17.491  -59.276  16.480 0.0000000000
28011  16.749  -57.412  16.158 0.0000000000
122210  16.716  -57.835  15.519 0.0000000000
29049  15.915  -55.889  19.108 0.0000000000
60633  52.438  -24.235  2.274 0.0000000000
135014  52.965  -24.397  3.095 0.0000000000
60634  51.542  -24.656  2.607 0.0000000000
60635  50.716  -25.062  2.891 0.0000000000
59745  51.325  -25.042  4.383 0.0000000000
134881  49.412  -26.248  3.617 0.0000000000
58918  48.485  -26.723  4.125 0.0000000000
58912  47.845  -26.958  4.420 0.0000000000
61513  52.416  -23.004  6.908 0.0000000000
60588  50.631  -24.322  5.915 0.0000000000
59737  49.720  -25.845  5.156 0.0000000000
58911  48.592  -26.621  4.726 0.0000000000
58083  47.219  -27.383  4.879 0.0000000000
58084  46.555  -27.711  5.310 0.0000000000
58085  45.951  -28.045  5.488 0.0000000000
119649  45.461  -28.392  5.956 0.0000000000
57250  45.014  -28.811  6.390 0.0000000000
56285  44.568  -29.292  6.408 0.0000000000
127788  44.298  -29.964  6.770 0.0000000000
58034  47.611  -27.381  9.088 0.0000000000
58044  47.027  -27.468  8.477 0.0000000000
58045  46.573  -27.644  7.951 0.0000000000
57225  45.693  -28.739  7.438 0.0000000000
55304  44.256  -30.735  7.277 0.0000000000
54287  44.399  -31.561  7.539 0.0000000000
53221  44.776  -32.248  7.269 0.0000000000
53220  45.627  -32.623  7.394 0.0000000000
53189  45.344  -32.285  8.776 0.0000000000
131610  47.003  -32.895  7.011 0.0000000000
53218  47.920  -33.001  6.833 0.0000000000
53217  49.172  -33.063  7.098 0.0000000000
125266  47.396  -31.227  10.687 0.0000000000
54267  46.879  -31.829  10.576 0.0000000000
52135  46.971  -33.273  10.087 0.0000000000
52134  47.747  -33.315  10.475 0.0000000000
52142  46.824  -33.418  9.253 0.0000000000
53216  50.039  -33.078  7.247 0.0000000000
53215  50.715  -33.042  7.088 0.0000000000
52187  51.463  -33.173  7.013 0.0000000000
52153  51.183  -34.072  7.908 0.0000000000
52169  51.813  -33.811  7.468 0.0000000000
51158  52.426  -34.034  7.148 0.0000000000
56222  50.202  -29.487  13.901 0.0000000000
55256  50.238  -30.196  13.582 0.0000000000
118285  50.228  -31.007  13.383 0.0000000000
54245  49.968  -31.791  13.731 0.0000000000
54252  50.282  -31.898  13.071 0.0000000000
53159  50.009  -32.868  12.687 0.0000000000
129843  49.861  -36.153  12.107 0.0000000000
50041  49.811  -35.414  12.227 0.0000000000
51125  50.077  -35.358  11.426 0.0000000000
51134  50.180  -35.274  10.616 0.0000000000
49054  51.347  -36.035  8.795 0.0000000000
50087  51.337  -35.548  5.701 0.0000000000
120262  49.484  -35.640  5.662 0.0000000000
49070  48.109  -37.045  7.368 0.0000000000
49081  47.531  -36.608  6.661 0.0000000000
50090  47.501  -35.588  4.955 0.0000000000
51068  46.352  -34.230  17.704 0.0000000000
51076  46.224  -34.824  16.408 0.0000000000
48961  42.726  -36.490  18.576 0.0000000000
46107  41.909  -39.621  16.655 0.0000000000
46106  42.316  -39.269  17.052 0.0000000000
47049  41.755  -37.932  16.078 0.0000000000
47035  42.253  -38.318  16.934 0.0000000000
124712  42.540  -38.276  17.782 0.0000000000
47981  42.619  -37.447  18.162 0.0000000000
128341  42.805  -35.658  18.065 0.0000000000
49996  43.014  -34.727  17.075 0.0000000000
51078  43.446  -34.534  16.486 0.0000000000
50006  42.536  -35.394  15.410 0.0000000000
51079  42.971  -34.724  15.814 0.0000000000
51090  43.629  -34.624  15.763 0.0000000000
50004  44.355  -34.778  15.322 0.0000000000
50014  44.955  -34.894  14.687 0.0000000000
49003  45.520  -35.898  12.889 0.0000000000
132946  45.353  -36.546  12.103 0.0000000000
48071  45.244  -37.497  10.934 0.0000000000
120072  44.496  -37.213  10.689 0.0000000000
47138  44.528  -37.885  9.731 0.0000000000
47159  44.582  -38.045  8.990 0.0000000000
48125  44.304  -37.881  8.341 0.0000000000
115701  41.410  -37.473  10.991 0.0000000000
48095  42.083  -37.523  10.041 0.0000000000
130001  42.840  -37.696  9.501 0.0000000000
48128  41.638  -37.797  8.358 0.0000000000
48127  42.394  -37.900  8.510 0.0000000000
118480  42.994  -37.976  8.976 0.0000000000
118253  43.626  -37.878  8.103 0.0000000000
48136  43.972  -37.663  7.572 0.0000000000
49098  43.611  -36.456  5.529 0.0000000000
49113  39.299  -35.951  4.568 0.0000000000
132029  39.305  -35.652  3.772 0.0000000000
50140  38.852  -35.434  3.184 0.0000000000
50141  38.037  -35.482  3.309 0.0000000000
47164  36.260  -38.534  7.519 0.0000000000
46190  35.849  -39.349  7.767 0.0000000000
47168  36.029  -38.171  6.833 0.0000000000
48154  35.768  -37.793  6.192 0.0000000000
49117  35.307  -36.634  4.386 0.0000000000
45282  34.206  -40.192  6.790 0.0000000000
46196  34.280  -39.556  6.448 0.0000000000
47174  33.956  -38.504  5.376 0.0000000000
47180  33.493  -38.355  4.792 0.0000000000
37535  37.922  -49.036  14.184 0.0000000000
38550  36.915  -48.104  13.569 0.0000000000
38551  36.098  -47.900  13.171 0.0000000000
37540  35.596  -48.579  13.059 0.0000000000
38556  35.302  -47.705  12.923 0.0000000000
39564  35.031  -46.882  12.816 0.0000000000
40583  33.933  -46.071  12.379 0.0000000000
40594  33.204  -45.663  12.055 0.0000000000
36471  33.119  -49.506  11.534 0.0000000000
38562  33.010  -47.824  11.729 0.0000000000
38566  31.783  -47.842  10.496 0.0000000000
38563  32.404  -47.874  11.107 0.0000000000
132751  32.646  -47.177  11.586 0.0000000000
39575  32.635  -46.438  11.723 0.0000000000
40595  32.334  -45.759  11.458 0.0000000000
41637  32.860  -44.987  11.591 0.0000000000
41656  31.816  -44.394  10.197 0.0000000000
42608  31.475  -44.070  9.576 0.0000000000
42611  31.036  -43.695  8.986 0.0000000000
43475  29.865  -42.648  7.433 0.0000000000
43484  28.954  -42.414  6.392 0.0000000000
36501  28.058  -48.253  8.671 0.0000000000
37565  28.816  -48.221  8.747 0.0000000000
38577  29.088  -47.633  8.298 0.0000000000
38582  29.018  -46.986  7.837 0.0000000000
38614  25.459  -47.189  6.060 0.0000000000
39623  26.347  -46.079  5.670 0.0000000000
39597  28.095  -46.657  7.235 0.0000000000
39596  28.644  -46.504  7.409 0.0000000000
39595  29.205  -46.416  7.697 0.0000000000
121241  29.026  -45.178  7.034 0.0000000000
41678  28.852  -44.487  6.796 0.0000000000
41696  27.916  -44.505  5.628 0.0000000000
41679  28.345  -44.476  6.146 0.0000000000
43495  28.817  -41.912  5.810 0.0000000000
60657  50.344  -24.272  1.094 0.0000000000
61604  49.981  -24.019  0.364 0.0000000000
61617  49.770  -23.760  -0.360 0.0000000000
116875  47.445  -24.344  -0.351 0.0000000000
61619  48.026  -23.986  -0.935 0.0000000000
132141  48.496  -23.755  -1.492 0.0000000000
61631  49.180  -23.584  -1.665 0.0000000000
61641  48.531  -23.587  -2.317 0.0000000000
61650  47.524  -23.642  -3.328 0.0000000000
58966  42.864  -25.897  -2.895 0.0000000000
54326  44.255  -31.789  4.781 0.0000000000
117197  44.181  -31.773  3.959 0.0000000000
54349  44.259  -31.678  3.139 0.0000000000
125848  45.875  -31.876  2.562 0.0000000000
24981  19.571  -59.435  20.946 0.0000000000
25009  18.759  -60.022  18.381 0.0000000000
25017  19.126  -59.873  17.926 0.0000000000
25941  20.085  -58.875  22.860 0.0000000000
25952  20.253  -59.095  22.127 0.0000000000
25953  19.810  -59.157  22.378 0.0000000000
25967  20.347  -59.168  21.461 0.0000000000
26007  19.677  -58.764  17.941 0.0000000000
26033  19.679  -58.841  15.690 0.0000000000
26940  19.659  -58.337  24.446 0.0000000000
26952  17.972  -57.966  23.491 0.0000000000
26965  20.627  -58.759  21.816 0.0000000000
26966  18.981  -58.680  22.086 0.0000000000
26980  18.281  -58.286  19.972 0.0000000000
26987  20.885  -57.964  19.160 0.0000000000
27942  20.347  -57.075  24.913 0.0000000000
27957  14.946  -56.978  24.916 0.0000000000
27971  20.904  -57.723  22.166 0.0000000000
28010  17.223  -58.138  16.756 0.0000000000
29009  14.977  -56.131  22.857 0.0000000000
29017  29.783  -55.993  21.626 0.0000000000
29033  22.227  -56.757  20.213 0.0000000000
29048  17.045  -56.854  18.970 0.0000000000
29062  15.605  -56.052  18.378 0.0000000000
29075  16.206  -56.361  17.747 0.0000000000
30087  16.449  -56.143  20.114 0.0000000000
30108  15.638  -55.790  19.838 0.0000000000
30116  33.287  -55.165  19.398 0.0000000000
30149  18.965  -55.177  14.254 0.0000000000
31129  34.200  -54.120  20.243 0.0000000000
31157  35.709  -53.911  18.076 0.0000000000
32184  36.147  -53.407  17.543 0.0000000000
32197  36.314  -52.954  16.850 0.0000000000
33121  35.995  -51.654  22.149 0.0000000000
33136  35.996  -52.258  21.297 0.0000000000
33201  36.439  -52.604  17.805 0.0000000000
33219  35.449  -52.593  15.095 0.0000000000
33229  21.836  -53.236  15.550 0.0000000000
34287  36.121  -51.313  15.647 0.0000000000
34312  33.589  -51.614  13.186 0.0000000000
35409  37.173  -50.066  14.463 0.0000000000
36335  36.058  -50.525  21.855 0.0000000000
37439  35.125  -49.224  19.347 0.0000000000
37483  39.374  -47.770  15.508 0.0000000000
37486  35.002  -48.323  16.307 0.0000000000
38501  40.253  -47.083  15.473 0.0000000000
38502  39.827  -47.426  15.596 0.0000000000
39469  40.968  -45.995  17.387 0.0000000000
39488  40.728  -46.501  16.930 0.0000000000
39507  35.494  -46.766  16.520 0.0000000000
39517  40.707  -46.753  15.731 0.0000000000
39525  40.463  -46.569  15.129 0.0000000000
40504  40.882  -45.546  18.001 0.0000000000
40505  40.047  -45.232  18.688 0.0000000000
40509  35.797  -45.122  17.785 0.0000000000
40511  33.982  -45.470  19.037 0.0000000000
40528  37.305  -45.689  17.625 0.0000000000
40530  35.483  -45.415  17.392 0.0000000000
41539  34.260  -44.888  18.856 0.0000000000
41548  35.174  -45.071  17.834 0.0000000000
41559  41.366  -45.217  16.587 0.0000000000
42521  41.587  -43.162  17.748 0.0000000000
44280  42.145  -41.456  18.225 0.0000000000
45185  42.225  -40.848  17.939 0.0000000000
46099  42.467  -39.548  17.798 0.0000000000
46132  38.123  -39.627  13.760 0.0000000000
47076  39.314  -38.260  13.731 0.0000000000
47113  45.996  -37.954  10.640 0.0000000000
47151  44.899  -38.039  9.517 0.0000000000
48069  46.733  -37.770  11.635 0.0000000000
49088  40.651  -36.749  6.403 0.0000000000
50005  43.309  -34.881  15.129 0.0000000000
50015  43.419  -35.146  14.376 0.0000000000
51152  51.143  -34.680  8.464 0.0000000000
52133  48.417  -33.491  10.961 0.0000000000
52199  54.155  -32.975  4.095 0.0000000000
53203  44.725  -31.909  8.112 0.0000000000
53270  47.023  -32.502  5.680 0.0000000000
54226  48.618  -32.037  15.126 0.0000000000
54323  50.576  -32.207  4.548 0.0000000000
54325  45.015  -32.081  3.755 0.0000000000
56237  50.798  -28.313  12.775 0.0000000000
56263  46.510  -29.489  9.028 0.0000000000
56309  44.033  -29.206  5.173 0.0000000000
57186  48.205  -28.138  10.017 0.0000000000
57224  46.204  -28.198  7.728 0.0000000000
57274  44.122  -28.760  4.481 0.0000000000
58091  46.614  -27.615  4.590 0.0000000000
58118  42.117  -28.160  0.730 0.0000000000
58901  48.578  -26.403  5.194 0.0000000000
58910  49.264  -26.460  4.316 0.0000000000
58949  45.056  -26.058  0.805 0.0000000000
58961  42.913  -25.969  -2.038 0.0000000000
58962  42.469  -26.573  -1.709 0.0000000000
59703  48.300  -25.300  8.952 0.0000000000
59746  50.494  -25.525  4.563 0.0000000000
59784  46.840  -24.874  0.234 0.0000000000
59802  43.406  -25.392  -2.377 0.0000000000
60599  51.928  -24.568  5.228 0.0000000000
61588  51.052  -24.069  1.142 0.0000000000
61605  49.165  -24.023  0.138 0.0000000000
61618  48.951  -23.821  -0.792 0.0000000000
61639  50.448  -23.270  -2.411 0.0000000000
61649  48.163  -23.540  -3.051 0.0000000000
113590  26.067  -50.406  13.011 0.0000000000
113746  36.202  -51.479  19.043 0.0000000000
114047  35.119  -38.088  5.973 0.0000000000
114649  38.964  -44.872  20.011 0.0000000000
114754  47.770  -32.601  6.001 0.0000000000
114982  45.490  -37.578  7.699 0.0000000000
116643  46.299  -32.687  6.796 0.0000000000
117638  46.239  -24.132  -2.317 0.0000000000
118171  36.094  -51.234  20.841 0.0000000000
119512  41.288  -44.049  18.839 0.0000000000
120714  19.282  -58.398  24.770 0.0000000000
121332  21.058  -57.862  21.664 0.0000000000
122038  36.345  -53.133  19.437 0.0000000000
123056  20.201  -59.171  20.032 0.0000000000
123250  41.322  -45.667  16.927 0.0000000000
125165  18.416  -59.039  19.652 0.0000000000
125861  46.434  -28.993  8.619 0.0000000000
127432  45.992  -33.017  9.026 0.0000000000
128836  28.734  -49.232  10.121 0.0000000000
129232  36.456  -52.646  19.146 0.0000000000
129416  36.023  -47.042  16.311 0.0000000000
131560  41.259  -45.529  16.027 0.0000000000
131843  44.622  -27.756  3.200 0.0000000000
134047  17.678  -57.314  21.062 0.0000000000
134193  46.501  -26.779  2.546 0.0000000000
134227  15.089  -55.819  21.720 0.0000000000
134362  36.057  -51.100  20.528 0.0000000000
134627  34.785  -45.187  17.930 0.0000000000
134840  16.546  -56.701  22.636 0.0000000000
135096  19.155  -58.642  23.339 0.0000000000
135100  44.515  -30.020  7.243 0.0000000000
135698  19.603  -57.258  27.839 0.0000000000
135860  18.994  -59.633  15.572 0.0000000000
136552  19.718  -59.536  20.362 0.0000000000
136873  42.410  -29.715  1.941 0.0000000000
137194  49.132  -25.749  2.525 0.0000000000
137418  39.241  -47.588  16.402 0.0000000000
