#!ascii label  , from subject sub-v1s7x0051324_ses-1 vox2ras=TkReg
931
99274  40.645  20.460  -13.099 0.0000000000
98625  47.443  19.617  -2.824 0.0000000000
113798  44.329  16.721  -7.054 0.0000000000
97496  35.797  18.366  -10.358 0.0000000000
118185  39.023  16.509  -8.350 0.0000000000
100968  46.819  24.176  -12.874 0.0000000000
99778  41.114  22.152  -2.994 0.0000000000
128201  44.176  26.186  -5.014 0.0000000000
94881  49.320  14.315  -5.510 0.0000000000
96363  47.115  16.869  -11.978 0.0000000000
122337  45.407  22.838  -8.532 0.0000000000
98053  40.612  20.322  -6.829 0.0000000000
98037  42.236  19.050  -4.238 0.0000000000
131955  43.306  13.575  -3.780 0.0000000000
104499  45.640  31.338  -5.309 0.0000000000
100922  50.287  24.661  -5.441 0.0000000000
95676  42.287  15.743  -9.681 0.0000000000
98087  38.038  19.332  -12.253 0.0000000000
96950  37.040  17.624  -9.839 0.0000000000
98078  39.115  18.869  -11.079 0.0000000000
99285  43.803  21.995  -15.599 0.0000000000
99281  39.429  21.255  -13.525 0.0000000000
100911  39.882  24.327  -3.606 0.0000000000
92563  51.431  11.414  -4.073 0.0000000000
94912  51.786  14.439  -8.801 0.0000000000
92590  49.706  11.677  -6.631 0.0000000000
134393  47.560  31.104  -9.344 0.0000000000
99230  47.029  21.479  -6.112 0.0000000000
99216  44.349  21.844  -5.426 0.0000000000
98035  45.053  18.984  -3.654 0.0000000000
94067  39.445  13.775  0.568 0.0000000000
94861  40.759  14.870  -2.910 0.0000000000
93297  42.404  12.397  -0.337 0.0000000000
126599  44.930  12.144  -1.062 0.0000000000
100398  46.342  23.346  -3.545 0.0000000000
121327  48.014  25.856  -3.868 0.0000000000
136771  49.982  21.554  -4.277 0.0000000000
99252  49.887  21.606  -8.822 0.0000000000
97473  41.846  18.493  -7.431 0.0000000000
96932  42.065  18.030  -8.748 0.0000000000
113661  44.006  17.323  -9.297 0.0000000000
94900  37.720  15.106  -6.827 0.0000000000
94907  39.215  14.340  -7.878 0.0000000000
101428  47.892  25.099  -8.426 0.0000000000
101441  44.714  25.477  -9.594 0.0000000000
99191  44.459  21.314  -2.701 0.0000000000
97440  43.988  18.099  -1.874 0.0000000000
103952  39.153  30.530  -4.583 0.0000000000
103949  42.263  30.160  -4.754 0.0000000000
128915  43.425  24.253  -4.156 0.0000000000
95649  46.955  15.542  -6.829 0.0000000000
96343  45.982  16.985  -9.737 0.0000000000
96328  49.385  16.259  -9.034 0.0000000000
94941  49.725  15.818  -12.305 0.0000000000
99862  42.225  22.802  -11.045 0.0000000000
99850  40.454  21.925  -9.700 0.0000000000
99816  42.474  22.809  -7.502 0.0000000000
98652  41.468  20.392  -5.566 0.0000000000
134175  41.575  17.769  -5.478 0.0000000000
96883  42.335  17.165  -2.175 0.0000000000
95627  41.513  15.804  -4.390 0.0000000000
136950  43.904  15.379  -5.722 0.0000000000
94107  45.948  13.683  -4.555 0.0000000000
93327  48.047  12.341  -3.212 0.0000000000
105076  44.519  33.054  -8.229 0.0000000000
103437  48.348  29.904  -6.553 0.0000000000
102401  48.448  28.326  -4.372 0.0000000000
127041  50.310  27.054  -6.678 0.0000000000
100433  50.103  23.340  -9.784 0.0000000000
99858  46.983  22.700  -11.882 0.0000000000
97486  39.885  19.124  -8.556 0.0000000000
130108  40.809  15.986  -8.773 0.0000000000
94159  40.659  13.626  -9.819 0.0000000000
95685  44.429  16.305  -10.608 0.0000000000
131729  39.557  19.699  -13.016 0.0000000000
98085  38.979  18.987  -12.177 0.0000000000
98690  39.527  19.381  -11.630 0.0000000000
125771  42.054  20.750  -14.971 0.0000000000
99916  41.207  21.504  -15.551 0.0000000000
99288  40.592  20.824  -14.361 0.0000000000
98704  38.612  20.025  -13.072 0.0000000000
129418  50.741  10.135  -3.097 0.0000000000
92580  51.134  11.117  -5.137 0.0000000000
91838  48.911  10.228  -5.067 0.0000000000
93383  37.459  12.576  -8.522 0.0000000000
98649  47.666  19.846  -4.464 0.0000000000
98642  46.682  19.773  -4.229 0.0000000000
98033  46.837  19.107  -3.461 0.0000000000
94058  41.189  13.824  1.964 0.0000000000
93292  40.763  12.905  -0.026 0.0000000000
99201  47.319  21.146  -2.855 0.0000000000
100397  47.957  22.807  -3.207 0.0000000000
99200  48.890  20.817  -3.488 0.0000000000
99213  48.951  20.781  -5.387 0.0000000000
96910  43.328  17.582  -7.196 0.0000000000
96919  43.413  17.921  -7.991 0.0000000000
96918  44.193  17.406  -8.393 0.0000000000
97488  35.102  18.316  -9.168 0.0000000000
136692  35.669  17.634  -9.425 0.0000000000
96949  38.097  17.429  -9.547 0.0000000000
96336  37.506  16.602  -8.032 0.0000000000
114956  38.094  16.145  -7.764 0.0000000000
94908  38.487  14.650  -7.290 0.0000000000
95663  39.020  15.224  -7.715 0.0000000000
118094  47.800  24.366  -10.054 0.0000000000
101439  46.505  25.268  -9.020 0.0000000000
100960  45.237  25.035  -11.663 0.0000000000
98079  36.355  19.220  -11.049 0.0000000000
98080  35.764  19.610  -10.202 0.0000000000
99193  42.543  21.359  -2.709 0.0000000000
98629  43.036  20.651  -2.329 0.0000000000
98631  41.366  20.648  -2.292 0.0000000000
99790  40.683  22.882  -3.287 0.0000000000
100909  41.567  24.230  -4.024 0.0000000000
99788  42.424  22.792  -3.409 0.0000000000
137338  43.982  22.668  -3.407 0.0000000000
94897  48.495  14.796  -5.974 0.0000000000
96316  48.386  16.064  -8.290 0.0000000000
95658  50.215  15.548  -7.663 0.0000000000
94155  50.862  14.040  -9.713 0.0000000000
94927  51.222  15.456  -11.153 0.0000000000
94928  50.298  14.984  -11.556 0.0000000000
100441  43.904  23.325  -9.505 0.0000000000
126763  42.238  23.065  -9.384 0.0000000000
99830  44.289  23.010  -8.015 0.0000000000
98645  43.393  20.184  -4.592 0.0000000000
98650  43.064  21.020  -5.247 0.0000000000
98042  41.774  19.747  -4.878 0.0000000000
97467  41.142  18.962  -5.741 0.0000000000
122393  41.369  18.291  -5.179 0.0000000000
97441  43.130  17.885  -1.583 0.0000000000
97454  43.703  17.743  -2.101 0.0000000000
96884  41.709  16.954  -1.796 0.0000000000
94099  41.758  13.844  -3.260 0.0000000000
95619  41.151  15.383  -3.622 0.0000000000
94871  41.825  14.978  -4.350 0.0000000000
94887  42.423  15.126  -4.908 0.0000000000
94869  43.506  14.367  -4.726 0.0000000000
94885  44.964  14.685  -5.412 0.0000000000
130236  44.374  13.616  -4.158 0.0000000000
92542  46.064  11.574  -0.348 0.0000000000
130622  46.089  12.102  -1.962 0.0000000000
104514  45.063  32.101  -7.201 0.0000000000
104517  46.223  30.917  -7.742 0.0000000000
103964  47.374  30.271  -5.961 0.0000000000
102914  43.548  28.644  -5.087 0.0000000000
120037  44.098  29.592  -5.014 0.0000000000
120599  45.155  27.956  -5.080 0.0000000000
100914  49.439  24.905  -3.656 0.0000000000
122093  48.295  27.466  -4.160 0.0000000000
101920  49.607  26.315  -4.408 0.0000000000
102415  49.896  27.620  -5.526 0.0000000000
101413  50.239  25.520  -5.911 0.0000000000
118429  50.046  24.572  -7.528 0.0000000000
100424  50.755  23.015  -7.567 0.0000000000
99828  47.229  22.357  -9.061 0.0000000000
99843  48.432  22.165  -10.262 0.0000000000
99845  45.795  22.829  -9.599 0.0000000000
116169  44.447  23.005  -11.583 0.0000000000
99245  40.248  21.408  -7.611 0.0000000000
98677  39.681  20.682  -8.856 0.0000000000
98068  39.986  19.916  -8.039 0.0000000000
96345  41.732  17.215  -9.065 0.0000000000
134228  41.303  17.812  -8.839 0.0000000000
130362  41.580  16.094  -9.216 0.0000000000
95678  41.002  15.178  -9.126 0.0000000000
95677  41.633  15.114  -9.577 0.0000000000
96943  46.264  16.970  -10.442 0.0000000000
96954  45.635  16.891  -10.366 0.0000000000
95691  45.677  16.146  -12.015 0.0000000000
97509  36.832  18.851  -11.383 0.0000000000
97495  36.533  18.084  -10.628 0.0000000000
97503  37.063  18.465  -11.181 0.0000000000
127075  38.347  18.179  -10.745 0.0000000000
97493  38.620  17.797  -9.958 0.0000000000
116580  45.235  23.578  -14.491 0.0000000000
98695  37.664  19.802  -12.024 0.0000000000
94118  50.996  13.276  -4.980 0.0000000000
94906  51.441  14.550  -6.831 0.0000000000
94129  52.008  13.064  -5.877 0.0000000000
93366  51.096  12.774  -7.681 0.0000000000
99801  46.389  22.308  -6.922 0.0000000000
113852  45.233  22.438  -6.504 0.0000000000
99207  45.547  21.467  -5.278 0.0000000000
98644  44.507  20.163  -4.318 0.0000000000
98036  43.262  19.165  -4.022 0.0000000000
95604  39.981  15.255  -1.102 0.0000000000
95610  40.445  15.209  -2.031 0.0000000000
94841  40.009  13.920  -0.954 0.0000000000
94076  41.218  13.261  -1.619 0.0000000000
93318  42.968  12.894  -2.185 0.0000000000
93317  43.888  12.810  -2.336 0.0000000000
93304  43.342  12.386  -0.575 0.0000000000
92535  44.897  11.949  0.205 0.0000000000
93283  45.721  11.922  1.582 0.0000000000
105053  44.693  32.550  -5.547 0.0000000000
100917  45.121  24.797  -4.400 0.0000000000
129627  46.213  26.467  -4.696 0.0000000000
130953  47.638  24.304  -3.610 0.0000000000
118673  49.304  23.517  -3.408 0.0000000000
100408  50.507  22.811  -4.678 0.0000000000
99811  50.992  22.035  -7.494 0.0000000000
99227  50.436  21.008  -6.288 0.0000000000
99242  48.473  21.537  -7.312 0.0000000000
98060  40.840  19.666  -6.839 0.0000000000
98061  40.517  19.774  -7.486 0.0000000000
97479  42.017  18.267  -8.180 0.0000000000
96931  42.951  18.016  -8.596 0.0000000000
96344  43.359  17.165  -9.568 0.0000000000
95698  46.843  16.340  -13.365 0.0000000000
95699  46.021  15.862  -12.881 0.0000000000
95652  36.483  15.475  -6.161 0.0000000000
96337  36.782  16.979  -8.481 0.0000000000
96308  36.996  15.786  -6.808 0.0000000000
94902  37.102  14.599  -6.325 0.0000000000
94901  37.829  14.156  -6.875 0.0000000000
118141  38.436  13.781  -7.466 0.0000000000
94151  39.203  12.979  -8.937 0.0000000000
102444  47.438  26.916  -8.054 0.0000000000
101954  45.482  26.547  -8.345 0.0000000000
99190  46.115  20.380  -2.457 0.0000000000
114259  45.545  18.686  -2.578 0.0000000000
117706  44.885  19.312  -2.194 0.0000000000
125043  42.609  18.650  -1.382 0.0000000000
97443  41.619  17.770  -0.941 0.0000000000
96868  39.895  16.783  -0.852 0.0000000000
94837  38.695  14.992  0.042 0.0000000000
103950  41.253  30.204  -4.540 0.0000000000
120843  41.624  28.576  -4.558 0.0000000000
124024  42.493  26.951  -4.955 0.0000000000
131314  43.823  25.503  -4.813 0.0000000000
100907  44.569  23.948  -4.003 0.0000000000
120687  45.490  22.399  -3.183 0.0000000000
95662  45.503  16.342  -7.328 0.0000000000
96318  45.637  16.703  -8.195 0.0000000000
129646  46.352  16.588  -8.553 0.0000000000
96329  48.137  16.466  -9.190 0.0000000000
96351  48.003  16.908  -11.191 0.0000000000
95657  51.321  15.394  -8.443 0.0000000000
96349  50.736  16.400  -10.943 0.0000000000
96369  48.132  16.684  -12.874 0.0000000000
99875  41.738  22.171  -11.798 0.0000000000
99267  40.450  21.005  -11.170 0.0000000000
99848  41.789  22.875  -10.022 0.0000000000
99833  41.208  22.626  -8.392 0.0000000000
99244  40.910  21.864  -7.226 0.0000000000
99803  43.638  22.607  -6.442 0.0000000000
99233  42.269  21.683  -6.253 0.0000000000
98661  40.960  20.731  -6.270 0.0000000000
118059  40.930  19.482  -6.121 0.0000000000
96904  41.576  18.342  -6.296 0.0000000000
96306  43.545  16.776  -6.620 0.0000000000
97452  45.072  18.319  -2.708 0.0000000000
97458  43.995  17.939  -2.683 0.0000000000
114715  42.014  18.230  -3.749 0.0000000000
117170  41.018  16.496  -2.491 0.0000000000
136124  41.198  16.690  -3.105 0.0000000000
97462  41.473  17.966  -4.234 0.0000000000
96297  41.711  17.047  -5.267 0.0000000000
95637  43.338  15.888  -5.838 0.0000000000
95651  44.259  16.023  -6.380 0.0000000000
95635  45.488  15.220  -6.030 0.0000000000
94883  46.733  14.605  -5.638 0.0000000000
114620  47.502  13.596  -4.665 0.0000000000
93330  45.173  12.773  -3.169 0.0000000000
93328  46.822  12.730  -3.540 0.0000000000
94106  48.694  13.293  -4.525 0.0000000000
93326  50.372  11.689  -3.353 0.0000000000
104526  45.598  31.501  -9.114 0.0000000000
103977  48.058  30.426  -8.234 0.0000000000
103436  49.270  29.514  -7.262 0.0000000000
134425  46.655  27.280  -4.700 0.0000000000
103427  46.940  30.165  -4.974 0.0000000000
102925  48.558  29.442  -5.008 0.0000000000
128970  49.716  28.693  -6.168 0.0000000000
136067  50.373  27.581  -7.293 0.0000000000
101420  49.472  25.346  -7.394 0.0000000000
100939  48.552  24.281  -9.425 0.0000000000
100957  48.247  23.709  -12.125 0.0000000000
99842  50.196  22.346  -9.692 0.0000000000
99869  48.855  22.769  -11.998 0.0000000000
100979  47.005  23.617  -13.282 0.0000000000
100472  45.372  22.931  -13.909 0.0000000000
99885  43.367  21.981  -13.682 0.0000000000
117912  39.506  19.661  -10.422 0.0000000000
97487  39.401  18.460  -9.365 0.0000000000
96934  39.422  17.135  -8.671 0.0000000000
125663  40.428  18.734  -8.575 0.0000000000
96933  40.387  17.739  -8.761 0.0000000000
113379  39.838  16.622  -8.509 0.0000000000
95670  39.691  15.164  -8.131 0.0000000000
94150  39.659  13.754  -8.553 0.0000000000
96928  45.243  17.005  -9.395 0.0000000000
124093  44.187  16.989  -9.813 0.0000000000
95686  43.598  15.804  -10.397 0.0000000000
94936  44.385  14.975  -11.907 0.0000000000
94930  42.471  14.376  -10.524 0.0000000000
92582  48.056  10.865  -5.846 0.0000000000
119882  47.750  12.381  -7.619 0.0000000000
98702  40.031  20.004  -13.172 0.0000000000
98084  39.532  19.502  -12.621 0.0000000000
120474  40.136  20.036  -12.172 0.0000000000
99280  41.535  20.705  -13.933 0.0000000000
99287  41.226  20.751  -14.604 0.0000000000
98701  40.717  20.477  -13.801 0.0000000000
98703  39.660  19.951  -13.270 0.0000000000
122021  49.870  10.018  -4.260 0.0000000000
98641  48.116  19.525  -3.749 0.0000000000
121511  47.435  19.336  -3.794 0.0000000000
98032  47.364  19.204  -3.295 0.0000000000
99188  47.371  20.047  -2.672 0.0000000000
127254  47.977  20.238  -3.104 0.0000000000
98636  48.514  19.947  -3.571 0.0000000000
98640  48.847  19.914  -4.036 0.0000000000
96320  43.973  17.294  -7.545 0.0000000000
96952  35.427  18.105  -9.721 0.0000000000
96938  35.143  17.798  -9.066 0.0000000000
96935  38.557  17.053  -8.735 0.0000000000
96335  38.258  16.594  -8.251 0.0000000000
96321  38.711  15.978  -7.890 0.0000000000
114206  47.600  24.225  -11.068 0.0000000000
100949  46.514  24.711  -10.854 0.0000000000
128436  46.263  24.697  -11.966 0.0000000000
97505  35.719  18.903  -10.419 0.0000000000
97497  35.378  18.607  -9.797 0.0000000000
99777  42.014  22.093  -3.083 0.0000000000
99194  41.648  21.390  -2.718 0.0000000000
99195  40.719  21.427  -2.631 0.0000000000
99789  41.550  22.815  -3.384 0.0000000000
95647  49.303  15.228  -6.739 0.0000000000
94896  49.884  14.666  -6.066 0.0000000000
94164  50.654  14.543  -10.700 0.0000000000
99846  44.663  23.078  -9.216 0.0000000000
99847  43.792  23.269  -8.787 0.0000000000
98646  42.560  19.746  -4.574 0.0000000000
98038  41.420  18.912  -4.720 0.0000000000
96875  41.485  17.111  -1.163 0.0000000000
96874  42.305  17.459  -1.494 0.0000000000
94098  42.626  13.643  -3.561 0.0000000000
94859  42.187  14.230  -3.954 0.0000000000
94110  42.977  13.979  -4.188 0.0000000000
94870  42.664  14.581  -4.599 0.0000000000
94109  43.739  13.809  -4.235 0.0000000000
94097  43.946  13.367  -3.706 0.0000000000
92533  46.803  11.366  0.160 0.0000000000
131740  45.041  32.386  -5.590 0.0000000000
105065  45.051  32.570  -6.239 0.0000000000
104510  45.324  32.012  -5.610 0.0000000000
104513  45.602  31.520  -6.685 0.0000000000
104512  45.896  31.247  -5.801 0.0000000000
120598  44.043  27.794  -5.184 0.0000000000
124026  44.596  27.013  -5.133 0.0000000000
100913  50.028  24.643  -4.197 0.0000000000
101397  49.519  25.694  -3.987 0.0000000000
101406  49.907  25.575  -4.818 0.0000000000
101928  49.932  26.310  -5.307 0.0000000000
100929  50.405  24.667  -6.535 0.0000000000
100418  50.696  23.621  -6.325 0.0000000000
116317  46.313  22.580  -8.103 0.0000000000
99829  46.304  22.666  -9.027 0.0000000000
100440  44.453  23.235  -10.079 0.0000000000
137382  40.175  20.947  -7.502 0.0000000000
98676  39.865  20.692  -8.032 0.0000000000
98668  40.258  20.487  -7.473 0.0000000000
125614  42.438  16.743  -9.476 0.0000000000
96352  47.067  16.983  -11.257 0.0000000000
96353  46.309  16.905  -11.108 0.0000000000
96364  46.247  16.677  -11.752 0.0000000000
97508  37.518  18.859  -11.728 0.0000000000
97501  38.570  18.622  -11.353 0.0000000000
99897  45.035  22.877  -15.307 0.0000000000
100998  44.540  23.361  -15.320 0.0000000000
100496  44.032  22.646  -15.812 0.0000000000
99900  40.568  22.026  -15.027 0.0000000000
100494  41.314  22.382  -15.555 0.0000000000
98094  38.572  19.557  -12.846 0.0000000000
98095  38.191  19.715  -12.666 0.0000000000
98088  37.198  19.222  -11.704 0.0000000000
94104  51.335  12.462  -4.510 0.0000000000
94117  51.821  12.763  -5.114 0.0000000000
93338  51.723  12.077  -4.593 0.0000000000
92589  50.830  11.436  -5.995 0.0000000000
93358  51.213  12.140  -6.678 0.0000000000
93367  49.809  12.297  -7.432 0.0000000000
93378  49.871  12.945  -8.250 0.0000000000
104540  45.938  31.812  -10.030 0.0000000000
105095  46.305  32.282  -10.908 0.0000000000
99231  45.984  21.925  -5.910 0.0000000000
98643  45.648  19.796  -4.133 0.0000000000
131404  45.871  20.690  -4.706 0.0000000000
129017  44.106  19.353  -4.002 0.0000000000
94836  39.478  14.541  -0.539 0.0000000000
94072  39.585  13.722  -0.143 0.0000000000
93298  41.497  12.606  -0.143 0.0000000000
94070  41.017  13.067  -0.750 0.0000000000
93306  41.794  12.787  -1.010 0.0000000000
94075  42.025  12.971  -1.948 0.0000000000
93305  42.678  12.635  -1.258 0.0000000000
136912  43.865  12.218  0.598 0.0000000000
93284  44.759  12.208  1.469 0.0000000000
92526  45.255  11.832  0.918 0.0000000000
100906  45.686  24.076  -3.979 0.0000000000
100916  46.169  24.911  -4.166 0.0000000000
128455  47.331  23.571  -3.475 0.0000000000
99783  49.288  21.898  -3.522 0.0000000000
100396  48.929  22.739  -3.340 0.0000000000
100395  49.648  22.869  -3.522 0.0000000000
125522  50.127  22.935  -3.837 0.0000000000
99793  50.332  22.068  -4.417 0.0000000000
99794  50.881  21.801  -5.346 0.0000000000
99795  50.481  21.314  -4.994 0.0000000000
99229  48.191  21.248  -6.257 0.0000000000
99243  47.449  21.785  -6.900 0.0000000000
97474  41.298  19.087  -6.781 0.0000000000
97480  41.288  19.070  -7.730 0.0000000000
96930  43.737  17.668  -8.794 0.0000000000
96946  43.458  17.671  -9.146 0.0000000000
96947  42.709  17.668  -9.178 0.0000000000
135016  43.747  17.354  -9.414 0.0000000000
96309  36.127  16.309  -6.772 0.0000000000
96937  36.441  17.366  -9.253 0.0000000000
96322  37.576  15.949  -7.369 0.0000000000
134326  37.118  15.230  -6.477 0.0000000000
94138  38.882  13.426  -8.172 0.0000000000
101944  48.070  26.260  -7.875 0.0000000000
101422  47.656  25.763  -8.098 0.0000000000
101440  45.805  25.296  -9.539 0.0000000000
101430  45.968  25.816  -8.582 0.0000000000
101431  45.038  25.855  -8.756 0.0000000000
101432  44.126  25.982  -8.897 0.0000000000
117769  45.214  20.343  -2.358 0.0000000000
98628  44.398  20.468  -2.336 0.0000000000
98024  43.111  19.792  -1.941 0.0000000000
126022  41.491  18.509  -1.062 0.0000000000
96869  39.377  17.517  -0.783 0.0000000000
95600  38.537  15.838  -0.023 0.0000000000
104491  40.888  30.886  -4.766 0.0000000000
103951  40.423  30.245  -4.425 0.0000000000
119909  40.953  28.970  -4.263 0.0000000000
102403  41.424  27.767  -4.506 0.0000000000
102402  42.126  27.772  -4.817 0.0000000000
100908  42.446  24.221  -4.074 0.0000000000
100919  42.800  24.885  -4.489 0.0000000000
129829  43.115  25.504  -4.797 0.0000000000
100918  43.454  24.990  -4.583 0.0000000000
128909  44.158  24.823  -4.509 0.0000000000
99775  43.778  22.058  -3.059 0.0000000000
99774  44.582  22.176  -3.100 0.0000000000
99203  45.335  21.385  -2.726 0.0000000000
117185  45.996  15.718  -6.751 0.0000000000
95661  46.463  16.142  -7.661 0.0000000000
115861  47.852  16.768  -10.227 0.0000000000
96341  49.329  16.484  -10.055 0.0000000000
94905  51.806  14.375  -7.395 0.0000000000
134321  51.290  15.048  -7.472 0.0000000000
95667  51.766  14.952  -8.812 0.0000000000
94933  50.514  15.700  -11.761 0.0000000000
95684  51.021  16.093  -11.493 0.0000000000
133747  50.324  16.033  -11.842 0.0000000000
96361  48.976  16.588  -11.820 0.0000000000
95696  49.199  16.177  -13.098 0.0000000000
95697  48.571  16.210  -13.604 0.0000000000
94949  48.838  15.632  -13.738 0.0000000000
99832  42.162  22.983  -8.474 0.0000000000
99817  41.490  22.511  -7.703 0.0000000000
99805  41.867  22.165  -6.973 0.0000000000
99802  44.392  22.427  -6.121 0.0000000000
99796  43.803  22.217  -5.885 0.0000000000
99218  42.235  21.051  -5.605 0.0000000000
99219  41.585  21.068  -6.013 0.0000000000
98052  40.814  20.057  -6.063 0.0000000000
96903  41.998  17.508  -6.097 0.0000000000
96307  42.812  17.325  -6.539 0.0000000000
98022  44.697  18.400  -2.263 0.0000000000
97459  42.929  17.626  -2.629 0.0000000000
98030  43.118  18.320  -3.381 0.0000000000
97460  41.817  17.451  -3.207 0.0000000000
119347  40.648  16.020  -2.044 0.0000000000
95620  40.789  15.681  -2.821 0.0000000000
96281  41.163  16.281  -3.525 0.0000000000
96887  41.344  17.099  -3.724 0.0000000000
96289  41.442  16.696  -4.452 0.0000000000
96894  41.437  17.523  -4.692 0.0000000000
95639  41.832  16.153  -5.125 0.0000000000
94886  43.190  15.067  -5.233 0.0000000000
95638  42.522  15.672  -5.338 0.0000000000
95636  44.642  15.307  -5.884 0.0000000000
94867  45.396  14.167  -4.941 0.0000000000
94884  45.846  14.662  -5.538 0.0000000000
94122  46.256  14.176  -5.105 0.0000000000
94121  47.139  14.120  -5.190 0.0000000000
136269  46.682  13.771  -4.766 0.0000000000
93303  44.417  12.476  -1.671 0.0000000000
93331  44.286  12.971  -3.100 0.0000000000
93316  44.752  12.581  -2.469 0.0000000000
93314  46.926  12.149  -2.584 0.0000000000
93341  47.769  12.962  -4.009 0.0000000000
93340  49.262  12.451  -3.764 0.0000000000
135712  44.580  33.823  -8.018 0.0000000000
105964  44.628  34.603  -8.035 0.0000000000
105573  44.437  33.752  -8.849 0.0000000000
132091  44.924  31.801  -8.746 0.0000000000
103968  47.679  30.230  -7.126 0.0000000000
103978  47.074  30.518  -7.707 0.0000000000
103967  48.775  30.085  -7.696 0.0000000000
101399  46.792  25.755  -4.301 0.0000000000
101923  47.466  26.769  -4.316 0.0000000000
129072  47.517  27.855  -4.452 0.0000000000
102910  47.504  28.872  -4.506 0.0000000000
102919  48.159  29.261  -4.575 0.0000000000
103426  47.707  29.796  -4.909 0.0000000000
129295  48.925  28.849  -4.760 0.0000000000
136479  50.066  26.892  -5.703 0.0000000000
102918  49.607  28.441  -5.371 0.0000000000
128499  50.226  27.962  -6.389 0.0000000000
102442  50.228  26.985  -7.643 0.0000000000
101942  50.119  26.192  -7.079 0.0000000000
134446  49.887  24.062  -8.368 0.0000000000
100934  49.018  24.614  -8.194 0.0000000000
100938  49.662  23.888  -9.228 0.0000000000
100947  48.722  23.682  -10.982 0.0000000000
100946  49.553  23.530  -10.303 0.0000000000
99240  50.383  21.464  -8.077 0.0000000000
99239  50.678  21.839  -8.254 0.0000000000
99259  49.978  21.924  -9.618 0.0000000000
137386  47.351  22.537  -11.383 0.0000000000
99857  48.255  22.358  -11.448 0.0000000000
121996  47.998  22.622  -12.401 0.0000000000
99870  47.657  23.112  -13.040 0.0000000000
99872  46.759  22.844  -12.502 0.0000000000
100470  46.400  23.337  -13.207 0.0000000000
129841  46.133  22.903  -12.439 0.0000000000
99861  43.482  22.928  -11.503 0.0000000000
99873  44.070  22.654  -13.014 0.0000000000
99874  42.799  22.441  -12.242 0.0000000000
99864  40.674  21.893  -10.488 0.0000000000
98689  39.888  20.286  -10.861 0.0000000000
99260  40.167  21.235  -10.181 0.0000000000
98069  39.602  19.759  -8.829 0.0000000000
134975  39.512  19.986  -9.481 0.0000000000
113807  39.786  18.114  -8.843 0.0000000000
97485  41.309  18.547  -8.488 0.0000000000
97481  40.668  19.230  -8.157 0.0000000000
96333  40.765  16.857  -8.683 0.0000000000
122505  40.106  15.934  -8.453 0.0000000000
94913  40.464  14.225  -8.975 0.0000000000
114984  39.971  13.282  -9.314 0.0000000000
96331  45.799  16.950  -9.032 0.0000000000
96332  44.990  17.054  -8.701 0.0000000000
96354  45.051  16.796  -10.392 0.0000000000
96355  43.742  16.562  -10.033 0.0000000000
94944  44.484  14.681  -12.987 0.0000000000
95700  45.165  15.427  -12.409 0.0000000000
98093  39.133  19.466  -12.906 0.0000000000
97507  38.293  18.954  -11.975 0.0000000000
99286  42.843  21.273  -15.388 0.0000000000
99298  42.974  21.714  -15.817 0.0000000000
99299  41.926  21.076  -15.530 0.0000000000
99300  41.153  21.047  -15.135 0.0000000000
99289  39.951  20.926  -14.059 0.0000000000
98712  39.270  20.488  -13.441 0.0000000000
98711  39.841  20.382  -13.675 0.0000000000
98101  39.142  19.911  -13.243 0.0000000000
92564  51.053  10.670  -3.405 0.0000000000
92571  51.636  11.658  -4.715 0.0000000000
91818  51.345  10.863  -4.164 0.0000000000
91837  50.384  10.469  -4.697 0.0000000000
92581  49.647  10.909  -5.784 0.0000000000
99214  47.872  20.622  -5.341 0.0000000000
99215  46.651  20.888  -5.153 0.0000000000
134192  46.357  19.273  -3.757 0.0000000000
98034  46.065  18.842  -3.280 0.0000000000
117848  40.589  13.397  1.260 0.0000000000
94066  40.133  13.264  0.457 0.0000000000
93291  41.174  12.859  0.685 0.0000000000
93290  42.163  12.486  0.509 0.0000000000
99786  46.531  22.363  -3.114 0.0000000000
125984  47.103  22.878  -3.264 0.0000000000
99784  48.382  21.614  -3.180 0.0000000000
99199  49.514  21.293  -3.847 0.0000000000
99205  49.735  21.053  -4.558 0.0000000000
99206  49.186  20.456  -3.969 0.0000000000
98648  48.599  20.009  -4.514 0.0000000000
96911  42.503  17.957  -7.161 0.0000000000
96920  42.608  18.203  -7.928 0.0000000000
96936  37.551  17.130  -8.852 0.0000000000
95664  38.308  15.482  -7.429 0.0000000000
100940  47.334  24.878  -9.100 0.0000000000
101429  46.935  25.652  -8.414 0.0000000000
100948  46.856  24.771  -9.849 0.0000000000
100959  45.454  25.095  -10.646 0.0000000000
101455  44.464  25.327  -10.605 0.0000000000
98692  36.415  20.104  -10.654 0.0000000000
97498  35.139  18.695  -9.145 0.0000000000
99192  43.553  21.185  -2.615 0.0000000000
98630  42.278  20.610  -2.343 0.0000000000
100404  40.285  23.592  -3.507 0.0000000000
100910  40.720  24.256  -3.862 0.0000000000
100403  41.128  23.533  -3.663 0.0000000000
100402  41.990  23.499  -3.746 0.0000000000
100401  42.879  23.505  -3.724 0.0000000000
100400  43.768  23.356  -3.722 0.0000000000
99787  43.274  22.759  -3.396 0.0000000000
99776  42.920  22.086  -3.008 0.0000000000
94898  47.338  14.996  -6.170 0.0000000000
95660  47.613  15.837  -7.551 0.0000000000
95648  48.045  15.358  -6.768 0.0000000000
95659  48.779  15.648  -7.517 0.0000000000
132567  49.420  15.918  -8.236 0.0000000000
94154  51.540  14.239  -9.233 0.0000000000
94917  51.665  14.943  -9.601 0.0000000000
94918  51.372  14.782  -10.236 0.0000000000
94934  49.735  15.218  -12.233 0.0000000000
100451  43.808  23.245  -10.404 0.0000000000
100452  42.738  23.077  -10.208 0.0000000000
100434  43.093  23.284  -9.236 0.0000000000
99831  43.178  23.222  -8.156 0.0000000000
99815  43.431  22.917  -7.240 0.0000000000
99209  43.947  21.129  -4.886 0.0000000000
99217  43.529  21.693  -5.517 0.0000000000
98651  42.365  20.408  -5.037 0.0000000000
98043  41.145  19.626  -5.440 0.0000000000
131593  43.002  17.462  -1.915 0.0000000000
94849  40.965  14.124  -2.811 0.0000000000
94860  41.358  14.563  -3.534 0.0000000000
120424  41.990  15.500  -4.879 0.0000000000
124643  44.092  14.783  -5.303 0.0000000000
94868  44.436  14.138  -4.732 0.0000000000
94108  45.090  13.655  -4.324 0.0000000000
92543  45.327  11.841  -0.405 0.0000000000
93302  45.254  12.252  -1.832 0.0000000000
92549  45.883  11.891  -1.146 0.0000000000
92548  46.892  11.727  -1.615 0.0000000000
105552  44.435  33.723  -6.601 0.0000000000
105071  44.780  32.843  -7.148 0.0000000000
104518  45.328  31.498  -8.038 0.0000000000
103969  46.539  30.682  -6.594 0.0000000000
120640  43.106  29.574  -4.934 0.0000000000
102913  44.587  28.776  -5.079 0.0000000000
101398  49.004  25.853  -3.682 0.0000000000
101922  48.620  26.717  -3.898 0.0000000000
101921  49.250  26.590  -3.935 0.0000000000
119080  48.976  27.451  -4.081 0.0000000000
102416  49.294  28.055  -4.614 0.0000000000
101929  49.564  27.101  -4.660 0.0000000000
101936  50.227  26.226  -6.355 0.0000000000
101419  50.242  25.424  -6.847 0.0000000000
100425  50.339  23.672  -8.015 0.0000000000
100432  50.266  23.478  -8.959 0.0000000000
99827  48.807  21.717  -8.419 0.0000000000
99826  49.246  21.910  -9.535 0.0000000000
123777  48.207  22.028  -9.058 0.0000000000
99844  47.060  22.503  -10.187 0.0000000000
129633  46.363  22.766  -10.737 0.0000000000
99859  46.038  22.873  -11.469 0.0000000000
99860  45.308  22.962  -10.314 0.0000000000
121830  39.996  21.513  -8.337 0.0000000000
99253  40.012  21.426  -9.253 0.0000000000
134776  41.194  16.577  -8.878 0.0000000000
94921  41.096  14.425  -9.647 0.0000000000
96944  45.580  16.961  -9.922 0.0000000000
113527  45.730  16.796  -10.916 0.0000000000
96365  45.336  16.504  -11.172 0.0000000000
97504  36.258  18.615  -10.980 0.0000000000
97494  37.637  17.912  -10.566 0.0000000000
97502  37.900  18.440  -11.351 0.0000000000
100980  46.420  23.834  -13.255 0.0000000000
123510  45.960  24.503  -12.741 0.0000000000
100999  43.885  23.857  -14.940 0.0000000000
100493  42.320  22.786  -15.812 0.0000000000
99282  38.765  20.782  -13.047 0.0000000000
98705  38.197  20.309  -12.581 0.0000000000
98696  36.968  19.625  -11.367 0.0000000000
99791  39.941  22.989  -3.197 0.0000000000
94880  50.489  14.025  -5.508 0.0000000000
94895  51.151  14.313  -6.173 0.0000000000
94879  51.606  13.513  -5.682 0.0000000000
94894  51.908  13.824  -6.571 0.0000000000
94136  52.038  13.486  -7.548 0.0000000000
93357  52.011  12.623  -6.172 0.0000000000
93365  51.926  12.885  -7.135 0.0000000000
94137  51.730  13.273  -7.842 0.0000000000
94147  51.163  13.438  -8.627 0.0000000000
94148  49.923  13.577  -9.008 0.0000000000
99813  45.315  22.729  -7.470 0.0000000000
99232  45.054  22.029  -5.755 0.0000000000
137296  44.945  21.673  -5.321 0.0000000000
99208  44.937  21.065  -4.823 0.0000000000
95598  39.987  16.053  -0.926 0.0000000000
96266  40.436  16.006  -1.388 0.0000000000
115016  40.175  14.522  -1.406 0.0000000000
94850  40.538  14.389  -2.191 0.0000000000
94071  40.293  13.348  -0.460 0.0000000000
94077  40.582  13.582  -1.274 0.0000000000
94087  40.744  13.772  -2.070 0.0000000000
94086  41.426  13.514  -2.464 0.0000000000
94085  42.339  13.310  -2.797 0.0000000000
94084  43.325  13.192  -3.098 0.0000000000
128472  43.584  12.607  -1.479 0.0000000000
135462  44.175  12.378  -0.853 0.0000000000
93296  44.070  12.183  0.017 0.0000000000
93295  44.670  12.108  -0.419 0.0000000000
92525  46.194  11.482  0.965 0.0000000000
93282  46.958  11.719  1.498 0.0000000000
105052  45.083  32.188  -5.440 0.0000000000
101401  44.654  25.525  -4.764 0.0000000000
128202  45.141  26.313  -4.932 0.0000000000
101400  45.652  25.618  -4.580 0.0000000000
100915  47.291  24.989  -3.902 0.0000000000
100904  48.443  23.753  -3.384 0.0000000000
101391  48.506  24.890  -3.563 0.0000000000
127893  50.235  23.641  -4.095 0.0000000000
100410  50.435  23.708  -5.033 0.0000000000
100417  50.960  22.557  -6.732 0.0000000000
99800  51.080  21.775  -6.413 0.0000000000
99226  50.762  21.410  -7.108 0.0000000000
122318  50.311  21.178  -7.213 0.0000000000
132877  49.796  20.912  -5.592 0.0000000000
99228  49.487  21.096  -6.561 0.0000000000
99241  49.699  21.310  -7.793 0.0000000000
99812  47.474  22.069  -7.947 0.0000000000
96356  43.023  16.265  -9.883 0.0000000000
96370  47.068  16.693  -12.722 0.0000000000
96371  46.401  16.395  -12.527 0.0000000000
96951  36.044  17.815  -9.988 0.0000000000
96921  35.794  17.229  -8.603 0.0000000000
96323  36.630  16.586  -7.634 0.0000000000
94130  37.195  13.655  -6.540 0.0000000000
93371  38.097  13.032  -7.868 0.0000000000
101953  46.483  26.533  -8.164 0.0000000000
100969  44.925  24.946  -12.434 0.0000000000
101468  44.394  25.220  -11.473 0.0000000000
98626  46.877  19.556  -2.575 0.0000000000
98020  47.134  19.210  -2.913 0.0000000000
98627  45.939  19.359  -2.423 0.0000000000
98023  44.065  18.901  -1.852 0.0000000000
127141  43.859  20.060  -2.135 0.0000000000
98010  43.272  18.733  -1.591 0.0000000000
122828  40.726  16.675  -1.064 0.0000000000
126665  39.038  14.256  0.292 0.0000000000
103419  40.719  29.584  -4.292 0.0000000000
103418  41.472  29.471  -4.502 0.0000000000
132073  42.175  29.272  -4.743 0.0000000000
102915  42.575  28.582  -4.902 0.0000000000
120597  43.030  27.738  -5.073 0.0000000000
124025  43.498  26.823  -5.117 0.0000000000
130352  41.114  25.010  -4.241 0.0000000000
101924  42.806  26.166  -4.929 0.0000000000
101402  43.472  26.031  -4.978 0.0000000000
100399  45.402  23.299  -3.616 0.0000000000
121210  44.605  23.003  -3.498 0.0000000000
137513  45.910  22.877  -3.401 0.0000000000
99202  46.265  21.393  -2.773 0.0000000000
99189  46.845  20.445  -2.580 0.0000000000
96305  44.850  16.428  -6.994 0.0000000000
96319  44.804  16.913  -7.764 0.0000000000
96317  47.262  16.300  -8.411 0.0000000000
96330  46.800  16.744  -9.345 0.0000000000
113968  47.099  16.987  -10.661 0.0000000000
96362  48.004  16.943  -12.004 0.0000000000
95646  50.604  14.999  -6.750 0.0000000000
95668  50.496  15.968  -8.815 0.0000000000
95675  51.424  15.722  -9.762 0.0000000000
96340  51.240  16.144  -10.505 0.0000000000
96327  50.576  16.261  -9.883 0.0000000000
96350  49.222  16.615  -11.039 0.0000000000
96374  47.747  16.386  -13.574 0.0000000000
99273  41.295  21.245  -12.563 0.0000000000
132855  40.685  20.857  -12.107 0.0000000000
99876  40.978  21.699  -11.448 0.0000000000
99863  41.341  22.431  -10.736 0.0000000000
99849  40.982  22.483  -9.813 0.0000000000
119362  41.453  22.803  -9.145 0.0000000000
99834  40.578  22.253  -8.894 0.0000000000
99818  40.588  22.183  -7.937 0.0000000000
99235  40.555  21.065  -7.009 0.0000000000
99814  44.362  22.792  -6.919 0.0000000000
99804  42.792  22.496  -6.694 0.0000000000
118659  42.860  21.529  -5.744 0.0000000000
116801  43.159  22.072  -6.093 0.0000000000
99234  41.290  21.449  -6.569 0.0000000000
98026  46.692  18.888  -2.988 0.0000000000
98027  45.877  18.661  -2.857 0.0000000000
98028  45.284  18.292  -3.008 0.0000000000
97453  44.406  18.077  -2.396 0.0000000000
97457  44.709  18.078  -2.766 0.0000000000
98029  44.317  18.433  -3.281 0.0000000000
96265  41.015  16.638  -1.540 0.0000000000
133092  41.516  16.926  -2.710 0.0000000000
96296  42.540  16.602  -5.810 0.0000000000
95650  45.138  15.841  -6.568 0.0000000000
94899  46.380  15.119  -6.162 0.0000000000
94882  47.565  14.530  -5.641 0.0000000000
94120  48.288  14.081  -5.208 0.0000000000
94096  44.752  13.235  -3.722 0.0000000000
94095  45.766  13.125  -3.826 0.0000000000
93315  45.675  12.407  -2.552 0.0000000000
93329  46.040  12.632  -3.150 0.0000000000
129270  46.714  13.303  -4.240 0.0000000000
94119  49.634  13.719  -4.983 0.0000000000
94105  50.144  12.944  -4.390 0.0000000000
93339  50.749  12.131  -3.893 0.0000000000
92555  50.668  10.952  -2.809 0.0000000000
104525  46.753  31.328  -9.472 0.0000000000
114429  46.158  31.149  -8.638 0.0000000000
103990  47.142  30.819  -8.673 0.0000000000
103976  49.239  30.425  -8.657 0.0000000000
103447  49.713  29.811  -8.253 0.0000000000
103435  50.187  29.135  -7.857 0.0000000000
119533  45.334  31.638  -5.249 0.0000000000
103961  45.744  31.142  -5.149 0.0000000000
124027  45.685  27.174  -5.002 0.0000000000
103945  46.313  30.551  -4.989 0.0000000000
103960  46.295  30.655  -5.177 0.0000000000
103959  47.129  30.244  -5.190 0.0000000000
103430  48.073  29.892  -5.449 0.0000000000
135024  49.216  29.048  -5.316 0.0000000000
103429  48.970  29.373  -6.032 0.0000000000
103428  49.661  28.957  -6.944 0.0000000000
102932  50.296  28.334  -7.341 0.0000000000
102458  50.414  27.770  -8.086 0.0000000000
101421  48.443  25.508  -7.839 0.0000000000
100958  47.260  24.202  -12.268 0.0000000000
99824  50.751  22.432  -8.462 0.0000000000
99841  50.491  22.837  -9.390 0.0000000000
113541  49.600  22.325  -10.474 0.0000000000
100439  49.498  23.267  -11.164 0.0000000000
100449  48.986  23.227  -11.820 0.0000000000
100459  47.709  23.718  -12.833 0.0000000000
100967  47.194  24.038  -13.041 0.0000000000
100471  45.588  23.367  -13.921 0.0000000000
99898  44.675  22.511  -15.306 0.0000000000
100461  44.833  22.889  -12.667 0.0000000000
99884  44.605  22.452  -14.418 0.0000000000
99899  43.782  21.724  -15.002 0.0000000000
99886  42.257  21.528  -13.058 0.0000000000
98683  39.720  20.580  -9.784 0.0000000000
98075  39.360  19.127  -9.916 0.0000000000
121066  38.863  18.395  -10.437 0.0000000000
96948  39.030  17.471  -9.135 0.0000000000
96334  39.372  15.855  -8.182 0.0000000000
95669  40.358  15.160  -8.566 0.0000000000
94914  39.909  14.510  -8.369 0.0000000000
96929  44.456  17.239  -9.090 0.0000000000
96945  44.873  17.000  -9.727 0.0000000000
95692  44.838  15.819  -11.514 0.0000000000
94945  43.791  14.420  -12.285 0.0000000000
94937  43.623  14.601  -11.523 0.0000000000
95693  44.080  15.367  -11.067 0.0000000000
95687  42.845  15.313  -10.127 0.0000000000
94919  42.215  14.932  -9.922 0.0000000000
94920  41.715  14.348  -10.041 0.0000000000
92591  48.372  11.494  -6.474 0.0000000000
92600  47.331  11.964  -7.011 0.0000000000
93368  48.520  12.120  -7.150 0.0000000000
91819  50.833  10.232  -3.699 0.0000000000
92527  44.426  12.099  0.753 0.0000000000
92534  45.718  11.594  0.307 0.0000000000
92579  51.727  11.846  -5.610 0.0000000000
93325  51.147  11.363  -3.581 0.0000000000
93349  51.896  12.390  -5.260 0.0000000000
93356  52.080  13.299  -6.767 0.0000000000
94145  52.058  13.829  -7.365 0.0000000000
94146  51.878  13.807  -8.293 0.0000000000
94832  38.586  14.752  0.776 0.0000000000
94911  51.927  14.267  -8.077 0.0000000000
94926  51.536  15.437  -10.402 0.0000000000
95599  39.261  15.439  -0.509 0.0000000000
95656  51.717  14.824  -8.044 0.0000000000
95683  51.450  16.020  -10.874 0.0000000000
95690  49.590  16.202  -12.272 0.0000000000
96260  39.189  16.257  -0.526 0.0000000000
96342  46.691  16.949  -10.101 0.0000000000
96360  50.169  16.290  -11.651 0.0000000000
96368  48.833  16.581  -12.512 0.0000000000
97442  42.250  18.142  -1.171 0.0000000000
98021  46.413  18.943  -2.756 0.0000000000
98086  38.600  19.230  -12.534 0.0000000000
98637  47.721  19.558  -3.215 0.0000000000
98639  49.340  20.565  -4.696 0.0000000000
98710  40.377  20.456  -13.751 0.0000000000
99211  50.858  21.189  -5.903 0.0000000000
99212  50.231  20.973  -5.341 0.0000000000
99251  50.368  21.846  -8.982 0.0000000000
99279  42.635  21.144  -14.484 0.0000000000
99297  43.735  22.314  -15.802 0.0000000000
99301  40.601  21.264  -14.847 0.0000000000
99782  49.842  22.124  -3.782 0.0000000000
99785  47.491  22.169  -3.029 0.0000000000
99825  50.591  22.213  -9.039 0.0000000000
99871  47.350  22.720  -12.531 0.0000000000
99882  47.160  23.104  -13.123 0.0000000000
99883  45.284  22.901  -14.880 0.0000000000
99901  40.065  21.647  -14.183 0.0000000000
99913  44.417  22.636  -15.593 0.0000000000
99914  43.214  22.347  -15.964 0.0000000000
99915  42.114  21.869  -15.938 0.0000000000
100409  50.891  22.673  -5.744 0.0000000000
100431  50.600  23.071  -8.564 0.0000000000
100438  49.979  22.984  -10.462 0.0000000000
100448  49.440  22.889  -11.356 0.0000000000
100450  45.016  23.026  -11.209 0.0000000000
100458  48.294  23.188  -12.438 0.0000000000
100460  45.510  22.924  -12.516 0.0000000000
100469  47.353  23.547  -13.146 0.0000000000
100484  45.262  23.069  -14.935 0.0000000000
100491  45.075  23.184  -15.169 0.0000000000
100492  44.649  22.924  -15.579 0.0000000000
100902  49.824  23.862  -3.619 0.0000000000
100903  49.208  24.235  -3.462 0.0000000000
100905  46.707  24.203  -3.811 0.0000000000
100981  43.624  24.447  -13.971 0.0000000000
100993  42.909  24.049  -14.727 0.0000000000
101469  43.984  25.163  -11.881 0.0000000000
101945  47.257  26.256  -8.076 0.0000000000
103965  46.430  30.726  -5.476 0.0000000000
104519  44.745  32.185  -8.072 0.0000000000
104527  44.633  32.342  -8.849 0.0000000000
118666  40.365  14.009  -1.632 0.0000000000
119289  40.340  24.875  -3.897 0.0000000000
119688  45.520  24.227  -13.550 0.0000000000
126238  50.517  23.943  -7.194 0.0000000000
128482  43.590  23.198  -15.686 0.0000000000
131793  51.427  11.828  -4.132 0.0000000000
132380  43.801  30.147  -4.930 0.0000000000
133223  45.836  23.127  -13.397 0.0000000000
134583  49.073  22.412  -11.302 0.0000000000
135277  45.264  31.841  -5.356 0.0000000000
136211  52.044  13.821  -7.803 0.0000000000
136475  46.774  23.135  -13.013 0.0000000000
137143  46.652  27.087  -8.110 0.0000000000
