#!ascii label  , from subject sub-v1s7x0051324_ses-1 vox2ras=TkReg
1186
37304  11.400  -46.801  33.157 0.0000000000
36476  4.143  -49.672  12.011 0.0000000000
36278  0.318  -48.967  27.624 0.0000000000
115818  6.044  -43.395  26.955 0.0000000000
44279  -0.183  -41.586  19.082 0.0000000000
35218  5.599  -49.950  32.147 0.0000000000
39323  5.873  -46.652  33.565 0.0000000000
36259  13.157  -49.688  28.988 0.0000000000
36261  8.252  -49.419  28.051 0.0000000000
134083  4.039  -51.291  25.834 0.0000000000
43272  -1.119  -43.209  28.360 0.0000000000
42475  2.536  -43.592  22.406 0.0000000000
46940  -0.025  -38.428  24.708 0.0000000000
36371  0.470  -49.222  21.062 0.0000000000
39448  2.707  -46.457  20.620 0.0000000000
39379  2.904  -46.610  26.818 0.0000000000
42370  4.023  -43.680  31.513 0.0000000000
40524  6.452  -44.940  18.254 0.0000000000
42567  5.945  -43.207  15.078 0.0000000000
43439  1.226  -41.405  12.497 0.0000000000
48972  -0.408  -36.743  17.244 0.0000000000
36218  7.810  -48.843  33.361 0.0000000000
38335  8.169  -47.102  35.367 0.0000000000
127887  11.728  -47.923  31.274 0.0000000000
118008  10.766  -48.838  29.002 0.0000000000
36229  9.108  -49.090  30.805 0.0000000000
36252  6.905  -49.936  30.025 0.0000000000
45121  -0.381  -40.807  26.686 0.0000000000
37381  -0.054  -48.740  24.717 0.0000000000
38398  0.511  -47.390  24.545 0.0000000000
38379  0.769  -47.127  27.710 0.0000000000
41389  5.633  -43.613  34.645 0.0000000000
127038  6.231  -45.093  32.471 0.0000000000
34161  1.604  -50.939  27.113 0.0000000000
132583  1.925  -51.557  24.283 0.0000000000
35301  0.595  -51.148  24.587 0.0000000000
130321  0.478  -50.401  22.032 0.0000000000
117182  4.946  -46.603  24.135 0.0000000000
39464  4.259  -46.301  19.484 0.0000000000
41486  6.393  -43.844  23.107 0.0000000000
42497  -0.146  -43.432  21.016 0.0000000000
42505  4.101  -42.832  19.189 0.0000000000
42528  1.916  -43.759  17.665 0.0000000000
41601  2.575  -43.729  14.111 0.0000000000
43413  0.572  -41.289  15.708 0.0000000000
35233  2.847  -50.049  29.466 0.0000000000
37330  2.287  -47.630  29.678 0.0000000000
37302  4.982  -48.065  33.466 0.0000000000
39310  6.638  -45.491  35.750 0.0000000000
35262  14.499  -50.585  26.365 0.0000000000
36329  13.299  -49.670  23.641 0.0000000000
36285  12.274  -49.270  26.811 0.0000000000
37363  9.562  -48.328  26.407 0.0000000000
35249  5.891  -50.622  27.431 0.0000000000
35240  4.394  -50.694  28.524 0.0000000000
129302  2.842  -43.122  28.153 0.0000000000
43302  3.979  -42.607  25.143 0.0000000000
42426  0.851  -42.943  25.972 0.0000000000
131510  -0.250  -42.765  23.820 0.0000000000
45158  0.749  -40.980  21.856 0.0000000000
39326  12.621  -46.010  31.893 0.0000000000
36308  18.115  -50.472  23.613 0.0000000000
36283  18.227  -49.902  26.900 0.0000000000
35227  15.299  -49.987  29.079 0.0000000000
37323  13.882  -47.968  30.840 0.0000000000
137068  0.677  -50.372  17.520 0.0000000000
38500  1.928  -48.331  17.307 0.0000000000
39450  0.380  -47.065  21.227 0.0000000000
39395  2.349  -46.317  24.146 0.0000000000
39376  5.691  -45.864  26.963 0.0000000000
39336  3.564  -46.774  30.737 0.0000000000
40419  6.240  -45.353  29.887 0.0000000000
42402  4.817  -43.184  29.121 0.0000000000
125009  0.641  -44.048  30.443 0.0000000000
38497  2.575  -47.562  16.174 0.0000000000
39523  4.597  -46.760  15.450 0.0000000000
39543  7.112  -46.178  14.354 0.0000000000
43372  5.968  -42.318  21.051 0.0000000000
43409  7.617  -42.748  16.663 0.0000000000
40600  6.896  -45.492  11.354 0.0000000000
41644  3.934  -44.441  11.465 0.0000000000
127515  1.528  -44.133  10.458 0.0000000000
47909  1.754  -37.692  24.066 0.0000000000
46997  1.837  -39.156  20.412 0.0000000000
48960  2.919  -36.652  18.965 0.0000000000
120234  -0.202  -38.831  18.295 0.0000000000
114250  -0.673  -39.125  14.767 0.0000000000
37306  9.662  -47.711  33.468 0.0000000000
38343  9.591  -47.039  34.591 0.0000000000
125076  10.577  -46.048  33.838 0.0000000000
37318  11.619  -47.526  31.839 0.0000000000
37319  11.002  -48.093  31.450 0.0000000000
113574  10.210  -48.232  32.189 0.0000000000
126841  9.068  -48.894  31.963 0.0000000000
35452  2.541  -50.455  11.200 0.0000000000
37549  3.263  -48.940  11.442 0.0000000000
36291  0.193  -48.889  26.315 0.0000000000
38386  0.200  -48.136  25.840 0.0000000000
37356  0.156  -48.151  27.506 0.0000000000
36327  15.051  -49.929  22.888 0.0000000000
35252  1.235  -50.505  27.488 0.0000000000
35284  0.999  -51.168  25.962 0.0000000000
36300  0.454  -50.122  25.686 0.0000000000
35302  0.282  -50.150  24.162 0.0000000000
40445  5.837  -45.206  25.269 0.0000000000
40456  5.574  -45.632  22.978 0.0000000000
41473  6.270  -43.738  24.910 0.0000000000
43375  -0.325  -42.334  20.272 0.0000000000
42518  1.749  -43.654  19.318 0.0000000000
42520  -0.086  -42.976  18.431 0.0000000000
131579  0.796  -42.886  16.735 0.0000000000
43402  -0.133  -42.091  17.285 0.0000000000
113675  4.254  -50.078  31.122 0.0000000000
36232  3.908  -49.367  31.286 0.0000000000
35219  4.869  -49.529  32.295 0.0000000000
39314  7.452  -46.409  35.814 0.0000000000
42332  7.384  -42.865  35.553 0.0000000000
35237  13.882  -50.143  27.741 0.0000000000
36284  13.024  -49.776  26.318 0.0000000000
36272  12.453  -49.471  27.732 0.0000000000
37343  9.474  -48.990  28.597 0.0000000000
37353  10.440  -48.452  27.572 0.0000000000
128459  9.177  -48.665  27.165 0.0000000000
36276  7.042  -50.007  27.887 0.0000000000
115437  6.088  -50.522  31.130 0.0000000000
134463  5.638  -50.405  29.443 0.0000000000
115080  4.823  -50.508  30.164 0.0000000000
35232  3.448  -50.369  29.531 0.0000000000
117112  0.746  -43.527  27.986 0.0000000000
42416  1.438  -43.302  27.154 0.0000000000
42417  0.495  -43.096  27.363 0.0000000000
127734  -0.680  -39.824  25.628 0.0000000000
44198  -0.491  -41.458  24.989 0.0000000000
45138  -0.651  -40.934  24.134 0.0000000000
44221  -0.653  -41.515  23.381 0.0000000000
46036  -0.146  -39.417  23.459 0.0000000000
35246  16.096  -50.737  27.634 0.0000000000
36397  0.590  -49.440  19.109 0.0000000000
117127  0.805  -48.702  18.920 0.0000000000
38435  0.256  -48.011  21.177 0.0000000000
39380  1.389  -47.007  26.249 0.0000000000
39396  1.474  -46.712  24.564 0.0000000000
115110  3.120  -46.418  26.078 0.0000000000
39385  3.845  -46.464  25.484 0.0000000000
39369  4.683  -46.460  27.877 0.0000000000
38356  3.990  -47.244  31.860 0.0000000000
39332  3.156  -47.048  30.664 0.0000000000
39328  4.576  -46.725  32.173 0.0000000000
124497  4.762  -43.805  32.162 0.0000000000
40397  6.258  -45.065  31.726 0.0000000000
42369  5.642  -43.848  31.447 0.0000000000
126030  6.201  -43.934  30.237 0.0000000000
42391  4.862  -43.358  30.075 0.0000000000
42393  2.795  -43.519  29.675 0.0000000000
42371  2.677  -43.972  31.427 0.0000000000
37376  12.014  -48.918  24.195 0.0000000000
36351  12.748  -49.179  23.068 0.0000000000
34178  4.648  -51.171  25.430 0.0000000000
34202  5.201  -51.287  24.148 0.0000000000
34189  3.693  -51.466  24.481 0.0000000000
34221  1.105  -51.872  23.029 0.0000000000
113498  1.974  -51.912  22.996 0.0000000000
117693  0.455  -49.771  21.329 0.0000000000
136689  0.391  -50.469  19.852 0.0000000000
39486  1.482  -47.447  18.856 0.0000000000
38478  2.037  -47.901  17.353 0.0000000000
114721  2.359  -46.870  18.318 0.0000000000
40502  5.788  -45.409  19.589 0.0000000000
136125  4.172  -46.184  17.450 0.0000000000
40556  5.959  -45.768  17.055 0.0000000000
39544  5.348  -46.742  14.693 0.0000000000
40564  7.225  -45.500  16.073 0.0000000000
42451  3.369  -43.125  23.876 0.0000000000
43350  5.588  -42.585  22.938 0.0000000000
43352  4.245  -42.984  22.287 0.0000000000
42541  5.157  -42.986  16.673 0.0000000000
43400  6.211  -41.915  17.967 0.0000000000
43419  7.101  -42.518  15.084 0.0000000000
42566  7.741  -43.436  14.154 0.0000000000
42579  6.461  -43.404  13.370 0.0000000000
126100  5.325  -45.348  10.917 0.0000000000
137524  4.804  -44.447  13.299 0.0000000000
117220  1.732  -42.026  13.268 0.0000000000
41632  2.396  -43.210  11.960 0.0000000000
42588  1.820  -42.497  11.686 0.0000000000
48922  2.720  -37.008  23.468 0.0000000000
121306  1.779  -38.805  22.624 0.0000000000
48953  3.489  -37.202  21.562 0.0000000000
49987  0.670  -35.177  17.812 0.0000000000
48966  1.272  -36.686  17.982 0.0000000000
47020  1.564  -38.500  18.243 0.0000000000
126849  -0.376  -38.041  17.881 0.0000000000
118066  -0.462  -39.530  16.672 0.0000000000
120658  -0.627  -37.926  15.879 0.0000000000
36226  6.609  -49.494  32.648 0.0000000000
36214  6.678  -48.977  34.081 0.0000000000
37297  7.966  -48.241  34.403 0.0000000000
36238  12.100  -48.849  30.001 0.0000000000
36260  11.535  -49.021  29.075 0.0000000000
37333  11.151  -48.779  29.870 0.0000000000
37335  9.630  -49.041  29.419 0.0000000000
36250  8.369  -49.385  29.390 0.0000000000
36251  7.584  -49.672  29.203 0.0000000000
36240  8.331  -49.369  30.330 0.0000000000
36231  7.326  -49.603  31.696 0.0000000000
44178  -0.825  -41.847  28.617 0.0000000000
43281  -0.274  -41.926  27.587 0.0000000000
46004  -0.030  -39.885  27.996 0.0000000000
120909  0.116  -39.055  27.473 0.0000000000
118532  0.048  -38.071  26.429 0.0000000000
37396  0.007  -48.645  23.108 0.0000000000
37407  -0.090  -48.124  22.860 0.0000000000
38392  0.069  -48.067  24.946 0.0000000000
39381  0.648  -47.485  26.327 0.0000000000
39372  1.750  -46.918  27.124 0.0000000000
40383  6.480  -45.242  34.155 0.0000000000
131303  6.112  -45.529  32.822 0.0000000000
41398  5.335  -43.969  33.637 0.0000000000
41399  4.054  -43.684  33.588 0.0000000000
41400  2.978  -43.584  33.216 0.0000000000
41406  1.443  -44.037  32.349 0.0000000000
34169  2.772  -51.077  26.409 0.0000000000
116007  3.023  -51.109  24.987 0.0000000000
34180  1.410  -51.325  25.485 0.0000000000
34192  0.938  -51.798  24.523 0.0000000000
34222  0.708  -51.317  22.910 0.0000000000
34237  0.681  -51.528  21.905 0.0000000000
34208  0.376  -50.437  23.085 0.0000000000
131535  0.204  -49.653  23.160 0.0000000000
39414  3.956  -46.509  22.607 0.0000000000
39447  3.709  -46.384  20.488 0.0000000000
39429  5.101  -46.269  21.729 0.0000000000
40472  5.668  -45.490  21.322 0.0000000000
41534  6.515  -44.632  20.174 0.0000000000
42487  1.529  -43.652  21.858 0.0000000000
42485  3.343  -43.389  21.112 0.0000000000
42507  2.333  -43.708  19.777 0.0000000000
42526  3.454  -43.408  17.827 0.0000000000
42542  4.044  -43.510  16.601 0.0000000000
42569  4.166  -44.101  14.880 0.0000000000
41572  1.870  -44.241  16.063 0.0000000000
42556  1.414  -41.925  15.246 0.0000000000
43432  1.244  -40.898  14.067 0.0000000000
120972  -0.221  -35.122  17.177 0.0000000000
48986  -0.372  -36.584  15.650 0.0000000000
133840  0.479  -35.944  15.696 0.0000000000
36265  1.263  -49.325  28.675 0.0000000000
37345  0.832  -48.410  28.951 0.0000000000
126754  2.844  -48.771  30.017 0.0000000000
38354  3.801  -47.764  31.617 0.0000000000
117317  4.805  -47.270  33.150 0.0000000000
37300  5.789  -48.540  34.632 0.0000000000
38338  5.756  -47.543  35.072 0.0000000000
40379  6.292  -46.175  34.480 0.0000000000
41388  6.423  -43.879  34.864 0.0000000000
118636  14.605  -50.608  24.987 0.0000000000
36309  14.104  -50.051  23.960 0.0000000000
35281  13.869  -50.321  25.139 0.0000000000
36273  11.767  -48.959  27.497 0.0000000000
37361  11.174  -48.356  26.448 0.0000000000
116662  10.231  -48.119  25.082 0.0000000000
35283  5.438  -50.845  25.677 0.0000000000
35267  4.609  -50.990  26.333 0.0000000000
35238  6.280  -50.342  28.137 0.0000000000
35239  5.387  -50.602  28.290 0.0000000000
35268  4.010  -50.974  27.024 0.0000000000
35251  2.693  -50.855  27.953 0.0000000000
35243  1.753  -50.300  28.265 0.0000000000
43279  4.624  -42.498  27.244 0.0000000000
43300  5.378  -42.607  25.867 0.0000000000
131777  3.589  -42.484  26.741 0.0000000000
42436  3.143  -42.684  25.436 0.0000000000
42453  1.518  -43.170  24.441 0.0000000000
43288  0.171  -42.017  26.327 0.0000000000
43325  0.109  -42.581  25.044 0.0000000000
42477  0.844  -43.143  23.123 0.0000000000
42478  -0.112  -43.386  22.583 0.0000000000
43365  -0.516  -42.656  21.749 0.0000000000
45167  1.084  -41.646  21.094 0.0000000000
38346  12.020  -46.268  32.576 0.0000000000
35313  16.438  -50.715  23.526 0.0000000000
37360  19.848  -48.494  26.689 0.0000000000
36267  19.118  -48.940  26.843 0.0000000000
36296  19.161  -50.053  26.007 0.0000000000
35293  18.634  -50.392  25.346 0.0000000000
135732  16.991  -51.053  25.546 0.0000000000
35278  16.256  -51.042  25.376 0.0000000000
35236  14.784  -50.336  28.353 0.0000000000
36258  13.911  -50.009  28.703 0.0000000000
36235  14.218  -48.890  30.395 0.0000000000
36236  13.441  -48.837  30.226 0.0000000000
133742  12.600  -47.700  31.104 0.0000000000
37310  12.275  -46.675  32.002 0.0000000000
38471  1.103  -47.903  19.029 0.0000000000
130101  1.078  -46.644  21.212 0.0000000000
39418  0.063  -46.903  22.874 0.0000000000
39404  1.105  -46.304  22.932 0.0000000000
39415  2.195  -46.363  22.240 0.0000000000
120046  4.041  -46.658  23.980 0.0000000000
39383  5.470  -45.902  25.684 0.0000000000
115290  6.256  -45.058  26.851 0.0000000000
135114  1.323  -47.380  29.229 0.0000000000
39348  2.267  -46.846  29.514 0.0000000000
117870  2.927  -46.615  29.236 0.0000000000
40407  5.597  -45.755  31.328 0.0000000000
40420  5.386  -45.953  30.292 0.0000000000
39357  4.726  -46.457  28.772 0.0000000000
40428  6.148  -45.347  28.864 0.0000000000
41441  6.287  -44.341  28.431 0.0000000000
42412  5.486  -42.943  27.596 0.0000000000
42403  3.634  -43.135  28.743 0.0000000000
42404  2.234  -43.459  28.842 0.0000000000
42395  -0.201  -43.974  29.677 0.0000000000
42383  0.818  -44.231  31.401 0.0000000000
125834  -0.603  -43.275  30.863 0.0000000000
43260  -1.186  -42.995  29.874 0.0000000000
113537  4.949  -51.742  22.480 0.0000000000
34205  2.425  -51.705  23.671 0.0000000000
39501  3.028  -46.587  17.946 0.0000000000
130025  3.241  -46.963  16.239 0.0000000000
38561  6.247  -47.941  12.496 0.0000000000
130000  6.042  -42.999  24.381 0.0000000000
42484  6.890  -43.112  21.899 0.0000000000
127499  7.096  -42.762  20.474 0.0000000000
43382  4.855  -42.353  19.922 0.0000000000
131522  7.250  -42.298  18.990 0.0000000000
41557  7.766  -43.720  17.505 0.0000000000
40563  7.793  -44.866  15.455 0.0000000000
39560  7.639  -45.970  13.074 0.0000000000
127431  5.770  -47.910  11.163 0.0000000000
39581  4.985  -46.614  10.479 0.0000000000
41630  3.489  -44.129  12.365 0.0000000000
40604  2.246  -44.724  10.637 0.0000000000
48900  1.157  -37.146  26.127 0.0000000000
48899  1.354  -37.042  26.034 0.0000000000
47911  0.537  -38.154  24.960 0.0000000000
46046  1.087  -39.336  23.328 0.0000000000
46061  1.405  -40.044  21.673 0.0000000000
46075  1.339  -40.634  20.022 0.0000000000
47006  2.316  -38.416  19.691 0.0000000000
47008  1.489  -39.427  18.696 0.0000000000
119792  0.448  -40.610  18.702 0.0000000000
45189  -0.294  -40.356  17.295 0.0000000000
45206  -0.270  -40.875  15.065 0.0000000000
44345  0.411  -40.688  13.337 0.0000000000
46136  0.035  -39.355  12.755 0.0000000000
37305  10.593  -47.038  33.503 0.0000000000
38341  10.398  -46.425  33.920 0.0000000000
38348  10.907  -46.373  33.511 0.0000000000
37311  11.619  -47.175  32.531 0.0000000000
114596  11.091  -47.754  32.415 0.0000000000
133409  11.146  -47.377  33.072 0.0000000000
37312  10.452  -47.815  33.042 0.0000000000
35451  3.312  -50.241  11.899 0.0000000000
134471  3.215  -49.581  11.772 0.0000000000
36477  2.637  -49.636  11.250 0.0000000000
37548  4.532  -48.829  11.479 0.0000000000
134324  0.271  -49.219  26.887 0.0000000000
36279  0.145  -48.636  27.002 0.0000000000
36326  16.070  -50.360  22.842 0.0000000000
35314  15.507  -50.588  23.690 0.0000000000
35253  0.600  -50.003  27.091 0.0000000000
35270  0.756  -50.489  26.221 0.0000000000
36290  0.382  -49.664  26.281 0.0000000000
41455  6.320  -44.188  26.295 0.0000000000
126011  6.216  -44.462  25.436 0.0000000000
41454  6.238  -43.745  25.636 0.0000000000
43384  -0.233  -42.084  19.493 0.0000000000
42510  -0.222  -42.848  19.396 0.0000000000
43394  -0.179  -42.355  18.723 0.0000000000
118749  -0.122  -42.394  17.996 0.0000000000
121548  -0.192  -41.756  18.138 0.0000000000
119510  4.951  -50.088  31.620 0.0000000000
35220  4.400  -49.694  31.693 0.0000000000
35215  5.583  -49.521  32.676 0.0000000000
113516  13.152  -49.862  28.144 0.0000000000
136055  12.606  -49.562  28.448 0.0000000000
37344  8.703  -49.282  28.630 0.0000000000
37355  8.956  -49.077  27.889 0.0000000000
36274  8.389  -49.148  27.186 0.0000000000
36275  7.734  -49.659  27.554 0.0000000000
35222  5.715  -50.362  31.448 0.0000000000
35224  5.546  -50.547  30.757 0.0000000000
35225  4.888  -50.389  30.923 0.0000000000
114171  4.049  -50.329  30.283 0.0000000000
42406  -0.211  -43.585  28.664 0.0000000000
116707  -0.097  -43.142  28.031 0.0000000000
46019  -0.600  -39.094  25.881 0.0000000000
123351  -0.585  -40.344  24.963 0.0000000000
46026  -0.347  -39.262  24.983 0.0000000000
117410  -0.426  -39.869  24.134 0.0000000000
120657  -0.169  -38.913  24.060 0.0000000000
36383  0.328  -49.357  20.033 0.0000000000
37438  0.390  -48.615  20.536 0.0000000000
118624  2.264  -46.558  26.172 0.0000000000
39378  3.846  -46.402  26.444 0.0000000000
39370  3.734  -46.473  27.364 0.0000000000
128051  4.593  -47.020  32.686 0.0000000000
39331  3.704  -46.942  31.389 0.0000000000
137471  4.914  -43.653  31.533 0.0000000000
42380  4.869  -43.532  30.962 0.0000000000
42381  3.604  -43.592  30.558 0.0000000000
34188  4.530  -51.380  24.684 0.0000000000
118605  3.890  -51.375  25.202 0.0000000000
33135  0.902  -51.891  22.225 0.0000000000
33134  1.529  -52.172  22.244 0.0000000000
36354  0.395  -49.267  21.993 0.0000000000
35365  0.487  -50.193  19.397 0.0000000000
134406  1.692  -46.765  19.707 0.0000000000
39467  1.858  -46.867  19.009 0.0000000000
39466  2.265  -46.581  19.712 0.0000000000
40525  5.743  -45.429  18.709 0.0000000000
40545  5.655  -45.643  17.800 0.0000000000
40555  6.564  -45.712  16.595 0.0000000000
40544  6.664  -45.243  17.366 0.0000000000
42464  2.532  -43.400  23.306 0.0000000000
42463  3.571  -43.181  22.919 0.0000000000
42474  3.419  -43.364  21.952 0.0000000000
42540  5.648  -43.148  15.927 0.0000000000
43411  6.269  -42.498  16.490 0.0000000000
43420  6.551  -42.649  15.501 0.0000000000
43437  6.891  -42.787  13.868 0.0000000000
116316  6.185  -43.289  14.224 0.0000000000
41628  5.672  -44.187  12.726 0.0000000000
41612  5.474  -44.007  13.748 0.0000000000
43438  1.598  -41.854  12.352 0.0000000000
42580  2.102  -42.576  12.659 0.0000000000
43445  1.396  -42.012  11.520 0.0000000000
49942  3.251  -36.302  23.937 0.0000000000
48921  3.710  -36.460  22.973 0.0000000000
48934  3.221  -37.109  22.507 0.0000000000
48933  3.967  -36.537  22.010 0.0000000000
49988  0.047  -35.552  17.836 0.0000000000
113853  1.100  -35.768  17.924 0.0000000000
48967  0.542  -36.173  17.979 0.0000000000
47979  0.579  -37.461  18.034 0.0000000000
47980  -0.275  -37.365  17.975 0.0000000000
122776  -0.608  -37.968  16.946 0.0000000000
47996  -0.571  -37.105  16.356 0.0000000000
36219  7.026  -49.142  33.357 0.0000000000
131433  8.163  -48.445  33.879 0.0000000000
39311  10.112  -45.764  34.590 0.0000000000
37325  12.270  -48.217  30.837 0.0000000000
37326  11.511  -48.395  30.717 0.0000000000
37320  9.995  -48.578  31.202 0.0000000000
37327  10.659  -48.596  30.581 0.0000000000
37328  9.812  -48.913  30.248 0.0000000000
36239  9.043  -49.147  29.866 0.0000000000
37314  8.381  -48.897  32.785 0.0000000000
36224  8.031  -49.227  32.128 0.0000000000
36225  7.334  -49.313  32.606 0.0000000000
35216  6.651  -49.830  31.946 0.0000000000
123160  -0.440  -40.776  28.419 0.0000000000
46891  0.164  -38.960  28.375 0.0000000000
46890  0.326  -38.156  27.732 0.0000000000
46897  0.066  -38.288  26.889 0.0000000000
47872  0.449  -37.480  27.088 0.0000000000
36333  -0.037  -48.828  23.787 0.0000000000
37395  -0.094  -48.338  23.431 0.0000000000
122443  -0.077  -48.228  24.063 0.0000000000
38380  0.375  -47.650  27.113 0.0000000000
38385  0.301  -47.879  26.331 0.0000000000
39373  0.853  -47.200  26.939 0.0000000000
41393  6.267  -44.304  34.296 0.0000000000
40386  6.371  -44.766  33.666 0.0000000000
41394  5.438  -43.849  34.163 0.0000000000
41395  4.309  -43.630  34.209 0.0000000000
41404  3.746  -43.732  32.874 0.0000000000
42357  2.026  -43.549  32.686 0.0000000000
34160  2.294  -50.998  27.124 0.0000000000
34179  2.405  -51.058  25.620 0.0000000000
34170  1.757  -51.029  26.374 0.0000000000
35285  0.692  -50.899  25.453 0.0000000000
34181  0.925  -51.539  25.163 0.0000000000
34207  0.853  -51.636  23.842 0.0000000000
35319  0.466  -50.881  23.724 0.0000000000
36314  0.056  -49.396  24.451 0.0000000000
35303  0.123  -49.433  23.695 0.0000000000
36334  0.102  -49.094  23.205 0.0000000000
115274  4.506  -46.612  23.301 0.0000000000
114763  4.211  -46.418  21.861 0.0000000000
39403  5.141  -46.372  23.229 0.0000000000
41499  6.016  -44.695  22.644 0.0000000000
40464  5.609  -45.563  22.155 0.0000000000
41511  6.199  -44.665  21.845 0.0000000000
41523  6.462  -44.646  21.048 0.0000000000
41498  6.609  -43.796  22.302 0.0000000000
42496  0.952  -43.300  20.996 0.0000000000
116278  1.939  -43.789  20.974 0.0000000000
42508  1.562  -43.642  20.181 0.0000000000
132576  1.855  -43.615  18.506 0.0000000000
124281  2.440  -43.622  18.981 0.0000000000
42527  2.570  -43.818  17.325 0.0000000000
123428  3.447  -43.551  17.114 0.0000000000
42543  2.675  -44.074  16.434 0.0000000000
113534  1.864  -44.044  16.781 0.0000000000
42545  0.292  -42.105  16.246 0.0000000000
134894  1.144  -42.081  15.929 0.0000000000
42557  1.174  -41.301  15.469 0.0000000000
42571  1.393  -41.263  14.627 0.0000000000
43422  1.022  -40.729  14.850 0.0000000000
51066  0.180  -34.486  17.708 0.0000000000
116886  -0.159  -34.914  16.345 0.0000000000
50001  -0.002  -35.556  15.952 0.0000000000
51085  0.358  -35.070  15.907 0.0000000000
36264  2.100  -49.705  28.989 0.0000000000
36254  1.740  -48.771  29.185 0.0000000000
36253  2.512  -49.190  29.511 0.0000000000
36227  4.503  -48.748  32.650 0.0000000000
36233  3.810  -48.504  31.434 0.0000000000
36228  4.141  -48.202  32.149 0.0000000000
38353  4.282  -47.518  32.358 0.0000000000
38350  5.151  -47.546  33.674 0.0000000000
37298  7.003  -48.524  34.553 0.0000000000
37299  6.268  -48.670  34.736 0.0000000000
37293  6.513  -48.155  35.090 0.0000000000
39315  6.579  -46.605  35.502 0.0000000000
39316  6.344  -46.369  35.141 0.0000000000
39317  5.963  -47.067  34.834 0.0000000000
40378  6.489  -45.076  34.871 0.0000000000
40377  6.716  -44.355  35.470 0.0000000000
35280  14.364  -50.562  25.624 0.0000000000
35263  13.734  -50.248  25.917 0.0000000000
115551  12.335  -49.296  25.887 0.0000000000
116056  11.933  -49.209  28.334 0.0000000000
37341  11.132  -48.748  28.110 0.0000000000
122763  9.848  -48.355  27.150 0.0000000000
37362  10.462  -48.262  26.778 0.0000000000
37370  10.491  -48.165  25.860 0.0000000000
37371  9.590  -48.260  25.463 0.0000000000
36298  8.289  -49.261  25.351 0.0000000000
35265  6.478  -50.414  26.735 0.0000000000
35266  5.607  -50.727  26.569 0.0000000000
36263  6.767  -50.003  28.864 0.0000000000
35229  6.125  -50.244  29.614 0.0000000000
35230  5.065  -50.555  29.278 0.0000000000
131402  4.803  -50.774  27.421 0.0000000000
35250  3.737  -50.865  27.819 0.0000000000
35242  2.621  -50.402  28.772 0.0000000000
42414  3.724  -42.777  27.740 0.0000000000
42415  2.640  -43.002  27.397 0.0000000000
42425  1.445  -43.156  26.231 0.0000000000
42424  2.388  -42.932  26.555 0.0000000000
42437  2.268  -42.974  25.759 0.0000000000
120552  2.305  -43.063  24.967 0.0000000000
42438  1.304  -43.187  25.328 0.0000000000
44185  -0.183  -41.341  27.342 0.0000000000
128998  0.192  -42.017  27.114 0.0000000000
128929  -0.042  -41.537  26.830 0.0000000000
43326  -0.300  -42.369  24.490 0.0000000000
43304  -0.101  -42.133  25.415 0.0000000000
42466  0.820  -43.061  23.921 0.0000000000
42467  0.026  -43.124  23.537 0.0000000000
43353  -0.437  -42.965  23.107 0.0000000000
123054  -0.446  -41.070  22.496 0.0000000000
44233  -0.607  -42.245  22.618 0.0000000000
44246  -0.408  -41.625  21.616 0.0000000000
119941  -0.432  -42.199  21.070 0.0000000000
39321  12.107  -46.028  32.574 0.0000000000
40384  12.511  -45.679  31.986 0.0000000000
134789  18.186  -50.230  22.804 0.0000000000
35312  17.196  -50.844  23.954 0.0000000000
36268  18.343  -49.422  27.056 0.0000000000
37350  18.595  -48.816  27.120 0.0000000000
36281  19.333  -49.290  26.445 0.0000000000
36282  18.822  -49.725  26.684 0.0000000000
35258  18.454  -50.306  26.282 0.0000000000
35260  16.867  -50.973  26.278 0.0000000000
115139  16.008  -51.069  26.233 0.0000000000
35235  15.741  -50.345  28.352 0.0000000000
135863  15.339  -50.627  27.713 0.0000000000
35228  14.566  -49.975  29.168 0.0000000000
115965  14.571  -48.258  30.566 0.0000000000
127941  13.493  -48.286  30.618 0.0000000000
37324  12.925  -48.174  30.616 0.0000000000
37317  13.089  -47.600  31.041 0.0000000000
38352  12.729  -46.375  31.687 0.0000000000
38345  12.398  -46.154  32.145 0.0000000000
35403  0.486  -50.911  16.676 0.0000000000
36428  1.040  -49.446  17.506 0.0000000000
124546  0.381  -47.533  20.778 0.0000000000
37451  0.725  -48.088  19.345 0.0000000000
125484  0.655  -47.628  19.890 0.0000000000
38447  0.785  -47.298  20.060 0.0000000000
116752  0.768  -46.954  20.688 0.0000000000
38411  -0.078  -47.637  23.376 0.0000000000
38422  -0.010  -47.458  22.499 0.0000000000
39406  0.196  -47.090  23.593 0.0000000000
120626  1.589  -46.436  23.733 0.0000000000
39416  1.066  -46.377  21.972 0.0000000000
114851  2.410  -46.332  23.266 0.0000000000
114852  3.560  -46.507  23.277 0.0000000000
120627  3.113  -46.338  23.864 0.0000000000
39384  4.712  -46.368  26.004 0.0000000000
127804  5.332  -46.101  26.380 0.0000000000
133548  5.805  -45.626  26.363 0.0000000000
37338  1.484  -47.829  29.341 0.0000000000
39337  2.646  -46.896  30.155 0.0000000000
39347  3.089  -46.665  29.922 0.0000000000
40398  5.646  -45.823  32.243 0.0000000000
40406  6.268  -45.256  30.848 0.0000000000
39346  4.770  -46.359  29.543 0.0000000000
39345  5.580  -46.002  29.264 0.0000000000
39368  5.568  -46.130  28.339 0.0000000000
127433  5.737  -43.568  29.595 0.0000000000
135050  6.112  -43.800  29.029 0.0000000000
42401  5.678  -43.366  28.546 0.0000000000
42413  4.717  -42.829  28.185 0.0000000000
42382  1.888  -44.074  30.670 0.0000000000
42394  1.331  -43.898  29.668 0.0000000000
41416  1.204  -44.357  32.025 0.0000000000
36328  14.178  -49.733  23.248 0.0000000000
34218  4.208  -51.884  23.190 0.0000000000
34217  5.094  -51.561  23.379 0.0000000000
34190  2.779  -51.301  24.320 0.0000000000
131566  0.338  -51.219  17.917 0.0000000000
129632  0.169  -51.530  17.230 0.0000000000
38498  2.273  -48.003  16.568 0.0000000000
38523  2.264  -48.427  16.066 0.0000000000
37521  2.325  -48.338  15.482 0.0000000000
38522  2.434  -47.836  15.484 0.0000000000
136881  3.926  -46.391  19.995 0.0000000000
39465  3.324  -46.485  19.711 0.0000000000
39484  3.619  -46.413  18.763 0.0000000000
39516  4.111  -46.607  16.305 0.0000000000
39500  3.652  -46.445  17.116 0.0000000000
39524  3.727  -46.973  15.676 0.0000000000
38545  3.274  -47.624  14.798 0.0000000000
38544  4.248  -47.600  14.328 0.0000000000
38542  6.185  -46.867  13.927 0.0000000000
38554  5.686  -47.720  13.261 0.0000000000
37538  5.579  -48.640  12.956 0.0000000000
38553  6.646  -47.240  12.969 0.0000000000
43301  4.650  -42.341  25.516 0.0000000000
43322  5.426  -42.571  25.035 0.0000000000
115269  5.405  -42.545  24.268 0.0000000000
133517  6.014  -42.555  22.409 0.0000000000
43340  6.188  -42.795  22.857 0.0000000000
43371  6.750  -42.667  21.338 0.0000000000
123736  7.119  -43.103  21.277 0.0000000000
43383  3.883  -43.057  19.881 0.0000000000
43374  4.119  -42.981  20.577 0.0000000000
43399  7.014  -41.991  17.758 0.0000000000
43391  6.796  -41.896  18.729 0.0000000000
43398  7.503  -42.564  17.438 0.0000000000
42503  7.539  -42.858  18.715 0.0000000000
42524  7.880  -43.059  17.071 0.0000000000
41569  7.912  -43.783  16.651 0.0000000000
41584  8.030  -43.881  15.761 0.0000000000
41626  7.438  -44.326  12.521 0.0000000000
40579  7.835  -45.070  13.526 0.0000000000
40599  7.428  -45.592  11.914 0.0000000000
38564  6.973  -47.154  11.587 0.0000000000
39577  6.708  -46.488  11.067 0.0000000000
38568  5.435  -47.383  10.720 0.0000000000
40601  6.140  -45.767  10.820 0.0000000000
40602  4.334  -45.044  10.928 0.0000000000
40603  3.287  -44.828  10.803 0.0000000000
41585  3.079  -44.112  14.914 0.0000000000
41600  3.526  -44.290  14.151 0.0000000000
41614  3.125  -43.983  13.269 0.0000000000
41647  1.696  -43.320  11.008 0.0000000000
41646  2.291  -43.956  11.247 0.0000000000
41654  1.041  -44.108  9.541 0.0000000000
48898  1.884  -36.714  25.595 0.0000000000
48911  1.474  -37.453  25.183 0.0000000000
47896  1.123  -37.650  25.362 0.0000000000
47910  1.035  -38.023  24.784 0.0000000000
46958  0.963  -38.626  24.040 0.0000000000
47927  1.292  -38.300  24.130 0.0000000000
46987  1.934  -38.915  21.606 0.0000000000
46988  1.491  -39.400  22.416 0.0000000000
46060  1.579  -39.646  21.318 0.0000000000
46062  1.336  -40.760  21.206 0.0000000000
46074  1.482  -40.227  20.572 0.0000000000
49981  2.694  -35.508  18.914 0.0000000000
49980  3.536  -36.102  19.508 0.0000000000
48959  3.548  -36.707  19.546 0.0000000000
47956  3.606  -37.325  20.565 0.0000000000
47971  2.678  -37.639  19.188 0.0000000000
47021  0.905  -38.721  18.006 0.0000000000
47009  0.814  -39.385  18.386 0.0000000000
46088  1.141  -40.281  18.969 0.0000000000
46097  0.003  -39.664  18.820 0.0000000000
45183  -0.214  -40.220  18.415 0.0000000000
119033  -0.308  -39.494  17.911 0.0000000000
46122  -0.528  -39.901  15.519 0.0000000000
45198  -0.329  -40.634  16.192 0.0000000000
121606  0.063  -40.894  14.311 0.0000000000
45214  -0.187  -40.496  14.019 0.0000000000
48020  -0.364  -37.509  14.605 0.0000000000
37307  8.696  -48.371  33.440 0.0000000000
121666  8.994  -47.864  34.164 0.0000000000
37296  9.828  -47.052  33.953 0.0000000000
38342  10.029  -46.574  34.349 0.0000000000
39319  10.413  -45.793  34.167 0.0000000000
37313  9.404  -48.330  32.854 0.0000000000
37550  2.599  -48.890  10.859 0.0000000000
37555  2.929  -48.120  10.791 0.0000000000
37373  0.142  -48.550  25.640 0.0000000000
37365  0.190  -48.247  26.569 0.0000000000
38370  0.415  -47.596  28.067 0.0000000000
35269  1.055  -50.822  26.772 0.0000000000
35286  0.272  -50.203  24.983 0.0000000000
36301  0.147  -49.333  25.440 0.0000000000
39392  5.435  -45.833  24.773 0.0000000000
40451  5.513  -45.734  23.862 0.0000000000
41474  5.983  -44.774  24.540 0.0000000000
41487  5.981  -44.749  23.525 0.0000000000
119150  6.316  -43.782  24.006 0.0000000000
42498  -0.267  -43.212  20.208 0.0000000000
115288  1.047  -43.190  19.623 0.0000000000
42509  -0.053  -43.395  19.355 0.0000000000
42519  1.047  -43.142  18.765 0.0000000000
134558  1.459  -43.396  18.023 0.0000000000
116981  1.444  -43.465  17.203 0.0000000000
42529  0.768  -43.088  17.731 0.0000000000
42530  0.088  -42.646  17.338 0.0000000000
118813  3.391  -50.082  30.008 0.0000000000
35226  3.085  -49.525  30.067 0.0000000000
126580  4.231  -49.025  31.936 0.0000000000
38336  6.970  -47.350  35.383 0.0000000000
40372  8.493  -44.449  35.935 0.0000000000
40373  7.190  -44.673  36.176 0.0000000000
41385  7.163  -43.649  35.726 0.0000000000
121273  8.065  -43.158  35.727 0.0000000000
35248  13.783  -50.195  26.799 0.0000000000
36271  13.076  -49.802  27.242 0.0000000000
37342  10.274  -48.722  28.335 0.0000000000
37354  9.679  -48.643  27.785 0.0000000000
36289  7.237  -50.026  27.005 0.0000000000
130501  6.597  -50.290  27.434 0.0000000000
35223  6.128  -50.436  30.534 0.0000000000
124888  5.519  -50.455  29.986 0.0000000000
35231  4.139  -50.558  29.460 0.0000000000
35241  3.409  -50.613  28.759 0.0000000000
116766  1.777  -43.418  28.042 0.0000000000
117371  0.911  -43.145  26.675 0.0000000000
123858  -0.623  -39.880  26.290 0.0000000000
44190  -0.276  -41.454  26.001 0.0000000000
45128  -0.567  -40.635  25.782 0.0000000000
44207  -0.612  -41.815  24.114 0.0000000000
43344  -0.572  -42.377  23.605 0.0000000000
127184  -0.434  -40.449  23.304 0.0000000000
115731  -0.039  -40.110  22.593 0.0000000000
36307  18.945  -50.087  24.322 0.0000000000
36257  16.103  -49.692  28.765 0.0000000000
37316  13.543  -47.200  31.199 0.0000000000
35378  0.672  -50.263  18.462 0.0000000000
36412  0.930  -49.447  18.240 0.0000000000
133019  0.406  -48.876  19.657 0.0000000000
37437  0.344  -47.989  20.198 0.0000000000
39388  1.069  -47.241  25.451 0.0000000000
126057  0.752  -46.744  23.704 0.0000000000
39387  1.842  -46.518  25.460 0.0000000000
123154  2.296  -46.259  24.865 0.0000000000
39386  2.721  -46.275  25.443 0.0000000000
39394  3.210  -46.282  24.639 0.0000000000
39377  4.796  -46.323  26.930 0.0000000000
38357  3.404  -47.433  30.955 0.0000000000
38359  2.709  -47.245  30.163 0.0000000000
39330  4.578  -46.477  31.532 0.0000000000
113377  5.915  -44.438  32.235 0.0000000000
41413  6.227  -44.440  31.511 0.0000000000
40418  6.423  -44.627  30.443 0.0000000000
42390  5.678  -43.650  30.557 0.0000000000
42392  3.974  -43.355  29.606 0.0000000000
36311  12.749  -49.514  24.386 0.0000000000
36330  12.574  -49.270  23.728 0.0000000000
34177  5.313  -51.018  24.884 0.0000000000
34203  4.382  -51.631  23.953 0.0000000000
34204  3.455  -51.661  23.749 0.0000000000
35330  0.413  -49.841  22.067 0.0000000000
115391  0.464  -50.446  21.291 0.0000000000
129400  0.434  -50.193  20.862 0.0000000000
114977  0.509  -50.919  18.623 0.0000000000
38470  1.398  -47.780  18.728 0.0000000000
125935  1.954  -48.077  17.472 0.0000000000
38479  1.747  -47.818  18.142 0.0000000000
39503  2.050  -47.330  18.123 0.0000000000
130390  2.653  -46.929  17.803 0.0000000000
40503  5.052  -45.950  19.107 0.0000000000
39483  4.426  -46.144  18.573 0.0000000000
40526  5.090  -45.888  18.383 0.0000000000
39498  5.260  -46.059  17.069 0.0000000000
39515  4.989  -46.381  16.321 0.0000000000
125550  4.595  -47.072  14.627 0.0000000000
39522  5.600  -46.442  15.636 0.0000000000
39513  6.485  -46.091  15.866 0.0000000000
40572  7.205  -45.808  15.241 0.0000000000
43324  4.100  -42.852  24.419 0.0000000000
118473  4.800  -42.550  24.157 0.0000000000
43343  4.294  -42.850  23.671 0.0000000000
43351  4.701  -42.719  22.934 0.0000000000
135478  5.338  -42.471  21.467 0.0000000000
42515  4.266  -42.771  18.333 0.0000000000
43393  5.057  -42.210  18.954 0.0000000000
43412  5.630  -42.340  17.308 0.0000000000
118872  6.477  -42.145  17.280 0.0000000000
123670  7.444  -42.656  15.767 0.0000000000
42552  7.829  -43.254  15.222 0.0000000000
43418  7.402  -42.805  14.713 0.0000000000
42578  7.066  -43.044  13.236 0.0000000000
41627  6.991  -44.166  12.195 0.0000000000
41642  6.137  -45.009  11.312 0.0000000000
121535  6.293  -44.391  12.017 0.0000000000
41643  5.187  -44.781  11.706 0.0000000000
41629  4.491  -44.409  12.422 0.0000000000
118054  2.001  -42.869  13.657 0.0000000000
116197  2.531  -43.423  13.074 0.0000000000
47943  1.792  -38.312  23.265 0.0000000000
47942  2.428  -37.705  22.940 0.0000000000
47958  2.322  -38.304  22.205 0.0000000000
136620  2.343  -38.406  21.463 0.0000000000
48965  1.934  -35.928  18.194 0.0000000000
47977  2.118  -37.150  18.418 0.0000000000
47978  1.594  -37.646  18.122 0.0000000000
47022  -0.015  -38.207  18.424 0.0000000000
47034  -0.450  -38.729  17.415 0.0000000000
47048  -0.578  -38.627  16.554 0.0000000000
116165  -0.600  -38.903  15.757 0.0000000000
35217  6.194  -50.002  32.058 0.0000000000
35214  6.125  -49.596  32.676 0.0000000000
36220  6.458  -49.234  33.374 0.0000000000
37292  7.541  -47.933  34.978 0.0000000000
36249  13.016  -49.151  29.706 0.0000000000
128781  12.378  -49.300  29.105 0.0000000000
37334  10.360  -48.886  29.692 0.0000000000
133288  10.090  -48.907  29.003 0.0000000000
37336  9.043  -49.186  29.172 0.0000000000
117259  8.106  -49.495  28.726 0.0000000000
121367  7.744  -49.596  29.933 0.0000000000
36241  7.514  -49.698  30.784 0.0000000000
36230  8.223  -49.354  31.309 0.0000000000
36242  6.612  -50.171  31.165 0.0000000000
35221  6.252  -50.255  31.513 0.0000000000
43267  -1.235  -42.835  28.910 0.0000000000
43273  -1.074  -42.519  28.045 0.0000000000
44181  -0.500  -41.608  27.941 0.0000000000
45118  -0.251  -40.744  27.575 0.0000000000
128877  -0.233  -39.928  27.106 0.0000000000
46011  -0.320  -39.085  26.636 0.0000000000
46907  -0.209  -38.380  26.190 0.0000000000
46921  -0.144  -38.400  25.480 0.0000000000
134629  0.089  -48.479  22.561 0.0000000000
129328  0.319  -48.633  21.770 0.0000000000
38399  0.012  -47.650  24.125 0.0000000000
38391  0.398  -47.751  25.600 0.0000000000
39371  2.625  -46.712  27.768 0.0000000000
40387  6.377  -45.980  33.846 0.0000000000
39327  5.464  -46.407  32.928 0.0000000000
40392  6.242  -45.719  33.273 0.0000000000
40391  6.169  -44.761  33.034 0.0000000000
41403  5.106  -43.953  32.996 0.0000000000
41414  3.224  -43.907  32.155 0.0000000000
41405  2.461  -43.779  32.553 0.0000000000
123016  3.326  -51.190  25.745 0.0000000000
122455  2.141  -51.171  24.867 0.0000000000
34191  1.251  -51.730  24.736 0.0000000000
34223  0.498  -50.784  22.381 0.0000000000
132862  0.259  -50.059  23.565 0.0000000000
34224  0.318  -50.037  22.620 0.0000000000
35320  0.264  -49.408  22.700 0.0000000000
39430  2.718  -46.402  21.488 0.0000000000
113738  3.506  -46.366  21.252 0.0000000000
113476  4.349  -46.332  21.061 0.0000000000
39446  4.399  -46.287  20.289 0.0000000000
39412  5.240  -46.179  22.522 0.0000000000
40473  5.088  -46.074  20.784 0.0000000000
40484  5.758  -45.443  20.461 0.0000000000
41545  6.594  -44.615  19.207 0.0000000000
42486  2.537  -43.650  21.530 0.0000000000
42494  3.078  -43.457  20.291 0.0000000000
42506  3.175  -43.400  19.455 0.0000000000
42516  3.325  -43.362  18.651 0.0000000000
42525  4.482  -42.930  17.414 0.0000000000
124308  4.741  -43.525  16.124 0.0000000000
42554  3.714  -43.906  15.730 0.0000000000
41586  2.351  -43.849  14.887 0.0000000000
42544  1.341  -43.504  16.053 0.0000000000
42555  1.559  -43.014  15.073 0.0000000000
41602  1.921  -43.298  14.526 0.0000000000
42570  1.680  -42.106  14.295 0.0000000000
131695  1.503  -41.452  13.755 0.0000000000
43421  1.246  -41.081  13.485 0.0000000000
49994  -0.271  -35.938  17.194 0.0000000000
48978  -0.418  -36.276  16.367 0.0000000000
115375  -0.135  -36.091  15.871 0.0000000000
51106  1.066  -35.952  15.395 0.0000000000
36470  5.109  -49.959  12.588 0.0000000000
36277  0.857  -49.742  27.967 0.0000000000
36266  0.619  -48.920  28.376 0.0000000000
37337  2.319  -48.313  29.603 0.0000000000
37329  2.872  -47.993  30.317 0.0000000000
36244  3.353  -48.854  30.690 0.0000000000
135107  3.432  -48.060  31.003 0.0000000000
39324  5.109  -46.913  33.346 0.0000000000
36221  5.934  -49.256  33.315 0.0000000000
36216  5.627  -48.820  33.859 0.0000000000
37301  5.318  -48.115  34.124 0.0000000000
38337  6.135  -47.534  35.233 0.0000000000
37295  5.557  -47.906  34.865 0.0000000000
38344  5.573  -47.423  34.498 0.0000000000
38349  5.434  -47.147  33.823 0.0000000000
41387  6.667  -43.772  35.336 0.0000000000
35296  15.411  -50.821  24.702 0.0000000000
35297  14.746  -50.452  24.240 0.0000000000
135127  14.163  -50.303  24.561 0.0000000000
36310  13.524  -49.966  24.494 0.0000000000
132531  13.033  -49.805  25.304 0.0000000000
122073  12.266  -49.141  25.051 0.0000000000
37368  11.650  -48.528  24.996 0.0000000000
116544  11.632  -48.705  26.837 0.0000000000
37352  11.132  -48.487  27.207 0.0000000000
121586  11.346  -48.370  25.720 0.0000000000
37369  10.953  -48.152  25.072 0.0000000000
37372  8.829  -48.706  25.821 0.0000000000
35282  6.350  -50.504  25.827 0.0000000000
36262  7.588  -49.715  28.373 0.0000000000
128456  5.877  -50.356  28.933 0.0000000000
34168  3.674  -51.141  26.414 0.0000000000
34159  3.202  -50.988  27.125 0.0000000000
134155  1.899  -50.827  27.609 0.0000000000
43284  5.395  -42.688  26.723 0.0000000000
43285  4.576  -42.290  26.340 0.0000000000
43286  3.833  -42.250  25.879 0.0000000000
116416  3.086  -42.615  26.073 0.0000000000
115241  3.219  -42.886  24.681 0.0000000000
42452  2.427  -43.149  24.153 0.0000000000
43280  -0.305  -42.572  27.661 0.0000000000
43287  0.479  -42.556  26.720 0.0000000000
43303  0.416  -42.474  25.729 0.0000000000
42439  0.568  -42.886  25.196 0.0000000000
119376  0.805  -43.095  24.685 0.0000000000
42465  1.647  -43.271  23.630 0.0000000000
42476  1.680  -43.501  22.799 0.0000000000
130336  0.830  -43.345  22.445 0.0000000000
42488  0.193  -43.630  21.824 0.0000000000
42489  -0.302  -43.293  21.767 0.0000000000
121962  -0.430  -43.000  21.020 0.0000000000
44268  -0.222  -41.542  19.889 0.0000000000
38347  11.527  -46.357  33.124 0.0000000000
38340  11.014  -46.026  33.444 0.0000000000
38339  11.635  -46.027  33.059 0.0000000000
39322  11.719  -45.757  32.901 0.0000000000
35295  16.306  -50.933  24.327 0.0000000000
37349  19.841  -48.129  26.956 0.0000000000
35294  17.967  -50.676  24.616 0.0000000000
118116  17.085  -51.021  24.893 0.0000000000
35261  15.425  -50.891  26.851 0.0000000000
35247  14.612  -50.491  27.295 0.0000000000
36246  15.541  -49.282  29.410 0.0000000000
36234  15.061  -48.841  30.135 0.0000000000
36247  14.796  -49.531  29.730 0.0000000000
36248  13.898  -49.551  29.639 0.0000000000
36237  12.779  -48.621  30.248 0.0000000000
37309  12.977  -46.966  31.438 0.0000000000
114859  12.609  -47.097  31.487 0.0000000000
126933  12.159  -47.439  31.528 0.0000000000
122527  11.937  -47.042  32.060 0.0000000000
37303  11.848  -46.664  32.557 0.0000000000
37466  1.202  -48.921  18.082 0.0000000000
37465  1.314  -48.284  18.529 0.0000000000
38480  1.670  -48.068  18.146 0.0000000000
38460  1.048  -47.557  19.388 0.0000000000
39468  1.229  -47.076  19.720 0.0000000000
39449  1.599  -46.671  20.412 0.0000000000
38423  0.053  -48.022  22.103 0.0000000000
38434  0.186  -47.463  21.653 0.0000000000
39433  0.193  -46.932  22.064 0.0000000000
39417  0.451  -46.573  22.458 0.0000000000
39432  0.543  -46.724  21.622 0.0000000000
39431  1.867  -46.492  21.324 0.0000000000
135437  3.083  -46.397  22.675 0.0000000000
135540  4.271  -46.580  24.659 0.0000000000
39393  4.819  -46.431  25.116 0.0000000000
40442  6.129  -45.133  25.969 0.0000000000
41447  6.319  -44.164  27.089 0.0000000000
37346  0.333  -48.208  28.335 0.0000000000
38369  0.754  -47.584  28.906 0.0000000000
132629  0.818  -47.158  28.458 0.0000000000
38361  1.946  -47.197  29.557 0.0000000000
39349  1.423  -47.061  29.027 0.0000000000
39360  1.472  -46.872  28.206 0.0000000000
39359  2.300  -46.743  28.744 0.0000000000
39358  3.558  -46.584  28.426 0.0000000000
39335  4.620  -46.319  30.873 0.0000000000
114773  4.195  -46.552  30.134 0.0000000000
118558  3.867  -46.579  29.327 0.0000000000
128241  5.447  -46.190  27.556 0.0000000000
41434  6.349  -44.375  29.498 0.0000000000
40435  6.111  -45.437  27.788 0.0000000000
133235  6.324  -44.544  27.582 0.0000000000
125191  6.130  -43.699  27.725 0.0000000000
42405  0.912  -43.775  28.794 0.0000000000
43266  -1.210  -43.315  29.332 0.0000000000
41415  1.969  -44.070  32.029 0.0000000000
41428  1.639  -44.240  31.559 0.0000000000
42373  0.205  -43.581  31.540 0.0000000000
42384  -0.151  -43.795  30.678 0.0000000000
43259  -1.099  -43.536  30.132 0.0000000000
121788  -0.783  -42.052  29.397 0.0000000000
39318  11.069  -45.744  33.387 0.0000000000
35315  14.724  -50.125  23.610 0.0000000000
36349  14.308  -49.400  22.534 0.0000000000
117826  13.509  -49.386  22.813 0.0000000000
113837  3.168  -51.989  22.932 0.0000000000
37504  2.078  -48.831  16.090 0.0000000000
39485  2.723  -46.652  18.901 0.0000000000
124922  3.079  -46.976  16.951 0.0000000000
127576  3.898  -46.203  17.919 0.0000000000
38546  2.592  -47.696  15.055 0.0000000000
37531  2.771  -48.084  14.768 0.0000000000
38543  5.104  -47.222  13.969 0.0000000000
36474  5.510  -48.960  12.145 0.0000000000
42435  5.944  -43.138  25.346 0.0000000000
42462  6.315  -43.134  23.438 0.0000000000
43341  5.893  -42.715  23.601 0.0000000000
42473  6.534  -43.179  22.625 0.0000000000
41510  6.917  -43.752  21.569 0.0000000000
41522  7.091  -43.700  20.811 0.0000000000
133321  7.102  -44.324  18.583 0.0000000000
43373  5.057  -42.395  20.820 0.0000000000
116202  5.727  -42.205  20.356 0.0000000000
43392  5.911  -41.904  18.666 0.0000000000
43381  6.060  -41.993  19.554 0.0000000000
113644  6.506  -42.344  20.415 0.0000000000
42504  7.246  -42.771  19.494 0.0000000000
41544  7.254  -43.638  19.066 0.0000000000
41558  7.248  -44.471  17.884 0.0000000000
41570  7.490  -44.574  17.095 0.0000000000
40571  7.803  -45.175  14.459 0.0000000000
119133  8.089  -44.068  14.815 0.0000000000
116800  7.147  -46.531  13.485 0.0000000000
38560  6.969  -47.413  12.186 0.0000000000
37543  6.355  -47.901  11.749 0.0000000000
37547  5.512  -48.579  11.616 0.0000000000
37553  4.985  -48.159  10.879 0.0000000000
37554  3.765  -48.103  11.013 0.0000000000
38570  3.396  -47.291  10.406 0.0000000000
41599  4.503  -44.461  14.075 0.0000000000
41613  3.961  -44.521  13.349 0.0000000000
41631  2.823  -43.764  12.267 0.0000000000
41645  2.910  -44.204  11.400 0.0000000000
48893  0.832  -36.986  26.732 0.0000000000
132883  0.419  -37.541  25.787 0.0000000000
47898  0.276  -37.915  25.328 0.0000000000
47897  0.575  -37.726  25.547 0.0000000000
47912  0.291  -38.196  24.752 0.0000000000
46959  0.043  -38.396  24.019 0.0000000000
115580  0.149  -38.983  23.624 0.0000000000
46047  0.575  -39.622  23.124 0.0000000000
46974  1.407  -38.850  23.405 0.0000000000
136414  1.302  -39.748  22.504 0.0000000000
118880  1.112  -40.155  22.438 0.0000000000
131498  1.285  -41.185  20.401 0.0000000000
118081  1.183  -41.098  19.619 0.0000000000
47957  2.836  -37.871  21.254 0.0000000000
46996  2.338  -38.441  20.758 0.0000000000
47972  2.101  -38.133  18.708 0.0000000000
47007  1.928  -38.980  19.179 0.0000000000
46086  1.625  -39.659  19.802 0.0000000000
46087  1.381  -40.085  19.450 0.0000000000
121377  0.281  -41.059  19.560 0.0000000000
121407  -0.202  -40.952  18.759 0.0000000000
131263  -0.179  -41.653  17.350 0.0000000000
120915  -0.108  -41.696  16.602 0.0000000000
133468  -0.128  -41.330  15.892 0.0000000000
124574  -0.001  -40.735  15.070 0.0000000000
44329  0.816  -40.689  13.922 0.0000000000
44344  1.011  -41.043  13.006 0.0000000000
48007  -0.477  -37.185  15.375 0.0000000000
131637  -0.529  -37.622  15.159 0.0000000000
46130  -0.463  -39.434  13.711 0.0000000000
45224  0.093  -40.157  13.060 0.0000000000
44355  0.928  -41.124  12.268 0.0000000000
35353  0.369  -49.951  20.419 0.0000000000
36213  7.409  -48.752  33.951 0.0000000000
36215  6.147  -49.044  34.129 0.0000000000
36217  5.175  -48.525  33.521 0.0000000000
36222  5.169  -49.071  33.093 0.0000000000
36223  4.799  -48.486  33.175 0.0000000000
36243  3.641  -49.771  30.616 0.0000000000
36475  5.149  -49.302  12.040 0.0000000000
37294  5.881  -48.132  35.122 0.0000000000
37308  4.605  -47.904  32.930 0.0000000000
37452  0.436  -48.407  19.706 0.0000000000
37522  2.089  -48.895  15.509 0.0000000000
37544  5.767  -48.556  12.263 0.0000000000
38332  10.277  -46.209  34.248 0.0000000000
38448  0.579  -47.266  20.542 0.0000000000
38499  2.133  -48.312  16.829 0.0000000000
38521  2.949  -47.320  15.401 0.0000000000
38559  7.346  -46.872  12.025 0.0000000000
38565  6.295  -47.308  11.090 0.0000000000
38569  4.437  -47.381  10.532 0.0000000000
39320  5.992  -46.912  34.230 0.0000000000
39405  0.377  -46.639  23.101 0.0000000000
39413  4.799  -46.489  22.545 0.0000000000
39499  4.697  -46.041  17.744 0.0000000000
39502  2.365  -47.580  17.132 0.0000000000
39514  5.824  -46.137  16.444 0.0000000000
39542  7.557  -45.806  13.789 0.0000000000
39561  7.279  -46.748  12.660 0.0000000000
39573  7.529  -46.160  12.310 0.0000000000
39576  7.283  -46.343  11.638 0.0000000000
39578  5.894  -46.604  10.693 0.0000000000
40385  12.110  -45.530  32.474 0.0000000000
40396  6.366  -44.739  31.121 0.0000000000
40485  5.050  -45.985  19.941 0.0000000000
40554  7.681  -44.673  16.305 0.0000000000
40592  7.640  -45.151  12.628 0.0000000000
40609  2.710  -45.425  10.276 0.0000000000
41427  6.199  -44.126  30.923 0.0000000000
41533  7.034  -43.656  19.898 0.0000000000
41543  7.571  -43.661  18.315 0.0000000000
41571  2.407  -44.168  15.595 0.0000000000
41587  1.846  -43.879  15.414 0.0000000000
41611  7.744  -44.089  13.247 0.0000000000
41641  7.281  -44.836  11.940 0.0000000000
42423  5.970  -43.249  26.152 0.0000000000
42454  0.191  -42.832  24.411 0.0000000000
42495  2.256  -43.741  20.413 0.0000000000
42514  7.799  -42.946  17.921 0.0000000000
42517  2.535  -43.646  18.156 0.0000000000
42539  7.872  -43.136  16.187 0.0000000000
42553  4.941  -43.680  15.441 0.0000000000
42568  5.232  -43.844  14.631 0.0000000000
42577  7.425  -43.304  13.426 0.0000000000
42586  7.287  -43.633  12.813 0.0000000000
42587  6.698  -43.711  12.691 0.0000000000
43323  4.758  -42.463  24.767 0.0000000000
43342  5.190  -42.555  23.610 0.0000000000
43361  6.478  -42.787  22.160 0.0000000000
43362  6.056  -42.476  21.797 0.0000000000
43363  5.194  -42.588  22.188 0.0000000000
43364  4.372  -42.879  21.481 0.0000000000
43380  6.880  -42.281  19.599 0.0000000000
43390  7.373  -42.345  18.293 0.0000000000
43401  5.250  -42.246  18.084 0.0000000000
43410  7.120  -42.292  16.754 0.0000000000
43429  7.264  -42.867  13.897 0.0000000000
43430  7.113  -42.631  14.405 0.0000000000
43431  6.721  -42.719  14.642 0.0000000000
44245  1.527  -40.064  21.078 0.0000000000
44258  -0.203  -41.602  20.678 0.0000000000
44343  1.406  -41.473  13.027 0.0000000000
46073  1.581  -39.841  20.640 0.0000000000
46975  0.505  -38.696  23.943 0.0000000000
47061  -0.580  -38.195  15.014 0.0000000000
47884  0.420  -37.448  26.268 0.0000000000
47928  0.211  -38.400  24.351 0.0000000000
47966  2.894  -37.852  20.170 0.0000000000
47970  3.436  -37.244  19.666 0.0000000000
47988  -0.486  -37.444  17.313 0.0000000000
48956  4.009  -36.626  20.103 0.0000000000
48968  -0.116  -36.492  17.950 0.0000000000
50021  1.299  -36.091  14.921 0.0000000000
50022  0.775  -36.446  15.055 0.0000000000
113357  6.323  -46.395  14.974 0.0000000000
113955  3.281  -46.389  22.015 0.0000000000
114762  0.242  -43.585  20.169 0.0000000000
118955  0.854  -38.294  24.483 0.0000000000
118975  4.472  -46.227  16.996 0.0000000000
119594  0.188  -48.908  22.641 0.0000000000
120850  -0.460  -43.050  22.381 0.0000000000
121027  -0.215  -41.055  17.810 0.0000000000
121163  -0.545  -40.043  14.612 0.0000000000
122441  7.000  -42.347  15.873 0.0000000000
123253  0.005  -37.935  26.002 0.0000000000
123279  2.246  -48.144  15.084 0.0000000000
124591  -0.202  -41.253  16.837 0.0000000000
125428  1.082  -41.839  20.120 0.0000000000
129991  -0.318  -35.603  16.373 0.0000000000
131015  2.331  -48.019  15.909 0.0000000000
131378  2.870  -37.647  22.090 0.0000000000
131484  3.052  -50.412  29.152 0.0000000000
133597  2.593  -43.626  20.865 0.0000000000
134025  7.178  -45.229  16.715 0.0000000000
135432  0.751  -40.925  12.786 0.0000000000
135519  6.752  -44.709  11.697 0.0000000000
136220  8.007  -44.292  14.006 0.0000000000
136638  -0.039  -38.821  23.748 0.0000000000
136672  6.091  -47.159  35.125 0.0000000000
137047  10.692  -45.792  33.706 0.0000000000
137427  1.243  -39.884  18.785 0.0000000000
