#!ascii label  , from subject sub-v1s7x0051324_ses-1 vox2ras=TkReg
1667
32152  9.146  -53.025  21.861 0.0000000000
115719  40.628  -27.042  4.975 0.0000000000
37507  29.162  -47.882  15.690 0.0000000000
44241  30.808  -41.832  21.915 0.0000000000
37497  21.434  -48.843  16.224 0.0000000000
131617  17.863  -53.693  26.373 0.0000000000
64691  51.447  -21.037  -1.820 0.0000000000
64580  49.556  -20.599  7.656 0.0000000000
49007  36.437  -36.063  12.957 0.0000000000
118525  54.572  -12.905  -8.377 0.0000000000
125134  28.113  -50.814  21.066 0.0000000000
33103  12.956  -53.023  23.978 0.0000000000
63705  50.521  -21.245  2.854 0.0000000000
136745  44.990  -22.262  1.938 0.0000000000
55292  42.910  -30.867  9.269 0.0000000000
58028  45.962  -27.541  10.451 0.0000000000
52158  38.292  -33.582  8.604 0.0000000000
114470  30.330  -41.745  15.815 0.0000000000
40513  29.178  -44.831  18.478 0.0000000000
36362  23.965  -49.655  21.454 0.0000000000
34157  22.298  -52.135  27.338 0.0000000000
34244  19.979  -51.392  20.911 0.0000000000
33174  15.758  -52.446  19.490 0.0000000000
38491  25.483  -47.816  16.239 0.0000000000
66481  57.391  -18.724  -1.476 0.0000000000
65504  55.699  -19.592  3.529 0.0000000000
61525  43.698  -23.878  6.673 0.0000000000
53114  37.324  -33.299  15.352 0.0000000000
44282  35.405  -41.449  17.972 0.0000000000
115239  53.574  -17.833  -5.913 0.0000000000
70418  58.555  -14.768  -4.786 0.0000000000
73228  59.428  -11.186  -8.210 0.0000000000
35288  27.389  -50.644  24.505 0.0000000000
33132  10.765  -52.236  22.432 0.0000000000
33084  11.799  -52.803  26.500 0.0000000000
33107  9.532  -52.588  25.305 0.0000000000
64663  45.544  -21.112  0.422 0.0000000000
54254  42.852  -31.872  12.357 0.0000000000
133076  44.640  -30.691  12.530 0.0000000000
30055  3.157  -55.315  22.539 0.0000000000
54296  38.108  -32.217  5.682 0.0000000000
41590  27.655  -44.612  14.238 0.0000000000
114572  27.872  -43.097  15.258 0.0000000000
129332  29.885  -46.245  16.225 0.0000000000
36392  22.687  -49.935  19.278 0.0000000000
35327  21.957  -50.781  21.784 0.0000000000
36407  20.240  -49.761  18.539 0.0000000000
37495  23.266  -48.655  16.629 0.0000000000
37445  25.094  -49.320  19.032 0.0000000000
33083  20.066  -52.418  27.212 0.0000000000
64672  54.670  -20.413  -0.952 0.0000000000
66454  56.709  -18.573  1.467 0.0000000000
65548  53.431  -19.360  0.882 0.0000000000
63668  49.579  -21.851  5.258 0.0000000000
64601  53.107  -20.510  5.893 0.0000000000
60614  39.980  -24.847  3.488 0.0000000000
61548  41.798  -23.949  4.101 0.0000000000
59733  42.266  -25.466  6.193 0.0000000000
51128  34.927  -33.811  11.448 0.0000000000
53153  36.024  -33.437  12.089 0.0000000000
51097  36.478  -34.401  14.788 0.0000000000
44275  30.583  -41.833  18.478 0.0000000000
117295  32.886  -41.664  16.209 0.0000000000
114840  33.430  -41.518  20.021 0.0000000000
64728  50.117  -20.448  -4.189 0.0000000000
66520  51.213  -18.658  -5.613 0.0000000000
64724  53.146  -20.602  -4.180 0.0000000000
66496  56.000  -19.323  -3.618 0.0000000000
75111  57.143  -9.322  -8.695 0.0000000000
73214  57.067  -11.007  -7.764 0.0000000000
131582  59.449  -12.305  -5.790 0.0000000000
70438  56.383  -14.328  -7.773 0.0000000000
36401  28.373  -50.132  18.239 0.0000000000
132009  31.069  -49.838  18.471 0.0000000000
34229  29.996  -51.696  21.280 0.0000000000
32098  15.806  -53.700  25.667 0.0000000000
32028  16.812  -53.968  29.753 0.0000000000
32045  14.207  -53.540  28.917 0.0000000000
65582  48.039  -20.294  -1.560 0.0000000000
65551  50.579  -19.951  0.418 0.0000000000
64661  47.604  -20.516  0.746 0.0000000000
113311  48.002  -21.923  2.553 0.0000000000
62547  47.613  -22.788  4.343 0.0000000000
56277  41.539  -29.520  6.945 0.0000000000
58060  43.135  -27.635  7.770 0.0000000000
57190  44.139  -29.226  9.526 0.0000000000
47091  35.144  -38.197  12.649 0.0000000000
43330  34.231  -42.419  24.430 0.0000000000
128327  7.003  -54.206  21.259 0.0000000000
32120  7.625  -53.679  24.676 0.0000000000
116209  5.726  -54.396  23.151 0.0000000000
57277  38.701  -28.358  3.682 0.0000000000
55311  39.901  -30.764  6.183 0.0000000000
53204  40.386  -32.696  8.601 0.0000000000
129915  40.837  -32.775  11.959 0.0000000000
129231  27.861  -41.917  15.002 0.0000000000
44289  29.357  -42.899  16.987 0.0000000000
43378  29.453  -42.976  19.746 0.0000000000
38450  30.622  -47.782  19.626 0.0000000000
39422  29.698  -46.309  21.508 0.0000000000
36303  25.539  -50.040  24.725 0.0000000000
34154  24.442  -51.366  26.709 0.0000000000
35292  22.620  -50.868  24.305 0.0000000000
34201  21.028  -51.855  24.003 0.0000000000
32139  18.910  -53.287  22.983 0.0000000000
35382  18.305  -50.400  17.898 0.0000000000
33171  18.124  -52.535  19.767 0.0000000000
32129  16.708  -53.748  23.186 0.0000000000
33140  14.260  -52.863  21.573 0.0000000000
33159  12.503  -52.345  20.382 0.0000000000
33162  9.946  -52.595  20.089 0.0000000000
40584  26.691  -45.315  12.806 0.0000000000
39552  25.374  -46.464  13.205 0.0000000000
38489  27.329  -47.952  15.850 0.0000000000
36403  26.822  -49.215  18.831 0.0000000000
36360  26.081  -49.327  21.630 0.0000000000
63718  56.908  -21.328  1.834 0.0000000000
119260  53.264  -19.818  3.398 0.0000000000
123509  42.920  -22.782  1.948 0.0000000000
62550  44.619  -23.372  4.289 0.0000000000
62517  46.086  -22.471  7.117 0.0000000000
59714  44.381  -25.513  8.456 0.0000000000
62503  45.751  -22.852  9.397 0.0000000000
52161  35.757  -33.569  8.194 0.0000000000
114073  38.188  -33.059  12.278 0.0000000000
53111  39.842  -32.889  15.383 0.0000000000
45210  34.641  -40.629  14.462 0.0000000000
117559  36.884  -39.637  15.951 0.0000000000
44249  36.393  -41.446  21.315 0.0000000000
46078  38.000  -39.766  19.300 0.0000000000
47990  37.874  -37.324  16.668 0.0000000000
51061  37.592  -34.429  18.111 0.0000000000
53079  38.756  -33.316  18.528 0.0000000000
69464  54.345  -15.522  -8.130 0.0000000000
68446  55.628  -16.892  -5.783 0.0000000000
68422  58.284  -16.940  -3.356 0.0000000000
114392  27.538  -51.584  24.753 0.0000000000
33133  9.963  -52.576  22.111 0.0000000000
33105  10.508  -52.201  24.250 0.0000000000
33120  9.193  -52.769  23.795 0.0000000000
54247  42.538  -31.810  13.920 0.0000000000
54239  43.182  -31.396  14.293 0.0000000000
29037  3.255  -56.485  19.890 0.0000000000
40566  28.430  -45.722  14.315 0.0000000000
127230  28.709  -45.276  15.069 0.0000000000
39509  29.823  -46.815  15.659 0.0000000000
36419  22.173  -49.421  17.732 0.0000000000
36393  21.703  -49.914  19.039 0.0000000000
36420  21.350  -49.400  17.706 0.0000000000
38510  22.499  -48.241  15.079 0.0000000000
37496  22.385  -48.735  16.293 0.0000000000
37461  23.004  -49.543  17.847 0.0000000000
32074  19.120  -53.006  26.468 0.0000000000
32057  18.509  -53.094  28.112 0.0000000000
119302  53.090  -21.187  -1.782 0.0000000000
113606  54.019  -19.497  0.238 0.0000000000
128925  52.435  -20.412  -0.604 0.0000000000
63655  49.325  -21.496  6.143 0.0000000000
64591  50.787  -20.591  6.658 0.0000000000
58914  39.960  -26.143  4.135 0.0000000000
60603  40.958  -25.035  4.632 0.0000000000
58904  41.120  -26.362  5.303 0.0000000000
49028  35.356  -36.584  11.759 0.0000000000
50044  35.652  -34.774  12.087 0.0000000000
131929  35.842  -34.184  12.545 0.0000000000
50017  36.814  -35.368  14.277 0.0000000000
44255  30.622  -41.457  20.345 0.0000000000
115287  31.566  -41.658  18.948 0.0000000000
119749  32.200  -41.530  20.991 0.0000000000
64706  50.321  -20.917  -2.618 0.0000000000
64726  51.605  -20.931  -3.886 0.0000000000
64705  51.945  -21.498  -2.639 0.0000000000
64703  53.751  -21.215  -2.400 0.0000000000
133916  55.743  -10.428  -7.981 0.0000000000
118087  55.903  -11.537  -8.345 0.0000000000
72240  56.829  -12.229  -7.937 0.0000000000
71344  55.050  -13.410  -8.582 0.0000000000
35346  28.283  -50.807  20.202 0.0000000000
35345  29.230  -51.207  19.777 0.0000000000
34243  28.994  -51.343  20.914 0.0000000000
32117  14.446  -53.504  24.383 0.0000000000
32079  14.614  -53.556  26.826 0.0000000000
121359  13.938  -53.410  26.141 0.0000000000
33062  10.847  -52.931  28.482 0.0000000000
32047  11.994  -53.575  29.095 0.0000000000
119527  47.229  -20.214  -1.394 0.0000000000
65572  48.495  -20.161  -0.604 0.0000000000
65574  46.814  -20.245  -0.834 0.0000000000
136691  45.427  -21.565  1.057 0.0000000000
131192  46.072  -21.253  1.141 0.0000000000
63709  46.438  -22.277  2.456 0.0000000000
62561  47.721  -22.637  3.550 0.0000000000
119672  46.327  -22.735  3.174 0.0000000000
56272  41.978  -29.763  7.705 0.0000000000
57209  43.007  -29.150  8.457 0.0000000000
55291  43.606  -30.226  9.610 0.0000000000
65593  47.961  -20.285  -2.598 0.0000000000
31126  6.426  -54.399  21.640 0.0000000000
129337  5.444  -54.874  21.588 0.0000000000
56317  37.724  -29.649  3.462 0.0000000000
56305  39.258  -29.854  4.899 0.0000000000
55336  38.612  -30.236  4.481 0.0000000000
53223  38.645  -32.895  7.236 0.0000000000
54290  39.117  -32.254  6.806 0.0000000000
53205  39.608  -32.893  8.326 0.0000000000
53180  40.593  -32.881  10.353 0.0000000000
53181  39.773  -33.076  10.068 0.0000000000
44326  26.998  -42.106  14.289 0.0000000000
41560  28.886  -44.282  16.729 0.0000000000
42522  28.961  -43.530  16.397 0.0000000000
42512  29.300  -43.576  17.468 0.0000000000
117576  29.439  -43.239  18.362 0.0000000000
41540  29.227  -44.157  19.028 0.0000000000
35355  31.395  -50.730  19.598 0.0000000000
37454  31.156  -49.281  18.694 0.0000000000
37426  31.558  -49.183  20.591 0.0000000000
37411  31.103  -48.025  22.219 0.0000000000
40461  29.840  -45.384  22.336 0.0000000000
36322  24.862  -49.817  23.457 0.0000000000
36305  24.208  -50.260  24.508 0.0000000000
35325  23.529  -50.280  22.838 0.0000000000
35339  20.701  -50.968  20.888 0.0000000000
129479  21.453  -51.234  22.292 0.0000000000
34215  20.696  -51.657  22.338 0.0000000000
33112  20.283  -52.259  23.655 0.0000000000
33125  19.380  -52.715  22.447 0.0000000000
36423  18.795  -49.735  17.619 0.0000000000
34264  15.998  -51.885  18.158 0.0000000000
136706  17.414  -52.029  18.496 0.0000000000
33173  16.614  -52.675  19.478 0.0000000000
32149  17.760  -53.468  21.450 0.0000000000
33138  16.481  -53.142  20.924 0.0000000000
32141  15.686  -53.374  22.465 0.0000000000
114764  15.103  -52.536  20.341 0.0000000000
33160  11.472  -52.326  20.451 0.0000000000
42583  26.117  -43.894  12.628 0.0000000000
40585  25.861  -45.100  12.099 0.0000000000
38508  24.459  -47.519  15.323 0.0000000000
38531  25.229  -47.235  14.829 0.0000000000
38530  26.274  -47.189  14.616 0.0000000000
38490  26.382  -47.854  16.091 0.0000000000
37491  26.887  -48.274  16.690 0.0000000000
37472  25.583  -48.394  17.680 0.0000000000
36377  24.469  -49.418  20.602 0.0000000000
37428  25.265  -49.258  19.948 0.0000000000
36361  24.895  -49.293  21.450 0.0000000000
36321  25.950  -49.839  23.393 0.0000000000
34156  22.956  -51.650  27.246 0.0000000000
32104  6.189  -53.733  26.257 0.0000000000
32083  7.509  -53.143  26.593 0.0000000000
66465  58.153  -18.324  0.194 0.0000000000
65518  56.024  -18.967  2.999 0.0000000000
65516  56.958  -19.510  2.028 0.0000000000
64633  56.546  -19.992  2.741 0.0000000000
63692  55.671  -21.424  3.483 0.0000000000
64648  50.502  -20.337  1.589 0.0000000000
65523  51.357  -20.040  1.854 0.0000000000
64635  51.820  -20.466  2.697 0.0000000000
64600  53.843  -20.549  5.757 0.0000000000
61536  42.695  -24.015  5.247 0.0000000000
61560  43.198  -23.540  3.944 0.0000000000
61545  44.423  -23.529  5.162 0.0000000000
62538  45.811  -22.990  5.560 0.0000000000
62529  44.810  -23.216  6.706 0.0000000000
58858  44.212  -27.188  8.727 0.0000000000
58869  43.858  -26.165  8.090 0.0000000000
58856  45.414  -26.328  9.577 0.0000000000
118100  34.568  -33.154  9.298 0.0000000000
53140  36.863  -32.989  14.032 0.0000000000
53168  36.788  -33.367  11.720 0.0000000000
53139  37.197  -32.952  13.484 0.0000000000
113946  38.989  -32.965  14.184 0.0000000000
53112  38.267  -33.030  15.491 0.0000000000
44323  30.043  -41.566  14.068 0.0000000000
44321  31.661  -41.565  14.689 0.0000000000
130814  34.369  -41.520  17.049 0.0000000000
44308  33.535  -41.536  15.659 0.0000000000
45195  34.993  -40.925  15.842 0.0000000000
46120  35.823  -39.982  14.949 0.0000000000
134028  36.552  -40.710  16.974 0.0000000000
44224  35.321  -41.855  22.926 0.0000000000
46990  38.575  -38.517  19.750 0.0000000000
47011  38.530  -38.202  18.242 0.0000000000
47974  38.498  -37.253  18.426 0.0000000000
114065  37.776  -35.768  17.761 0.0000000000
126982  38.313  -36.107  19.452 0.0000000000
126971  52.501  -18.537  -5.681 0.0000000000
68456  54.404  -16.681  -6.919 0.0000000000
68455  55.273  -16.542  -6.624 0.0000000000
67439  55.218  -17.549  -5.437 0.0000000000
65602  56.440  -19.526  -2.816 0.0000000000
67426  57.068  -17.978  -3.709 0.0000000000
66486  57.928  -18.039  -1.931 0.0000000000
67419  59.055  -17.229  -2.066 0.0000000000
74187  58.407  -9.841  -8.120 0.0000000000
71321  59.221  -13.387  -5.100 0.0000000000
70416  59.717  -14.557  -4.466 0.0000000000
69421  59.336  -15.420  -3.714 0.0000000000
35324  27.601  -50.575  22.582 0.0000000000
34213  28.860  -51.331  22.710 0.0000000000
124924  28.769  -51.158  24.343 0.0000000000
137333  12.036  -52.305  23.234 0.0000000000
133172  12.413  -52.979  25.942 0.0000000000
123514  11.056  -52.215  24.866 0.0000000000
33085  10.596  -52.389  26.654 0.0000000000
33075  9.462  -52.574  28.085 0.0000000000
63733  44.051  -21.643  0.169 0.0000000000
63721  43.672  -22.054  0.850 0.0000000000
54270  42.855  -31.921  10.391 0.0000000000
55275  44.135  -31.034  11.244 0.0000000000
123259  43.968  -31.046  12.920 0.0000000000
55257  44.398  -30.454  14.233 0.0000000000
30072  4.517  -55.427  21.266 0.0000000000
30094  4.020  -55.972  20.468 0.0000000000
30074  2.583  -55.504  21.852 0.0000000000
54328  37.113  -31.200  3.802 0.0000000000
53225  37.142  -33.282  6.688 0.0000000000
128222  27.025  -42.519  14.576 0.0000000000
115902  27.978  -44.443  15.078 0.0000000000
40549  28.979  -44.792  16.609 0.0000000000
40532  29.481  -45.323  17.707 0.0000000000
36378  23.658  -49.750  20.695 0.0000000000
35337  22.649  -50.355  21.601 0.0000000000
36380  22.045  -50.169  19.942 0.0000000000
35359  21.178  -50.260  19.751 0.0000000000
35360  20.393  -50.438  19.685 0.0000000000
33190  14.663  -51.766  18.794 0.0000000000
34277  13.822  -51.026  17.918 0.0000000000
38509  23.801  -47.881  15.607 0.0000000000
37494  24.123  -48.387  17.019 0.0000000000
37473  24.763  -48.489  17.725 0.0000000000
132928  24.100  -48.799  17.743 0.0000000000
37446  24.045  -49.382  18.897 0.0000000000
131005  20.917  -52.070  27.348 0.0000000000
65579  55.943  -19.982  -1.587 0.0000000000
66466  57.018  -18.425  0.759 0.0000000000
118845  55.502  -19.298  -0.109 0.0000000000
66467  55.282  -18.570  1.145 0.0000000000
66444  54.565  -18.847  2.435 0.0000000000
118310  50.219  -21.739  3.528 0.0000000000
63681  51.571  -21.174  4.237 0.0000000000
64617  51.339  -21.175  4.968 0.0000000000
64589  52.892  -20.481  6.862 0.0000000000
61563  40.889  -23.870  3.000 0.0000000000
61549  41.078  -24.127  3.748 0.0000000000
61537  42.013  -24.269  4.771 0.0000000000
60582  42.893  -24.754  6.541 0.0000000000
59692  46.622  -26.051  10.647 0.0000000000
53185  34.166  -33.193  10.623 0.0000000000
53184  34.712  -33.191  10.729 0.0000000000
52127  35.027  -33.395  11.397 0.0000000000
52111  36.250  -33.641  13.712 0.0000000000
52094  36.580  -33.855  15.276 0.0000000000
116483  30.131  -41.939  17.191 0.0000000000
44298  31.555  -41.774  16.387 0.0000000000
44286  31.888  -41.761  17.101 0.0000000000
114113  32.976  -41.595  17.902 0.0000000000
132434  34.705  -41.525  18.752 0.0000000000
136547  49.302  -19.346  -4.926 0.0000000000
66522  49.459  -18.079  -5.599 0.0000000000
65618  50.755  -20.027  -4.776 0.0000000000
65626  52.039  -19.602  -5.063 0.0000000000
66508  53.547  -19.108  -4.962 0.0000000000
67434  54.817  -18.231  -5.006 0.0000000000
65615  54.707  -19.815  -4.159 0.0000000000
64701  55.435  -20.520  -2.288 0.0000000000
75100  55.364  -9.035  -8.216 0.0000000000
74169  57.204  -9.954  -7.758 0.0000000000
74149  58.443  -10.301  -7.113 0.0000000000
73197  59.681  -11.749  -6.755 0.0000000000
73200  58.522  -10.984  -6.617 0.0000000000
71327  58.073  -13.204  -6.330 0.0000000000
70432  57.672  -14.203  -6.506 0.0000000000
37490  28.810  -48.470  16.192 0.0000000000
36432  30.125  -49.033  17.017 0.0000000000
35370  30.118  -50.597  18.159 0.0000000000
34251  30.993  -51.353  19.744 0.0000000000
34240  31.488  -51.285  21.013 0.0000000000
32097  16.709  -53.828  25.352 0.0000000000
32058  17.521  -53.472  27.974 0.0000000000
32059  16.108  -53.603  27.406 0.0000000000
32029  15.848  -53.866  29.649 0.0000000000
32081  12.862  -53.407  27.318 0.0000000000
121279  13.252  -54.460  29.892 0.0000000000
64693  49.630  -20.652  -1.983 0.0000000000
65569  51.099  -20.072  -0.184 0.0000000000
65571  49.367  -20.127  -0.457 0.0000000000
65537  49.296  -20.116  0.797 0.0000000000
129366  48.939  -20.416  1.298 0.0000000000
64662  46.867  -20.593  0.414 0.0000000000
64651  47.516  -21.058  1.534 0.0000000000
63707  48.798  -21.670  2.652 0.0000000000
121926  49.018  -22.374  3.950 0.0000000000
63684  48.955  -22.277  4.658 0.0000000000
63656  48.519  -21.711  6.528 0.0000000000
58076  41.263  -28.044  5.765 0.0000000000
115720  41.638  -27.419  6.030 0.0000000000
58061  42.410  -28.044  7.065 0.0000000000
57208  43.711  -28.614  8.851 0.0000000000
58029  45.268  -28.079  10.098 0.0000000000
56250  45.149  -29.965  11.402 0.0000000000
56249  45.565  -29.295  11.054 0.0000000000
58021  46.409  -28.071  11.151 0.0000000000
116460  35.790  -37.718  12.865 0.0000000000
44227  32.303  -41.675  22.596 0.0000000000
65621  47.819  -19.162  -4.528 0.0000000000
65607  48.394  -19.913  -4.006 0.0000000000
64707  49.399  -20.657  -2.844 0.0000000000
74150  52.953  -10.148  -6.701 0.0000000000
72241  53.692  -12.037  -7.436 0.0000000000
32153  8.384  -53.514  21.635 0.0000000000
114380  8.064  -53.620  23.062 0.0000000000
31114  7.284  -53.972  22.811 0.0000000000
130275  6.628  -54.155  23.434 0.0000000000
31087  5.144  -54.354  25.037 0.0000000000
31117  4.818  -54.823  22.861 0.0000000000
116190  39.465  -26.813  3.897 0.0000000000
57284  38.234  -27.671  3.142 0.0000000000
57276  39.479  -28.228  4.237 0.0000000000
119595  40.058  -29.417  5.284 0.0000000000
56286  40.924  -29.749  6.368 0.0000000000
55300  41.197  -31.202  7.809 0.0000000000
54309  38.583  -31.478  5.352 0.0000000000
54288  40.537  -31.628  7.460 0.0000000000
54279  41.903  -32.058  9.245 0.0000000000
53162  42.246  -32.437  10.907 0.0000000000
53149  41.426  -32.622  12.306 0.0000000000
53125  41.257  -32.511  13.983 0.0000000000
115863  29.241  -41.637  14.791 0.0000000000
43416  27.725  -42.622  15.053 0.0000000000
44302  28.474  -42.520  15.591 0.0000000000
44300  29.630  -41.993  16.438 0.0000000000
131684  29.886  -42.198  17.957 0.0000000000
43377  29.621  -42.475  19.459 0.0000000000
43358  29.845  -42.224  21.349 0.0000000000
38487  30.518  -47.761  16.771 0.0000000000
38463  30.507  -46.986  18.166 0.0000000000
39476  29.890  -46.331  18.782 0.0000000000
37410  31.715  -48.853  21.723 0.0000000000
38427  29.922  -47.097  21.154 0.0000000000
39455  29.442  -45.901  20.227 0.0000000000
41520  29.285  -44.645  20.744 0.0000000000
117807  29.555  -44.008  22.159 0.0000000000
43335  29.934  -43.070  23.640 0.0000000000
35254  26.006  -50.791  25.922 0.0000000000
35274  24.831  -50.365  25.787 0.0000000000
35257  23.640  -50.912  26.468 0.0000000000
34174  22.625  -51.227  25.937 0.0000000000
35310  22.735  -50.718  23.250 0.0000000000
34200  21.809  -51.379  24.129 0.0000000000
34175  21.945  -51.715  25.793 0.0000000000
33093  20.301  -52.315  25.181 0.0000000000
119782  19.648  -52.927  25.041 0.0000000000
32114  18.674  -53.666  24.443 0.0000000000
36434  20.094  -49.159  17.374 0.0000000000
36408  19.589  -50.040  18.597 0.0000000000
35361  19.136  -51.282  19.740 0.0000000000
35383  17.636  -50.718  17.524 0.0000000000
34262  18.025  -51.589  18.602 0.0000000000
34246  18.749  -52.117  20.130 0.0000000000
32157  18.467  -53.066  21.333 0.0000000000
32140  18.259  -53.715  22.691 0.0000000000
31086  17.257  -53.926  24.763 0.0000000000
32115  16.272  -53.764  24.034 0.0000000000
32131  14.633  -53.497  23.586 0.0000000000
33114  13.938  -53.290  23.041 0.0000000000
114140  14.165  -52.431  20.033 0.0000000000
33141  13.564  -52.657  21.384 0.0000000000
33130  12.534  -52.482  22.808 0.0000000000
114785  11.402  -52.270  21.882 0.0000000000
33144  10.613  -52.406  21.588 0.0000000000
33145  9.762  -52.746  21.138 0.0000000000
32161  8.606  -53.314  20.219 0.0000000000
32162  7.920  -53.759  19.966 0.0000000000
42574  26.498  -43.496  13.531 0.0000000000
40576  27.344  -44.958  13.424 0.0000000000
38528  28.213  -47.037  14.446 0.0000000000
125475  26.208  -46.438  13.265 0.0000000000
38529  27.291  -47.137  14.420 0.0000000000
37508  28.286  -48.004  15.665 0.0000000000
125957  27.850  -48.453  16.371 0.0000000000
36402  27.479  -49.627  18.474 0.0000000000
36387  27.101  -49.505  20.302 0.0000000000
135457  25.779  -48.922  18.834 0.0000000000
36375  26.441  -49.201  20.700 0.0000000000
36359  26.967  -49.648  21.366 0.0000000000
131036  26.342  -49.896  23.026 0.0000000000
35289  26.670  -50.410  24.610 0.0000000000
32119  8.359  -53.302  25.067 0.0000000000
32082  8.169  -52.794  26.987 0.0000000000
65531  57.437  -18.948  1.420 0.0000000000
65549  52.445  -19.684  0.741 0.0000000000
65533  52.975  -19.484  1.644 0.0000000000
65520  54.132  -19.304  3.147 0.0000000000
113384  52.418  -20.706  4.232 0.0000000000
64615  54.107  -20.248  4.917 0.0000000000
64613  55.260  -20.052  4.258 0.0000000000
63722  42.993  -22.330  0.715 0.0000000000
62573  43.759  -22.764  2.351 0.0000000000
61573  42.284  -23.412  2.901 0.0000000000
62564  43.575  -23.172  3.217 0.0000000000
62563  44.649  -22.992  3.265 0.0000000000
62549  46.057  -23.081  4.719 0.0000000000
62526  47.175  -22.515  6.009 0.0000000000
136789  48.059  -21.556  7.226 0.0000000000
58893  42.468  -26.353  6.638 0.0000000000
59723  42.846  -25.560  6.913 0.0000000000
60573  43.872  -24.468  7.693 0.0000000000
124440  45.889  -25.009  9.967 0.0000000000
61502  44.855  -24.135  8.864 0.0000000000
62509  45.108  -22.920  8.130 0.0000000000
63648  45.814  -22.379  8.112 0.0000000000
114389  47.221  -21.488  8.400 0.0000000000
52188  35.749  -33.354  6.488 0.0000000000
52159  37.443  -33.674  8.441 0.0000000000
53195  35.960  -33.427  9.951 0.0000000000
53194  37.062  -33.610  10.116 0.0000000000
52136  38.148  -33.608  10.192 0.0000000000
134553  39.369  -32.906  11.805 0.0000000000
53138  40.460  -32.774  13.629 0.0000000000
116302  41.218  -32.512  15.550 0.0000000000
44320  32.450  -41.578  15.075 0.0000000000
46133  34.963  -39.396  13.501 0.0000000000
47066  36.008  -38.538  13.940 0.0000000000
48011  36.951  -37.629  14.736 0.0000000000
44238  33.733  -41.606  21.712 0.0000000000
44251  34.944  -41.606  20.638 0.0000000000
133121  36.263  -41.598  19.551 0.0000000000
128473  37.374  -40.639  20.593 0.0000000000
45180  36.946  -40.877  18.463 0.0000000000
46100  37.791  -39.449  17.502 0.0000000000
47037  37.741  -38.046  16.233 0.0000000000
48000  37.342  -37.136  15.251 0.0000000000
48975  37.206  -35.697  16.067 0.0000000000
117464  36.959  -34.395  16.746 0.0000000000
52087  37.155  -33.994  16.672 0.0000000000
117556  37.989  -34.633  20.025 0.0000000000
52071  37.927  -34.100  18.624 0.0000000000
53090  37.743  -33.831  17.354 0.0000000000
117525  39.159  -33.138  17.624 0.0000000000
70446  53.610  -14.024  -8.249 0.0000000000
70445  54.402  -14.154  -8.551 0.0000000000
70439  55.550  -14.646  -8.131 0.0000000000
69452  56.531  -15.557  -6.622 0.0000000000
69446  56.940  -15.865  -5.760 0.0000000000
67433  55.674  -17.975  -4.755 0.0000000000
68432  57.180  -16.776  -4.548 0.0000000000
68431  58.022  -16.383  -4.052 0.0000000000
68430  59.257  -16.084  -3.215 0.0000000000
34162  26.280  -51.282  25.706 0.0000000000
34172  26.722  -51.623  25.093 0.0000000000
32143  9.366  -52.744  22.832 0.0000000000
54240  42.537  -31.768  14.775 0.0000000000
54227  43.159  -31.339  15.191 0.0000000000
38527  28.903  -46.828  14.775 0.0000000000
39518  29.362  -46.608  15.149 0.0000000000
38503  29.363  -47.219  15.356 0.0000000000
37476  21.811  -49.136  16.993 0.0000000000
37477  20.837  -49.131  16.981 0.0000000000
32095  18.398  -53.526  25.926 0.0000000000
32075  18.486  -53.311  26.928 0.0000000000
136153  17.941  -53.531  27.205 0.0000000000
64690  52.359  -20.869  -1.340 0.0000000000
64675  51.680  -20.493  -0.817 0.0000000000
64593  49.183  -21.201  6.912 0.0000000000
64592  49.870  -20.855  6.762 0.0000000000
58905  40.084  -26.897  4.406 0.0000000000
58913  40.541  -26.247  4.717 0.0000000000
124314  35.945  -36.827  12.502 0.0000000000
49027  35.891  -35.780  12.249 0.0000000000
50029  36.231  -34.865  12.875 0.0000000000
49006  36.789  -36.258  13.757 0.0000000000
125584  30.454  -41.565  21.126 0.0000000000
44254  31.663  -41.412  20.318 0.0000000000
44240  31.804  -41.624  21.828 0.0000000000
134270  50.845  -21.060  -2.227 0.0000000000
130462  51.145  -21.312  -2.692 0.0000000000
116765  52.334  -21.375  -2.022 0.0000000000
73230  55.145  -11.128  -7.977 0.0000000000
72251  55.226  -12.336  -8.418 0.0000000000
71343  55.995  -12.659  -8.476 0.0000000000
135899  13.866  -53.363  24.514 0.0000000000
32118  14.108  -53.370  25.160 0.0000000000
33095  13.246  -53.148  24.651 0.0000000000
65584  46.448  -20.134  -1.797 0.0000000000
65575  45.966  -20.269  -1.054 0.0000000000
63720  44.924  -21.913  1.330 0.0000000000
113300  45.715  -21.902  1.774 0.0000000000
62572  45.494  -22.588  2.596 0.0000000000
55298  42.544  -30.567  8.676 0.0000000000
56264  42.933  -29.988  8.966 0.0000000000
31127  5.851  -54.807  21.276 0.0000000000
57285  37.195  -29.120  2.966 0.0000000000
136960  38.301  -29.806  4.015 0.0000000000
55337  37.878  -30.526  4.015 0.0000000000
114343  38.858  -33.156  8.042 0.0000000000
53206  39.020  -33.302  8.855 0.0000000000
53192  39.753  -33.088  9.145 0.0000000000
53193  39.035  -33.335  9.714 0.0000000000
40533  29.089  -44.599  17.473 0.0000000000
41549  29.012  -44.011  17.272 0.0000000000
128618  29.109  -44.247  18.136 0.0000000000
125129  29.273  -43.783  18.245 0.0000000000
35344  31.716  -50.733  20.532 0.0000000000
36374  31.862  -50.004  20.134 0.0000000000
35343  32.154  -50.254  21.100 0.0000000000
115956  24.396  -49.848  22.839 0.0000000000
36323  24.205  -50.117  23.596 0.0000000000
36344  23.924  -49.838  22.230 0.0000000000
34232  20.325  -51.546  21.500 0.0000000000
34216  19.892  -52.151  21.964 0.0000000000
34233  19.639  -51.988  21.237 0.0000000000
33188  16.304  -52.355  18.773 0.0000000000
33156  16.954  -53.021  20.164 0.0000000000
33157  16.098  -52.728  20.255 0.0000000000
33139  15.602  -52.871  21.059 0.0000000000
126619  25.108  -47.579  15.632 0.0000000000
38507  25.871  -47.531  15.463 0.0000000000
37492  25.967  -48.110  16.924 0.0000000000
115911  24.629  -49.526  22.152 0.0000000000
134414  22.624  -52.163  27.436 0.0000000000
32105  5.342  -53.692  26.872 0.0000000000
32084  5.697  -53.405  27.520 0.0000000000
66480  57.928  -18.004  -0.933 0.0000000000
124885  58.462  -18.182  -0.484 0.0000000000
114212  57.870  -18.228  0.141 0.0000000000
65503  56.219  -19.530  3.082 0.0000000000
64624  56.176  -19.998  3.338 0.0000000000
63691  56.154  -20.727  3.134 0.0000000000
64625  55.749  -20.434  3.695 0.0000000000
64637  50.052  -20.856  2.138 0.0000000000
64636  50.908  -20.667  2.313 0.0000000000
64628  51.190  -20.953  2.983 0.0000000000
61526  43.225  -24.035  6.104 0.0000000000
61535  43.556  -23.743  5.330 0.0000000000
61534  44.120  -23.601  6.130 0.0000000000
62539  45.023  -23.316  5.805 0.0000000000
58846  45.354  -27.213  9.768 0.0000000000
58857  44.819  -26.791  9.182 0.0000000000
58845  45.817  -26.748  10.091 0.0000000000
53208  33.977  -32.982  8.733 0.0000000000
53130  37.096  -33.125  14.876 0.0000000000
53113  37.314  -33.069  15.063 0.0000000000
53128  38.082  -32.972  14.750 0.0000000000
134873  37.733  -33.013  15.282 0.0000000000
114111  30.176  -41.689  14.973 0.0000000000
44322  30.888  -41.542  14.354 0.0000000000
44311  30.986  -41.629  15.236 0.0000000000
44294  35.151  -41.332  17.142 0.0000000000
44295  34.718  -41.291  16.435 0.0000000000
45194  35.791  -40.857  16.369 0.0000000000
45187  36.056  -41.184  17.342 0.0000000000
127051  38.451  -38.431  20.604 0.0000000000
47010  38.734  -37.901  19.087 0.0000000000
47960  38.696  -37.529  20.081 0.0000000000
47968  38.653  -36.911  19.274 0.0000000000
48955  38.557  -36.449  20.110 0.0000000000
66518  53.186  -18.512  -5.550 0.0000000000
67441  52.747  -17.926  -6.063 0.0000000000
67449  53.989  -17.267  -6.418 0.0000000000
68447  54.832  -17.120  -6.150 0.0000000000
67440  54.409  -17.722  -5.696 0.0000000000
65591  56.700  -19.517  -2.030 0.0000000000
66487  57.177  -18.842  -2.448 0.0000000000
74186  59.039  -10.367  -8.110 0.0000000000
73239  59.223  -11.097  -9.041 0.0000000000
72250  59.508  -12.066  -8.840 0.0000000000
70424  58.704  -13.921  -5.096 0.0000000000
71320  59.699  -13.771  -4.904 0.0000000000
70417  59.233  -14.303  -4.553 0.0000000000
70411  59.371  -14.883  -4.096 0.0000000000
69434  58.923  -14.993  -4.042 0.0000000000
35308  27.630  -50.574  23.568 0.0000000000
35307  28.325  -50.829  24.044 0.0000000000
35287  28.135  -50.914  24.604 0.0000000000
33131  11.632  -52.196  22.785 0.0000000000
33104  11.814  -52.439  24.471 0.0000000000
120618  11.162  -52.153  24.128 0.0000000000
33106  9.750  -52.453  24.442 0.0000000000
120542  10.301  -52.335  25.079 0.0000000000
117039  10.035  -52.419  25.982 0.0000000000
33074  10.347  -52.552  27.708 0.0000000000
33086  9.739  -52.440  26.983 0.0000000000
63747  43.417  -21.547  -0.659 0.0000000000
63734  43.172  -21.955  0.076 0.0000000000
123766  42.881  -31.942  11.319 0.0000000000
54262  43.587  -31.570  11.691 0.0000000000
54253  43.602  -31.496  12.463 0.0000000000
29026  3.030  -55.993  20.841 0.0000000000
30095  1.936  -55.561  21.183 0.0000000000
41591  27.038  -44.079  13.932 0.0000000000
42560  27.364  -43.746  14.846 0.0000000000
40559  29.461  -45.915  15.480 0.0000000000
40560  29.016  -45.184  15.869 0.0000000000
127120  29.491  -45.473  16.319 0.0000000000
131065  29.357  -45.158  17.028 0.0000000000
40548  29.773  -45.781  16.959 0.0000000000
36379  23.024  -50.015  20.196 0.0000000000
36406  21.045  -49.646  18.439 0.0000000000
36394  20.751  -49.993  19.118 0.0000000000
117884  20.729  -50.608  20.220 0.0000000000
37509  23.075  -48.351  15.789 0.0000000000
113656  23.232  -47.973  15.114 0.0000000000
38493  23.760  -48.234  16.243 0.0000000000
37474  23.475  -49.001  17.401 0.0000000000
37460  23.713  -49.251  18.148 0.0000000000
36404  23.239  -49.650  18.655 0.0000000000
36391  23.519  -49.702  19.464 0.0000000000
33082  20.557  -52.109  26.343 0.0000000000
64688  55.058  -20.582  -1.568 0.0000000000
65580  55.377  -20.019  -0.864 0.0000000000
65566  54.730  -19.809  -0.307 0.0000000000
66468  54.362  -18.926  1.028 0.0000000000
66456  54.918  -18.612  1.760 0.0000000000
66457  53.957  -18.976  1.654 0.0000000000
63683  49.783  -22.014  4.311 0.0000000000
63682  50.742  -21.617  4.286 0.0000000000
63667  50.470  -21.612  5.063 0.0000000000
64590  51.842  -20.424  6.698 0.0000000000
60623  39.696  -24.575  2.814 0.0000000000
60622  40.423  -24.386  3.313 0.0000000000
59739  41.616  -25.632  5.538 0.0000000000
60602  41.564  -24.918  5.072 0.0000000000
60593  41.991  -24.996  5.633 0.0000000000
60601  42.169  -24.557  5.310 0.0000000000
60592  42.534  -24.611  5.845 0.0000000000
52137  33.825  -33.624  10.290 0.0000000000
51129  34.490  -33.753  11.004 0.0000000000
53171  34.724  -33.261  10.998 0.0000000000
52119  35.341  -33.771  11.760 0.0000000000
51107  35.953  -34.135  13.435 0.0000000000
51108  35.869  -33.812  12.528 0.0000000000
51098  36.164  -34.088  14.212 0.0000000000
52101  36.431  -33.661  14.643 0.0000000000
51092  36.312  -34.072  14.976 0.0000000000
44287  30.603  -41.918  17.733 0.0000000000
114112  31.079  -41.893  17.138 0.0000000000
44274  31.487  -41.827  17.897 0.0000000000
44263  32.658  -41.540  19.275 0.0000000000
113951  32.330  -41.653  18.367 0.0000000000
44262  33.690  -41.480  19.142 0.0000000000
44273  33.758  -41.479  18.286 0.0000000000
65606  49.259  -19.933  -4.434 0.0000000000
65619  49.944  -19.733  -4.876 0.0000000000
64725  52.264  -20.700  -4.218 0.0000000000
65617  51.636  -20.280  -4.648 0.0000000000
65616  52.501  -20.067  -4.713 0.0000000000
134095  53.175  -19.809  -4.755 0.0000000000
113418  53.885  -19.878  -4.488 0.0000000000
65605  54.130  -20.572  -3.836 0.0000000000
64702  54.625  -20.875  -2.276 0.0000000000
73229  56.421  -10.566  -8.006 0.0000000000
74188  55.986  -9.575  -8.128 0.0000000000
74168  57.980  -9.929  -7.558 0.0000000000
73213  57.875  -10.436  -7.235 0.0000000000
72239  57.633  -11.559  -7.118 0.0000000000
71335  56.615  -13.349  -7.936 0.0000000000
71330  57.459  -12.899  -7.188 0.0000000000
71331  57.129  -13.908  -7.250 0.0000000000
70433  56.879  -14.748  -6.978 0.0000000000
36417  28.924  -49.542  17.264 0.0000000000
36416  29.767  -49.528  17.284 0.0000000000
36400  29.311  -50.097  17.751 0.0000000000
34242  29.945  -51.581  20.290 0.0000000000
34252  30.264  -51.373  19.450 0.0000000000
133913  30.504  -51.506  19.980 0.0000000000
34250  31.348  -51.190  20.221 0.0000000000
34228  30.954  -51.674  21.700 0.0000000000
32077  16.527  -53.761  26.415 0.0000000000
32061  14.361  -53.462  27.816 0.0000000000
32060  15.229  -53.509  27.567 0.0000000000
32044  15.078  -53.567  29.201 0.0000000000
121775  15.135  -54.035  29.811 0.0000000000
32030  14.557  -53.929  29.678 0.0000000000
32101  12.413  -53.192  26.681 0.0000000000
33073  12.040  -53.182  27.381 0.0000000000
65581  49.016  -20.360  -1.313 0.0000000000
64677  49.905  -20.431  -1.135 0.0000000000
65554  48.056  -20.142  0.060 0.0000000000
65553  48.899  -20.009  0.157 0.0000000000
131128  48.507  -20.251  0.748 0.0000000000
64679  45.480  -20.728  -0.438 0.0000000000
64678  46.382  -20.519  -0.194 0.0000000000
135968  45.923  -20.769  0.086 0.0000000000
63719  46.761  -21.611  1.769 0.0000000000
132702  47.538  -21.594  2.066 0.0000000000
64639  48.189  -21.258  2.056 0.0000000000
63694  49.336  -21.980  3.410 0.0000000000
63695  48.445  -22.297  3.289 0.0000000000
62546  48.365  -22.607  4.110 0.0000000000
62535  48.199  -22.545  4.934 0.0000000000
63669  48.735  -22.011  5.523 0.0000000000
63670  47.963  -22.304  5.797 0.0000000000
57252  41.275  -28.885  6.202 0.0000000000
58075  41.801  -28.066  6.356 0.0000000000
57251  41.853  -28.700  6.772 0.0000000000
57191  43.486  -29.439  9.069 0.0000000000
121266  44.290  -28.432  9.282 0.0000000000
57189  44.712  -28.613  9.785 0.0000000000
55274  44.715  -30.633  11.706 0.0000000000
55281  44.611  -30.386  10.906 0.0000000000
56239  45.776  -29.605  11.907 0.0000000000
57148  46.299  -29.039  12.420 0.0000000000
57162  46.151  -28.852  11.499 0.0000000000
58013  47.164  -27.788  12.366 0.0000000000
48049  35.228  -37.518  12.193 0.0000000000
66497  47.055  -18.895  -4.276 0.0000000000
65608  47.490  -19.629  -3.862 0.0000000000
64708  48.584  -20.408  -3.149 0.0000000000
64694  48.757  -20.466  -2.236 0.0000000000
73217  53.619  -10.854  -7.195 0.0000000000
32154  7.643  -53.890  21.411 0.0000000000
32145  7.857  -53.751  22.220 0.0000000000
31125  7.071  -53.982  21.964 0.0000000000
31115  6.460  -54.221  22.511 0.0000000000
31103  5.891  -54.255  24.140 0.0000000000
30054  4.156  -55.185  22.197 0.0000000000
58921  39.228  -26.013  3.525 0.0000000000
131581  38.533  -26.230  3.064 0.0000000000
126671  37.863  -28.616  3.210 0.0000000000
134667  37.649  -28.025  2.853 0.0000000000
58093  39.048  -27.558  3.760 0.0000000000
57268  40.107  -28.505  4.904 0.0000000000
56311  39.508  -29.085  4.576 0.0000000000
55324  39.642  -30.317  5.510 0.0000000000
56287  40.282  -29.999  5.961 0.0000000000
55310  40.558  -30.471  6.536 0.0000000000
56278  41.020  -30.158  6.925 0.0000000000
55306  40.819  -30.836  7.166 0.0000000000
54310  37.843  -31.753  4.971 0.0000000000
55326  38.266  -30.996  4.709 0.0000000000
114151  40.122  -32.331  7.858 0.0000000000
54289  39.807  -31.924  7.162 0.0000000000
54284  40.840  -32.000  8.180 0.0000000000
54280  41.155  -32.391  8.902 0.0000000000
54271  42.172  -32.370  10.030 0.0000000000
53190  41.360  -32.646  9.723 0.0000000000
53164  40.687  -32.822  11.246 0.0000000000
53163  41.499  -32.668  11.457 0.0000000000
53137  41.283  -32.592  13.157 0.0000000000
44324  28.263  -41.605  14.489 0.0000000000
44313  28.433  -41.930  15.347 0.0000000000
42547  27.373  -43.073  15.017 0.0000000000
43396  28.948  -42.962  16.271 0.0000000000
44301  29.142  -42.559  16.370 0.0000000000
115613  28.907  -42.200  15.923 0.0000000000
44288  29.609  -42.430  17.103 0.0000000000
44276  29.531  -42.688  17.662 0.0000000000
132399  29.472  -42.937  19.058 0.0000000000
44256  29.892  -41.841  19.931 0.0000000000
43368  29.643  -42.412  20.434 0.0000000000
36415  30.389  -49.441  17.516 0.0000000000
37468  30.636  -48.631  17.321 0.0000000000
36399  30.888  -49.303  17.983 0.0000000000
115077  30.985  -48.539  19.107 0.0000000000
38462  30.791  -47.748  18.618 0.0000000000
38451  30.288  -47.061  19.172 0.0000000000
38415  30.007  -46.888  21.885 0.0000000000
38426  30.501  -47.548  21.669 0.0000000000
39437  29.674  -46.442  20.634 0.0000000000
39438  29.432  -45.776  20.963 0.0000000000
40481  29.304  -45.228  20.288 0.0000000000
40470  29.388  -45.174  21.239 0.0000000000
41495  29.691  -44.633  22.302 0.0000000000
42470  29.599  -43.299  22.175 0.0000000000
117255  25.890  -50.482  25.650 0.0000000000
35273  25.449  -50.534  26.034 0.0000000000
36293  25.546  -50.273  25.506 0.0000000000
35291  23.510  -50.591  25.035 0.0000000000
35275  23.973  -50.536  25.908 0.0000000000
35276  23.240  -50.741  25.989 0.0000000000
121138  22.842  -50.927  25.270 0.0000000000
35326  22.689  -50.527  22.337 0.0000000000
34214  21.404  -51.440  23.150 0.0000000000
34186  21.465  -51.655  24.870 0.0000000000
34176  21.050  -51.846  25.611 0.0000000000
34187  20.868  -51.956  24.791 0.0000000000
33113  19.568  -52.727  23.317 0.0000000000
33102  19.833  -52.732  24.267 0.0000000000
32113  19.283  -53.269  24.575 0.0000000000
32094  19.018  -53.333  25.328 0.0000000000
36409  18.991  -50.184  18.274 0.0000000000
114281  19.185  -50.587  19.022 0.0000000000
35373  18.520  -50.851  18.479 0.0000000000
35395  17.209  -50.149  16.982 0.0000000000
35384  16.910  -50.967  17.199 0.0000000000
33186  17.753  -52.233  19.093 0.0000000000
34253  18.409  -51.856  19.394 0.0000000000
33153  18.991  -52.409  20.883 0.0000000000
33154  18.353  -52.749  20.514 0.0000000000
129790  17.470  -53.731  22.346 0.0000000000
32148  18.177  -53.551  21.956 0.0000000000
32128  17.674  -53.959  23.344 0.0000000000
31102  17.112  -53.952  24.041 0.0000000000
33127  15.053  -53.098  21.846 0.0000000000
32130  15.653  -53.564  23.294 0.0000000000
32142  14.844  -53.341  22.743 0.0000000000
33128  14.180  -53.090  22.269 0.0000000000
34254  14.041  -52.024  19.295 0.0000000000
33158  13.425  -52.492  20.613 0.0000000000
33142  12.778  -52.446  21.287 0.0000000000
113958  13.027  -52.545  22.013 0.0000000000
113957  12.219  -52.350  22.015 0.0000000000
33143  11.943  -52.353  21.221 0.0000000000
121506  10.757  -52.366  20.071 0.0000000000
116629  11.217  -52.347  21.193 0.0000000000
33161  10.620  -52.461  20.774 0.0000000000
32165  9.118  -52.928  19.660 0.0000000000
128848  8.143  -53.676  20.825 0.0000000000
41605  26.738  -44.444  13.000 0.0000000000
39550  27.466  -45.706  13.469 0.0000000000
39549  28.062  -45.914  13.867 0.0000000000
39529  27.666  -46.426  13.836 0.0000000000
39566  26.026  -45.901  12.559 0.0000000000
38506  26.816  -47.573  15.231 0.0000000000
38505  27.803  -47.598  15.028 0.0000000000
37457  26.528  -48.934  18.364 0.0000000000
37456  27.126  -49.067  18.034 0.0000000000
122716  27.183  -49.568  19.351 0.0000000000
119624  25.317  -48.800  18.324 0.0000000000
36376  25.536  -49.106  20.886 0.0000000000
36389  26.032  -49.018  20.181 0.0000000000
36341  26.531  -49.774  22.297 0.0000000000
128213  25.461  -49.843  23.827 0.0000000000
129495  26.065  -50.066  24.306 0.0000000000
36292  26.024  -50.335  25.105 0.0000000000
34164  25.092  -51.574  26.613 0.0000000000
32043  17.235  -53.493  29.072 0.0000000000
32042  18.145  -53.381  29.066 0.0000000000
32027  17.755  -53.926  29.767 0.0000000000
32134  7.487  -53.866  23.726 0.0000000000
113636  8.364  -53.342  24.027 0.0000000000
32066  7.132  -52.771  27.953 0.0000000000
32065  8.041  -52.647  27.934 0.0000000000
33076  8.536  -52.591  28.504 0.0000000000
33077  7.508  -52.517  28.952 0.0000000000
116753  56.139  -18.396  1.090 0.0000000000
66453  57.494  -18.556  0.901 0.0000000000
136542  57.162  -18.723  1.422 0.0000000000
63702  56.991  -20.410  2.027 0.0000000000
65550  51.467  -19.855  0.589 0.0000000000
65522  52.271  -19.834  2.145 0.0000000000
65521  53.141  -19.577  2.556 0.0000000000
64616  52.277  -20.764  4.985 0.0000000000
65497  53.231  -20.471  5.035 0.0000000000
64614  54.701  -20.474  4.778 0.0000000000
65496  54.706  -19.943  4.485 0.0000000000
63679  55.191  -21.098  4.238 0.0000000000
62586  42.327  -22.733  1.116 0.0000000000
62585  43.327  -22.513  1.425 0.0000000000
61562  41.660  -23.755  3.311 0.0000000000
61574  41.485  -23.492  2.396 0.0000000000
61561  42.396  -23.652  3.659 0.0000000000
62551  43.989  -23.355  3.838 0.0000000000
113657  45.438  -23.184  4.076 0.0000000000
62527  46.373  -22.672  6.225 0.0000000000
63658  46.892  -22.245  6.864 0.0000000000
63657  47.660  -22.000  6.627 0.0000000000
63646  47.418  -21.747  7.484 0.0000000000
58881  42.165  -27.248  6.508 0.0000000000
115901  42.749  -27.036  7.121 0.0000000000
58879  43.380  -25.781  7.472 0.0000000000
59715  43.830  -25.188  7.903 0.0000000000
60581  43.394  -24.854  7.230 0.0000000000
60572  44.361  -24.503  8.292 0.0000000000
62497  46.104  -22.941  9.992 0.0000000000
61496  45.830  -23.573  9.730 0.0000000000
61508  45.229  -23.445  9.054 0.0000000000
61509  44.743  -23.576  8.331 0.0000000000
132108  45.453  -22.797  8.737 0.0000000000
63641  45.942  -22.234  9.048 0.0000000000
53226  34.826  -33.210  7.083 0.0000000000
52177  35.648  -33.526  7.393 0.0000000000
128411  36.303  -33.615  7.653 0.0000000000
52160  36.556  -33.652  8.323 0.0000000000
53170  35.288  -33.380  11.354 0.0000000000
116422  35.102  -33.253  9.821 0.0000000000
53169  36.045  -33.404  11.539 0.0000000000
53151  37.210  -33.111  12.553 0.0000000000
114945  37.398  -33.515  10.977 0.0000000000
113974  38.232  -33.457  11.044 0.0000000000
53166  38.763  -33.059  11.591 0.0000000000
113942  39.027  -32.893  12.436 0.0000000000
113947  39.061  -32.992  15.015 0.0000000000
131375  39.641  -32.902  13.719 0.0000000000
53127  39.914  -32.888  14.479 0.0000000000
53126  40.707  -32.682  14.386 0.0000000000
133034  40.480  -32.761  15.853 0.0000000000
44297  32.240  -41.723  16.532 0.0000000000
44309  32.260  -41.716  15.897 0.0000000000
128419  32.848  -41.603  15.603 0.0000000000
45204  33.967  -41.214  14.938 0.0000000000
45217  33.837  -40.788  14.081 0.0000000000
45216  34.464  -40.157  13.734 0.0000000000
46119  36.577  -39.299  15.205 0.0000000000
46126  35.978  -39.249  14.440 0.0000000000
47065  36.542  -38.533  14.543 0.0000000000
47053  36.947  -38.442  15.180 0.0000000000
44212  32.908  -41.846  23.392 0.0000000000
132725  33.081  -41.639  22.406 0.0000000000
44226  33.778  -41.729  22.713 0.0000000000
44236  35.701  -41.660  21.980 0.0000000000
44237  34.804  -41.620  21.382 0.0000000000
44250  35.657  -41.614  20.991 0.0000000000
118461  35.571  -41.668  20.156 0.0000000000
128991  36.314  -41.528  20.469 0.0000000000
46065  37.897  -39.796  20.230 0.0000000000
45162  37.668  -40.066  21.256 0.0000000000
45170  37.548  -40.525  19.699 0.0000000000
45176  36.982  -41.007  19.241 0.0000000000
45175  37.598  -40.427  18.849 0.0000000000
45179  37.472  -40.295  18.013 0.0000000000
123957  37.973  -39.646  18.449 0.0000000000
47983  38.208  -37.523  17.526 0.0000000000
47025  38.125  -38.512  17.499 0.0000000000
47999  37.628  -37.235  15.894 0.0000000000
48980  37.315  -36.406  15.582 0.0000000000
48974  37.626  -36.452  16.345 0.0000000000
49984  37.685  -35.146  18.442 0.0000000000
49992  37.363  -34.985  17.388 0.0000000000
51080  36.889  -34.328  16.312 0.0000000000
51071  37.302  -34.281  17.125 0.0000000000
49969  38.143  -35.073  20.927 0.0000000000
51021  38.736  -34.582  21.413 0.0000000000
52062  38.294  -33.923  19.583 0.0000000000
53068  38.293  -33.768  18.888 0.0000000000
52079  37.871  -33.893  17.921 0.0000000000
127299  38.324  -33.473  17.753 0.0000000000
53089  38.325  -33.390  17.058 0.0000000000
71336  53.431  -13.162  -7.570 0.0000000000
66521  50.359  -18.268  -5.679 0.0000000000
67443  51.062  -17.900  -5.943 0.0000000000
69465  53.542  -15.478  -8.073 0.0000000000
69478  53.911  -14.812  -8.484 0.0000000000
69477  54.720  -14.810  -8.428 0.0000000000
69463  55.233  -15.437  -7.858 0.0000000000
68454  56.098  -16.256  -6.188 0.0000000000
69453  55.682  -15.876  -7.035 0.0000000000
66506  55.334  -18.961  -4.352 0.0000000000
66505  56.254  -18.450  -4.087 0.0000000000
67425  57.790  -17.599  -3.327 0.0000000000
67432  56.583  -17.491  -4.518 0.0000000000
122159  57.478  -17.211  -3.952 0.0000000000
121166  58.724  -16.316  -3.383 0.0000000000
68421  58.949  -16.666  -2.760 0.0000000000
67418  59.334  -17.370  -2.071 0.0000000000
75099  56.199  -9.252  -8.562 0.0000000000
74207  55.870  -9.210  -9.114 0.0000000000
128870  56.761  -9.266  -9.102 0.0000000000
72228  59.577  -11.910  -6.088 0.0000000000
113490  10.164  -52.346  22.865 0.0000000000
33118  10.826  -52.142  23.395 0.0000000000
33119  9.951  -52.345  23.600 0.0000000000
119081  42.505  -31.941  13.178 0.0000000000
54246  43.237  -31.550  13.286 0.0000000000
40567  28.133  -45.106  14.501 0.0000000000
39527  29.008  -46.106  14.735 0.0000000000
39508  30.258  -47.014  16.369 0.0000000000
36405  22.443  -49.713  18.463 0.0000000000
133745  21.740  -49.604  18.285 0.0000000000
137468  22.478  -48.491  15.681 0.0000000000
37475  22.703  -49.146  17.119 0.0000000000
33072  20.118  -52.606  28.358 0.0000000000
32056  19.246  -52.792  27.642 0.0000000000
135721  19.408  -52.863  28.600 0.0000000000
116683  19.087  -53.248  29.167 0.0000000000
64689  54.060  -20.852  -1.474 0.0000000000
64673  53.954  -20.247  -0.562 0.0000000000
64674  53.160  -20.630  -0.956 0.0000000000
65567  53.034  -19.887  -0.049 0.0000000000
64604  50.152  -21.231  5.918 0.0000000000
59749  39.917  -25.395  3.841 0.0000000000
60613  40.576  -24.794  4.019 0.0000000000
59748  40.491  -25.521  4.403 0.0000000000
59740  40.996  -25.576  5.006 0.0000000000
49043  35.311  -35.497  11.596 0.0000000000
50045  35.094  -34.536  11.539 0.0000000000
51120  35.394  -34.174  11.866 0.0000000000
50018  36.437  -34.495  13.850 0.0000000000
44265  30.538  -41.651  19.403 0.0000000000
44264  31.288  -41.502  19.714 0.0000000000
136599  31.964  -41.492  19.668 0.0000000000
131233  32.522  -41.489  20.186 0.0000000000
119140  49.970  -20.728  -3.367 0.0000000000
64727  50.952  -20.662  -4.276 0.0000000000
64717  50.795  -20.989  -3.477 0.0000000000
64716  51.566  -21.387  -3.234 0.0000000000
122247  52.408  -21.298  -3.462 0.0000000000
64715  53.467  -21.175  -3.283 0.0000000000
64704  52.837  -21.466  -2.585 0.0000000000
121610  56.402  -11.670  -8.216 0.0000000000
70443  55.780  -13.787  -8.365 0.0000000000
35357  28.508  -50.696  19.109 0.0000000000
35371  29.160  -50.639  18.329 0.0000000000
115161  15.103  -53.601  25.014 0.0000000000
32078  15.541  -53.653  26.594 0.0000000000
32099  14.869  -53.552  25.887 0.0000000000
32080  13.717  -53.485  27.089 0.0000000000
114430  11.222  -52.725  27.313 0.0000000000
32064  11.631  -53.199  28.305 0.0000000000
65573  47.643  -20.193  -0.706 0.0000000000
65555  47.230  -20.305  -0.067 0.0000000000
63708  47.256  -22.080  2.464 0.0000000000
63696  47.713  -22.349  2.955 0.0000000000
63697  47.092  -22.550  3.024 0.0000000000
128511  46.993  -22.826  3.731 0.0000000000
57210  42.510  -29.279  7.888 0.0000000000
56271  42.506  -29.914  8.282 0.0000000000
56258  44.323  -29.917  10.195 0.0000000000
56240  45.206  -30.183  12.227 0.0000000000
65583  47.235  -20.227  -2.210 0.0000000000
126345  6.504  -54.608  20.719 0.0000000000
31116  5.675  -54.625  22.118 0.0000000000
56312  38.428  -29.140  3.781 0.0000000000
130815  39.019  -28.874  4.097 0.0000000000
132204  38.880  -29.509  4.285 0.0000000000
55325  38.929  -30.654  5.132 0.0000000000
53245  38.417  -32.611  6.427 0.0000000000
53222  39.397  -32.629  7.538 0.0000000000
53191  40.532  -32.859  9.439 0.0000000000
53165  39.721  -32.920  11.109 0.0000000000
44325  27.454  -41.933  14.595 0.0000000000
42534  28.701  -43.898  16.171 0.0000000000
42535  28.407  -43.413  15.619 0.0000000000
43387  29.407  -43.093  17.657 0.0000000000
42501  29.422  -43.402  19.074 0.0000000000
115832  29.329  -43.641  19.853 0.0000000000
35368  31.461  -49.997  19.104 0.0000000000
37441  31.410  -49.288  19.554 0.0000000000
37442  30.941  -48.525  20.115 0.0000000000
37386  31.380  -47.404  22.718 0.0000000000
39408  29.896  -46.038  22.254 0.0000000000
123775  24.875  -49.934  24.204 0.0000000000
36304  24.921  -50.083  25.077 0.0000000000
35309  23.431  -50.465  23.908 0.0000000000
35338  21.477  -50.748  21.133 0.0000000000
34231  21.114  -51.185  21.636 0.0000000000
127507  20.674  -51.849  23.181 0.0000000000
33124  20.032  -52.175  22.805 0.0000000000
36424  17.982  -49.884  17.339 0.0000000000
128896  16.497  -51.530  17.619 0.0000000000
34263  17.370  -51.529  17.868 0.0000000000
119009  16.814  -52.077  18.215 0.0000000000
33187  17.075  -52.464  18.861 0.0000000000
33172  17.392  -52.694  19.572 0.0000000000
33155  17.718  -52.966  20.247 0.0000000000
32159  17.315  -53.268  20.839 0.0000000000
32150  16.919  -53.441  21.594 0.0000000000
113961  16.484  -53.507  22.361 0.0000000000
32151  16.027  -53.230  21.715 0.0000000000
133461  14.867  -52.729  21.162 0.0000000000
114955  11.952  -52.234  19.811 0.0000000000
33177  11.270  -52.230  19.604 0.0000000000
41621  26.221  -44.667  12.394 0.0000000000
39531  25.768  -46.846  13.945 0.0000000000
37471  26.478  -48.618  17.600 0.0000000000
36390  24.353  -49.482  19.667 0.0000000000
129652  25.479  -49.222  21.504 0.0000000000
36342  25.947  -49.598  22.544 0.0000000000
115652  25.412  -49.379  22.036 0.0000000000
36343  25.285  -49.631  22.885 0.0000000000
113372  6.918  -53.764  25.328 0.0000000000
32103  7.640  -53.408  25.605 0.0000000000
131849  7.003  -53.466  26.138 0.0000000000
123187  6.620  -53.273  27.118 0.0000000000
66442  56.281  -18.706  2.253 0.0000000000
65532  56.871  -18.920  1.887 0.0000000000
65517  56.504  -19.223  2.558 0.0000000000
63703  56.540  -20.984  2.507 0.0000000000
63704  56.109  -21.662  2.897 0.0000000000
65536  50.105  -20.066  0.921 0.0000000000
65535  50.954  -19.916  1.128 0.0000000000
64634  52.578  -19.994  2.842 0.0000000000
62575  41.663  -23.101  1.637 0.0000000000
61547  42.527  -23.837  4.422 0.0000000000
122811  43.142  -23.720  4.710 0.0000000000
61546  43.829  -23.562  4.539 0.0000000000
113387  45.261  -23.327  4.917 0.0000000000
62528  45.565  -22.887  6.449 0.0000000000
120097  43.723  -27.022  8.158 0.0000000000
136081  44.039  -26.681  8.398 0.0000000000
58868  44.390  -26.373  8.616 0.0000000000
59705  44.849  -25.880  9.067 0.0000000000
62502  46.205  -22.331  9.776 0.0000000000
130746  34.202  -33.058  7.873 0.0000000000
120312  35.280  -33.386  8.805 0.0000000000
131386  36.278  -33.415  12.869 0.0000000000
116969  36.383  -33.354  12.328 0.0000000000
53152  36.668  -33.041  13.068 0.0000000000
113943  38.108  -32.901  12.990 0.0000000000
113945  38.097  -32.927  13.841 0.0000000000
114108  39.085  -32.981  15.822 0.0000000000
44284  33.682  -41.577  17.436 0.0000000000
44296  33.776  -41.603  16.489 0.0000000000
44307  34.317  -41.342  15.732 0.0000000000
45203  34.780  -40.858  15.187 0.0000000000
45209  35.230  -40.431  14.826 0.0000000000
45202  35.530  -40.588  15.426 0.0000000000
45201  36.284  -40.185  15.674 0.0000000000
134519  34.501  -41.834  23.024 0.0000000000
130681  34.831  -42.083  23.703 0.0000000000
44210  35.777  -42.127  23.676 0.0000000000
44223  36.340  -41.729  22.949 0.0000000000
122453  38.310  -39.222  19.675 0.0000000000
46999  38.521  -38.932  18.928 0.0000000000
48971  37.883  -36.536  17.162 0.0000000000
115440  38.120  -36.676  17.899 0.0000000000
48962  38.140  -36.207  18.638 0.0000000000
113864  37.940  -35.503  19.179 0.0000000000
66519  51.960  -18.945  -5.495 0.0000000000
67442  51.866  -18.066  -6.003 0.0000000000
68457  53.519  -16.724  -7.082 0.0000000000
68472  53.940  -16.177  -7.690 0.0000000000
68471  54.825  -16.120  -7.479 0.0000000000
66495  56.788  -18.790  -3.296 0.0000000000
66494  57.575  -18.178  -2.924 0.0000000000
67420  58.422  -17.432  -2.525 0.0000000000
67415  58.682  -17.701  -1.515 0.0000000000
75098  57.870  -9.528  -8.534 0.0000000000
74205  58.121  -9.732  -9.229 0.0000000000
74204  58.503  -9.962  -8.799 0.0000000000
73251  58.914  -11.084  -9.908 0.0000000000
72220  59.137  -12.451  -5.637 0.0000000000
69444  60.341  -15.373  -5.107 0.0000000000
35335  27.585  -50.399  21.638 0.0000000000
35334  28.337  -51.097  21.967 0.0000000000
123591  28.237  -51.031  23.081 0.0000000000
35271  28.095  -51.310  24.826 0.0000000000
33116  12.361  -52.569  23.685 0.0000000000
130257  12.534  -52.814  24.373 0.0000000000
33096  11.655  -52.493  25.554 0.0000000000
118379  10.836  -52.289  25.738 0.0000000000
137577  11.237  -52.443  26.335 0.0000000000
33063  10.034  -52.748  28.857 0.0000000000
33057  9.682  -53.006  29.802 0.0000000000
64664  44.775  -21.190  -0.099 0.0000000000
63732  44.860  -21.591  0.618 0.0000000000
136260  44.334  -21.872  0.934 0.0000000000
62584  44.234  -22.297  1.597 0.0000000000
54278  42.655  -31.722  9.586 0.0000000000
55283  43.303  -31.226  9.985 0.0000000000
54269  43.537  -31.503  10.803 0.0000000000
55266  44.145  -31.124  12.082 0.0000000000
55258  43.817  -30.959  13.802 0.0000000000
55265  44.505  -30.608  13.358 0.0000000000
30093  4.954  -55.522  20.444 0.0000000000
30073  3.602  -55.613  21.519 0.0000000000
30056  2.033  -55.229  22.892 0.0000000000
53246  37.606  -32.864  6.130 0.0000000000
53224  37.848  -33.093  6.955 0.0000000000
52174  38.079  -33.472  7.768 0.0000000000
41575  27.981  -43.627  15.419 0.0000000000
131448  28.577  -44.419  15.888 0.0000000000
35336  23.294  -50.100  21.917 0.0000000000
36363  23.127  -50.040  21.119 0.0000000000
35348  22.226  -50.346  20.895 0.0000000000
35349  21.395  -50.509  20.472 0.0000000000
35350  19.979  -50.963  20.258 0.0000000000
34275  15.623  -51.334  17.605 0.0000000000
33189  15.471  -52.071  18.787 0.0000000000
128791  14.475  -51.363  18.281 0.0000000000
38532  23.773  -47.494  14.873 0.0000000000
38492  24.536  -47.905  16.171 0.0000000000
37493  25.058  -48.085  17.009 0.0000000000
37459  24.501  -49.033  18.329 0.0000000000
132338  23.792  -49.677  20.118 0.0000000000
65564  56.730  -19.299  -1.241 0.0000000000
66474  57.174  -18.537  -0.332 0.0000000000
65565  56.229  -19.394  -0.634 0.0000000000
66475  56.300  -18.677  0.287 0.0000000000
65547  54.886  -19.115  0.433 0.0000000000
66455  55.841  -18.427  1.752 0.0000000000
66443  55.526  -18.646  2.457 0.0000000000
65519  55.197  -18.975  3.210 0.0000000000
63693  51.008  -21.364  3.577 0.0000000000
64603  51.065  -20.901  5.793 0.0000000000
64602  52.107  -20.644  5.838 0.0000000000
61564  40.274  -24.107  2.699 0.0000000000
60612  41.339  -24.513  4.401 0.0000000000
58027  46.545  -27.346  10.948 0.0000000000
58844  46.366  -26.736  10.522 0.0000000000
53198  33.597  -33.349  9.857 0.0000000000
53197  34.176  -33.055  10.150 0.0000000000
53154  35.594  -33.578  11.923 0.0000000000
53142  36.068  -33.615  12.756 0.0000000000
53141  36.287  -33.476  13.503 0.0000000000
53131  36.440  -33.461  14.316 0.0000000000
53103  36.795  -33.760  15.455 0.0000000000
44299  30.645  -41.828  16.512 0.0000000000
113949  31.069  -41.757  15.920 0.0000000000
44285  32.796  -41.693  17.047 0.0000000000
113950  32.278  -41.703  17.653 0.0000000000
44283  34.493  -41.467  17.793 0.0000000000
65629  49.769  -18.922  -5.303 0.0000000000
65628  50.573  -19.216  -5.275 0.0000000000
65627  51.371  -19.471  -5.173 0.0000000000
66509  52.704  -19.229  -5.194 0.0000000000
66517  53.997  -18.407  -5.318 0.0000000000
66507  54.390  -19.055  -4.719 0.0000000000
65614  55.361  -19.778  -3.799 0.0000000000
64714  54.349  -20.922  -3.053 0.0000000000
65604  54.923  -20.401  -3.506 0.0000000000
65603  55.639  -20.116  -3.065 0.0000000000
65592  56.022  -19.981  -2.374 0.0000000000
131924  57.273  -9.626  -8.203 0.0000000000
75087  58.082  -9.729  -7.919 0.0000000000
74167  58.564  -10.138  -7.492 0.0000000000
74166  59.066  -10.475  -7.132 0.0000000000
72238  59.685  -11.859  -7.685 0.0000000000
74148  58.876  -10.562  -6.784 0.0000000000
73199  58.963  -11.083  -6.234 0.0000000000
72229  58.876  -11.646  -5.957 0.0000000000
72230  58.218  -12.100  -6.457 0.0000000000
72221  58.641  -12.477  -5.922 0.0000000000
133000  58.261  -13.823  -5.823 0.0000000000
70425  58.086  -14.569  -5.635 0.0000000000
37489  29.556  -48.279  16.202 0.0000000000
36433  29.434  -48.928  16.716 0.0000000000
35381  30.630  -49.971  18.053 0.0000000000
35356  29.598  -51.053  18.852 0.0000000000
34261  30.443  -51.005  18.779 0.0000000000
35369  30.978  -50.511  18.694 0.0000000000
34230  29.276  -51.564  22.000 0.0000000000
116767  30.156  -51.720  22.434 0.0000000000
128277  20.636  -48.709  16.244 0.0000000000
32096  17.261  -53.818  25.955 0.0000000000
32076  17.333  -53.718  26.834 0.0000000000
120345  16.837  -53.686  27.336 0.0000000000
134281  16.477  -53.500  29.115 0.0000000000
116281  15.764  -53.414  28.556 0.0000000000
32100  13.195  -53.216  25.555 0.0000000000
123372  13.072  -53.359  26.429 0.0000000000
32062  13.467  -53.482  28.124 0.0000000000
32063  12.521  -53.421  28.286 0.0000000000
32046  13.106  -53.699  29.178 0.0000000000
32031  13.867  -53.967  29.616 0.0000000000
64692  50.481  -20.814  -1.785 0.0000000000
64676  50.800  -20.479  -1.013 0.0000000000
65570  50.235  -20.121  -0.331 0.0000000000
65552  49.734  -19.990  0.271 0.0000000000
64649  49.657  -20.447  1.435 0.0000000000
64652  46.823  -20.901  1.061 0.0000000000
64650  48.285  -20.682  1.412 0.0000000000
64638  49.053  -20.884  2.011 0.0000000000
63706  49.687  -21.467  2.738 0.0000000000
58086  40.718  -27.882  5.180 0.0000000000
58895  41.212  -27.218  5.521 0.0000000000
57226  42.774  -28.578  7.773 0.0000000000
121843  43.276  -28.353  8.242 0.0000000000
58046  43.701  -27.790  8.438 0.0000000000
58036  44.055  -27.917  9.006 0.0000000000
58035  44.700  -27.754  9.377 0.0000000000
55282  43.951  -30.740  10.432 0.0000000000
56257  44.943  -29.645  10.647 0.0000000000
57176  45.189  -28.921  10.370 0.0000000000
57175  45.808  -28.490  10.727 0.0000000000
58020  46.904  -27.594  11.572 0.0000000000
48028  36.443  -37.132  13.308 0.0000000000
44214  31.082  -42.133  23.549 0.0000000000
44228  31.405  -41.844  22.735 0.0000000000
43312  32.739  -42.822  24.905 0.0000000000
65620  48.627  -19.316  -4.740 0.0000000000
64718  49.261  -20.432  -3.703 0.0000000000
113446  47.936  -20.055  -3.347 0.0000000000
135142  53.993  -11.377  -7.575 0.0000000000
32144  8.588  -53.329  22.457 0.0000000000
32121  6.806  -54.042  24.380 0.0000000000
31072  6.084  -54.083  25.145 0.0000000000
30071  5.265  -55.143  21.146 0.0000000000
30053  4.983  -54.979  21.844 0.0000000000
31104  4.870  -54.570  23.975 0.0000000000
31074  4.327  -54.280  26.089 0.0000000000
59753  39.379  -25.203  3.238 0.0000000000
58922  38.777  -26.846  3.355 0.0000000000
58092  39.659  -27.441  4.176 0.0000000000
58087  40.128  -27.674  4.636 0.0000000000
57267  40.724  -28.701  5.492 0.0000000000
56304  40.683  -29.363  5.832 0.0000000000
55305  41.435  -30.372  7.431 0.0000000000
55293  42.277  -31.281  8.885 0.0000000000
55312  39.252  -31.120  5.772 0.0000000000
54295  38.869  -31.910  6.049 0.0000000000
54294  39.551  -31.558  6.435 0.0000000000
55307  40.173  -31.180  6.843 0.0000000000
113814  41.603  -31.659  8.477 0.0000000000
53179  41.466  -32.697  10.594 0.0000000000
54263  42.184  -32.383  11.845 0.0000000000
54255  42.027  -32.312  12.738 0.0000000000
54248  41.902  -32.194  13.563 0.0000000000
54241  41.881  -32.098  14.366 0.0000000000
129508  29.214  -41.455  13.942 0.0000000000
44312  29.406  -41.853  15.596 0.0000000000
44315  27.421  -42.281  14.728 0.0000000000
44314  27.819  -42.214  15.049 0.0000000000
43406  28.383  -42.988  15.601 0.0000000000
43386  29.563  -42.675  18.477 0.0000000000
44266  29.885  -42.038  18.982 0.0000000000
44242  29.965  -41.746  20.794 0.0000000000
116737  30.151  -41.872  21.457 0.0000000000
38488  29.892  -47.654  16.036 0.0000000000
37455  30.946  -48.530  18.195 0.0000000000
38476  30.789  -47.743  17.673 0.0000000000
39493  30.530  -47.014  17.197 0.0000000000
39494  29.982  -46.213  17.730 0.0000000000
40512  29.545  -45.563  18.526 0.0000000000
37427  30.955  -48.382  21.203 0.0000000000
38437  30.435  -47.777  20.660 0.0000000000
39454  29.780  -46.417  19.733 0.0000000000
40493  29.457  -45.644  19.423 0.0000000000
137555  29.318  -45.205  18.972 0.0000000000
120868  29.218  -44.922  19.372 0.0000000000
41531  29.239  -44.418  19.990 0.0000000000
42492  29.281  -43.963  20.686 0.0000000000
40462  29.580  -45.094  21.962 0.0000000000
41508  29.413  -44.467  21.519 0.0000000000
43369  29.415  -43.221  20.545 0.0000000000
42482  29.554  -42.880  21.289 0.0000000000
133194  29.762  -42.657  21.951 0.0000000000
43347  30.590  -42.183  22.946 0.0000000000
35255  25.305  -51.014  26.412 0.0000000000
35256  24.525  -50.791  26.386 0.0000000000
35244  23.895  -51.205  26.733 0.0000000000
136185  23.387  -51.278  26.906 0.0000000000
34165  23.081  -51.129  26.673 0.0000000000
34166  22.468  -51.657  26.699 0.0000000000
35311  22.052  -50.963  22.713 0.0000000000
137433  22.121  -51.087  23.510 0.0000000000
34185  22.214  -51.312  25.031 0.0000000000
34167  21.571  -52.006  26.732 0.0000000000
33101  20.494  -52.237  24.361 0.0000000000
33094  19.714  -52.610  25.908 0.0000000000
31069  18.254  -53.808  25.084 0.0000000000
36421  20.526  -49.419  17.842 0.0000000000
36422  19.650  -49.609  17.936 0.0000000000
35372  19.954  -50.187  19.133 0.0000000000
130617  19.716  -50.672  19.590 0.0000000000
35374  17.983  -51.064  18.043 0.0000000000
35362  18.642  -51.226  19.061 0.0000000000
34245  19.410  -51.692  20.535 0.0000000000
33137  19.202  -52.635  21.643 0.0000000000
33126  18.735  -53.219  22.149 0.0000000000
32158  17.961  -53.181  20.839 0.0000000000
32127  18.430  -53.765  23.583 0.0000000000
31101  17.892  -54.021  24.312 0.0000000000
31070  17.794  -53.817  25.586 0.0000000000
31071  17.344  -53.866  25.313 0.0000000000
136016  16.692  -53.842  24.602 0.0000000000
120303  16.001  -53.734  24.812 0.0000000000
136051  16.126  -53.538  22.830 0.0000000000
32116  15.345  -53.640  24.188 0.0000000000
32132  13.707  -53.342  23.906 0.0000000000
33115  13.131  -52.937  23.324 0.0000000000
119393  14.876  -52.222  19.447 0.0000000000
113866  14.234  -52.657  20.849 0.0000000000
33175  13.331  -52.280  19.783 0.0000000000
131416  13.677  -52.807  21.954 0.0000000000
33129  13.392  -52.871  22.556 0.0000000000
32160  9.235  -52.930  20.436 0.0000000000
128852  8.866  -53.200  21.035 0.0000000000
132155  7.343  -54.133  20.565 0.0000000000
31135  7.272  -54.160  19.671 0.0000000000
123661  6.831  -54.510  20.035 0.0000000000
40575  27.891  -45.375  13.902 0.0000000000
39528  28.418  -46.363  14.289 0.0000000000
38504  28.669  -47.450  15.113 0.0000000000
39551  26.909  -46.099  13.144 0.0000000000
39530  26.717  -46.708  13.824 0.0000000000
37469  28.399  -48.980  16.866 0.0000000000
36418  28.022  -49.480  17.636 0.0000000000
37470  27.433  -48.830  17.184 0.0000000000
36386  27.767  -50.095  18.955 0.0000000000
35358  27.668  -50.182  19.757 0.0000000000
35347  27.590  -50.214  20.717 0.0000000000
37458  25.993  -48.708  18.312 0.0000000000
37443  26.283  -48.981  18.943 0.0000000000
37444  25.917  -48.988  19.479 0.0000000000
36388  26.577  -49.131  19.718 0.0000000000
36340  27.122  -50.031  22.185 0.0000000000
36319  27.006  -50.058  23.111 0.0000000000
36302  27.140  -50.395  24.064 0.0000000000
36320  26.518  -50.093  23.797 0.0000000000
35272  26.304  -50.609  25.229 0.0000000000
32133  8.705  -53.159  23.214 0.0000000000
132123  9.039  -52.898  24.685 0.0000000000
131486  8.881  -52.884  25.452 0.0000000000
32102  8.283  -53.003  25.970 0.0000000000
33097  9.083  -52.640  26.277 0.0000000000
33087  8.852  -52.590  27.417 0.0000000000
33064  9.115  -52.709  29.196 0.0000000000
65546  57.864  -18.660  0.837 0.0000000000
65568  51.996  -19.970  -0.043 0.0000000000
65534  51.881  -19.770  1.365 0.0000000000
122200  53.735  -19.177  2.260 0.0000000000
65505  54.931  -19.493  3.916 0.0000000000
64627  51.752  -20.911  3.533 0.0000000000
64626  52.516  -20.417  3.475 0.0000000000
65507  53.275  -20.188  4.229 0.0000000000
65506  54.123  -19.765  4.076 0.0000000000
63710  44.630  -22.605  2.339 0.0000000000
62574  42.257  -23.021  2.142 0.0000000000
135950  42.885  -23.373  3.272 0.0000000000
62565  42.937  -23.043  2.653 0.0000000000
136004  45.643  -22.919  3.405 0.0000000000
62562  46.236  -22.988  3.931 0.0000000000
62548  46.849  -22.935  4.548 0.0000000000
62537  46.637  -22.873  5.374 0.0000000000
62536  47.433  -22.744  5.178 0.0000000000
63645  48.689  -21.139  7.439 0.0000000000
58894  41.751  -26.515  5.997 0.0000000000
58880  42.931  -26.268  7.171 0.0000000000
60591  43.371  -24.279  6.767 0.0000000000
60580  43.734  -24.102  7.218 0.0000000000
59693  45.986  -25.902  10.147 0.0000000000
59704  45.430  -25.408  9.493 0.0000000000
60566  44.849  -24.950  8.959 0.0000000000
60558  46.125  -24.319  10.088 0.0000000000
60565  45.454  -24.391  9.440 0.0000000000
132227  44.192  -23.855  7.728 0.0000000000
62519  44.696  -23.276  7.547 0.0000000000
62518  45.323  -22.815  7.344 0.0000000000
63647  46.612  -21.973  7.760 0.0000000000
63635  46.523  -21.793  9.517 0.0000000000
63640  46.478  -21.824  8.689 0.0000000000
64581  48.011  -21.069  8.077 0.0000000000
64569  48.883  -20.585  8.274 0.0000000000
52176  36.432  -33.507  6.936 0.0000000000
52175  37.129  -33.511  7.525 0.0000000000
53196  35.317  -33.342  9.428 0.0000000000
53182  36.376  -33.441  10.909 0.0000000000
52146  35.942  -33.543  8.988 0.0000000000
52145  36.778  -33.700  9.201 0.0000000000
52144  37.715  -33.712  9.325 0.0000000000
52143  38.456  -33.562  9.343 0.0000000000
114461  38.956  -33.222  10.636 0.0000000000
113857  39.995  -32.845  12.041 0.0000000000
113944  38.959  -32.899  13.347 0.0000000000
134022  39.787  -32.846  12.978 0.0000000000
53150  40.627  -32.764  12.688 0.0000000000
53109  41.272  -32.470  14.764 0.0000000000
44310  31.665  -41.692  15.551 0.0000000000
44319  33.233  -41.476  15.130 0.0000000000
44332  33.171  -41.294  14.498 0.0000000000
47079  34.726  -38.901  12.807 0.0000000000
46127  35.248  -39.880  14.248 0.0000000000
115990  35.548  -39.132  13.883 0.0000000000
47078  35.500  -38.571  13.278 0.0000000000
125065  36.090  -37.962  13.455 0.0000000000
48012  36.516  -37.819  13.987 0.0000000000
48027  36.824  -37.076  14.056 0.0000000000
44239  32.710  -41.590  21.716 0.0000000000
44253  33.108  -41.574  20.885 0.0000000000
44225  34.650  -41.701  22.267 0.0000000000
44252  34.080  -41.535  20.748 0.0000000000
44261  34.545  -41.566  19.851 0.0000000000
44260  35.399  -41.657  19.417 0.0000000000
44272  35.798  -41.638  18.761 0.0000000000
44235  36.549  -41.422  22.110 0.0000000000
45152  37.582  -40.235  22.322 0.0000000000
45163  37.073  -40.872  21.597 0.0000000000
132943  36.810  -41.135  20.797 0.0000000000
45171  36.904  -41.104  20.053 0.0000000000
44271  36.470  -41.407  18.822 0.0000000000
44281  36.278  -41.325  18.156 0.0000000000
45186  36.771  -40.781  17.694 0.0000000000
115151  37.165  -40.197  17.192 0.0000000000
46110  37.352  -39.561  16.597 0.0000000000
137444  38.265  -38.959  18.120 0.0000000000
46109  37.757  -38.766  16.760 0.0000000000
47038  37.300  -38.827  15.898 0.0000000000
47052  37.425  -37.914  15.482 0.0000000000
48992  36.992  -36.452  14.721 0.0000000000
50007  36.891  -35.322  15.335 0.0000000000
49991  37.399  -35.430  16.841 0.0000000000
49998  36.889  -34.984  16.019 0.0000000000
51091  36.512  -34.227  15.684 0.0000000000
51081  36.541  -34.163  15.662 0.0000000000
52088  36.765  -34.043  15.910 0.0000000000
53102  37.083  -33.789  16.050 0.0000000000
115281  38.438  -35.866  21.125 0.0000000000
49977  38.164  -35.369  20.036 0.0000000000
51060  37.817  -34.688  19.190 0.0000000000
51037  38.425  -34.357  20.629 0.0000000000
51050  38.107  -34.245  19.613 0.0000000000
130381  37.828  -34.287  18.619 0.0000000000
52080  37.435  -34.211  17.225 0.0000000000
53091  37.363  -33.970  16.866 0.0000000000
53101  37.630  -33.600  16.553 0.0000000000
53100  38.280  -33.212  16.243 0.0000000000
53099  39.207  -33.063  16.683 0.0000000000
134209  39.793  -32.915  16.084 0.0000000000
134337  39.743  -32.978  17.158 0.0000000000
53098  40.247  -32.860  16.691 0.0000000000
71346  53.964  -12.990  -8.102 0.0000000000
71345  54.288  -13.539  -8.447 0.0000000000
70444  55.075  -14.177  -8.544 0.0000000000
69462  56.084  -15.170  -7.441 0.0000000000
70426  57.366  -15.112  -6.197 0.0000000000
69445  57.828  -15.392  -5.348 0.0000000000
68440  55.899  -17.288  -5.135 0.0000000000
68439  56.518  -16.669  -5.268 0.0000000000
68438  57.470  -16.145  -4.934 0.0000000000
69435  58.319  -15.586  -4.468 0.0000000000
69422  58.788  -15.723  -3.720 0.0000000000
68420  59.307  -16.765  -2.704 0.0000000000
31085  17.709  -53.937  24.997 0.0000000000
32126  19.146  -53.327  23.842 0.0000000000
33117  11.631  -52.242  23.624 0.0000000000
34241  30.801  -51.556  20.554 0.0000000000
34260  30.956  -51.102  19.153 0.0000000000
35290  24.296  -50.331  25.296 0.0000000000
37488  30.114  -48.414  16.601 0.0000000000
38414  30.755  -47.108  22.448 0.0000000000
38438  30.047  -47.135  20.169 0.0000000000
39400  30.204  -45.585  22.745 0.0000000000
39423  29.569  -45.621  21.750 0.0000000000
40453  29.822  -45.013  22.426 0.0000000000
42483  29.436  -43.631  21.387 0.0000000000
43331  33.257  -42.349  24.342 0.0000000000
43348  29.815  -42.833  22.744 0.0000000000
43357  30.083  -42.252  22.231 0.0000000000
44211  33.895  -41.975  23.613 0.0000000000
45193  36.738  -40.250  16.422 0.0000000000
46977  38.198  -38.553  21.549 0.0000000000
50028  36.650  -35.400  13.491 0.0000000000
52072  37.640  -34.227  17.857 0.0000000000
53080  38.015  -33.771  18.156 0.0000000000
53110  40.590  -32.699  15.064 0.0000000000
53115  36.630  -33.543  14.951 0.0000000000
53129  37.248  -32.966  14.331 0.0000000000
53167  37.776  -33.350  11.721 0.0000000000
53183  35.431  -33.296  10.827 0.0000000000
53207  34.879  -33.289  8.182 0.0000000000
54229  41.888  -32.156  15.193 0.0000000000
55299  41.920  -30.670  8.186 0.0000000000
57227  42.192  -28.982  7.338 0.0000000000
58870  43.317  -26.653  7.614 0.0000000000
61524  44.184  -23.606  7.015 0.0000000000
64713  55.036  -20.660  -2.860 0.0000000000
71326  58.727  -13.183  -5.611 0.0000000000
73184  59.154  -11.657  -5.952 0.0000000000
73198  59.221  -11.099  -6.523 0.0000000000
73212  59.393  -11.003  -7.328 0.0000000000
74206  57.535  -9.455  -9.142 0.0000000000
113952  33.075  -41.541  18.599 0.0000000000
115030  31.249  -41.443  21.095 0.0000000000
115477  27.736  -50.620  24.247 0.0000000000
115916  37.524  -33.269  15.730 0.0000000000
116014  30.165  -46.450  16.848 0.0000000000
116280  14.929  -53.430  28.433 0.0000000000
116282  16.664  -53.507  28.231 0.0000000000
117573  29.751  -43.480  23.056 0.0000000000
119630  37.932  -38.051  16.943 0.0000000000
127760  12.453  -52.835  25.085 0.0000000000
128304  46.267  -20.821  0.506 0.0000000000
129821  37.695  -31.330  4.340 0.0000000000
130425  30.096  -49.977  17.694 0.0000000000
131850  33.780  -33.044  9.544 0.0000000000
132234  36.717  -34.222  16.169 0.0000000000
132698  30.111  -42.573  23.147 0.0000000000
133564  29.293  -43.281  16.922 0.0000000000
134676  57.595  -13.612  -6.859 0.0000000000
134886  44.661  -29.263  10.096 0.0000000000
135399  45.081  -23.139  8.583 0.0000000000
135406  55.603  -18.738  0.586 0.0000000000
135669  58.858  -10.538  -9.133 0.0000000000
136306  45.004  -30.232  12.942 0.0000000000
136545  28.643  -49.848  17.698 0.0000000000
