#!ascii label  , from subject sub-v1s7x0051324_ses-1 vox2ras=TkReg
617
73718  20.576  -11.738  -53.902 0.0000000000
79035  29.151  -6.100  -56.787 0.0000000000
87579  29.053  3.905  -52.417 0.0000000000
85000  21.713  1.752  -54.641 0.0000000000
69001  22.812  -16.598  -53.007 0.0000000000
70910  26.070  -14.378  -54.653 0.0000000000
76474  24.993  -9.114  -54.795 0.0000000000
79877  23.367  -4.318  -55.464 0.0000000000
82301  30.636  -1.123  -54.712 0.0000000000
85050  29.287  1.851  -61.328 0.0000000000
90644  27.908  8.814  -53.261 0.0000000000
70902  21.730  -14.476  -53.345 0.0000000000
69982  23.905  -15.647  -53.868 0.0000000000
71816  23.509  -13.362  -54.511 0.0000000000
79001  20.881  -5.598  -54.847 0.0000000000
80693  20.438  -3.470  -54.268 0.0000000000
85877  24.474  2.364  -53.167 0.0000000000
83172  25.604  -0.386  -53.639 0.0000000000
84986  30.330  1.362  -53.212 0.0000000000
125225  30.887  0.803  -57.572 0.0000000000
125351  29.853  3.350  -56.782 0.0000000000
131334  24.901  8.405  -50.629 0.0000000000
89878  25.013  7.064  -50.865 0.0000000000
91427  25.388  9.631  -53.387 0.0000000000
77321  27.374  -7.672  -55.738 0.0000000000
116664  27.749  -10.250  -56.260 0.0000000000
77320  29.812  -7.866  -56.309 0.0000000000
117889  24.023  3.781  -52.584 0.0000000000
79911  31.316  -4.538  -59.354 0.0000000000
75584  19.921  -9.588  -53.674 0.0000000000
74690  22.480  -10.435  -54.588 0.0000000000
115402  22.065  -8.104  -55.264 0.0000000000
78160  24.161  -6.688  -54.741 0.0000000000
78997  27.590  -5.553  -54.143 0.0000000000
82314  22.754  -1.244  -55.608 0.0000000000
81498  25.897  -2.650  -53.591 0.0000000000
80698  29.665  -3.517  -55.778 0.0000000000
82334  31.349  -1.883  -58.485 0.0000000000
88339  24.858  5.214  -50.920 0.0000000000
89084  28.621  6.175  -52.690 0.0000000000
92211  27.126  11.166  -55.859 0.0000000000
90689  29.178  8.216  -57.319 0.0000000000
88383  29.077  5.819  -57.108 0.0000000000
86797  26.996  4.068  -60.170 0.0000000000
73730  25.310  -11.960  -55.473 0.0000000000
73705  19.554  -11.812  -52.708 0.0000000000
136885  19.746  -12.346  -52.830 0.0000000000
71804  21.357  -12.961  -53.703 0.0000000000
71803  22.138  -13.689  -53.777 0.0000000000
71818  22.128  -12.799  -54.048 0.0000000000
85861  26.442  2.438  -52.138 0.0000000000
84975  27.900  1.385  -52.080 0.0000000000
85876  30.007  2.735  -52.944 0.0000000000
85888  30.505  2.222  -54.593 0.0000000000
133366  30.287  3.417  -54.327 0.0000000000
91405  24.623  9.672  -51.588 0.0000000000
90634  25.084  9.132  -52.199 0.0000000000
92183  24.262  10.178  -53.149 0.0000000000
78201  28.519  -6.594  -56.391 0.0000000000
77342  27.878  -7.739  -56.443 0.0000000000
128533  29.636  -6.659  -56.889 0.0000000000
86732  21.934  3.700  -52.997 0.0000000000
87582  22.746  4.214  -52.594 0.0000000000
68988  21.097  -16.262  -52.588 0.0000000000
129702  21.355  -17.110  -52.486 0.0000000000
67970  22.824  -17.551  -52.844 0.0000000000
67969  23.604  -17.524  -52.647 0.0000000000
69994  25.154  -15.162  -54.164 0.0000000000
69967  24.697  -16.211  -53.152 0.0000000000
75596  21.247  -9.337  -54.519 0.0000000000
77308  20.769  -7.879  -54.604 0.0000000000
79879  22.032  -4.923  -55.649 0.0000000000
121365  22.331  -6.126  -55.770 0.0000000000
125884  23.731  -5.206  -55.190 0.0000000000
78999  25.463  -5.878  -54.187 0.0000000000
79000  24.639  -5.117  -54.476 0.0000000000
82304  20.740  -1.371  -54.583 0.0000000000
119229  22.040  0.068  -55.502 0.0000000000
82281  28.238  -0.934  -52.605 0.0000000000
82292  25.664  -1.180  -53.676 0.0000000000
81495  28.570  -2.517  -53.399 0.0000000000
80689  29.090  -3.779  -53.776 0.0000000000
130119  30.083  -2.328  -54.883 0.0000000000
81525  30.346  -2.857  -56.784 0.0000000000
82326  31.117  -1.402  -56.871 0.0000000000
85037  30.193  1.450  -59.822 0.0000000000
84120  31.404  0.132  -59.759 0.0000000000
89876  26.174  7.047  -51.587 0.0000000000
132615  25.416  5.797  -50.953 0.0000000000
131131  26.776  6.714  -51.708 0.0000000000
88337  26.507  5.226  -51.274 0.0000000000
89884  28.614  7.255  -52.899 0.0000000000
89103  29.342  6.668  -57.052 0.0000000000
89117  28.223  6.449  -58.598 0.0000000000
87632  27.858  4.700  -58.880 0.0000000000
75612  23.305  -10.103  -54.719 0.0000000000
119819  24.628  -11.145  -55.217 0.0000000000
134371  25.097  -10.378  -55.367 0.0000000000
74698  28.984  -10.220  -55.537 0.0000000000
73727  27.455  -11.483  -55.864 0.0000000000
70890  20.289  -14.618  -52.598 0.0000000000
115243  22.253  -15.273  -53.290 0.0000000000
69000  23.487  -16.217  -53.353 0.0000000000
70901  22.661  -14.628  -53.712 0.0000000000
70912  24.135  -14.215  -54.548 0.0000000000
71815  24.985  -13.864  -55.010 0.0000000000
78986  19.574  -5.752  -53.599 0.0000000000
79865  20.468  -4.941  -54.416 0.0000000000
80702  21.870  -3.448  -55.254 0.0000000000
84998  23.164  1.790  -54.455 0.0000000000
84080  24.003  0.539  -54.946 0.0000000000
84060  25.521  0.886  -53.296 0.0000000000
83160  27.748  -0.166  -52.385 0.0000000000
83169  30.222  -0.201  -53.218 0.0000000000
119959  30.956  -0.170  -55.797 0.0000000000
84996  30.640  1.439  -55.021 0.0000000000
85024  30.200  2.112  -57.587 0.0000000000
85921  29.197  2.795  -59.003 0.0000000000
89873  23.887  7.018  -49.829 0.0000000000
116817  25.181  7.952  -51.007 0.0000000000
90633  25.750  8.691  -52.353 0.0000000000
90645  26.921  8.988  -53.065 0.0000000000
76452  26.235  -8.397  -54.935 0.0000000000
122570  26.183  -9.761  -55.803 0.0000000000
75624  27.330  -9.121  -56.258 0.0000000000
76471  28.852  -9.003  -56.433 0.0000000000
85892  21.121  2.396  -54.123 0.0000000000
85880  22.436  2.972  -53.438 0.0000000000
85863  24.006  3.133  -52.939 0.0000000000
86718  26.595  3.688  -51.559 0.0000000000
68985  24.080  -16.687  -53.044 0.0000000000
79899  30.272  -5.065  -58.637 0.0000000000
79032  30.588  -6.036  -57.600 0.0000000000
73704  20.041  -10.985  -53.672 0.0000000000
73717  21.455  -11.497  -54.287 0.0000000000
115491  21.085  -10.133  -54.321 0.0000000000
75613  22.570  -9.710  -54.699 0.0000000000
76475  23.327  -8.492  -54.990 0.0000000000
124835  21.619  -6.952  -55.520 0.0000000000
77324  22.593  -7.758  -55.324 0.0000000000
77322  24.181  -8.212  -54.778 0.0000000000
77306  25.859  -7.754  -54.458 0.0000000000
78157  27.051  -6.686  -54.399 0.0000000000
79015  28.129  -5.965  -54.987 0.0000000000
81508  20.797  -2.185  -54.564 0.0000000000
124065  22.785  -2.673  -55.635 0.0000000000
83183  24.251  -0.438  -54.866 0.0000000000
123860  24.193  -1.815  -55.112 0.0000000000
80691  24.283  -3.513  -54.681 0.0000000000
79851  27.134  -4.165  -53.616 0.0000000000
79861  29.004  -4.521  -54.167 0.0000000000
79889  29.539  -4.783  -57.213 0.0000000000
80716  29.776  -4.083  -57.726 0.0000000000
122891  30.849  -3.410  -59.420 0.0000000000
83206  31.320  -0.662  -57.373 0.0000000000
87581  24.719  4.239  -52.036 0.0000000000
87570  26.598  4.390  -51.394 0.0000000000
129543  28.761  4.552  -52.345 0.0000000000
92202  25.886  10.674  -54.695 0.0000000000
91435  27.588  10.075  -54.492 0.0000000000
134487  28.236  10.133  -56.341 0.0000000000
90657  28.873  8.619  -54.455 0.0000000000
89891  29.491  7.549  -54.956 0.0000000000
135641  29.634  6.278  -54.804 0.0000000000
87596  29.794  4.792  -54.886 0.0000000000
116701  29.496  4.018  -56.927 0.0000000000
86789  28.433  3.450  -59.172 0.0000000000
85938  28.340  2.673  -61.251 0.0000000000
72735  23.050  -11.821  -54.570 0.0000000000
72746  24.931  -12.894  -55.263 0.0000000000
71826  25.711  -13.561  -55.387 0.0000000000
132647  26.686  -11.070  -56.210 0.0000000000
72744  26.598  -12.493  -55.713 0.0000000000
131885  19.864  -11.588  -53.378 0.0000000000
72727  20.084  -12.277  -53.336 0.0000000000
118005  20.589  -12.974  -53.312 0.0000000000
72726  20.763  -12.447  -53.713 0.0000000000
72737  21.378  -12.252  -54.039 0.0000000000
86726  28.210  3.184  -51.991 0.0000000000
85859  28.600  2.213  -52.232 0.0000000000
86725  29.335  3.011  -52.469 0.0000000000
86741  30.214  3.166  -53.615 0.0000000000
86742  29.888  3.766  -52.990 0.0000000000
78200  29.042  -6.782  -56.610 0.0000000000
68987  22.046  -16.864  -52.672 0.0000000000
67971  21.931  -17.757  -52.601 0.0000000000
70911  25.522  -14.629  -54.529 0.0000000000
69980  25.759  -14.843  -53.962 0.0000000000
70900  26.376  -14.406  -53.787 0.0000000000
76456  19.946  -8.025  -53.856 0.0000000000
79878  22.649  -4.450  -55.596 0.0000000000
79018  22.426  -5.371  -55.682 0.0000000000
122595  23.017  -5.026  -55.573 0.0000000000
79876  24.051  -4.306  -54.967 0.0000000000
83185  21.026  -0.008  -54.748 0.0000000000
84092  21.886  0.886  -55.255 0.0000000000
82289  29.457  -1.442  -53.245 0.0000000000
82290  28.664  -1.695  -53.043 0.0000000000
119729  29.750  -1.766  -53.816 0.0000000000
81494  29.265  -2.303  -53.544 0.0000000000
82302  30.166  -1.739  -54.433 0.0000000000
82311  30.473  -1.812  -55.278 0.0000000000
85045  30.018  1.406  -60.874 0.0000000000
84128  30.726  0.794  -60.280 0.0000000000
90632  27.379  8.222  -52.675 0.0000000000
89880  26.863  7.525  -52.103 0.0000000000
89879  27.787  7.429  -52.401 0.0000000000
89079  27.372  6.871  -51.957 0.0000000000
89885  28.150  8.025  -52.911 0.0000000000
89900  27.920  6.994  -59.042 0.0000000000
123475  27.390  6.690  -59.604 0.0000000000
89134  26.946  5.905  -59.908 0.0000000000
75611  24.627  -9.683  -54.953 0.0000000000
74702  24.241  -10.259  -54.882 0.0000000000
74689  28.678  -10.871  -54.990 0.0000000000
70903  21.166  -13.681  -53.339 0.0000000000
135928  20.966  -14.319  -52.949 0.0000000000
69968  21.273  -15.193  -52.814 0.0000000000
71817  22.750  -13.313  -54.218 0.0000000000
70914  23.121  -14.032  -54.177 0.0000000000
128310  24.292  -13.385  -54.831 0.0000000000
79853  19.596  -4.183  -53.408 0.0000000000
79866  20.110  -4.198  -54.065 0.0000000000
130810  20.858  -4.235  -54.532 0.0000000000
80703  21.227  -3.523  -54.689 0.0000000000
84989  23.461  2.222  -53.979 0.0000000000
84997  23.799  1.443  -54.473 0.0000000000
84987  24.958  1.595  -53.183 0.0000000000
84974  28.934  1.357  -52.312 0.0000000000
84058  27.304  0.658  -52.363 0.0000000000
84056  29.278  0.546  -52.353 0.0000000000
83159  28.720  -0.254  -52.284 0.0000000000
84067  30.105  0.548  -52.780 0.0000000000
84079  30.790  0.600  -54.494 0.0000000000
84985  30.612  1.431  -54.048 0.0000000000
85900  30.293  2.883  -56.251 0.0000000000
85899  30.512  2.204  -55.597 0.0000000000
85907  29.986  2.737  -57.143 0.0000000000
85030  29.976  2.167  -58.485 0.0000000000
85915  29.590  2.743  -57.997 0.0000000000
90624  24.674  8.563  -49.972 0.0000000000
89861  24.183  7.968  -49.482 0.0000000000
89872  24.635  7.650  -50.314 0.0000000000
91414  25.379  9.220  -52.799 0.0000000000
90627  25.495  8.337  -51.696 0.0000000000
90646  26.017  9.095  -52.938 0.0000000000
91426  26.256  9.574  -53.571 0.0000000000
76472  26.882  -8.559  -55.714 0.0000000000
76486  29.063  -8.093  -56.490 0.0000000000
76487  28.335  -8.326  -56.514 0.0000000000
76470  29.508  -8.601  -56.049 0.0000000000
75606  29.254  -9.425  -55.857 0.0000000000
120838  20.636  2.758  -53.704 0.0000000000
117160  21.261  3.174  -53.656 0.0000000000
85890  22.263  2.700  -53.806 0.0000000000
85881  21.894  3.116  -53.500 0.0000000000
86730  23.180  3.660  -52.836 0.0000000000
86744  22.690  3.264  -53.116 0.0000000000
86729  25.008  3.503  -52.554 0.0000000000
86728  26.051  3.241  -52.068 0.0000000000
68999  24.161  -16.140  -53.522 0.0000000000
68984  25.212  -16.343  -52.490 0.0000000000
74677  19.615  -10.297  -53.299 0.0000000000
74676  20.329  -10.264  -53.914 0.0000000000
74692  20.812  -10.915  -54.203 0.0000000000
76454  21.382  -8.466  -54.794 0.0000000000
75614  22.129  -9.008  -54.813 0.0000000000
125632  22.967  -9.185  -54.899 0.0000000000
76476  22.636  -8.482  -55.085 0.0000000000
78161  20.576  -6.390  -54.674 0.0000000000
77326  21.036  -7.058  -54.994 0.0000000000
78180  21.386  -6.248  -55.394 0.0000000000
136128  22.702  -6.356  -55.625 0.0000000000
122612  22.507  -6.866  -55.621 0.0000000000
78178  23.275  -6.645  -55.321 0.0000000000
77323  23.222  -7.527  -55.194 0.0000000000
130419  23.848  -7.307  -54.874 0.0000000000
77307  24.758  -7.528  -54.567 0.0000000000
78998  26.611  -5.841  -54.020 0.0000000000
133971  26.215  -6.496  -54.182 0.0000000000
125615  27.503  -6.197  -54.493 0.0000000000
117502  22.025  -0.896  -55.494 0.0000000000
81520  21.532  -1.775  -55.102 0.0000000000
123765  22.093  -2.634  -55.380 0.0000000000
81519  23.123  -1.932  -55.628 0.0000000000
125341  24.461  0.115  -54.320 0.0000000000
83192  23.683  -0.340  -55.345 0.0000000000
126248  24.775  -0.630  -53.994 0.0000000000
121947  26.220  -1.938  -53.550 0.0000000000
82293  24.832  -1.438  -53.962 0.0000000000
81507  24.545  -2.118  -54.313 0.0000000000
81517  24.088  -2.621  -55.126 0.0000000000
80680  25.633  -3.263  -53.671 0.0000000000
80690  24.940  -3.479  -53.953 0.0000000000
80679  26.478  -3.358  -53.573 0.0000000000
79860  29.373  -3.943  -54.686 0.0000000000
79850  28.333  -4.260  -53.682 0.0000000000
79875  28.966  -4.989  -55.190 0.0000000000
79874  29.301  -4.376  -56.068 0.0000000000
80710  29.671  -3.920  -56.765 0.0000000000
81532  30.867  -2.556  -58.189 0.0000000000
81540  30.361  -3.354  -58.876 0.0000000000
81539  31.116  -2.675  -59.019 0.0000000000
81546  31.357  -2.994  -59.913 0.0000000000
82349  31.838  -2.253  -60.260 0.0000000000
84099  30.989  0.352  -56.373 0.0000000000
83200  31.132  -0.552  -56.475 0.0000000000
84106  31.281  0.088  -57.894 0.0000000000
122330  24.458  6.738  -50.400 0.0000000000
89069  23.964  6.094  -50.325 0.0000000000
88331  24.090  5.324  -50.767 0.0000000000
87563  23.488  4.978  -51.207 0.0000000000
87572  24.121  4.734  -51.485 0.0000000000
87573  23.154  4.804  -52.062 0.0000000000
129468  25.001  4.715  -51.313 0.0000000000
88343  28.104  5.666  -51.942 0.0000000000
88336  27.421  5.022  -51.506 0.0000000000
87580  28.200  4.760  -51.872 0.0000000000
88342  28.712  5.264  -52.488 0.0000000000
92212  26.087  11.127  -55.481 0.0000000000
92201  26.920  10.739  -54.931 0.0000000000
91444  27.718  10.450  -55.288 0.0000000000
90690  28.658  8.876  -57.737 0.0000000000
91458  28.470  9.654  -57.355 0.0000000000
90677  28.842  8.966  -56.884 0.0000000000
90666  28.845  9.070  -55.984 0.0000000000
90656  29.207  8.347  -55.268 0.0000000000
90676  29.250  8.310  -56.351 0.0000000000
89093  29.550  6.797  -56.170 0.0000000000
125170  29.618  6.036  -55.652 0.0000000000
88350  29.671  5.544  -54.857 0.0000000000
88358  29.688  5.159  -55.617 0.0000000000
87617  29.625  4.646  -56.294 0.0000000000
87625  29.126  4.893  -57.213 0.0000000000
87633  27.318  4.588  -59.526 0.0000000000
121710  28.379  4.070  -58.601 0.0000000000
86796  27.866  3.426  -60.069 0.0000000000
85922  28.581  3.027  -59.710 0.0000000000
86798  27.930  3.108  -60.849 0.0000000000
73716  22.323  -11.243  -54.474 0.0000000000
73715  23.148  -10.987  -54.639 0.0000000000
136802  24.496  -12.008  -55.170 0.0000000000
72745  25.873  -12.712  -55.572 0.0000000000
75608  27.351  -9.871  -56.270 0.0000000000
115348  26.713  -10.220  -56.166 0.0000000000
126749  27.199  -10.685  -56.358 0.0000000000
73714  27.621  -11.942  -55.280 0.0000000000
72743  27.171  -12.255  -55.691 0.0000000000
71812  26.819  -13.120  -55.225 0.0000000000
114995  22.912  -12.643  -54.421 0.0000000000
136491  25.945  2.041  -52.511 0.0000000000
84977  25.788  1.462  -52.821 0.0000000000
84976  26.727  1.543  -52.370 0.0000000000
85858  29.564  2.114  -52.539 0.0000000000
123207  30.085  1.968  -52.933 0.0000000000
85875  30.345  2.256  -53.612 0.0000000000
86766  30.388  3.088  -55.143 0.0000000000
86773  30.034  3.811  -56.005 0.0000000000
91400  24.865  9.162  -50.655 0.0000000000
90628  25.094  8.786  -51.276 0.0000000000
128639  24.532  9.774  -52.492 0.0000000000
91415  24.822  9.637  -53.025 0.0000000000
91428  24.664  10.264  -53.801 0.0000000000
78202  27.886  -7.051  -56.236 0.0000000000
77341  28.511  -7.386  -56.545 0.0000000000
77340  29.359  -7.327  -56.602 0.0000000000
77339  30.106  -7.183  -56.627 0.0000000000
87583  22.091  4.005  -52.688 0.0000000000
69969  20.306  -15.508  -52.445 0.0000000000
69970  19.665  -15.785  -51.979 0.0000000000
68989  20.239  -16.234  -52.268 0.0000000000
113547  20.592  -16.944  -52.296 0.0000000000
66987  22.490  -18.458  -52.615 0.0000000000
66986  23.285  -18.229  -52.453 0.0000000000
69981  24.635  -15.703  -53.781 0.0000000000
75597  20.601  -9.640  -54.164 0.0000000000
76455  20.459  -8.838  -54.206 0.0000000000
127425  21.526  -5.326  -55.381 0.0000000000
79019  21.930  -5.789  -55.787 0.0000000000
79017  23.009  -5.821  -55.560 0.0000000000
79016  23.695  -6.042  -55.121 0.0000000000
119218  24.450  -5.936  -54.643 0.0000000000
125949  25.640  -5.049  -53.876 0.0000000000
82315  21.248  -0.842  -54.987 0.0000000000
83170  27.293  -0.752  -52.946 0.0000000000
83171  26.426  -0.664  -53.374 0.0000000000
133922  26.990  -1.226  -53.266 0.0000000000
129860  27.135  -1.893  -53.413 0.0000000000
81496  27.750  -2.645  -53.406 0.0000000000
80678  27.514  -3.408  -53.506 0.0000000000
132578  29.024  -3.043  -53.624 0.0000000000
80676  29.411  -3.113  -53.999 0.0000000000
114986  29.733  -2.981  -54.853 0.0000000000
136038  30.001  -3.312  -56.440 0.0000000000
81516  30.190  -2.702  -55.746 0.0000000000
114354  30.785  -2.305  -57.270 0.0000000000
82325  31.226  -1.621  -57.723 0.0000000000
85029  30.359  1.489  -58.891 0.0000000000
84114  30.870  0.795  -58.388 0.0000000000
84121  30.804  0.792  -59.286 0.0000000000
84127  31.337  0.172  -60.794 0.0000000000
89075  25.534  6.569  -51.094 0.0000000000
89076  24.767  6.054  -50.686 0.0000000000
89074  26.202  6.088  -51.305 0.0000000000
88338  25.645  5.207  -51.058 0.0000000000
89073  27.257  6.044  -51.621 0.0000000000
89078  28.025  6.599  -52.156 0.0000000000
121876  28.833  8.079  -58.136 0.0000000000
89896  29.424  7.503  -56.755 0.0000000000
119151  28.609  7.206  -58.395 0.0000000000
126537  28.754  6.359  -57.861 0.0000000000
88395  28.138  5.576  -58.519 0.0000000000
88384  28.669  5.465  -57.738 0.0000000000
88396  27.404  5.290  -59.301 0.0000000000
74703  23.857  -10.803  -54.783 0.0000000000
120466  25.674  -11.125  -55.663 0.0000000000
75607  28.525  -9.847  -56.162 0.0000000000
74700  27.323  -11.002  -56.272 0.0000000000
74699  28.057  -10.684  -55.809 0.0000000000
73713  28.024  -11.365  -55.161 0.0000000000
69984  22.061  -16.003  -52.882 0.0000000000
136281  22.772  -15.887  -53.184 0.0000000000
69983  23.124  -15.422  -53.575 0.0000000000
70913  23.570  -14.882  -54.084 0.0000000000
69995  24.413  -15.112  -54.283 0.0000000000
113501  25.002  -14.596  -54.671 0.0000000000
71814  25.639  -14.239  -55.035 0.0000000000
79002  20.138  -5.692  -54.298 0.0000000000
135190  21.109  -4.904  -54.842 0.0000000000
79880  21.596  -4.362  -55.164 0.0000000000
136579  22.614  -3.870  -55.572 0.0000000000
84999  22.421  2.042  -54.425 0.0000000000
85010  22.268  1.352  -55.040 0.0000000000
84081  23.487  1.123  -54.897 0.0000000000
84070  24.327  0.856  -54.066 0.0000000000
84068  26.001  0.174  -53.372 0.0000000000
84059  26.356  0.771  -52.868 0.0000000000
83161  26.833  -0.009  -52.873 0.0000000000
82280  29.121  -1.000  -52.565 0.0000000000
83182  30.248  -1.023  -53.788 0.0000000000
83168  30.743  -0.189  -53.979 0.0000000000
84089  30.864  0.656  -55.559 0.0000000000
85018  30.771  1.128  -56.435 0.0000000000
85008  30.673  1.492  -55.865 0.0000000000
85023  30.587  1.393  -57.201 0.0000000000
85038  29.719  2.091  -59.397 0.0000000000
85046  29.507  1.968  -60.343 0.0000000000
89877  25.636  7.495  -51.337 0.0000000000
89881  26.050  7.911  -51.977 0.0000000000
118756  26.501  8.430  -52.495 0.0000000000
75610  25.474  -9.743  -55.389 0.0000000000
76473  26.016  -9.092  -55.340 0.0000000000
75609  26.754  -9.422  -55.997 0.0000000000
76488  27.619  -8.445  -56.328 0.0000000000
75623  28.022  -9.304  -56.427 0.0000000000
85889  22.803  2.474  -53.922 0.0000000000
85878  23.709  2.641  -53.472 0.0000000000
86745  22.125  3.399  -53.166 0.0000000000
86743  23.260  3.071  -53.121 0.0000000000
123532  25.597  2.725  -52.525 0.0000000000
86727  27.021  3.022  -51.547 0.0000000000
68986  23.439  -16.958  -52.980 0.0000000000
135306  23.835  -17.105  -52.795 0.0000000000
79045  29.738  -5.375  -57.694 0.0000000000
79033  29.852  -6.006  -57.418 0.0000000000
79043  30.884  -5.626  -58.185 0.0000000000
74691  21.655  -10.697  -54.432 0.0000000000
75595  21.874  -9.883  -54.541 0.0000000000
130768  23.769  -9.438  -54.802 0.0000000000
123071  24.151  -9.004  -54.809 0.0000000000
77309  20.247  -7.194  -54.333 0.0000000000
77325  21.520  -7.625  -55.202 0.0000000000
78179  21.952  -6.544  -55.814 0.0000000000
121402  22.033  -7.294  -55.634 0.0000000000
76453  25.358  -8.417  -54.654 0.0000000000
77305  26.776  -7.884  -54.907 0.0000000000
78159  25.324  -6.783  -54.353 0.0000000000
78158  26.466  -7.195  -54.394 0.0000000000
77304  27.169  -7.303  -54.820 0.0000000000
78177  27.611  -6.775  -55.199 0.0000000000
78176  28.104  -6.453  -55.899 0.0000000000
79014  28.606  -5.839  -55.933 0.0000000000
81509  20.149  -2.574  -54.003 0.0000000000
80692  20.790  -2.898  -54.486 0.0000000000
120279  21.443  -2.733  -54.866 0.0000000000
80701  22.459  -3.376  -55.536 0.0000000000
80700  23.036  -3.544  -55.660 0.0000000000
84091  22.511  0.641  -55.388 0.0000000000
83193  22.812  -0.336  -55.608 0.0000000000
82313  23.392  -1.166  -55.553 0.0000000000
82303  24.437  -1.265  -54.615 0.0000000000
82312  24.031  -1.166  -55.301 0.0000000000
81518  23.781  -1.907  -55.483 0.0000000000
126395  23.456  -2.686  -55.571 0.0000000000
80699  23.710  -3.478  -55.347 0.0000000000
79864  24.824  -4.279  -54.195 0.0000000000
79852  25.881  -4.090  -53.668 0.0000000000
79863  26.756  -4.939  -53.748 0.0000000000
79862  27.730  -4.883  -53.771 0.0000000000
78996  28.447  -5.169  -54.331 0.0000000000
79013  29.160  -5.288  -56.458 0.0000000000
79900  29.848  -4.815  -58.081 0.0000000000
80725  29.883  -4.131  -58.721 0.0000000000
81533  30.216  -3.269  -57.869 0.0000000000
80724  30.425  -3.992  -59.425 0.0000000000
83191  30.901  -1.028  -55.661 0.0000000000
84113  31.341  0.056  -58.799 0.0000000000
129280  31.703  -1.756  -59.334 0.0000000000
88332  23.240  5.444  -50.456 0.0000000000
127255  23.578  4.290  -52.329 0.0000000000
87571  25.698  4.584  -51.428 0.0000000000
86719  25.745  3.954  -51.850 0.0000000000
87569  27.494  3.985  -51.564 0.0000000000
122459  28.370  4.068  -52.013 0.0000000000
92204  24.178  10.959  -54.439 0.0000000000
92203  24.914  10.770  -54.480 0.0000000000
92213  25.311  11.163  -55.030 0.0000000000
91437  25.540  10.117  -54.058 0.0000000000
91436  26.595  10.139  -54.238 0.0000000000
91425  27.316  9.541  -53.733 0.0000000000
91424  28.303  9.307  -54.122 0.0000000000
92210  27.892  10.571  -56.123 0.0000000000
91443  28.321  9.854  -55.736 0.0000000000
132985  28.194  9.857  -54.879 0.0000000000
90643  28.730  8.254  -53.583 0.0000000000
89883  29.197  7.440  -53.639 0.0000000000
89083  29.198  6.599  -53.403 0.0000000000
89894  29.471  7.566  -55.784 0.0000000000
89090  29.641  6.880  -55.259 0.0000000000
116242  29.519  5.919  -54.017 0.0000000000
117586  29.725  5.092  -54.174 0.0000000000
87587  29.861  4.562  -53.560 0.0000000000
115866  30.100  4.017  -54.864 0.0000000000
87626  28.480  4.777  -58.107 0.0000000000
86782  28.964  4.078  -57.780 0.0000000000
86788  28.987  3.410  -58.341 0.0000000000
85931  29.068  2.566  -59.948 0.0000000000
85942  28.727  2.211  -61.585 0.0000000000
86802  27.301  3.538  -61.844 0.0000000000
85939  27.874  3.053  -61.613 0.0000000000
85943  28.360  2.348  -62.225 0.0000000000
85051  28.917  1.725  -62.234 0.0000000000
72736  22.206  -12.032  -54.287 0.0000000000
72747  23.852  -11.539  -54.830 0.0000000000
72734  23.868  -12.520  -54.791 0.0000000000
71813  26.241  -13.855  -55.216 0.0000000000
74701  25.983  -10.381  -55.815 0.0000000000
73729  26.258  -11.837  -55.772 0.0000000000
134623  27.087  -11.167  -56.411 0.0000000000
73728  27.013  -11.673  -56.240 0.0000000000
71825  26.273  -13.213  -55.500 0.0000000000
113981  26.623  -13.828  -54.501 0.0000000000
78199  30.324  -6.504  -56.988 0.0000000000
79034  29.490  -5.545  -57.186 0.0000000000
79044  30.152  -5.538  -58.051 0.0000000000
79898  31.176  -5.162  -58.751 0.0000000000
79912  30.461  -4.610  -59.108 0.0000000000
80677  28.463  -3.311  -53.526 0.0000000000
80709  29.998  -3.497  -57.133 0.0000000000
81497  26.832  -2.635  -53.524 0.0000000000
81499  25.286  -2.004  -53.740 0.0000000000
81505  29.733  -2.367  -54.210 0.0000000000
81506  25.040  -2.739  -53.822 0.0000000000
82279  29.734  -0.800  -53.022 0.0000000000
82291  27.710  -1.432  -53.115 0.0000000000
82320  30.734  -1.925  -56.261 0.0000000000
83158  29.586  -0.240  -52.559 0.0000000000
83181  30.860  -0.288  -54.922 0.0000000000
83184  21.574  0.298  -55.170 0.0000000000
83194  21.579  -0.289  -55.242 0.0000000000
84057  28.288  0.559  -52.170 0.0000000000
84066  30.556  0.601  -53.580 0.0000000000
84069  25.010  0.278  -53.701 0.0000000000
84090  23.271  0.505  -55.305 0.0000000000
84107  31.177  0.179  -57.080 0.0000000000
84973  29.836  1.317  -52.592 0.0000000000
84988  24.217  1.785  -53.734 0.0000000000
85009  22.870  1.260  -54.979 0.0000000000
85860  27.472  2.240  -51.961 0.0000000000
85862  25.261  2.167  -52.833 0.0000000000
85879  23.029  2.783  -53.480 0.0000000000
85891  21.777  2.613  -54.016 0.0000000000
85906  30.440  1.997  -56.606 0.0000000000
85932  28.424  2.874  -60.432 0.0000000000
85937  28.876  2.386  -60.816 0.0000000000
86731  22.408  3.697  -52.898 0.0000000000
86757  30.382  2.841  -54.237 0.0000000000
86758  30.139  3.923  -53.875 0.0000000000
86781  29.467  3.379  -57.505 0.0000000000
86799  27.351  3.512  -60.922 0.0000000000
87608  29.849  4.490  -55.550 0.0000000000
87640  27.744  4.025  -59.386 0.0000000000
88341  29.371  4.725  -52.889 0.0000000000
88346  29.576  5.215  -53.527 0.0000000000
88347  29.175  5.660  -53.172 0.0000000000
88370  29.464  5.449  -56.414 0.0000000000
88403  26.801  4.935  -59.954 0.0000000000
89087  29.554  6.979  -54.296 0.0000000000
89118  27.623  6.138  -59.130 0.0000000000
89888  29.288  7.898  -54.321 0.0000000000
89897  29.170  7.373  -57.641 0.0000000000
91453  28.487  9.660  -56.538 0.0000000000
118115  30.878  0.781  -56.927 0.0000000000
118210  22.400  -1.858  -55.501 0.0000000000
120342  28.678  9.215  -55.056 0.0000000000
121657  30.494  1.487  -58.024 0.0000000000
121910  24.760  1.058  -53.541 0.0000000000
126305  27.981  -2.048  -53.262 0.0000000000
126602  24.507  -2.901  -54.346 0.0000000000
126764  22.210  -4.080  -55.506 0.0000000000
130675  24.872  2.836  -52.861 0.0000000000
130949  26.487  -1.367  -53.455 0.0000000000
132811  30.709  -0.681  -54.322 0.0000000000
134444  28.572  -5.512  -55.086 0.0000000000
136182  29.414  6.140  -56.484 0.0000000000
136214  31.014  -1.232  -56.303 0.0000000000
136964  29.954  4.490  -54.251 0.0000000000
