#!ascii label  , from subject sub-v1s7x0051324_ses-1 vox2ras=TkReg
1368
35182  32.816  -51.748  -58.125 0.6000000238
35168  32.994  -52.060  -57.398 0.5000000000
126543  34.146  -50.286  -58.133 0.6999999881
37256  33.178  -50.063  -58.081 0.6000000238
129194  33.153  -49.161  -57.886 0.6000000238
35167  33.550  -51.347  -57.759 0.6999999881
137018  33.203  -51.317  -58.078 0.6000000238
36185  32.682  -50.851  -58.249 0.5000000000
37257  32.119  -49.928  -58.062 0.5000000000
37241  32.429  -49.202  -57.797 0.6000000238
38281  32.698  -48.384  -57.672 0.6000000238
34104  32.788  -52.511  -57.669 0.5000000000
35191  32.225  -51.824  -58.799 0.6000000238
38282  31.851  -48.427  -57.597 0.6000000238
32987  32.354  -53.624  -56.878 0.5000000000
136990  32.308  -54.108  -56.472 0.5000000000
125283  35.305  -48.316  -58.934 0.6000000238
126190  34.692  -47.983  -58.547 0.6999999881
36184  34.654  -50.098  -58.030 0.6000000238
38297  34.327  -48.733  -58.318 0.6000000238
38298  33.539  -48.523  -57.962 0.6000000238
35166  34.165  -50.773  -57.994 0.6000000238
35181  33.597  -50.938  -58.109 0.6999999881
39252  33.086  -47.547  -57.758 0.6000000238
133793  33.343  -51.680  -57.106 0.5000000000
35148  34.151  -50.943  -57.642 0.5000000000
39253  32.052  -47.368  -57.579 0.6000000238
34093  32.655  -52.864  -56.933 0.5000000000
35150  32.884  -52.123  -56.547 0.5000000000
40316  31.052  -46.746  -57.815 0.6000000238
40326  30.684  -46.274  -58.538 0.6999999881
135229  30.525  -47.396  -57.831 0.6000000238
41328  31.019  -45.938  -59.462 0.6999999881
123877  30.190  -46.817  -58.355 0.6000000238
39267  29.443  -47.119  -59.195 0.6000000238
39277  29.389  -47.566  -60.380 0.6000000238
40364  28.032  -46.839  -62.506 0.5000000000
41358  27.609  -45.663  -61.394 0.6999999881
40352  27.339  -46.318  -61.884 0.6000000238
41344  27.165  -45.299  -60.237 0.8000000119
41359  26.763  -45.933  -60.820 0.6999999881
40323  35.249  -47.308  -58.874 0.6000000238
37255  34.752  -49.523  -58.304 0.6999999881
38296  35.032  -48.897  -58.709 0.6000000238
39265  33.922  -47.720  -58.102 0.6999999881
39264  34.269  -46.706  -58.385 0.6999999881
36178  34.500  -50.436  -57.745 0.6000000238
37254  35.411  -49.580  -58.305 0.6000000238
114697  33.276  -45.900  -58.295 0.8000000119
37240  34.745  -50.076  -57.357 0.5000000000
40314  32.679  -46.540  -57.863 0.6000000238
36160  33.725  -50.777  -56.409 0.5000000000
35149  33.802  -51.203  -57.119 0.5000000000
40324  32.308  -45.660  -58.424 0.8000000119
40315  31.869  -46.363  -57.864 0.6000000238
34083  32.512  -52.745  -55.933 0.5000000000
41326  32.414  -45.283  -59.429 0.8000000119
41327  31.703  -45.529  -59.043 0.8000000119
40325  31.372  -45.934  -58.383 0.6999999881
41356  31.302  -46.276  -60.894 0.6999999881
41343  31.774  -45.667  -60.183 0.6999999881
40349  31.167  -46.520  -62.351 0.6999999881
40350  31.146  -46.815  -61.907 0.6999999881
39266  30.197  -46.482  -59.368 0.6999999881
40361  30.782  -46.941  -62.303 0.6000000238
132291  30.747  -47.222  -61.822 0.6000000238
40338  30.743  -46.640  -60.733 0.6000000238
41372  30.522  -46.614  -62.532 0.6999999881
39298  29.923  -48.222  -62.237 0.6999999881
40351  30.357  -47.635  -62.102 0.6000000238
41373  29.332  -46.509  -62.393 0.6999999881
40363  28.995  -47.251  -62.598 0.6000000238
41357  28.522  -45.596  -61.719 0.8000000119
42310  28.000  -45.069  -60.667 0.8999999762
41345  26.257  -45.496  -59.863 0.6999999881
42295  27.556  -44.647  -59.678 0.8000000119
40337  35.049  -46.115  -58.989 0.6999999881
41340  35.595  -45.605  -59.732 0.6999999881
37269  36.164  -49.274  -59.042 0.4000000060
38307  35.666  -48.928  -59.120 0.6000000238
41324  34.009  -45.569  -58.821 0.8000000119
37224  35.232  -49.544  -57.163 0.4000000060
113620  35.742  -49.627  -57.889 0.5000000000
36177  35.002  -49.895  -57.834 0.6000000238
41342  33.759  -45.081  -59.513 0.8000000119
37225  34.640  -49.852  -56.600 0.5000000000
41325  33.113  -45.222  -58.912 0.8000000119
36144  34.081  -50.231  -56.064 0.4000000060
115247  32.366  -45.314  -60.957 0.8000000119
35138  32.648  -51.927  -55.602 0.5000000000
41355  31.636  -46.134  -61.779 0.8000000119
124856  31.388  -45.699  -62.368 0.8000000119
41370  31.403  -46.028  -62.353 0.6999999881
42322  30.705  -45.625  -62.379 0.8000000119
42307  30.475  -44.579  -61.573 0.8999999762
41371  31.104  -46.358  -62.492 0.6999999881
42323  29.572  -45.638  -61.984 0.8999999762
42309  28.786  -44.798  -61.131 0.8999999762
42297  25.852  -45.142  -58.934 0.8000000119
42296  26.697  -44.879  -59.298 0.8000000119
40336  35.982  -46.732  -59.566 0.6999999881
41352  36.043  -45.075  -60.417 0.6000000238
39276  35.879  -48.077  -59.399 0.6000000238
40347  36.692  -46.561  -60.482 0.5000000000
41353  35.302  -44.844  -60.298 0.6999999881
37268  37.019  -49.220  -59.685 0.4000000060
38306  36.440  -48.796  -59.622 0.5000000000
39275  36.697  -47.795  -60.201 0.6000000238
41341  34.663  -45.166  -59.665 0.6999999881
116049  36.962  -49.324  -59.186 0.5000000000
38280  36.894  -48.676  -57.766 0.5000000000
38270  35.624  -48.806  -56.593 0.4000000060
37223  35.910  -49.234  -57.305 0.4000000060
124638  33.658  -44.014  -61.394 0.8000000119
116738  33.113  -44.944  -60.050 0.8000000119
38257  35.171  -48.293  -55.783 0.4000000060
41354  32.011  -45.467  -61.989 0.8000000119
42306  32.976  -44.672  -61.275 0.8000000119
37210  33.702  -49.802  -55.368 0.3000000119
43208  31.704  -44.028  -61.627 0.8000000119
43207  32.443  -44.039  -61.657 0.8000000119
41369  31.635  -45.488  -62.184 0.8000000119
43197  30.810  -43.737  -61.112 0.8999999762
42321  31.271  -44.867  -62.074 0.8999999762
43198  29.892  -43.899  -60.775 0.8999999762
42308  29.708  -44.728  -61.420 0.8999999762
43199  29.069  -44.045  -60.529 0.8999999762
42283  26.276  -44.508  -58.409 0.8000000119
42284  25.368  -44.635  -58.254 0.8000000119
42294  28.336  -44.369  -60.101 0.8999999762
42282  27.128  -44.239  -58.801 0.8000000119
40348  36.262  -45.840  -60.116 0.6000000238
42303  36.462  -44.511  -60.850 0.6000000238
118543  37.191  -47.221  -60.976 0.6000000238
37280  37.623  -49.315  -60.284 0.4000000060
38317  37.163  -48.773  -60.330 0.4000000060
39289  37.464  -48.079  -61.038 0.4000000060
37267  37.577  -49.471  -59.619 0.4000000060
42292  34.657  -44.640  -60.493 0.6999999881
38279  37.441  -48.907  -58.335 0.5000000000
37252  37.372  -49.427  -58.969 0.4000000060
42305  34.160  -44.279  -61.050 0.6999999881
39263  38.010  -48.570  -58.295 0.5000000000
43206  33.368  -43.665  -61.489 0.8000000119
42319  32.351  -44.680  -61.714 0.8000000119
43196  31.364  -43.143  -60.944 0.8000000119
44107  30.841  -42.663  -60.360 0.8999999762
44108  30.111  -43.148  -60.235 0.8999999762
43187  29.395  -43.401  -59.964 0.8999999762
43188  28.684  -43.667  -59.601 1.0000000000
43180  26.766  -43.929  -57.909 0.8000000119
43189  27.986  -44.043  -59.148 1.0000000000
41351  36.746  -45.546  -60.760 0.6000000238
42316  36.113  -43.992  -61.162 0.6000000238
40360  37.273  -46.361  -61.349 0.6000000238
116328  35.666  -43.563  -61.350 0.6999999881
38316  37.785  -48.887  -61.051 0.4000000060
39288  38.011  -48.270  -61.786 0.4000000060
127789  38.067  -49.576  -60.106 0.4000000060
42318  34.706  -43.789  -61.264 0.6999999881
38295  38.125  -49.315  -58.806 0.5000000000
37278  38.607  -49.544  -60.399 0.4000000060
124172  34.399  -42.099  -61.349 0.8000000119
44105  32.327  -42.160  -60.730 0.8000000119
44118  32.946  -42.953  -61.308 0.8000000119
44106  31.535  -42.385  -60.531 0.8000000119
44119  32.064  -43.137  -61.114 0.8000000119
44096  29.692  -42.959  -59.557 0.8999999762
44095  30.283  -42.605  -59.528 0.8999999762
44097  29.062  -43.045  -59.177 1.0000000000
43178  28.380  -43.389  -58.683 1.0000000000
43166  27.312  -43.461  -57.409 0.8000000119
43179  27.610  -43.686  -58.284 0.8000000119
41368  37.342  -45.438  -61.368 0.6000000238
113494  36.912  -44.578  -60.851 0.6000000238
44115  35.458  -42.977  -61.453 0.6999999881
39297  37.652  -47.303  -61.705 0.5000000000
43205  35.127  -43.377  -61.471 0.8000000119
45046  34.929  -42.079  -61.348 0.8000000119
37287  38.751  -49.439  -61.128 0.4000000060
44116  34.769  -42.742  -61.547 0.8000000119
38304  39.656  -49.440  -60.463 0.4000000060
38315  39.176  -49.533  -60.911 0.4000000060
45048  33.743  -41.628  -61.132 0.8000000119
44117  33.912  -42.634  -61.430 0.8000000119
45049  33.096  -41.919  -61.029 0.8000000119
45032  30.897  -42.296  -59.840 0.8999999762
45031  31.435  -41.995  -59.792 0.8000000119
44089  29.619  -42.766  -58.842 1.0000000000
44088  30.273  -42.628  -58.531 1.0000000000
44090  28.906  -42.877  -58.278 1.0000000000
136482  28.355  -43.059  -57.035 1.0000000000
43181  25.788  -43.964  -57.613 0.8000000119
43167  26.462  -43.492  -57.174 0.8999999762
43160  27.828  -43.100  -56.879 1.0000000000
43161  26.987  -43.033  -56.724 1.0000000000
44061  28.495  -42.727  -56.524 1.0000000000
44053  29.051  -42.326  -55.987 1.0000000000
44054  28.318  -42.217  -55.971 1.0000000000
132172  29.431  -41.864  -55.707 1.0000000000
44993  28.738  -41.680  -55.663 1.0000000000
43204  36.134  -43.778  -61.161 0.6999999881
44114  36.005  -42.821  -61.042 0.6999999881
126748  37.439  -45.296  -61.373 0.6000000238
42302  37.148  -44.714  -60.962 0.6000000238
40359  37.817  -46.451  -62.018 0.6000000238
39306  38.263  -47.500  -62.255 0.5000000000
45038  35.220  -41.745  -60.997 0.8000000119
38331  39.365  -48.778  -62.390 0.4000000060
130261  33.049  -41.108  -60.847 0.8000000119
124487  32.512  -41.217  -60.523 0.8000000119
45040  31.904  -41.618  -60.161 0.6999999881
45023  30.826  -42.309  -59.250 0.8999999762
45022  31.442  -42.004  -59.229 0.8000000119
44087  30.961  -42.530  -58.344 1.0000000000
44073  29.612  -42.733  -57.872 1.0000000000
44071  31.334  -42.741  -57.388 1.0000000000
44058  31.359  -42.677  -56.462 1.0000000000
119300  29.761  -42.858  -56.995 1.0000000000
44059  30.306  -42.650  -56.431 1.0000000000
44060  29.410  -42.653  -56.481 1.0000000000
44062  27.552  -42.440  -56.257 1.0000000000
44063  26.582  -42.324  -56.371 1.0000000000
44052  29.879  -42.303  -55.961 1.0000000000
44994  27.765  -41.514  -55.716 1.0000000000
44992  29.352  -41.168  -55.495 1.0000000000
43195  36.659  -43.688  -60.673 0.6999999881
44104  35.621  -42.390  -61.148 0.6999999881
42315  37.801  -45.452  -61.699 0.5000000000
41367  37.823  -45.891  -61.948 0.6000000238
40358  38.389  -46.725  -62.337 0.5000000000
45039  34.623  -41.168  -60.949 0.8000000119
45922  33.832  -40.431  -60.928 0.8000000119
45930  33.410  -40.718  -60.896 0.6999999881
45923  32.987  -39.761  -60.765 0.8000000119
116072  32.294  -40.714  -60.138 0.8000000119
45924  32.616  -40.268  -60.489 0.8000000119
45030  32.099  -41.206  -59.873 0.6999999881
45021  32.153  -41.598  -59.114 0.8999999762
45020  33.012  -41.062  -58.881 0.8000000119
45899  33.778  -40.889  -58.151 0.8000000119
45898  34.286  -40.134  -57.821 0.8000000119
44086  31.727  -42.334  -58.227 0.8999999762
45012  32.640  -42.106  -58.009 0.8000000119
45011  33.432  -41.680  -57.609 0.8000000119
44069  32.912  -42.365  -56.834 0.8999999762
45010  34.023  -41.139  -57.129 0.8000000119
44070  32.092  -42.665  -57.109 0.8999999762
44057  32.344  -42.504  -56.249 1.0000000000
44051  30.905  -42.258  -55.834 1.0000000000
44991  30.159  -41.566  -55.605 1.0000000000
45881  27.496  -40.509  -55.543 1.0000000000
129519  30.979  -41.483  -55.544 1.0000000000
126159  29.940  -40.729  -55.428 1.0000000000
45880  28.496  -40.714  -55.427 1.0000000000
45879  30.657  -40.730  -55.424 1.0000000000
123275  29.359  -40.307  -55.353 1.0000000000
43194  37.610  -44.059  -60.443 0.6999999881
43186  37.323  -43.278  -59.948 0.6999999881
44094  37.201  -42.537  -59.653 0.6999999881
44103  36.458  -42.716  -60.340 0.6999999881
45037  35.897  -41.821  -60.556 0.6999999881
42301  38.156  -44.740  -61.069 0.6000000238
45915  35.341  -40.911  -60.433 0.6999999881
41366  38.442  -46.060  -62.211 0.5000000000
45921  34.405  -40.073  -60.663 0.8000000119
46826  33.553  -39.547  -60.777 0.6999999881
46828  32.435  -39.241  -60.257 0.6999999881
45917  32.290  -39.957  -60.064 0.6999999881
45909  32.295  -40.682  -59.722 0.6999999881
45907  33.304  -39.826  -58.864 0.8000000119
136040  33.963  -39.398  -58.456 0.8000000119
46807  34.340  -38.980  -58.050 0.8000000119
46797  34.783  -39.575  -56.985 0.8000000119
45887  34.524  -40.563  -56.575 0.8000000119
44049  33.047  -42.299  -56.025 1.0000000000
45000  33.522  -41.850  -56.527 0.8999999762
44999  34.011  -41.310  -56.088 0.8000000119
44988  33.475  -41.822  -55.805 1.0000000000
132327  33.732  -41.358  -55.172 0.8000000119
131333  32.603  -42.251  -55.784 1.0000000000
44990  31.666  -41.735  -55.488 1.0000000000
44979  31.426  -40.904  -55.290 1.0000000000
127385  27.996  -39.945  -55.366 1.0000000000
124812  30.178  -39.876  -55.307 1.0000000000
121929  28.741  -39.786  -55.306 1.0000000000
46787  30.716  -39.050  -55.135 1.0000000000
45029  36.657  -41.935  -59.712 0.6999999881
128887  36.173  -40.448  -59.471 0.6000000238
45916  35.269  -39.556  -59.880 0.6000000238
133065  33.992  -38.742  -60.605 0.6999999881
46827  32.792  -38.782  -60.504 0.6999999881
131954  32.249  -38.562  -60.126 0.6999999881
46820  32.224  -38.908  -60.101 0.6999999881
46810  33.166  -38.353  -58.879 0.8000000119
45908  32.405  -39.777  -59.713 0.6999999881
47756  34.773  -38.370  -57.335 0.8000000119
46796  35.313  -39.070  -56.320 0.8000000119
45877  34.556  -40.785  -55.583 0.8000000119
45866  34.376  -40.754  -54.656 0.8000000119
44989  32.430  -41.864  -55.407 1.0000000000
44977  32.892  -41.393  -54.737 1.0000000000
45867  33.545  -40.962  -54.265 0.6999999881
44978  32.134  -41.179  -55.085 1.0000000000
128298  32.927  -40.853  -54.072 0.8999999762
45869  31.815  -40.470  -54.914 1.0000000000
46776  31.955  -39.756  -54.455 1.0000000000
46790  27.190  -39.524  -55.556 1.0000000000
45878  31.190  -39.941  -55.125 1.0000000000
46777  31.351  -39.129  -54.771 1.0000000000
118692  28.140  -39.197  -55.397 1.0000000000
130159  29.438  -39.572  -55.293 1.0000000000
127085  36.167  -41.270  -59.853 0.6999999881
47792  33.754  -37.635  -60.406 0.6000000238
47793  32.978  -37.844  -60.363 0.6999999881
47780  32.568  -37.571  -59.665 0.6999999881
48801  32.604  -37.284  -59.893 0.6999999881
46811  32.397  -38.663  -59.678 0.6999999881
47779  32.963  -36.961  -59.102 0.8000000119
47773  33.882  -37.635  -58.312 0.6999999881
46786  35.505  -39.530  -55.349 0.6999999881
45865  35.084  -40.278  -55.066 0.6999999881
45848  34.134  -40.461  -53.860 0.8000000119
46775  34.894  -40.211  -54.217 0.6999999881
45868  32.376  -40.672  -54.516 0.8999999762
46757  32.447  -39.341  -53.630 1.0000000000
47746  27.514  -38.575  -55.581 1.0000000000
46789  29.009  -38.987  -55.276 1.0000000000
46788  29.878  -38.946  -55.242 1.0000000000
120815  36.303  -39.597  -59.143 0.6000000238
127772  34.933  -38.127  -59.886 0.6000000238
132052  34.058  -37.012  -60.187 0.6000000238
48800  32.870  -36.208  -59.824 0.6000000238
48788  32.712  -36.652  -59.614 0.6000000238
48787  33.029  -35.973  -59.224 0.6999999881
47772  34.450  -36.896  -57.768 0.6999999881
47755  35.382  -37.901  -56.735 0.6999999881
47742  35.853  -38.597  -55.691 0.6999999881
47731  35.927  -39.053  -54.544 0.6999999881
55039  41.902  -31.312  -54.522 0.3000000119
46755  34.662  -39.938  -53.485 0.6999999881
46774  35.392  -39.643  -53.822 0.6999999881
55961  40.852  -29.778  -54.751 0.3000000119
133119  34.371  -39.598  -52.951 0.8000000119
46800  24.498  -39.486  -56.401 0.8999999762
45850  32.672  -40.212  -53.846 1.0000000000
46799  25.317  -39.515  -56.117 1.0000000000
47747  26.621  -38.715  -55.770 1.0000000000
47714  31.768  -38.670  -54.162 1.0000000000
47743  30.399  -38.195  -55.165 1.0000000000
47732  31.140  -38.366  -54.829 1.0000000000
46818  36.853  -38.986  -58.898 0.6000000238
46819  35.933  -38.905  -59.228 0.6000000238
47785  36.159  -38.120  -59.220 0.6000000238
115579  35.172  -37.022  -59.711 0.6000000238
48798  35.282  -35.981  -59.662 0.6000000238
49830  34.437  -35.253  -59.411 0.6999999881
49817  33.843  -35.380  -59.017 0.6999999881
48799  33.847  -36.050  -59.975 0.6000000238
48778  33.832  -35.830  -58.500 0.6999999881
50823  39.555  -35.138  -58.128 0.3000000119
48763  35.420  -36.716  -57.134 0.6999999881
48749  36.094  -37.559  -56.217 0.6999999881
53988  42.070  -32.354  -54.158 0.3000000119
53982  41.676  -32.666  -53.462 0.4000000060
55953  41.427  -30.653  -54.056 0.4000000060
53976  41.256  -32.280  -52.844 0.4000000060
46801  23.635  -39.369  -56.609 0.6999999881
57762  40.307  -28.529  -53.059 0.3000000119
46741  35.099  -39.445  -52.981 0.6999999881
47759  24.982  -38.809  -56.267 0.8999999762
57763  39.800  -27.868  -53.726 0.3000000119
55954  40.963  -29.959  -53.669 0.3000000119
46742  33.672  -39.403  -52.789 0.8000000119
56854  40.549  -29.259  -53.378 0.3000000119
55032  41.154  -31.079  -52.916 0.3000000119
47712  32.884  -39.050  -52.890 0.8000000119
47713  32.336  -38.492  -53.334 1.0000000000
48737  31.453  -37.757  -54.361 1.0000000000
47745  28.424  -38.381  -55.481 1.0000000000
132354  27.856  -37.895  -55.668 1.0000000000
47744  29.414  -38.070  -55.375 1.0000000000
48750  30.120  -37.278  -55.250 1.0000000000
50851  35.221  -34.708  -59.203 0.6999999881
50837  34.691  -34.853  -58.923 0.6999999881
127444  38.573  -35.009  -59.371 0.3000000119
116764  38.627  -34.661  -58.528 0.4000000060
49810  34.419  -35.189  -58.467 0.6999999881
48777  34.683  -35.807  -57.852 0.6999999881
116568  38.850  -34.836  -57.545 0.4000000060
114190  39.814  -35.271  -57.089 0.3000000119
50812  38.360  -34.910  -57.053 0.5000000000
48748  36.857  -37.225  -55.810 0.6999999881
47741  36.444  -38.126  -55.146 0.6999999881
50811  39.196  -35.125  -56.597 0.5000000000
51790  41.665  -34.154  -54.367 0.4000000060
50785  39.934  -35.360  -54.269 0.6000000238
50760  40.426  -34.937  -53.722 0.5000000000
47730  36.581  -38.352  -54.076 0.6999999881
52847  41.944  -33.385  -53.989 0.3000000119
47711  35.900  -38.917  -53.341 0.6999999881
55925  39.765  -30.888  -50.540 0.4000000060
123767  40.639  -34.035  -52.659 0.4000000060
47760  23.657  -38.408  -56.510 0.6999999881
129465  39.944  -28.759  -51.227 0.4000000060
135658  41.360  -32.884  -53.068 0.4000000060
47761  22.746  -38.899  -56.635 0.6000000238
57751  40.088  -27.861  -52.688 0.3000000119
56844  40.424  -29.334  -52.374 0.3000000119
56837  40.151  -29.360  -51.504 0.4000000060
53977  40.774  -32.607  -52.246 0.4000000060
47697  34.414  -39.031  -52.404 0.6999999881
48700  35.603  -38.205  -51.952 0.6999999881
118284  24.273  -38.835  -56.456 0.6999999881
121557  40.231  -30.715  -51.261 0.4000000060
55025  40.799  -31.830  -52.190 0.4000000060
53964  40.409  -32.342  -51.599 0.4000000060
55946  40.716  -30.138  -52.625 0.3000000119
135889  40.529  -31.682  -51.704 0.4000000060
121150  33.472  -38.731  -52.360 0.8000000119
47698  32.747  -38.275  -52.568 0.8999999762
48720  31.880  -37.926  -53.730 1.0000000000
48751  29.314  -37.149  -55.486 1.0000000000
49773  30.757  -36.706  -54.916 1.0000000000
48738  30.913  -37.539  -54.916 1.0000000000
135733  29.716  -36.831  -55.366 1.0000000000
49785  28.600  -36.763  -55.731 1.0000000000
49783  30.040  -36.483  -55.220 1.0000000000
49784  29.320  -36.387  -55.515 1.0000000000
49829  35.653  -35.128  -59.468 0.6000000238
50850  36.075  -34.610  -59.171 0.6000000238
50836  35.608  -34.471  -58.726 0.6000000238
50834  37.620  -34.447  -58.795 0.5000000000
50835  36.562  -34.350  -58.701 0.6000000238
49808  35.729  -34.764  -57.886 0.6999999881
50824  37.955  -34.374  -57.878 0.4000000060
49797  35.549  -35.678  -57.417 0.6999999881
48762  36.228  -36.446  -56.650 0.6999999881
50813  37.496  -34.625  -57.305 0.6000000238
49796  36.382  -35.417  -57.058 0.6999999881
50794  39.576  -35.141  -55.720 0.6000000238
50795  38.815  -35.275  -56.117 0.6000000238
48747  37.487  -36.807  -55.386 0.6999999881
48736  37.094  -37.613  -54.721 0.6999999881
128021  39.861  -35.098  -55.006 0.5000000000
50778  39.416  -35.860  -53.931 0.6000000238
49771  38.788  -36.201  -54.515 0.6000000238
48718  37.160  -37.732  -53.703 0.6000000238
54991  38.644  -31.848  -49.333 0.4000000060
136382  41.057  -33.797  -53.140 0.4000000060
51769  40.327  -34.847  -52.879 0.4000000060
128780  39.553  -35.994  -53.012 0.5000000000
49758  38.858  -36.363  -53.212 0.6000000238
47710  36.553  -38.224  -53.106 0.6999999881
118841  39.590  -30.001  -50.272 0.4000000060
55935  40.041  -30.057  -50.985 0.4000000060
54990  39.276  -31.466  -49.845 0.5000000000
51770  40.008  -34.403  -52.114 0.4000000060
47695  35.983  -38.470  -52.584 0.6999999881
114850  24.610  -38.112  -56.404 0.8999999762
119537  40.618  -31.013  -51.915 0.4000000060
121521  39.875  -33.010  -51.214 0.4000000060
131285  34.014  -38.432  -51.936 0.6999999881
47689  34.785  -38.374  -51.876 0.6999999881
55015  40.207  -31.540  -51.190 0.4000000060
116079  25.519  -38.134  -56.267 0.8999999762
48702  32.670  -37.456  -52.282 0.8999999762
47758  26.220  -38.175  -56.061 0.8999999762
48752  28.582  -37.566  -55.604 1.0000000000
47757  27.018  -37.822  -55.831 1.0000000000
49761  31.764  -37.092  -53.767 1.0000000000
119855  31.273  -37.041  -54.520 1.0000000000
114688  27.840  -37.195  -55.872 1.0000000000
119488  31.385  -36.202  -54.308 1.0000000000
51792  31.034  -34.266  -54.210 0.8999999762
50787  31.204  -35.177  -54.323 1.0000000000
50788  30.483  -35.787  -54.896 1.0000000000
50798  29.114  -35.626  -55.583 1.0000000000
117713  28.664  -36.088  -55.753 1.0000000000
117008  30.376  -34.849  -54.676 1.0000000000
50789  29.662  -35.242  -55.186 1.0000000000
51806  28.872  -34.905  -55.505 0.8999999762
51794  29.525  -34.501  -54.890 1.0000000000
133329  36.306  -34.369  -58.199 0.6000000238
50814  36.661  -34.591  -57.514 0.6999999881
49781  37.760  -36.005  -55.979 0.6999999881
50796  38.009  -35.299  -56.479 0.6000000238
49780  38.479  -35.820  -55.579 0.6000000238
49772  38.107  -36.482  -54.993 0.6000000238
48735  37.638  -37.081  -54.319 0.6000000238
55913  38.676  -30.439  -49.105 0.3000000119
50786  39.284  -35.522  -55.072 0.6000000238
48717  37.678  -37.194  -53.301 0.6000000238
54992  37.987  -32.078  -48.930 0.4000000060
54970  38.157  -31.191  -48.775 0.4000000060
125150  38.190  -36.791  -52.895 0.6000000238
50762  39.146  -36.000  -52.452 0.5000000000
48698  37.057  -37.617  -52.750 0.6000000238
50744  38.988  -35.592  -51.914 0.4000000060
48699  36.349  -37.947  -52.261 0.6000000238
52800  38.297  -32.782  -49.436 0.5000000000
52830  39.086  -34.108  -51.040 0.4000000060
52829  39.624  -33.842  -51.455 0.4000000060
119408  38.923  -33.177  -50.129 0.5000000000
53965  39.955  -32.296  -50.996 0.4000000060
48690  35.108  -37.747  -51.367 0.6000000238
53948  39.487  -32.703  -50.580 0.4000000060
51751  38.566  -34.561  -50.899 0.4000000060
49744  33.227  -37.212  -51.640 0.8999999762
48701  33.312  -38.013  -51.962 0.8000000119
48766  25.295  -37.470  -56.342 0.8999999762
48765  26.200  -37.442  -56.218 0.8999999762
49798  27.130  -36.254  -56.138 0.8999999762
48764  27.103  -36.931  -56.151 0.8999999762
49786  27.888  -36.309  -55.950 1.0000000000
50799  28.370  -35.541  -55.762 0.8999999762
51793  30.221  -34.005  -54.439 1.0000000000
51795  28.755  -34.197  -54.983 1.0000000000
52858  29.382  -33.658  -54.544 1.0000000000
52859  28.498  -33.248  -54.486 0.8999999762
49795  37.187  -35.216  -56.732 0.6999999881
57733  39.181  -28.925  -49.357 0.3000000119
118690  38.607  -29.616  -48.876 0.3000000119
54971  37.330  -31.733  -48.602 0.3000000119
53932  37.311  -32.655  -48.944 0.5000000000
49728  38.362  -36.308  -51.983 0.5000000000
132835  39.190  -34.737  -51.586 0.5000000000
122415  38.441  -35.330  -51.342 0.5000000000
116547  37.240  -36.581  -51.534 0.5000000000
123376  37.628  -35.782  -51.107 0.5000000000
120220  37.614  -34.006  -49.818 0.5000000000
51752  37.861  -34.981  -50.678 0.5000000000
48689  35.954  -37.581  -51.518 0.6000000238
115976  38.227  -33.634  -49.885 0.5000000000
52813  38.724  -33.904  -50.482 0.5000000000
49731  34.583  -37.070  -50.997 0.6999999881
51736  36.490  -34.802  -49.887 0.5000000000
51735  37.339  -34.588  -50.068 0.5000000000
49732  33.835  -36.959  -51.208 0.6000000238
49760  32.307  -36.808  -52.909 0.8999999762
48719  32.287  -37.677  -53.091 0.8999999762
115811  31.941  -36.271  -53.477 0.8999999762
50779  31.821  -35.468  -53.602 0.8999999762
115938  28.139  -35.006  -55.660 0.8999999762
52857  30.076  -33.124  -54.220 0.6999999881
50800  27.427  -35.498  -55.864 0.8999999762
51807  28.286  -34.569  -55.364 0.8999999762
55891  38.041  -30.223  -48.581 0.3000000119
56804  37.322  -29.846  -48.358 0.4000000060
137093  36.696  -30.122  -48.290 0.3000000119
55892  37.234  -30.741  -48.383 0.3000000119
54972  36.389  -31.373  -48.511 0.4000000060
53933  36.317  -32.751  -48.998 0.4000000060
49742  37.594  -37.022  -52.340 0.6000000238
132196  36.837  -33.277  -49.220 0.5000000000
52802  36.160  -33.487  -49.319 0.4000000060
50745  36.709  -36.096  -50.797 0.5000000000
49729  36.335  -36.864  -51.155 0.5000000000
51737  35.604  -34.961  -49.885 0.5000000000
50732  37.044  -35.317  -50.422 0.5000000000
50733  36.176  -35.582  -50.219 0.5000000000
49730  35.460  -37.059  -50.945 0.5000000000
50734  35.293  -35.717  -50.227 0.5000000000
49722  34.928  -36.427  -50.554 0.5000000000
129786  34.522  -35.769  -50.427 0.5000000000
50746  33.993  -36.293  -50.762 0.6000000238
51753  33.194  -34.872  -51.364 0.6999999881
50748  32.814  -35.726  -51.716 0.6999999881
49745  32.642  -36.577  -51.997 0.6999999881
50763  32.394  -35.800  -52.747 0.8000000119
51783  32.295  -34.829  -53.046 0.8999999762
52849  31.513  -33.614  -53.605 0.6999999881
51808  27.518  -34.633  -55.384 0.8999999762
52871  27.999  -34.011  -54.953 0.8999999762
117514  29.321  -32.720  -54.229 1.0000000000
123994  36.000  -30.016  -48.285 0.3000000119
55894  35.688  -30.681  -48.573 0.4000000060
56806  35.690  -29.311  -48.331 0.3000000119
53922  36.037  -32.061  -48.792 0.4000000060
55914  34.898  -30.683  -49.008 0.3000000119
121783  35.657  -33.021  -49.259 0.4000000060
54973  35.336  -31.516  -48.916 0.4000000060
120910  34.720  -32.082  -49.449 0.4000000060
51724  35.912  -34.210  -49.569 0.4000000060
53935  34.980  -32.886  -49.464 0.4000000060
53950  34.322  -32.661  -50.087 0.4000000060
51725  35.081  -34.247  -49.764 0.4000000060
121563  34.452  -34.106  -50.153 0.4000000060
50735  33.845  -35.332  -50.661 0.5000000000
51738  34.614  -34.936  -50.174 0.5000000000
51772  32.719  -34.927  -52.278 0.6000000238
51784  31.664  -34.556  -53.636 0.6999999881
52856  30.828  -33.403  -54.050 0.6999999881
52860  27.626  -33.256  -54.548 0.8999999762
53991  29.403  -31.922  -54.109 0.8999999762
53992  28.590  -32.044  -54.199 0.8000000119
130516  27.929  -32.561  -54.389 0.8000000119
55042  29.173  -31.192  -54.365 0.6999999881
55043  28.328  -30.981  -54.502 0.8000000119
57724  35.410  -28.577  -48.391 0.3000000119
55895  35.175  -29.899  -48.716 0.3000000119
54993  34.489  -31.205  -49.513 0.3000000119
123116  34.485  -30.113  -49.352 0.4000000060
124802  34.194  -31.738  -50.061 0.4000000060
137037  34.146  -31.176  -50.061 0.4000000060
122130  33.865  -32.036  -50.897 0.5000000000
52814  34.163  -33.474  -50.461 0.5000000000
53951  33.938  -32.831  -50.830 0.5000000000
53966  33.620  -32.629  -51.491 0.5000000000
52831  33.705  -33.407  -51.170 0.5000000000
52842  33.315  -33.253  -52.017 0.5000000000
51771  33.020  -34.129  -52.090 0.5000000000
132347  32.618  -34.262  -52.649 0.6000000238
52848  32.162  -33.936  -53.087 0.6999999881
53984  31.342  -32.687  -53.708 0.6999999881
53989  30.649  -32.612  -53.933 0.6999999881
55040  31.009  -31.632  -53.914 0.6999999881
53990  30.066  -32.236  -54.041 0.8000000119
55041  29.988  -31.405  -54.204 0.6999999881
58527  36.017  -27.982  -48.055 0.3000000119
58528  35.058  -27.689  -48.570 0.3000000119
124355  34.427  -27.946  -49.193 0.4000000060
56822  34.522  -29.327  -49.126 0.3000000119
56831  34.107  -29.582  -49.945 0.4000000060
55926  34.098  -30.543  -50.078 0.4000000060
55005  33.943  -31.217  -50.623 0.4000000060
55927  33.738  -30.537  -51.057 0.3000000119
133722  33.531  -31.936  -51.684 0.5000000000
53978  33.297  -32.339  -52.201 0.6000000238
55026  33.254  -31.449  -52.291 0.3000000119
55027  32.816  -31.341  -53.055 0.4000000060
52843  32.770  -33.526  -52.656 0.6999999881
118028  32.931  -32.737  -52.696 0.6999999881
135343  32.658  -32.386  -53.031 0.6000000238
53983  32.192  -32.857  -53.180 0.6999999881
55033  32.456  -31.930  -53.344 0.6999999881
55034  32.014  -31.470  -53.820 0.6000000238
57738  34.145  -28.618  -49.694 0.3000000119
56832  33.813  -29.879  -50.664 0.3000000119
55936  33.406  -30.580  -51.915 0.3000000119
57739  33.750  -28.999  -50.714 0.3000000119
56838  33.522  -29.730  -51.487 0.3000000119
57746  33.426  -28.898  -51.627 0.3000000119
56846  33.191  -29.833  -52.364 0.4000000060
55947  33.023  -30.657  -52.713 0.5000000000
126151  32.816  -30.028  -53.146 0.5000000000
55948  32.632  -30.715  -53.410 0.6000000238
131209  32.210  -30.809  -53.929 0.6000000238
59359  35.668  -26.093  -48.330 0.4000000060
60217  35.057  -25.717  -48.901 0.3000000119
58538  34.447  -27.192  -49.255 0.3000000119
59366  34.398  -26.253  -49.491 0.3000000119
58544  34.026  -27.710  -49.810 0.3000000119
58545  33.668  -27.395  -50.514 0.3000000119
116524  33.790  -28.171  -50.372 0.3000000119
120191  33.533  -28.143  -51.123 0.3000000119
119878  33.127  -28.126  -52.068 0.3000000119
57752  33.177  -29.053  -52.325 0.4000000060
57753  32.837  -28.697  -52.938 0.4000000060
121798  32.438  -30.135  -53.882 0.6000000238
56847  32.932  -29.401  -52.866 0.4000000060
56855  32.622  -29.378  -53.530 0.5000000000
55955  31.707  -30.933  -54.111 0.6000000238
122820  29.792  -29.958  -55.077 0.6999999881
59371  33.834  -26.363  -50.184 0.3000000119
58552  33.365  -27.292  -51.363 0.3000000119
118248  32.950  -27.051  -52.167 0.4000000060
58558  32.706  -27.743  -52.948 0.4000000060
57764  32.406  -28.466  -53.873 0.4000000060
56860  32.201  -29.440  -54.320 0.4000000060
55962  31.822  -30.183  -54.437 0.5000000000
57770  31.819  -28.766  -54.828 0.4000000060
55963  31.155  -30.537  -54.420 0.6000000238
56861  31.613  -29.450  -54.872 0.4000000060
55964  30.473  -30.168  -54.877 0.6999999881
56862  31.097  -29.721  -55.170 0.4000000060
56868  31.299  -29.026  -55.568 0.4000000060
55977  30.256  -29.544  -55.491 0.6000000238
56869  30.705  -29.079  -55.945 0.5000000000
55978  29.432  -29.500  -55.553 0.6000000238
55965  29.008  -30.207  -54.881 0.6999999881
55979  28.517  -29.481  -55.452 0.6999999881
61122  36.147  -24.278  -48.196 0.3000000119
60234  34.511  -25.212  -49.538 0.3000000119
60239  34.026  -25.727  -50.009 0.3000000119
60240  33.614  -25.777  -50.701 0.3000000119
59379  33.285  -26.351  -51.481 0.3000000119
59387  32.624  -26.752  -52.984 0.3000000119
58567  32.383  -27.358  -53.760 0.3000000119
59394  32.417  -26.537  -53.697 0.3000000119
58577  31.959  -27.830  -54.600 0.3000000119
59404  32.059  -26.825  -54.511 0.3000000119
57771  31.489  -28.161  -55.569 0.3000000119
58578  31.708  -27.396  -55.175 0.3000000119
57777  30.970  -28.501  -56.295 0.3000000119
121981  31.165  -27.925  -56.285 0.4000000060
57778  30.316  -28.592  -56.408 0.5000000000
56870  29.918  -29.035  -56.053 0.5000000000
56871  29.167  -29.011  -56.092 0.5000000000
62076  35.100  -23.629  -49.091 0.3000000119
61143  34.304  -24.439  -49.899 0.3000000119
132322  33.960  -25.084  -50.225 0.3000000119
134652  33.656  -24.994  -50.817 0.3000000119
60248  33.317  -25.305  -51.520 0.3000000119
115848  32.542  -25.839  -53.170 0.3000000119
60271  32.328  -25.924  -54.115 0.3000000119
59405  31.693  -26.758  -55.402 0.3000000119
58585  31.451  -27.406  -55.877 0.3000000119
57789  30.047  -28.084  -56.703 0.4000000060
56882  29.616  -28.543  -56.475 0.5000000000
57790  29.275  -28.082  -56.806 0.5000000000
56883  28.955  -28.546  -56.465 0.5000000000
63146  34.769  -22.839  -49.420 0.3000000119
62095  34.147  -23.870  -50.209 0.3000000119
61155  33.879  -24.412  -50.488 0.3000000119
61156  33.552  -24.414  -51.132 0.3000000119
61163  33.154  -24.422  -51.831 0.3000000119
131302  32.685  -25.504  -52.606 0.3000000119
61188  32.426  -25.134  -53.721 0.3000000119
59415  31.951  -26.001  -54.990 0.3000000119
58594  31.077  -27.295  -56.439 0.4000000060
58595  30.323  -27.434  -56.688 0.4000000060
58596  29.498  -27.562  -56.879 0.4000000060
59427  29.753  -26.684  -56.739 0.4000000060
57791  28.624  -28.071  -56.693 0.5000000000
58597  28.922  -27.678  -56.954 0.4000000060
64226  36.492  -21.729  -47.916 0.3000000119
123350  35.322  -23.016  -48.845 0.3000000119
62096  33.777  -23.709  -50.704 0.3000000119
62110  33.409  -23.636  -51.414 0.3000000119
126622  32.549  -25.047  -52.904 0.3000000119
125592  32.442  -24.461  -54.266 0.3000000119
60291  31.984  -25.220  -55.573 0.3000000119
59416  31.640  -26.127  -55.785 0.3000000119
59425  31.267  -26.396  -56.251 0.4000000060
59426  30.733  -26.637  -56.516 0.3000000119
63145  35.259  -22.318  -48.868 0.3000000119
123386  34.822  -22.000  -49.353 0.3000000119
64239  34.715  -21.359  -49.683 0.3000000119
63165  34.197  -23.096  -50.201 0.3000000119
63166  33.654  -22.824  -50.878 0.3000000119
63181  33.220  -22.745  -51.811 0.3000000119
62123  32.954  -23.631  -52.158 0.3000000119
61174  32.479  -24.348  -53.356 0.3000000119
133365  32.816  -22.995  -52.541 0.3000000119
61200  32.273  -25.231  -54.618 0.3000000119
64238  35.250  -21.416  -48.966 0.3000000119
136408  34.014  -22.522  -50.429 0.3000000119
65152  34.683  -20.608  -50.034 0.3000000119
119597  34.300  -21.298  -50.413 0.3000000119
134972  33.498  -22.104  -51.236 0.3000000119
62137  32.569  -23.538  -53.956 0.3000000119
134449  32.347  -24.635  -55.048 0.3000000119
65151  35.019  -20.777  -49.418 0.3000000119
66066  35.192  -19.351  -49.648 0.3000000119
64268  33.747  -21.263  -51.194 0.3000000119
65164  34.310  -20.497  -50.830 0.4000000060
64269  33.313  -21.766  -51.927 0.3000000119
117672  32.938  -22.254  -52.632 0.3000000119
63193  32.652  -22.805  -53.253 0.3000000119
65181  33.906  -20.462  -51.531 0.4000000060
65182  33.533  -20.928  -52.082 0.4000000060
66081  34.737  -19.739  -50.342 0.3000000119
66097  34.233  -19.696  -51.336 0.4000000060
43165  28.166  -43.207  -57.669 1.0000000000
44074  28.937  -42.907  -57.227 1.0000000000
115143  29.818  -30.613  -54.598 0.8000000119
130680  30.493  -30.848  -54.347 0.6999999881
120071  33.903  -49.465  -58.158 0.6000000238
130963  33.458  -46.824  -57.986 0.6000000238
35137  33.120  -51.312  -56.230 0.5000000000
126936  35.398  -49.297  -58.696 0.6000000238
37239  36.372  -49.267  -57.832 0.5000000000
37209  34.321  -49.496  -55.725 0.4000000060
42293  33.920  -44.735  -60.485 0.6999999881
137215  35.684  -44.450  -60.777 0.6999999881
37238  36.848  -49.157  -58.385 0.5000000000
38269  36.354  -48.590  -57.015 0.5000000000
122633  34.354  -43.360  -61.483 0.8000000119
38258  34.460  -48.684  -55.344 0.4000000060
42317  35.421  -44.094  -61.031 0.6999999881
37251  38.234  -49.551  -59.573 0.4000000060
45041  31.280  -42.127  -60.133 0.8000000119
38326  38.445  -49.031  -61.544 0.4000000060
38293  39.344  -49.186  -59.478 0.4000000060
39296  38.694  -48.530  -62.217 0.5000000000
44072  30.516  -42.803  -57.320 1.0000000000
45876  35.105  -40.069  -55.988 0.8000000119
128574  33.068  -41.947  -55.447 1.0000000000
44050  31.909  -42.312  -55.823 1.0000000000
129317  33.476  -36.509  -58.606 0.6999999881
45849  33.344  -40.442  -53.678 0.8000000119
51791  41.067  -34.609  -54.847 0.4000000060
118232  25.790  -38.799  -56.054 1.0000000000
51782  41.366  -33.956  -53.674 0.4000000060
50793  40.307  -34.942  -55.312 0.4000000060
121098  40.966  -34.474  -54.051 0.5000000000
121949  39.660  -31.872  -50.495 0.4000000060
50797  29.724  -35.894  -55.301 1.0000000000
50761  39.661  -35.366  -52.419 0.5000000000
51723  36.832  -33.985  -49.577 0.5000000000
49733  33.252  -36.419  -51.340 0.6999999881
50747  33.346  -35.736  -51.079 0.6000000238
51739  33.838  -34.294  -50.729 0.5000000000
120476  32.861  -25.996  -52.272 0.3000000119
121089  29.972  -47.902  -61.616 0.5000000000
40362  30.099  -47.556  -62.362 0.5000000000
38308  28.628  -48.750  -60.556 0.5000000000
39290  29.516  -48.389  -61.465 0.5000000000
37261  28.661  -49.263  -58.686 0.5000000000
39268  28.858  -47.912  -59.648 0.5000000000
38299  28.946  -48.451  -58.597 0.5000000000
37244  30.125  -48.935  -57.880 0.4000000060
39255  29.847  -47.562  -58.140 0.5000000000
37243  30.797  -49.095  -57.821 0.4000000060
37242  31.592  -49.186  -57.782 0.5000000000
39254  31.170  -47.774  -57.600 0.5000000000
44078  23.519  -42.458  -57.389 0.6999999881
44079  22.553  -42.413  -57.741 0.6999999881
44077  24.443  -42.559  -57.075 0.8000000119
44076  25.316  -42.709  -56.825 0.8000000119
43168  25.031  -43.345  -57.253 0.8000000119
44075  26.135  -42.877  -56.709 0.8999999762
45014  23.008  -41.705  -57.281 0.6999999881
44065  24.847  -41.882  -56.674 0.8999999762
44064  25.739  -42.124  -56.476 0.8999999762
45005  23.369  -40.910  -56.826 0.6000000238
45013  23.902  -41.728  -56.975 0.8000000119
127375  26.174  -41.662  -56.209 0.8999999762
45001  26.870  -41.681  -55.991 0.8999999762
122353  38.726  -39.846  -59.285 0.5000000000
45914  38.266  -40.870  -59.143 0.5000000000
124631  37.362  -40.005  -58.956 0.5000000000
45027  38.757  -41.620  -59.603 0.6000000238
45028  37.668  -41.833  -59.321 0.5000000000
127571  37.021  -41.100  -59.266 0.5000000000
43185  38.111  -43.453  -59.978 0.6000000238
132188  23.295  -40.117  -56.678 0.6000000238
45004  24.377  -41.010  -56.606 0.8999999762
45003  25.418  -41.172  -56.302 0.8999999762
45002  26.274  -41.027  -55.944 0.8999999762
44995  26.978  -41.019  -55.738 0.8999999762
121679  37.234  -38.106  -59.024 0.5000000000
115773  36.361  -37.092  -59.385 0.5000000000
47784  38.306  -38.035  -59.416 0.5000000000
46817  37.996  -38.984  -58.982 0.5000000000
46816  39.002  -38.935  -59.789 0.5000000000
45890  23.997  -40.179  -56.596 0.6999999881
45889  24.871  -40.261  -56.333 0.8999999762
45888  25.737  -40.293  -55.973 0.8999999762
45882  26.607  -40.309  -55.712 0.8999999762
130193  37.465  -36.949  -59.377 0.5000000000
48804  38.498  -37.142  -59.830 0.5000000000
46798  26.174  -39.512  -55.813 0.8999999762
48797  36.474  -36.012  -59.515 0.5000000000
136229  37.216  -36.022  -59.489 0.5000000000
49828  36.855  -35.294  -59.336 0.5000000000
48796  38.046  -36.079  -59.643 0.5000000000
50849  37.830  -35.112  -59.420 0.4000000060
135726  24.008  -37.773  -56.399 0.6000000238
116274  23.851  -37.293  -56.271 0.6000000238
48767  24.509  -37.345  -56.338 0.8000000119
49801  24.175  -36.658  -56.027 0.6999999881
50804  23.339  -36.114  -55.660 0.6999999881
121594  23.680  -35.364  -55.265 0.6999999881
49800  25.096  -36.801  -56.231 0.8000000119
50818  24.180  -35.945  -55.638 0.6999999881
119430  24.984  -34.980  -55.003 0.6999999881
51811  24.267  -34.799  -54.893 0.6999999881
133100  25.770  -36.385  -56.130 0.8000000119
50802  25.424  -35.366  -55.407 0.8000000119
49799  26.433  -36.590  -56.218 0.8000000119
51796  24.888  -34.316  -54.678 0.6999999881
128854  26.205  -35.134  -55.472 0.8000000119
50815  26.664  -35.938  -56.087 0.8000000119
51810  25.639  -34.709  -55.010 0.6999999881
51809  26.529  -34.440  -55.061 0.8000000119
113536  26.103  -32.980  -54.452 0.6000000238
50801  26.649  -35.457  -55.812 0.8000000119
137199  26.883  -35.013  -55.588 0.8000000119
52861  26.872  -33.135  -54.487 0.6000000238
53994  26.520  -32.264  -54.381 0.6000000238
55045  26.133  -31.352  -54.498 0.6000000238
52872  27.183  -33.909  -54.798 0.8000000119
53993  27.273  -32.442  -54.398 0.6000000238
55044  26.974  -31.528  -54.497 0.6000000238
55967  26.665  -30.645  -54.810 0.6000000238
122040  27.743  -31.726  -54.397 0.6000000238
55966  28.129  -30.172  -54.850 0.6999999881
55980  27.409  -29.863  -55.152 0.6000000238
128454  27.518  -30.778  -54.668 0.6000000238
36186  31.681  -50.461  -58.384 0.4000000060
38283  31.176  -48.557  -57.665 0.5000000000
128101  29.244  -47.805  -58.603 0.5000000000
49827  38.898  -35.892  -60.018 0.3000000119
38300  28.515  -48.649  -59.427 0.5000000000
37260  29.506  -49.153  -58.151 0.5000000000
50817  25.043  -36.064  -55.806 0.8000000119
52873  25.675  -33.797  -54.605 0.6999999881
130388  26.485  -33.693  -54.656 0.6999999881
38330  39.877  -48.633  -62.539 0.4000000060
40368  40.962  -47.743  -62.966 0.4000000060
41379  39.234  -46.834  -62.516 0.4000000060
40369  40.011  -47.533  -62.666 0.4000000060
42314  38.834  -45.319  -61.666 0.5000000000
41378  40.509  -46.752  -62.752 0.4000000060
133550  41.768  -47.802  -63.059 0.4000000060
42300  39.275  -44.423  -61.150 0.5000000000
43193  38.614  -43.902  -60.524 0.5000000000
42313  39.970  -45.004  -61.730 0.5000000000
41364  40.654  -45.581  -62.439 0.4000000060
41365  39.570  -45.945  -62.219 0.4000000060
41377  41.570  -46.122  -63.099 0.4000000060
41376  42.500  -46.447  -63.426 0.4000000060
45036  39.150  -42.198  -60.047 0.5000000000
120126  41.498  -45.102  -62.793 0.4000000060
42325  42.324  -45.205  -63.366 0.4000000060
43213  43.810  -44.085  -63.430 0.4000000060
42328  42.902  -44.772  -63.613 0.4000000060
43209  44.484  -43.528  -63.067 0.4000000060
42326  43.809  -44.973  -63.296 0.4000000060
43192  39.724  -43.379  -60.855 0.5000000000
43203  40.368  -43.871  -61.544 0.4000000060
48806  45.887  -37.646  -62.198 0.3000000119
42312  40.939  -44.461  -62.253 0.4000000060
47800  46.331  -38.728  -62.631 0.3000000119
43212  41.837  -44.100  -62.873 0.4000000060
125382  48.168  -39.409  -63.015 0.3000000119
46834  46.463  -39.966  -63.223 0.3000000119
46841  45.527  -40.888  -63.460 0.3000000119
45055  44.021  -41.879  -63.692 0.3000000119
124981  43.516  -42.333  -63.573 0.4000000060
43214  43.063  -43.982  -63.649 0.4000000060
43211  42.522  -43.967  -63.360 0.4000000060
46840  46.960  -41.160  -63.266 0.3000000119
45054  45.128  -42.328  -63.461 0.3000000119
44125  44.114  -43.114  -63.398 0.4000000060
44101  40.020  -42.163  -60.850 0.4000000060
43202  41.328  -43.092  -62.334 0.4000000060
44113  40.671  -42.594  -61.616 0.4000000060
47802  43.712  -38.739  -62.976 0.3000000119
46835  44.544  -39.669  -63.233 0.3000000119
45935  43.425  -40.935  -63.588 0.3000000119
45056  42.988  -41.417  -63.498 0.4000000060
116531  42.601  -41.947  -63.322 0.4000000060
43215  42.596  -42.950  -63.321 0.4000000060
45934  44.717  -41.471  -63.615 0.3000000119
45035  39.649  -41.391  -60.421 0.4000000060
47804  41.964  -39.177  -62.669 0.3000000119
47805  41.201  -39.271  -62.455 0.3000000119
45933  41.530  -40.589  -62.614 0.4000000060
45928  40.889  -40.150  -62.318 0.4000000060
45044  41.197  -40.905  -62.417 0.4000000060
117342  40.806  -41.456  -61.853 0.4000000060
48815  43.331  -38.224  -62.513 0.3000000119
47803  42.776  -39.017  -62.895 0.3000000119
46838  41.810  -39.792  -62.685 0.3000000119
45932  41.865  -40.421  -62.761 0.4000000060
45052  41.720  -41.332  -62.723 0.4000000060
44112  41.329  -41.809  -62.335 0.4000000060
134838  42.747  -39.504  -63.132 0.3000000119
46844  42.257  -40.234  -63.001 0.3000000119
45057  42.324  -40.941  -63.116 0.4000000060
44122  42.150  -42.006  -63.029 0.4000000060
44123  41.792  -42.134  -62.755 0.4000000060
46836  43.308  -39.485  -63.253 0.3000000119
46843  42.845  -40.046  -63.362 0.3000000119
118415  42.083  -42.972  -62.996 0.4000000060
48803  39.282  -38.072  -60.718 0.4000000060
115384  39.663  -39.151  -60.929 0.4000000060
46815  39.459  -39.684  -60.072 0.4000000060
45913  39.384  -40.582  -59.907 0.4000000060
47798  40.608  -38.972  -62.143 0.3000000119
46833  40.328  -39.585  -61.756 0.4000000060
45929  40.407  -40.314  -61.655 0.4000000060
137501  39.983  -40.653  -60.886 0.4000000060
46832  40.743  -39.439  -62.231 0.4000000060
45045  40.773  -40.701  -62.059 0.4000000060
125345  40.354  -41.078  -61.350 0.4000000060
51797  23.978  -33.941  -54.578 0.6000000238
116349  25.714  -32.089  -54.378 0.5000000000
53995  25.257  -32.767  -54.361 0.5000000000
55046  25.234  -31.315  -54.685 0.5000000000
56872  27.892  -29.105  -55.646 0.4000000060
121873  32.653  -23.004  -54.903 0.3000000119
63218  32.567  -22.295  -55.482 0.3000000119
122175  32.425  -22.825  -56.176 0.3000000119
64283  33.109  -21.425  -52.748 0.3000000119
63205  32.762  -21.956  -53.524 0.3000000119
64294  32.651  -22.139  -54.477 0.3000000119
64307  32.603  -21.464  -54.937 0.3000000119
64320  32.516  -21.501  -55.994 0.3000000119
63228  32.361  -22.163  -56.390 0.3000000119
64326  32.385  -21.441  -57.136 0.3000000119
65193  33.193  -20.642  -52.825 0.3000000119
64293  32.858  -21.099  -53.492 0.3000000119
135414  32.676  -21.477  -54.114 0.3000000119
64306  32.666  -20.805  -54.316 0.3000000119
65210  32.645  -20.647  -55.469 0.3000000119
121805  32.669  -20.963  -56.590 0.3000000119
65231  32.782  -20.638  -57.530 0.3000000119
129924  32.717  -20.194  -58.259 0.3000000119
66098  33.642  -20.056  -52.201 0.3000000119
120163  33.098  -19.962  -52.950 0.3000000119
65199  32.809  -20.309  -53.584 0.3000000119
66125  32.887  -19.418  -53.658 0.3000000119
65209  32.783  -19.908  -54.561 0.3000000119
66132  33.242  -19.193  -55.140 0.3000000119
120882  32.927  -19.849  -55.621 0.3000000119
65220  32.958  -20.294  -56.578 0.3000000119
65238  32.803  -20.160  -58.192 0.3000000119
66966  34.192  -18.803  -51.519 0.3000000119
66983  33.678  -18.460  -52.332 0.3000000119
66997  33.125  -18.776  -54.262 0.3000000119
66141  33.400  -19.426  -56.470 0.3000000119
67027  33.746  -18.629  -57.050 0.3000000119
117452  34.122  -18.096  -51.664 0.3000000119
67966  33.570  -17.677  -53.110 0.3000000119
66984  33.228  -18.556  -53.366 0.3000000119
67979  33.464  -17.886  -54.199 0.3000000119
67016  33.629  -18.551  -55.886 0.3000000119
67965  33.950  -17.512  -52.184 0.3000000119
67978  33.950  -16.828  -52.859 0.3000000119
68996  34.201  -16.282  -53.554 0.3000000119
67986  33.978  -17.119  -54.752 0.3000000119
68980  34.345  -16.075  -52.701 0.3000000119
69946  34.611  -15.769  -51.977 0.3000000119
41381  43.061  -45.686  -63.564 0.4000000060
38323  40.590  -48.817  -62.554 0.4000000060
39303  41.207  -48.294  -62.826 0.4000000060
40356  43.276  -46.952  -62.891 0.4000000060
39302  42.048  -48.137  -62.877 0.4000000060
44121  44.523  -43.789  -62.969 0.4000000060
42324  43.939  -45.236  -63.030 0.4000000060
41375  43.495  -46.337  -63.043 0.4000000060
48805  47.956  -38.026  -62.183 0.3000000119
47795  49.073  -39.423  -62.638 0.3000000119
45931  47.757  -40.351  -63.017 0.3000000119
45926  47.671  -40.750  -62.696 0.3000000119
45050  45.583  -42.482  -63.175 0.3000000119
44124  44.927  -42.791  -63.189 0.3000000119
47797  47.715  -38.516  -62.571 0.3000000119
48813  44.969  -37.924  -62.443 0.3000000119
48814  44.114  -37.853  -62.616 0.3000000119
49843  39.014  -36.865  -60.513 0.4000000060
130950  39.729  -37.673  -61.170 0.4000000060
134163  39.881  -38.271  -61.390 0.4000000060
48818  40.858  -38.713  -62.229 0.3000000119
48817  41.472  -38.678  -62.390 0.3000000119
127733  23.376  -34.498  -54.817 0.6000000238
128111  34.535  -18.208  -51.053 0.3000000119
67952  34.403  -17.473  -51.411 0.3000000119
120955  34.357  -16.651  -51.922 0.3000000119
69945  34.994  -15.439  -51.221 0.3000000119
49844  46.036  -37.116  -61.929 0.3000000119
39305  39.189  -47.871  -62.578 0.4000000060
47801  44.886  -38.785  -62.776 0.3000000119
45920  39.927  -39.967  -60.910 0.4000000060
66114  33.815  -19.284  -51.995 0.3000000119
66153  33.202  -19.977  -57.525 0.3000000119
67007  33.489  -18.457  -54.938 0.3000000119
67987  33.790  -17.817  -55.331 0.3000000119
114185  35.227  -14.566  -51.351 0.3000000119
38314  39.849  -49.378  -61.489 0.3000000119
38313  40.661  -49.233  -62.045 0.3000000119
41360  25.880  -46.167  -60.322 0.6000000238
41346  25.450  -45.786  -59.433 0.6999999881
41347  24.616  -45.992  -59.174 0.6999999881
39294  42.130  -48.270  -62.022 0.3000000119
39240  35.913  -48.028  -56.170 0.3000000119
41330  24.030  -45.397  -58.643 0.6999999881
39274  40.133  -48.778  -59.790 0.3000000119
39273  40.954  -48.163  -60.063 0.3000000119
39286  41.379  -48.815  -61.456 0.3000000119
41329  24.996  -45.334  -58.714 0.6999999881
39285  41.801  -47.834  -60.791 0.3000000119
41350  42.419  -46.276  -61.137 0.3000000119
40333  41.828  -46.691  -60.411 0.3000000119
40346  42.526  -47.415  -61.503 0.3000000119
42298  42.911  -44.685  -61.489 0.3000000119
41349  43.072  -45.824  -61.829 0.3000000119
41363  43.226  -46.940  -62.135 0.3000000119
39239  36.512  -47.690  -56.553 0.3000000119
42285  24.400  -44.692  -58.218 0.6999999881
39261  39.637  -48.175  -58.962 0.3000000119
39262  38.771  -48.673  -58.666 0.3000000119
40335  40.677  -47.277  -59.213 0.3000000119
40334  41.247  -47.048  -59.703 0.3000000119
41337  41.629  -45.561  -60.215 0.3000000119
40357  42.742  -47.582  -62.549 0.3000000119
43191  42.078  -44.063  -60.572 0.3000000119
39250  37.465  -48.040  -57.694 0.4000000060
42272  23.784  -44.002  -57.819 0.6999999881
40312  38.366  -46.647  -57.827 0.3000000119
40322  39.000  -47.383  -58.391 0.3000000119
41339  40.569  -46.395  -59.048 0.3000000119
40321  39.933  -47.002  -58.697 0.3000000119
43182  24.761  -44.019  -57.735 0.6999999881
41321  40.384  -45.392  -59.088 0.3000000119
42311  43.753  -45.338  -62.488 0.3000000119
41362  43.518  -46.296  -62.655 0.3000000119
43190  42.814  -43.651  -61.086 0.3000000119
43201  43.748  -44.273  -61.982 0.3000000119
41323  39.083  -46.243  -58.230 0.3000000119
42280  39.685  -44.674  -58.695 0.3000000119
41322  39.799  -45.798  -58.607 0.3000000119
129324  44.207  -43.848  -62.436 0.3000000119
42281  39.030  -45.174  -58.178 0.3000000119
125955  25.749  -43.321  -57.064 0.6999999881
43200  44.187  -44.557  -62.755 0.3000000119
49842  39.625  -36.802  -60.812 0.3000000119
40353  26.445  -46.727  -61.204 0.5000000000
40355  24.867  -47.179  -60.147 0.6999999881
40354  25.554  -46.763  -60.556 0.6000000238
41331  23.068  -45.577  -58.419 0.6999999881
42286  23.425  -44.779  -58.111 0.6999999881
42273  22.844  -44.035  -57.937 0.6999999881
39238  37.052  -47.338  -56.997 0.4000000060
43170  23.184  -43.223  -57.716 0.6999999881
40313  37.669  -47.012  -57.437 0.4000000060
39249  38.212  -47.715  -58.043 0.4000000060
41316  38.448  -45.630  -57.668 0.3000000119
42271  37.961  -45.117  -57.000 0.3000000119
42266  38.061  -44.179  -56.763 0.3000000119
39287  40.501  -49.169  -60.925 0.3000000119
43169  24.118  -43.270  -57.471 0.6999999881
40340  25.130  -46.475  -59.807 0.6000000238
42270  38.499  -44.649  -57.499 0.3000000119
41317  37.815  -46.044  -57.234 0.3000000119
38319  29.413  -49.225  -62.015 0.5000000000
39300  28.501  -47.798  -62.629 0.5000000000
38328  28.213  -49.277  -62.252 0.5000000000
38318  29.693  -48.746  -62.336 0.4000000060
34138  22.984  -52.357  -60.965 0.4000000060
34151  21.534  -52.786  -61.201 0.5000000000
123118  28.918  -48.814  -62.522 0.4000000060
39299  29.538  -48.396  -62.470 0.5000000000
40365  27.411  -47.200  -62.136 0.5000000000
33046  20.089  -53.474  -61.790 0.4000000060
33052  19.662  -54.180  -62.169 0.4000000060
34139  21.950  -52.191  -60.746 0.5000000000
39291  26.676  -47.658  -61.665 0.4000000060
33047  18.969  -53.701  -61.573 0.4000000060
32005  19.264  -54.906  -62.425 0.4000000060
34152  20.528  -52.818  -61.270 0.4000000060
34140  20.965  -52.178  -60.743 0.4000000060
133837  23.080  -50.945  -59.908 0.5000000000
38322  23.883  -48.631  -59.875 0.4000000060
39292  25.695  -47.325  -60.989 0.5000000000
38321  24.675  -48.404  -60.297 0.4000000060
119586  25.110  -47.864  -60.632 0.4000000060
31995  18.734  -54.437  -61.755 0.4000000060
33017  16.647  -53.145  -59.367 0.4000000060
34141  19.867  -52.256  -60.729 0.4000000060
36191  17.386  -51.010  -59.187 0.4000000060
35205  21.372  -51.426  -60.300 0.5000000000
35206  20.323  -51.550  -60.360 0.4000000060
36201  17.673  -50.284  -59.217 0.4000000060
134640  21.840  -51.030  -60.100 0.5000000000
38311  18.719  -48.469  -59.110 0.4000000060
37277  18.227  -48.845  -59.203 0.4000000060
36206  22.234  -50.631  -59.940 0.5000000000
37273  22.284  -49.137  -59.705 0.5000000000
39283  19.269  -47.988  -58.880 0.4000000060
39270  18.570  -47.633  -58.501 0.4000000060
37286  22.957  -50.014  -59.766 0.5000000000
132139  23.153  -49.143  -59.823 0.6000000238
39293  24.322  -47.850  -59.967 0.5000000000
33027  16.477  -53.203  -60.291 0.4000000060
34132  16.538  -52.473  -59.960 0.4000000060
33034  18.089  -53.093  -61.267 0.4000000060
36202  17.387  -51.283  -59.688 0.4000000060
36208  20.616  -50.927  -60.097 0.5000000000
35198  17.850  -50.772  -59.799 0.4000000060
36207  21.285  -50.533  -59.941 0.5000000000
37276  19.151  -49.077  -59.588 0.4000000060
117338  18.252  -49.522  -59.455 0.4000000060
36198  21.806  -49.816  -59.779 0.5000000000
37272  22.792  -48.486  -59.683 0.5000000000
39269  19.708  -47.301  -58.661 0.4000000060
39279  23.357  -47.855  -59.650 0.6000000238
39278  23.884  -47.250  -59.623 0.6000000238
34144  16.693  -52.704  -60.838 0.4000000060
35207  19.164  -51.546  -60.407 0.4000000060
34143  17.341  -52.481  -60.974 0.4000000060
124600  17.865  -51.555  -60.313 0.4000000060
36200  19.103  -49.943  -59.981 0.4000000060
37274  21.302  -49.056  -59.617 0.5000000000
38310  19.790  -48.409  -59.384 0.4000000060
40341  24.288  -46.652  -59.508 0.6000000238
132058  23.495  -46.752  -59.238 0.6000000238
40342  22.953  -47.225  -59.262 0.6000000238
33048  17.952  -53.756  -61.291 0.4000000060
35197  18.573  -50.738  -60.086 0.4000000060
117617  20.802  -49.683  -59.749 0.5000000000
36199  20.242  -50.228  -59.973 0.5000000000
130907  19.896  -49.538  -59.866 0.5000000000
37275  20.280  -48.973  -59.676 0.5000000000
38309  21.824  -48.443  -59.463 0.5000000000
120314  20.827  -48.363  -59.445 0.5000000000
39280  22.374  -47.838  -59.340 0.6000000238
40345  20.515  -46.967  -58.844 0.5000000000
40330  20.057  -46.514  -58.506 0.4000000060
41348  23.695  -46.141  -58.965 0.6000000238
40343  22.029  -47.179  -58.884 0.6000000238
39281  21.429  -47.759  -59.208 0.5000000000
39282  20.417  -47.685  -59.116 0.5000000000
40327  22.697  -46.449  -58.764 0.6000000238
40344  21.122  -47.022  -58.984 0.5000000000
126987  21.921  -42.687  -58.074 0.5000000000
42274  21.971  -44.011  -58.298 0.6000000238
42288  21.586  -44.789  -58.499 0.6000000238
42289  20.822  -44.833  -58.550 0.5000000000
40328  21.652  -46.375  -58.728 0.5000000000
40329  20.847  -46.286  -58.838 0.5000000000
41334  20.393  -45.591  -58.480 0.5000000000
43171  22.326  -43.243  -58.043 0.5000000000
41333  21.208  -45.536  -58.732 0.5000000000
42287  22.496  -44.827  -58.221 0.6000000238
38329  27.035  -48.674  -61.852 0.4000000060
118104  25.932  -48.149  -61.329 0.4000000060
38327  29.400  -48.968  -62.365 0.5000000000
39301  27.803  -48.263  -62.406 0.5000000000
35204  22.441  -51.481  -60.291 0.5000000000
34153  19.373  -52.936  -61.276 0.4000000060
39284  18.262  -48.031  -58.839 0.4000000060
34142  18.611  -52.316  -60.812 0.4000000060
35196  19.688  -50.826  -60.146 0.4000000060
33035  17.142  -53.121  -61.307 0.4000000060
41332  22.112  -45.622  -58.489 0.6000000238
35187  17.298  -51.531  -59.030 0.3000000119
38312  17.963  -48.307  -58.954 0.3000000119
136276  17.454  -50.438  -58.981 0.3000000119
39271  18.013  -47.831  -58.634 0.3000000119
136449  17.747  -49.378  -58.790 0.3000000119
38301  17.884  -48.272  -58.668 0.3000000119
37245  17.816  -48.900  -58.568 0.3000000119
31950  32.199  -54.213  -57.225 0.5000000000
31975  16.755  -53.711  -59.822 0.4000000060
34123  16.894  -52.308  -59.228 0.3000000119
35199  16.959  -51.761  -59.580 0.4000000060
35208  16.923  -51.993  -60.343 0.4000000060
36145  33.246  -50.470  -55.488 0.3000000119
36159  34.365  -50.628  -57.016 0.5000000000
36190  17.662  -49.955  -58.868 0.3000000119
37253  36.368  -49.390  -58.573 0.5000000000
37262  17.802  -49.115  -58.926 0.3000000119
37279  38.220  -49.380  -60.775 0.4000000060
38271  34.900  -49.071  -56.235 0.4000000060
38284  30.468  -48.251  -57.754 0.5000000000
38285  29.698  -48.376  -58.096 0.5000000000
38294  38.707  -49.417  -59.278 0.4000000060
38305  38.961  -49.577  -60.008 0.4000000060
38324  39.938  -49.132  -62.251 0.4000000060
38325  39.182  -49.278  -61.807 0.4000000060
39251  36.866  -48.072  -57.188 0.3000000119
39295  41.389  -48.764  -62.491 0.4000000060
39304  40.310  -48.222  -62.709 0.4000000060
40331  19.030  -46.877  -58.160 0.4000000060
40339  30.091  -47.177  -60.737 0.6000000238
40366  43.195  -46.532  -63.292 0.4000000060
40367  42.589  -47.358  -63.200 0.4000000060
41338  41.136  -45.988  -59.557 0.3000000119
41361  43.705  -45.857  -62.941 0.4000000060
41374  28.215  -46.254  -62.283 0.5000000000
41380  43.538  -45.726  -63.248 0.4000000060
42269  39.018  -44.165  -58.053 0.3000000119
42299  42.242  -45.125  -60.828 0.3000000119
42304  35.038  -44.239  -60.862 0.6999999881
42320  31.819  -44.924  -62.152 0.8000000119
42327  43.392  -44.934  -63.537 0.4000000060
43210  44.169  -44.435  -63.076 0.4000000060
44093  38.166  -42.638  -59.639 0.6000000238
44102  38.986  -43.014  -60.185 0.5000000000
44111  43.615  -43.305  -61.628 0.3000000119
44126  43.250  -43.076  -63.526 0.4000000060
45047  34.203  -41.368  -61.114 0.8000000119
45051  42.024  -41.156  -62.905 0.4000000060
45053  46.031  -41.993  -63.340 0.3000000119
45927  46.776  -41.623  -62.979 0.3000000119
45936  42.657  -40.668  -63.330 0.3000000119
46756  33.093  -39.802  -53.242 1.0000000000
46837  42.360  -39.625  -62.942 0.3000000119
46839  41.335  -39.934  -62.525 0.4000000060
46842  43.964  -40.361  -63.543 0.3000000119
47696  35.340  -38.806  -52.457 0.6999999881
47786  33.175  -36.841  -60.162 0.6000000238
47787  32.221  -38.134  -60.051 0.6999999881
47794  32.313  -38.107  -60.119 0.6999999881
47796  48.860  -38.876  -62.603 0.3000000119
47799  40.127  -38.833  -61.666 0.4000000060
48691  34.133  -37.735  -51.499 0.6999999881
48807  44.501  -36.938  -62.367 0.3000000119
48811  40.925  -38.117  -62.021 0.3000000119
48812  40.332  -38.363  -61.753 0.4000000060
49721  35.822  -36.336  -50.575 0.5000000000
49743  36.772  -37.303  -51.892 0.5000000000
49759  38.197  -36.678  -53.886 0.6000000238
49782  37.023  -36.172  -56.303 0.6999999881
49809  34.988  -35.113  -57.986 0.6999999881
49831  33.413  -35.724  -59.516 0.6000000238
50777  40.005  -35.533  -53.333 0.5000000000
50784  40.425  -34.894  -54.529 0.5000000000
50803  24.608  -35.443  -55.332 0.6999999881
50816  26.002  -35.771  -55.867 0.8000000119
50825  37.062  -34.226  -58.055 0.6000000238
50826  35.025  -34.758  -58.442 0.6999999881
50833  39.375  -35.157  -59.094 0.3000000119
51734  38.082  -34.306  -50.273 0.5000000000
52801  37.525  -33.412  -49.442 0.5000000000
52803  35.391  -33.572  -49.487 0.4000000060
52804  34.690  -33.512  -49.823 0.4000000060
52812  39.301  -33.473  -50.807 0.4000000060
52828  40.373  -33.369  -51.958 0.4000000060
52840  41.415  -33.337  -53.337 0.4000000060
52841  41.006  -33.205  -52.727 0.4000000060
53921  36.688  -32.148  -48.697 0.4000000060
53934  35.481  -32.396  -49.115 0.4000000060
53949  39.142  -32.337  -49.891 0.5000000000
55016  33.627  -31.286  -51.438 0.5000000000
55031  41.665  -31.719  -53.601 0.4000000060
55893  36.404  -30.588  -48.354 0.4000000060
55934  40.386  -30.108  -51.753 0.4000000060
56805  36.522  -29.407  -48.245 0.3000000119
56807  35.066  -29.138  -48.639 0.3000000119
56845  40.187  -28.612  -52.052 0.4000000060
57723  36.032  -28.781  -48.110 0.3000000119
57734  34.699  -28.557  -48.847 0.3000000119
57788  30.750  -27.993  -56.631 0.4000000060
60259  32.854  -25.117  -52.234 0.3000000119
61142  34.832  -24.372  -49.333 0.3000000119
61173  32.695  -24.357  -52.525 0.3000000119
62077  34.547  -23.708  -49.684 0.3000000119
62124  32.568  -23.596  -52.931 0.3000000119
63133  36.376  -22.439  -48.037 0.3000000119
63134  35.831  -22.763  -48.380 0.3000000119
64252  33.838  -21.992  -50.643 0.3000000119
66115  33.323  -19.297  -52.719 0.3000000119
68964  34.696  -16.155  -51.361 0.3000000119
114557  34.405  -22.156  -50.036 0.3000000119
117947  35.103  -20.102  -49.561 0.3000000119
118176  25.773  -36.939  -56.312 0.8000000119
119818  41.729  -47.150  -63.193 0.4000000060
119877  33.552  -26.668  -50.758 0.3000000119
119964  32.380  -53.521  -56.199 0.5000000000
121508  32.952  -32.030  -52.819 0.6000000238
121709  33.957  -26.955  -49.904 0.3000000119
122266  33.404  -33.987  -51.472 0.5000000000
123247  40.308  -47.864  -59.263 0.3000000119
124516  18.227  -50.191  -59.751 0.4000000060
127472  31.453  -26.816  -56.021 0.3000000119
127989  40.802  -34.348  -53.334 0.4000000060
128284  33.880  -39.982  -53.281 0.8000000119
128340  35.402  -39.789  -54.588 0.6999999881
128769  36.947  -34.700  -59.069 0.5000000000
130033  34.965  -19.012  -50.166 0.3000000119
130302  33.865  -17.025  -53.795 0.3000000119
133784  28.598  -28.936  -55.993 0.5000000000
134342  23.082  -35.574  -55.373 0.6999999881
134663  32.435  -31.260  -53.546 0.6000000238
134777  30.551  -28.299  -56.570 0.4000000060
134924  31.837  -32.125  -53.618 0.6999999881
135209  32.945  -19.318  -54.380 0.3000000119
135226  33.338  -29.379  -51.966 0.4000000060
135953  26.227  -36.161  -56.119 0.8000000119
136616  44.415  -42.533  -63.510 0.4000000060
136665  34.472  -30.634  -49.460 0.3000000119
137311  33.723  -26.841  -50.333 0.3000000119
