#!ascii label  , from subject sub-v1s7x0051324_ses-1 vox2ras=TkReg
667
133185  33.729  -58.831  -63.740 0.3000000119
136982  26.954  -57.686  -63.877 0.6000000238
28873  25.150  -57.950  -60.104 0.6999999881
28874  24.119  -57.763  -60.184 0.6999999881
27886  33.961  -58.675  -64.811 0.4000000060
28934  30.722  -57.576  -67.809 0.4000000060
125437  34.445  -58.449  -64.020 0.5000000000
28901  27.353  -57.097  -64.422 0.6999999881
28891  26.991  -58.155  -62.986 0.6999999881
28882  26.575  -58.396  -61.034 0.6000000238
27847  25.608  -58.481  -60.839 0.6000000238
133724  25.701  -57.373  -59.887 0.6999999881
30985  24.155  -55.912  -60.430 0.6999999881
27894  34.469  -58.733  -66.237 0.5000000000
28933  31.749  -57.279  -67.899 0.4000000060
130355  29.377  -56.496  -66.509 0.4000000060
29965  28.636  -56.228  -66.346 0.5000000000
27893  35.181  -58.000  -67.195 0.6000000238
28921  27.963  -56.122  -66.024 0.6000000238
27885  34.942  -58.021  -65.504 0.6000000238
28900  28.412  -56.935  -63.925 0.6000000238
27853  26.875  -58.463  -61.971 0.6000000238
28871  27.074  -57.815  -60.515 0.6000000238
123784  26.739  -56.291  -59.790 0.6999999881
28872  26.142  -57.984  -60.302 0.6999999881
29915  25.807  -56.484  -59.867 0.6999999881
30984  25.075  -55.640  -60.260 0.6999999881
31984  24.512  -54.893  -60.927 0.6999999881
30983  25.928  -55.379  -60.027 0.6999999881
31983  25.318  -54.579  -60.763 0.6999999881
31991  24.900  -54.023  -61.462 0.6999999881
33033  25.620  -53.700  -61.364 0.6999999881
27900  34.613  -58.776  -67.640 0.5000000000
27907  33.390  -58.563  -68.480 0.5000000000
115115  32.605  -57.902  -68.407 0.5000000000
28927  29.971  -57.131  -67.052 0.4000000060
27899  35.113  -57.781  -68.138 0.5000000000
29952  28.577  -56.119  -65.430 0.6000000238
28920  35.654  -57.161  -66.625 0.6000000238
136402  35.448  -57.232  -67.734 0.5000000000
29960  34.977  -55.918  -67.596 0.5000000000
28890  27.685  -58.088  -62.297 0.6000000238
117515  27.680  -57.653  -63.378 0.6999999881
29913  27.492  -57.061  -60.052 0.6000000238
28881  27.470  -58.141  -61.292 0.6000000238
115904  26.814  -55.242  -59.793 0.6000000238
31981  26.824  -54.240  -59.940 0.6000000238
33042  25.288  -53.257  -61.846 0.6999999881
31982  26.052  -54.351  -60.464 0.6999999881
28926  30.921  -56.816  -67.178 0.4000000060
27906  34.259  -58.184  -68.301 0.5000000000
29967  32.766  -56.999  -68.058 0.4000000060
29964  30.192  -56.530  -66.235 0.5000000000
29959  29.457  -56.203  -65.598 0.6000000238
29966  33.704  -56.819  -68.188 0.4000000060
29942  28.666  -56.324  -64.694 0.6000000238
28931  34.447  -57.193  -68.325 0.4000000060
29962  33.149  -56.278  -67.431 0.4000000060
29961  34.350  -56.327  -68.043 0.4000000060
31030  33.074  -55.616  -66.568 0.4000000060
28889  28.468  -57.545  -62.693 0.6000000238
28880  28.321  -57.757  -61.603 0.6000000238
30982  27.733  -56.121  -59.770 0.6000000238
28870  28.009  -57.557  -60.686 0.6000000238
34148  24.690  -52.896  -61.797 0.6999999881
34147  25.691  -52.514  -62.157 0.6999999881
34137  26.478  -52.751  -61.554 0.6000000238
33041  26.010  -53.033  -61.968 0.6000000238
29963  31.955  -56.498  -67.320 0.4000000060
113305  31.193  -56.178  -66.324 0.4000000060
29951  29.332  -56.139  -64.811 0.6999999881
29957  32.235  -55.878  -66.455 0.4000000060
29941  29.460  -56.359  -63.954 0.8000000119
31029  33.979  -55.793  -67.075 0.5000000000
28879  29.108  -57.319  -61.978 0.6999999881
29912  28.534  -56.712  -60.180 0.5000000000
29925  28.869  -57.271  -61.006 0.6000000238
33031  26.920  -53.290  -60.223 0.6000000238
35212  25.147  -52.103  -61.677 0.8000000119
29958  30.519  -55.998  -65.397 0.5000000000
130603  30.036  -55.982  -64.866 0.6000000238
31028  31.583  -55.532  -65.259 0.5000000000
31027  32.629  -55.233  -65.606 0.6999999881
28888  29.283  -57.029  -63.015 0.6999999881
126934  29.391  -56.893  -61.423 0.6999999881
29899  29.239  -56.003  -59.971 0.6000000238
117043  29.323  -56.598  -60.660 0.6000000238
30981  28.644  -55.786  -59.672 0.6000000238
35202  24.556  -51.459  -60.961 0.6000000238
30967  27.819  -55.173  -59.592 0.6000000238
35211  25.831  -51.838  -62.227 0.6999999881
36212  25.412  -51.337  -61.531 0.6999999881
34136  27.044  -52.395  -60.842 0.6999999881
35201  26.634  -52.182  -61.845 0.6999999881
130977  25.973  -52.066  -62.496 0.6999999881
31023  30.867  -55.487  -64.497 0.5000000000
31021  32.271  -54.794  -64.550 0.6999999881
31017  30.193  -55.863  -64.260 0.6999999881
32017  32.764  -54.145  -63.866 0.6999999881
32021  33.187  -54.544  -64.864 0.6999999881
136500  29.827  -56.562  -63.138 0.6999999881
29933  29.764  -56.631  -62.315 0.6999999881
29924  29.843  -56.326  -61.373 0.6000000238
36205  24.010  -50.659  -60.190 0.5000000000
31971  28.770  -55.004  -59.243 0.6000000238
30966  29.190  -55.384  -59.541 0.6000000238
36204  24.866  -50.796  -60.845 0.6000000238
126201  24.776  -50.059  -60.510 0.5000000000
33026  27.736  -53.365  -59.318 0.6000000238
31972  27.913  -54.207  -59.342 0.6000000238
114512  26.258  -51.140  -61.887 0.6000000238
37283  25.461  -49.587  -61.068 0.5000000000
122698  27.452  -52.260  -59.683 0.6999999881
35200  27.081  -51.619  -61.579 0.6999999881
35209  26.838  -51.259  -61.803 0.6999999881
37289  27.276  -49.675  -61.808 0.5000000000
36203  27.612  -50.965  -61.222 0.6999999881
122959  28.061  -50.122  -61.939 0.6000000238
31022  31.606  -55.020  -64.292 0.6999999881
31016  30.935  -55.367  -63.855 0.6000000238
32018  32.079  -54.435  -63.745 0.6999999881
29940  30.477  -55.939  -63.186 0.6999999881
30995  30.387  -55.595  -61.435 0.6999999881
29932  30.341  -56.039  -62.123 0.6999999881
30996  29.818  -55.853  -60.580 0.6000000238
37285  23.953  -49.615  -59.948 0.4000000060
30980  29.673  -55.273  -59.897 0.5000000000
38320  25.303  -48.673  -60.896 0.4000000060
34130  28.050  -52.707  -58.951 0.6000000238
117106  26.354  -50.122  -61.604 0.5000000000
37290  26.181  -49.118  -61.555 0.5000000000
36210  27.121  -50.606  -61.763 0.5000000000
35195  27.375  -51.662  -60.380 0.6000000238
37282  28.104  -50.227  -61.777 0.6999999881
36209  27.484  -50.785  -61.681 0.6000000238
37288  28.894  -49.541  -62.245 0.5000000000
31015  31.509  -54.897  -63.771 0.6000000238
31005  31.425  -54.849  -63.058 0.6999999881
33055  32.267  -53.689  -62.464 0.6999999881
32012  32.000  -54.282  -63.086 0.6999999881
31006  30.955  -55.326  -62.304 0.6000000238
31970  29.410  -54.586  -59.345 0.6000000238
31980  30.035  -54.502  -59.943 0.5000000000
114416  28.925  -54.264  -58.962 0.6000000238
33025  28.601  -53.542  -58.897 0.6000000238
118104  25.932  -48.149  -61.329 0.5000000000
39292  25.695  -47.325  -60.989 0.4000000060
36197  27.579  -50.915  -59.830 0.6000000238
39291  26.676  -47.658  -61.665 0.4000000060
37271  27.875  -50.283  -60.726 0.6000000238
33050  32.118  -53.216  -61.952 0.6999999881
32001  31.406  -54.269  -62.219 0.6000000238
116538  30.920  -54.847  -61.621 0.6000000238
33049  32.382  -53.391  -62.027 0.6999999881
30979  30.395  -54.888  -60.719 0.5000000000
33024  29.404  -53.489  -58.998 0.6000000238
31969  30.088  -53.661  -59.703 0.6000000238
33012  29.003  -52.808  -58.662 0.6000000238
34122  28.562  -52.181  -58.668 0.5000000000
35194  27.829  -51.710  -59.113 0.6000000238
37281  28.512  -49.650  -61.508 0.5000000000
31989  31.714  -53.354  -61.858 0.6999999881
31979  30.642  -53.792  -60.561 0.6000000238
34121  29.323  -52.046  -58.610 0.6000000238
34129  29.773  -52.452  -58.858 0.6000000238
35186  28.686  -51.481  -58.610 0.6000000238
127213  28.427  -50.056  -58.799 0.6000000238
31024  36.225  -55.046  -65.885 0.5000000000
31025  34.648  -55.307  -66.415 0.5000000000
32019  36.714  -54.659  -65.499 0.5000000000
124847  35.371  -54.811  -65.811 0.5000000000
133567  34.327  -54.476  -65.221 0.6999999881
120197  34.663  -53.894  -64.412 0.6999999881
127828  35.223  -54.254  -65.106 0.5000000000
32015  35.667  -54.178  -64.713 0.5000000000
32016  33.621  -53.943  -64.143 0.6999999881
27865  34.144  -58.837  -62.991 0.3000000119
29916  24.763  -56.886  -59.885 0.6999999881
33043  24.456  -53.614  -61.642 0.6999999881
36211  25.528  -50.497  -61.295 0.6000000238
37284  24.682  -49.151  -60.370 0.5000000000
32000  31.898  -53.815  -62.490 0.6999999881
36196  28.121  -50.845  -58.899 0.6000000238
126708  27.889  -50.275  -59.486 0.6000000238
31990  31.138  -53.998  -61.387 0.6000000238
33030  30.806  -52.778  -60.468 0.5000000000
31998  35.736  -54.251  -63.786 0.6000000238
115918  35.125  -56.839  -60.031 0.6000000238
115093  34.962  -56.742  -59.208 0.4000000060
29931  35.256  -55.599  -62.399 0.5000000000
31999  34.499  -53.950  -63.434 0.6000000238
28922  27.218  -56.387  -66.149 0.5000000000
29882  35.929  -55.982  -58.411 0.4000000060
28912  27.809  -56.347  -65.145 0.5000000000
28914  26.353  -57.447  -64.823 0.5000000000
29921  35.465  -56.194  -61.530 0.5000000000
30938  34.565  -55.327  -56.619 0.4000000060
28913  26.942  -56.716  -65.350 0.5000000000
28903  25.789  -57.956  -64.279 0.5000000000
29909  34.606  -56.640  -60.936 0.6000000238
122524  35.033  -54.599  -63.046 0.5000000000
32010  33.850  -53.867  -63.520 0.6000000238
30922  34.857  -54.584  -55.754 0.4000000060
31926  34.693  -54.248  -54.879 0.4000000060
29896  34.173  -57.016  -59.976 0.4000000060
27880  24.010  -58.335  -63.952 0.5000000000
29922  34.624  -56.073  -61.811 0.5000000000
27878  25.529  -58.165  -63.455 0.5000000000
27868  23.759  -58.373  -62.690 0.5000000000
31004  33.964  -54.290  -62.835 0.6000000238
122055  33.447  -53.797  -62.950 0.6000000238
33056  33.046  -53.776  -63.263 0.6000000238
27854  25.980  -58.618  -61.735 0.5000000000
119301  24.033  -58.454  -61.654 0.5000000000
135237  23.525  -58.332  -62.066 0.4000000060
30994  33.647  -54.952  -62.058 0.5000000000
29923  33.942  -56.015  -61.579 0.5000000000
31987  33.200  -53.790  -62.389 0.6000000238
33037  32.779  -53.651  -62.379 0.6000000238
33053  33.086  -53.708  -62.875 0.6000000238
33054  32.666  -53.700  -62.557 0.6000000238
29870  34.003  -56.233  -57.472 0.4000000060
27849  23.654  -58.182  -60.905 0.5000000000
27856  23.323  -58.182  -61.670 0.5000000000
27870  22.314  -58.017  -63.139 0.4000000060
27848  24.575  -58.387  -60.794 0.6000000238
27869  23.020  -58.239  -62.643 0.4000000060
29911  32.948  -56.099  -60.284 0.6000000238
31977  33.163  -54.237  -61.529 0.6000000238
31978  32.706  -53.646  -60.958 0.6000000238
31988  32.563  -53.334  -61.826 0.6000000238
31914  33.811  -54.021  -54.385 0.4000000060
28883  22.964  -57.764  -61.178 0.5000000000
28884  22.424  -57.195  -61.720 0.4000000060
29935  21.508  -56.709  -63.454 0.4000000060
29884  32.982  -56.818  -58.771 0.6000000238
135428  33.573  -56.735  -58.231 0.4000000060
137065  32.552  -55.602  -59.921 0.6000000238
29897  33.217  -56.873  -59.741 0.6000000238
30977  33.400  -55.545  -61.113 0.5000000000
30978  32.888  -54.956  -60.610 0.5000000000
33038  32.110  -52.982  -61.569 0.6000000238
30923  33.534  -55.272  -56.140 0.4000000060
29926  22.907  -56.855  -60.918 0.6000000238
29927  22.351  -56.257  -61.670 0.5000000000
117166  21.401  -55.841  -63.088 0.5000000000
29871  32.913  -56.424  -57.855 0.4000000060
30939  33.266  -55.889  -56.953 0.4000000060
30953  32.368  -55.608  -58.134 0.5000000000
117080  32.231  -54.683  -58.945 0.5000000000
137413  32.290  -53.751  -59.571 0.5000000000
33028  32.196  -52.816  -61.244 0.6000000238
32968  32.773  -53.269  -54.692 0.4000000060
31927  33.354  -54.435  -55.151 0.4000000060
34071  32.861  -52.637  -54.093 0.4000000060
32967  33.280  -53.453  -54.173 0.4000000060
31992  24.025  -54.379  -61.460 0.6000000238
120049  32.558  -53.426  -55.398 0.4000000060
135311  32.870  -54.425  -55.418 0.4000000060
113502  22.365  -55.425  -61.693 0.6000000238
31007  21.415  -55.188  -62.683 0.5000000000
31938  32.457  -54.711  -56.490 0.4000000060
122833  32.405  -55.586  -59.171 0.5000000000
31968  32.313  -53.154  -60.404 0.5000000000
34133  31.997  -52.356  -60.613 0.6000000238
34145  31.953  -52.527  -61.099 0.6000000238
33029  31.589  -52.477  -60.870 0.6000000238
128739  32.704  -51.128  -54.443 0.4000000060
33044  23.528  -53.951  -61.591 0.6000000238
31993  22.958  -54.784  -61.492 0.6000000238
32002  21.938  -54.795  -61.964 0.5000000000
32004  20.229  -54.720  -62.659 0.5000000000
115240  32.572  -54.228  -55.770 0.4000000060
30940  32.339  -55.132  -57.256 0.4000000060
31958  32.183  -54.578  -58.046 0.5000000000
128325  32.266  -53.750  -58.834 0.5000000000
35127  32.819  -51.671  -53.854 0.4000000060
130507  23.095  -53.433  -61.515 0.6000000238
124483  22.152  -53.348  -61.501 0.5000000000
33045  21.129  -53.401  -61.693 0.5000000000
114506  32.302  -53.762  -58.091 0.5000000000
34119  32.388  -52.781  -58.766 0.4000000060
34126  31.862  -51.938  -59.730 0.4000000060
34134  31.706  -52.194  -60.498 0.4000000060
36117  32.862  -50.769  -53.825 0.4000000060
35128  32.604  -51.838  -54.681 0.4000000060
127643  23.924  -53.376  -61.640 0.6000000238
35138  32.648  -51.927  -55.602 0.4000000060
35213  24.135  -52.268  -61.266 0.5000000000
34150  22.830  -52.969  -61.355 0.5000000000
133026  22.304  -52.761  -61.146 0.4000000060
32998  32.511  -53.215  -57.682 0.5000000000
129292  32.610  -52.439  -58.225 0.5000000000
35192  31.564  -51.380  -59.142 0.4000000060
34127  31.349  -51.756  -59.776 0.4000000060
34128  30.648  -51.845  -59.448 0.4000000060
35203  23.558  -51.558  -60.515 0.5000000000
34138  22.984  -52.357  -60.965 0.6000000238
35193  30.925  -51.297  -59.119 0.5000000000
33023  30.297  -52.642  -59.566 0.5000000000
118938  32.062  -51.119  -58.630 0.5000000000
35191  32.225  -51.824  -58.799 0.5000000000
35183  31.225  -50.871  -58.744 0.5000000000
36131  32.742  -51.116  -55.195 0.4000000060
34120  30.125  -51.686  -58.741 0.4000000060
35184  30.402  -50.992  -58.609 0.5000000000
36186  31.681  -50.461  -58.384 0.5000000000
125186  29.272  -49.928  -58.327 0.4000000060
36189  28.948  -50.703  -58.474 0.5000000000
36188  29.842  -50.516  -58.352 0.5000000000
36187  30.751  -50.389  -58.375 0.5000000000
37258  31.189  -49.814  -58.046 0.5000000000
27855  25.023  -58.615  -61.599 0.5000000000
29917  23.705  -56.874  -60.287 0.6000000238
27866  26.191  -58.367  -62.703 0.6000000238
135625  23.419  -56.138  -60.731 0.6000000238
33040  31.374  -53.065  -61.160 0.6000000238
34135  31.099  -52.091  -60.262 0.4000000060
116583  24.652  -58.298  -63.208 0.5000000000
27867  25.332  -58.495  -62.472 0.5000000000
119713  24.545  -58.512  -62.264 0.5000000000
27857  22.714  -57.836  -62.073 0.4000000060
28892  22.105  -57.395  -62.689 0.4000000060
29898  32.673  -56.323  -59.439 0.6000000238
29934  21.923  -56.537  -62.452 0.4000000060
30924  32.749  -55.383  -56.615 0.4000000060
30986  22.900  -55.775  -61.223 0.6000000238
30998  21.870  -55.644  -62.263 0.5000000000
29943  20.772  -56.104  -63.765 0.5000000000
28904  20.773  -57.013  -64.344 0.5000000000
31008  20.734  -55.352  -63.143 0.5000000000
119781  22.524  -54.044  -61.648 0.5000000000
32003  21.145  -54.637  -62.530 0.5000000000
31994  21.592  -54.031  -61.912 0.5000000000
33022  32.223  -52.816  -59.683 0.5000000000
33051  20.681  -54.031  -62.219 0.5000000000
34149  23.627  -52.907  -61.498 0.6000000238
37259  30.217  -49.721  -58.074 0.4000000060
17594  37.159  -68.460  -65.826 0.3000000119
18647  36.553  -67.727  -66.508 0.3000000119
18675  38.328  -66.445  -67.523 0.3000000119
17610  37.073  -67.199  -67.282 0.3000000119
18661  38.162  -67.300  -67.352 0.3000000119
19785  37.729  -65.871  -67.643 0.3000000119
19784  38.448  -65.613  -67.596 0.3000000119
19739  39.499  -67.314  -65.782 0.3000000119
18660  39.008  -67.185  -67.383 0.3000000119
19783  39.211  -65.789  -67.421 0.3000000119
20860  38.992  -65.012  -67.609 0.3000000119
125402  39.596  -66.382  -66.900 0.3000000119
136551  39.128  -65.849  -65.833 0.3000000119
126344  39.504  -65.918  -67.104 0.4000000060
20849  39.447  -65.156  -67.249 0.4000000060
125874  39.232  -63.811  -67.621 0.4000000060
22883  38.394  -63.722  -67.680 0.3000000119
21852  38.685  -64.378  -65.099 0.3000000119
22858  39.806  -64.131  -66.170 0.4000000060
126276  40.103  -63.729  -66.950 0.4000000060
21890  39.394  -64.363  -67.462 0.4000000060
22868  40.096  -62.790  -67.444 0.4000000060
22826  38.191  -63.414  -63.420 0.4000000060
22844  38.877  -63.586  -64.585 0.4000000060
23913  38.463  -62.740  -67.564 0.4000000060
23905  38.643  -61.877  -67.228 0.3000000119
133246  39.633  -63.746  -65.483 0.4000000060
22843  40.445  -63.156  -66.382 0.4000000060
23886  40.968  -62.266  -66.701 0.5000000000
123243  40.425  -62.885  -67.103 0.4000000060
28911  35.661  -57.481  -65.364 0.5000000000
23903  40.465  -62.217  -67.326 0.4000000060
27864  34.744  -58.935  -62.451 0.3000000119
27862  36.615  -58.491  -62.746 0.4000000060
25886  37.841  -60.408  -64.245 0.3000000119
28928  27.923  -56.539  -67.010 0.4000000060
28929  27.001  -57.114  -67.145 0.4000000060
29956  35.534  -55.602  -66.649 0.4000000060
28925  35.484  -56.384  -67.462 0.4000000060
23870  40.225  -63.073  -65.156 0.4000000060
23869  41.275  -62.423  -65.875 0.5000000000
119851  35.802  -56.223  -66.622 0.4000000060
28919  36.101  -56.681  -65.861 0.4000000060
23856  39.581  -62.871  -63.894 0.4000000060
27877  34.968  -58.486  -63.147 0.4000000060
124372  41.033  -61.572  -66.959 0.4000000060
28899  36.979  -57.778  -63.679 0.5000000000
136111  40.182  -61.125  -66.812 0.5000000000
26872  36.244  -59.261  -62.367 0.4000000060
25901  38.521  -60.584  -65.354 0.3000000119
28923  26.286  -57.013  -66.203 0.4000000060
31026  33.591  -55.113  -65.987 0.4000000060
23855  41.168  -62.383  -64.442 0.4000000060
29955  36.298  -55.721  -66.153 0.4000000060
28910  36.338  -57.418  -64.716 0.5000000000
24892  41.476  -62.009  -63.335 0.4000000060
24891  42.381  -61.697  -64.266 0.4000000060
23854  42.051  -62.039  -65.443 0.4000000060
24930  41.784  -61.334  -66.433 0.5000000000
25899  41.108  -60.857  -66.365 0.5000000000
29950  36.894  -56.275  -65.578 0.4000000060
28909  37.498  -56.862  -64.870 0.5000000000
24870  40.909  -61.792  -62.379 0.4000000060
120140  40.449  -60.180  -65.485 0.5000000000
120557  39.073  -59.837  -64.679 0.4000000060
25875  38.016  -59.658  -63.284 0.4000000060
25864  37.187  -59.523  -62.610 0.4000000060
26871  37.384  -58.853  -62.601 0.4000000060
29954  37.098  -55.225  -65.792 0.4000000060
32013  37.416  -54.520  -65.444 0.3000000119
24890  42.893  -60.861  -64.544 0.4000000060
24908  42.508  -60.548  -65.331 0.4000000060
29949  37.962  -55.750  -65.673 0.4000000060
28916  21.098  -57.838  -64.536 0.4000000060
24853  41.316  -61.109  -62.088 0.4000000060
24868  42.958  -61.022  -63.446 0.4000000060
25885  41.656  -60.273  -65.613 0.5000000000
26888  40.727  -59.421  -64.636 0.5000000000
28908  38.774  -56.268  -65.061 0.5000000000
28898  37.974  -57.362  -64.050 0.4000000060
136463  42.494  -60.239  -62.622 0.4000000060
27876  37.684  -58.055  -63.051 0.4000000060
26881  38.177  -59.030  -62.707 0.4000000060
27861  38.365  -58.436  -62.946 0.4000000060
32014  36.630  -54.224  -65.112 0.4000000060
29953  38.012  -55.023  -65.701 0.3000000119
25873  43.143  -60.215  -63.798 0.4000000060
26887  42.329  -59.714  -64.824 0.4000000060
29948  38.792  -55.235  -65.533 0.3000000119
125359  42.927  -59.614  -63.318 0.4000000060
26878  42.958  -59.316  -63.960 0.4000000060
26880  40.454  -58.718  -63.921 0.5000000000
26864  42.544  -59.539  -62.676 0.4000000060
26868  42.617  -58.750  -63.192 0.4000000060
27875  41.086  -58.054  -63.732 0.4000000060
26869  39.839  -58.336  -63.468 0.4000000060
28897  38.887  -57.382  -63.815 0.4000000060
32009  35.125  -53.850  -64.063 0.4000000060
26879  41.909  -58.742  -64.152 0.4000000060
21867  34.705  -64.620  -65.617 0.3000000119
19740  38.782  -66.518  -65.191 0.3000000119
20826  38.358  -65.460  -64.971 0.3000000119
21838  37.937  -64.165  -64.153 0.4000000060
23838  38.981  -62.578  -62.735 0.4000000060
23837  40.338  -62.373  -63.033 0.4000000060
24871  39.714  -62.046  -61.993 0.4000000060
24854  40.208  -61.361  -61.535 0.4000000060
31020  38.263  -54.564  -65.340 0.3000000119
25860  41.670  -60.254  -62.041 0.4000000060
32007  37.394  -53.987  -65.022 0.4000000060
31019  39.257  -54.715  -64.957 0.4000000060
29947  39.629  -55.475  -65.079 0.4000000060
26865  41.550  -59.128  -61.882 0.4000000060
27873  42.306  -58.191  -63.153 0.4000000060
28895  41.566  -57.465  -63.018 0.4000000060
28887  40.531  -57.494  -63.480 0.4000000060
28896  40.170  -56.756  -63.891 0.3000000119
28907  39.673  -56.241  -64.643 0.4000000060
28877  41.762  -57.751  -62.486 0.4000000060
27884  35.327  -58.007  -64.281 0.4000000060
17611  35.761  -67.759  -66.590 0.3000000119
17609  37.841  -68.033  -66.876 0.3000000119
18676  37.441  -66.483  -67.552 0.3000000119
20836  34.463  -65.399  -65.999 0.3000000119
19769  38.978  -66.360  -67.493 0.3000000119
19753  39.455  -66.518  -66.295 0.3000000119
21891  38.750  -64.377  -67.668 0.4000000060
20835  39.643  -65.512  -66.811 0.3000000119
21865  39.373  -65.015  -65.972 0.3000000119
21875  39.753  -64.428  -67.098 0.4000000060
22881  39.855  -63.531  -67.314 0.4000000060
21853  37.886  -64.830  -64.395 0.3000000119
22809  37.246  -63.849  -62.776 0.4000000060
24910  41.892  -61.896  -66.432 0.4000000060
25900  39.681  -60.634  -65.884 0.5000000000
25874  39.195  -59.024  -63.518 0.4000000060
27860  39.392  -57.932  -63.424 0.4000000060
30991  37.351  -55.463  -61.747 0.4000000060
30992  36.274  -55.585  -62.144 0.4000000060
29907  36.957  -56.296  -60.096 0.4000000060
29895  36.199  -56.420  -59.448 0.3000000119
31003  36.137  -55.046  -63.171 0.4000000060
27815  35.734  -58.739  -56.161 0.3000000119
27814  36.555  -58.278  -56.567 0.3000000119
30910  37.226  -54.437  -55.304 0.3000000119
30921  37.245  -54.159  -56.050 0.3000000119
31936  36.972  -53.786  -55.874 0.3000000119
29869  35.652  -55.351  -57.384 0.3000000119
28817  36.679  -56.780  -55.691 0.3000000119
29831  36.764  -55.088  -54.676 0.3000000119
27816  34.822  -59.181  -55.746 0.3000000119
28819  34.963  -57.918  -54.922 0.3000000119
31924  36.973  -53.723  -55.150 0.3000000119
124420  36.217  -53.837  -55.399 0.3000000119
29844  36.200  -56.321  -55.039 0.3000000119
30901  35.940  -54.350  -53.826 0.3000000119
29821  34.966  -56.420  -53.246 0.3000000119
29832  35.682  -55.986  -54.184 0.3000000119
31897  35.476  -54.056  -53.054 0.3000000119
29820  35.527  -55.356  -53.376 0.3000000119
31881  35.590  -54.355  -52.141 0.3000000119
29833  34.964  -56.952  -53.914 0.3000000119
31912  35.794  -53.927  -53.924 0.3000000119
32950  34.573  -53.167  -53.026 0.3000000119
32951  33.634  -53.000  -53.445 0.3000000119
30875  35.573  -55.328  -51.911 0.3000000119
34046  34.403  -52.346  -52.167 0.3000000119
32935  35.480  -52.956  -51.746 0.3000000119
32949  35.331  -53.482  -52.548 0.3000000119
34045  35.029  -52.369  -51.755 0.3000000119
35113  33.245  -51.372  -53.119 0.3000000119
34059  34.043  -52.630  -52.731 0.3000000119
35098  33.546  -51.100  -52.469 0.3000000119
36102  33.255  -50.503  -53.038 0.3000000119
36130  32.883  -50.461  -54.599 0.3000000119
37181  33.088  -49.825  -53.817 0.3000000119
38247  33.439  -49.041  -54.129 0.3000000119
37196  33.266  -49.760  -54.707 0.3000000119
29920  36.538  -56.001  -61.094 0.4000000060
31937  36.248  -54.246  -56.347 0.3000000119
31913  35.100  -53.864  -54.019 0.3000000119
30976  37.554  -55.800  -60.706 0.5000000000
28818  35.752  -57.416  -55.335 0.3000000119
30900  36.746  -54.234  -54.596 0.3000000119
31949  37.085  -54.083  -56.409 0.3000000119
30952  36.844  -55.028  -57.629 0.3000000119
28809  35.347  -57.103  -54.622 0.3000000119
31925  36.111  -53.788  -54.587 0.3000000119
128179  36.289  -54.881  -54.073 0.3000000119
120475  35.692  -53.734  -51.760 0.3000000119
34036  35.741  -52.417  -51.286 0.3000000119
32965  35.147  -53.664  -53.329 0.3000000119
31872  35.907  -54.726  -51.548 0.3000000119
32936  34.934  -52.853  -52.356 0.3000000119
31012  40.110  -55.128  -64.447 0.3000000119
29938  40.484  -55.790  -63.616 0.4000000060
28868  40.714  -56.639  -61.598 0.4000000060
29919  40.469  -55.905  -61.951 0.4000000060
130697  39.730  -54.780  -64.053 0.3000000119
30973  39.775  -55.654  -61.397 0.4000000060
29906  40.032  -56.202  -61.048 0.3000000119
31000  40.236  -55.113  -63.468 0.4000000060
30988  40.111  -55.298  -62.439 0.4000000060
30963  39.253  -56.024  -60.262 0.3000000119
31002  38.430  -54.991  -62.437 0.3000000119
31001  39.557  -54.890  -63.052 0.4000000060
30974  38.999  -55.619  -60.765 0.4000000060
131966  37.305  -55.029  -62.965 0.3000000119
136572  38.321  -55.672  -60.393 0.4000000060
114131  38.642  -54.594  -63.871 0.3000000119
31014  37.160  -54.272  -64.123 0.3000000119
31013  38.205  -54.298  -64.784 0.3000000119
30990  38.322  -55.460  -61.294 0.4000000060
21839  37.468  -64.887  -63.649 0.3000000119
29937  40.910  -56.533  -62.850 0.3000000119
19698  37.890  -66.585  -61.109 0.3000000119
19715  37.550  -66.538  -61.902 0.3000000119
20815  37.244  -65.739  -63.147 0.3000000119
22827  37.490  -64.211  -63.370 0.3000000119
29930  40.533  -55.788  -62.804 0.3000000119
28886  41.487  -57.302  -62.491 0.3000000119
20766  36.602  -65.590  -60.025 0.3000000119
20795  36.063  -65.032  -61.508 0.3000000119
20779  36.337  -65.654  -61.005 0.3000000119
22810  36.606  -64.228  -62.366 0.3000000119
23839  37.902  -63.092  -62.342 0.3000000119
29929  40.941  -56.529  -62.306 0.3000000119
21781  37.036  -64.963  -58.186 0.3000000119
120881  35.975  -65.229  -60.366 0.3000000119
20754  36.814  -65.294  -59.104 0.3000000119
21824  36.331  -64.857  -62.159 0.3000000119
21799  35.834  -65.019  -60.866 0.3000000119
22794  36.891  -63.503  -62.115 0.3000000119
21790  35.951  -65.095  -59.612 0.3000000119
21800  35.446  -64.626  -60.279 0.3000000119
22795  36.071  -64.093  -61.809 0.3000000119
21811  35.609  -64.416  -61.088 0.3000000119
23824  38.566  -62.364  -61.764 0.3000000119
24855  39.104  -61.657  -61.222 0.3000000119
25854  40.557  -60.640  -61.281 0.3000000119
21782  35.962  -64.874  -58.631 0.3000000119
23825  37.500  -62.764  -61.617 0.3000000119
23826  36.464  -63.144  -61.491 0.3000000119
24856  38.042  -62.040  -61.107 0.3000000119
28878  41.353  -57.175  -62.064 0.3000000119
21791  35.275  -64.547  -59.345 0.3000000119
21768  35.545  -64.478  -58.048 0.3000000119
22777  34.876  -63.900  -59.838 0.3000000119
22784  35.686  -63.560  -61.131 0.3000000119
24844  39.491  -60.876  -60.730 0.3000000119
26860  40.725  -59.874  -61.083 0.3000000119
27852  41.479  -58.002  -61.900 0.3000000119
28869  40.136  -57.010  -60.684 0.3000000119
123173  40.845  -56.648  -63.298 0.3000000119
22778  34.609  -63.468  -59.224 0.3000000119
23817  36.034  -62.722  -60.865 0.3000000119
24845  38.398  -61.375  -60.578 0.3000000119
21823  36.884  -64.827  -62.842 0.3000000119
20794  37.049  -66.192  -61.335 0.3000000119
20807  36.736  -65.761  -62.083 0.3000000119
19768  39.421  -66.673  -67.180 0.4000000060
20852  34.163  -66.083  -66.458 0.3000000119
21783  35.220  -64.419  -58.620 0.3000000119
21864  39.819  -64.558  -66.740 0.4000000060
22882  39.382  -63.132  -67.617 0.4000000060
23816  37.063  -62.429  -60.979 0.3000000119
23904  39.593  -62.338  -67.589 0.4000000060
24869  42.033  -61.467  -62.949 0.4000000060
24909  42.267  -61.321  -65.608 0.5000000000
24945  39.871  -61.613  -67.309 0.4000000060
25859  42.906  -60.263  -62.996 0.4000000060
25863  42.358  -60.748  -62.658 0.4000000060
25884  42.997  -60.148  -64.570 0.4000000060
25898  42.009  -60.850  -66.070 0.5000000000
26870  38.904  -58.602  -63.068 0.4000000060
27797  35.320  -58.326  -55.542 0.3000000119
27845  40.809  -57.489  -61.309 0.3000000119
27851  42.149  -58.422  -62.605 0.4000000060
27859  42.111  -57.964  -62.818 0.4000000060
27863  35.571  -58.752  -62.524 0.3000000119
27874  42.043  -58.191  -63.458 0.4000000060
28832  36.207  -57.869  -55.930 0.3000000119
28875  23.409  -57.549  -60.601 0.6000000238
28902  26.303  -57.985  -63.721 0.5000000000
28932  33.543  -57.582  -68.409 0.4000000060
29804  35.202  -56.035  -52.378 0.3000000119
29843  37.166  -55.529  -55.421 0.3000000119
29883  33.855  -56.956  -59.016 0.4000000060
29885  32.605  -56.274  -58.637 0.5000000000
29908  35.807  -56.523  -60.510 0.6000000238
29910  33.634  -56.539  -60.657 0.6000000238
29914  26.535  -57.250  -59.966 0.6999999881
29939  40.201  -55.757  -64.519 0.3000000119
30892  35.503  -54.852  -52.689 0.3000000119
30911  33.737  -54.774  -55.494 0.4000000060
30912  32.892  -54.857  -55.805 0.4000000060
30936  37.287  -54.560  -56.924 0.3000000119
30937  36.837  -54.394  -56.957 0.3000000119
30965  32.391  -54.521  -59.967 0.5000000000
30975  37.898  -55.778  -59.806 0.4000000060
30989  39.305  -55.223  -61.868 0.4000000060
30993  34.323  -55.379  -62.370 0.5000000000
30997  23.653  -55.274  -61.063 0.6000000238
32008  36.288  -54.177  -64.496 0.4000000060
32011  32.497  -53.975  -63.083 0.6999999881
32020  36.002  -54.508  -65.343 0.5000000000
32966  34.232  -53.556  -53.658 0.3000000119
32977  32.929  -53.974  -54.953 0.4000000060
33032  26.242  -53.473  -61.037 0.6999999881
33039  31.930  -52.807  -61.440 0.6000000238
34047  33.790  -51.861  -52.406 0.3000000119
34060  33.368  -52.234  -53.249 0.3000000119
34072  32.575  -52.647  -55.031 0.4000000060
34131  27.372  -52.823  -59.713 0.6999999881
34146  26.215  -52.374  -62.255 0.6999999881
35185  29.556  -51.275  -58.516 0.5000000000
35210  26.376  -51.769  -62.192 0.6999999881
37270  28.131  -49.456  -59.815 0.6000000238
116154  36.165  -54.072  -51.344 0.3000000119
116354  35.928  -58.229  -63.409 0.4000000060
116661  34.624  -56.463  -58.261 0.4000000060
116781  36.436  -53.912  -54.495 0.3000000119
118411  39.566  -56.504  -60.274 0.3000000119
123833  42.548  -58.597  -63.567 0.4000000060
131872  35.236  -63.966  -60.627 0.3000000119
132201  35.132  -56.727  -68.145 0.5000000000
133351  39.958  -60.263  -60.765 0.3000000119
136998  32.684  -55.785  -57.323 0.4000000060
137452  35.372  -53.221  -52.103 0.3000000119
