#!ascii label  , from subject sub-v1s7x0051324_ses-1 vox2ras=TkReg
1322
37168  27.810  -49.553  -52.067 0.8999999762
36103  27.611  -50.316  -52.460 0.8000000119
36118  27.650  -50.296  -53.360 0.8000000119
35114  27.186  -51.716  -53.486 0.6999999881
35130  27.039  -51.040  -54.367 0.8000000119
36081  27.159  -50.124  -51.612 0.8999999762
37182  28.067  -49.603  -52.985 1.0000000000
38236  28.040  -48.761  -53.404 1.0000000000
116091  27.645  -49.455  -53.885 0.8999999762
36132  27.324  -50.266  -54.169 0.8000000119
36133  26.628  -50.152  -54.841 0.8000000119
130835  27.145  -49.612  -54.478 0.8999999762
35139  26.412  -51.183  -55.242 0.8000000119
36146  25.892  -50.290  -55.549 0.6999999881
36147  25.073  -50.458  -55.948 0.6999999881
37145  25.814  -49.959  -50.577 0.8000000119
37144  26.632  -49.760  -50.930 0.8999999762
38204  26.846  -48.977  -50.761 0.8999999762
38185  25.880  -48.677  -50.389 0.8999999762
37121  24.332  -49.203  -50.468 0.8999999762
38223  28.210  -48.810  -52.525 0.8999999762
38222  28.329  -47.938  -53.043 1.0000000000
123961  27.268  -48.913  -54.464 0.8999999762
38248  27.391  -48.145  -54.399 1.0000000000
38249  26.727  -48.353  -54.825 0.8999999762
37197  26.588  -49.188  -54.828 0.8999999762
37211  25.926  -49.442  -55.298 0.8000000119
133855  24.289  -49.853  -56.055 0.6999999881
131197  27.296  -48.339  -50.841 0.8999999762
38184  26.560  -48.201  -50.490 0.8999999762
38186  24.856  -48.398  -50.315 0.8999999762
38187  23.818  -48.416  -50.456 0.8999999762
38203  27.742  -48.748  -51.529 0.8999999762
39194  28.313  -48.016  -52.082 0.8999999762
39206  28.064  -47.274  -53.650 1.0000000000
129307  25.869  -48.581  -55.199 0.8000000119
117038  25.270  -48.958  -55.401 0.8000000119
38260  24.514  -48.905  -55.637 0.8000000119
38261  23.740  -48.457  -55.677 0.8000000119
37213  23.802  -49.132  -55.996 0.8000000119
38272  23.027  -48.868  -56.056 0.8000000119
115022  25.960  -47.041  -50.190 0.8999999762
39159  24.216  -47.626  -50.294 0.8999999762
39160  23.338  -47.721  -50.401 0.8999999762
40230  27.707  -47.150  -50.810 0.8999999762
40204  24.095  -46.823  -50.147 0.8999999762
128410  23.036  -47.140  -50.328 0.8000000119
117433  22.551  -47.592  -50.472 0.8000000119
39178  28.351  -47.140  -51.691 0.8999999762
120385  23.322  -45.844  -50.022 0.6999999881
40206  22.436  -46.702  -50.325 0.6999999881
119711  21.722  -47.352  -50.539 0.6999999881
40244  28.670  -46.594  -52.630 0.8999999762
40207  21.517  -46.444  -50.419 0.6999999881
40208  20.663  -46.138  -50.582 0.6999999881
41239  20.479  -45.226  -50.621 0.6000000238
39205  28.444  -47.153  -53.113 1.0000000000
41283  28.094  -45.737  -53.924 1.0000000000
40262  27.775  -46.615  -54.077 1.0000000000
39218  26.967  -47.560  -54.731 1.0000000000
39226  26.115  -47.705  -55.140 0.8999999762
41291  27.338  -45.990  -54.434 1.0000000000
41292  26.498  -46.193  -54.889 0.8999999762
40287  25.800  -46.849  -55.192 0.8000000119
39227  25.185  -47.554  -55.291 0.8000000119
118540  24.323  -48.122  -55.425 0.8000000119
124526  23.680  -47.094  -55.441 0.8000000119
117961  23.055  -48.077  -55.580 0.8000000119
127139  22.526  -47.651  -55.637 0.8000000119
40290  23.206  -46.377  -55.443 0.8000000119
40291  22.284  -46.884  -55.570 0.8000000119
40203  26.895  -47.048  -50.333 0.8999999762
136231  24.909  -47.744  -50.257 0.8999999762
41234  26.438  -46.288  -50.036 0.8999999762
41235  25.384  -46.356  -50.021 0.8999999762
40195  23.955  -46.093  -50.018 0.8999999762
137363  28.189  -46.598  -51.018 0.8999999762
41236  22.795  -46.032  -50.122 0.6999999881
40229  28.705  -46.249  -51.677 0.8999999762
41237  22.136  -45.857  -50.166 0.6000000238
41238  21.336  -45.502  -50.374 0.6000000238
41273  29.046  -45.601  -52.525 1.0000000000
42206  19.773  -44.530  -50.660 0.5000000000
120219  28.655  -45.951  -53.260 1.0000000000
43117  20.220  -43.677  -50.331 0.5000000000
42242  27.440  -45.151  -54.364 1.0000000000
131397  26.829  -45.477  -54.666 1.0000000000
41301  25.545  -46.001  -55.240 0.8999999762
136092  24.697  -47.866  -55.337 0.8000000119
42257  25.215  -45.190  -55.198 0.8999999762
41302  24.684  -45.849  -55.371 0.8000000119
40289  24.117  -46.509  -55.425 0.8000000119
42258  24.457  -45.085  -55.339 0.8999999762
41303  23.900  -45.655  -55.426 0.8000000119
42259  23.850  -44.795  -55.372 0.8999999762
41304  23.135  -45.316  -55.400 0.8000000119
41305  22.263  -45.792  -55.528 0.8000000119
42261  21.737  -45.014  -55.526 0.8000000119
127721  21.394  -45.662  -55.536 0.8000000119
40194  24.605  -46.399  -50.052 0.8999999762
113438  27.541  -46.381  -50.334 0.8999999762
121891  27.092  -45.824  -49.953 0.8999999762
41217  23.762  -45.359  -49.853 0.6999999881
41218  22.791  -45.232  -49.932 0.8000000119
41260  29.008  -45.416  -51.471 0.8999999762
41233  27.908  -45.516  -49.939 0.8999999762
117789  22.169  -44.691  -49.931 0.6999999881
42205  21.481  -44.681  -50.208 0.6000000238
131956  20.706  -44.493  -50.448 0.6000000238
42184  21.946  -44.046  -49.896 0.6999999881
43116  21.166  -43.876  -50.122 0.6000000238
41272  29.179  -44.710  -52.961 1.0000000000
131629  19.633  -43.267  -50.214 0.5000000000
42234  28.736  -44.378  -53.543 1.0000000000
42235  28.120  -44.753  -53.980 1.0000000000
43144  27.337  -44.212  -54.284 1.0000000000
42243  26.664  -44.758  -54.638 1.0000000000
42244  25.709  -44.455  -54.886 0.8999999762
43136  28.168  -43.894  -53.924 1.0000000000
134222  26.923  -43.684  -54.289 0.8999999762
115018  26.472  -43.980  -54.518 0.8999999762
114964  25.042  -43.933  -54.913 0.8999999762
43145  25.683  -43.581  -54.598 0.8999999762
42245  24.190  -43.940  -55.138 0.8999999762
42246  23.102  -44.289  -55.297 0.8999999762
43146  24.848  -43.277  -54.690 0.8999999762
129555  24.121  -43.081  -54.811 0.8999999762
42247  22.117  -44.275  -55.388 0.8999999762
43147  23.379  -43.303  -55.053 0.8999999762
133682  26.473  -45.609  -49.814 0.8999999762
41215  25.719  -45.663  -49.790 0.8999999762
42181  25.252  -44.960  -49.548 0.8999999762
43095  24.889  -44.217  -49.249 1.0000000000
42183  23.477  -44.571  -49.658 0.8000000119
41214  27.014  -45.218  -49.656 0.8999999762
41232  28.654  -45.113  -50.571 0.8999999762
43097  23.229  -43.771  -49.429 0.6999999881
43099  21.715  -43.252  -49.811 0.6999999881
41259  29.330  -44.760  -52.137 1.0000000000
44014  20.090  -42.863  -49.955 0.5000000000
136822  19.505  -42.838  -49.824 0.5000000000
42233  29.152  -44.080  -53.200 1.0000000000
43135  28.814  -43.651  -53.519 1.0000000000
44031  28.968  -42.949  -53.381 1.0000000000
44032  28.344  -43.127  -53.780 1.0000000000
118148  27.410  -43.285  -54.079 1.0000000000
131935  27.794  -42.511  -53.775 1.0000000000
136684  28.520  -42.525  -53.535 1.0000000000
44033  26.710  -42.362  -53.923 0.8999999762
43138  25.572  -42.638  -54.312 0.8999999762
44034  24.978  -41.854  -54.198 0.8999999762
44066  17.650  -42.675  -56.604 0.6999999881
127087  17.510  -42.029  -56.255 0.8000000119
44055  17.489  -42.183  -55.832 0.8000000119
42179  27.672  -44.701  -49.530 0.8999999762
42180  26.736  -44.493  -49.337 1.0000000000
123252  25.795  -44.342  -49.245 1.0000000000
134112  25.415  -43.616  -48.963 1.0000000000
43084  24.578  -43.458  -49.014 0.6999999881
43096  24.038  -44.012  -49.354 0.6999999881
42220  29.204  -44.587  -51.203 0.8999999762
42203  28.848  -44.318  -50.362 0.8999999762
43998  22.987  -42.980  -49.229 0.6999999881
44000  21.470  -42.412  -49.657 0.6000000238
43128  29.492  -43.496  -52.413 1.0000000000
42219  29.490  -43.975  -51.840 0.8999999762
42202  29.361  -43.774  -50.938 0.8999999762
44002  19.771  -42.211  -49.486 0.4000000060
43134  29.275  -43.522  -53.067 1.0000000000
44024  28.222  -41.904  -53.488 1.0000000000
44969  27.413  -41.875  -53.618 1.0000000000
44043  20.647  -42.121  -54.594 0.8999999762
124659  19.475  -42.831  -57.459 0.6000000238
44083  18.520  -42.302  -57.085 0.6000000238
119732  17.818  -41.731  -56.677 0.8000000119
44996  17.502  -41.382  -55.890 0.8000000119
44045  18.161  -42.221  -55.171 0.8999999762
126477  20.020  -42.969  -54.787 0.8999999762
43115  28.360  -44.050  -49.578 0.8999999762
113402  27.444  -43.971  -49.134 0.8999999762
43988  24.312  -42.656  -48.708 0.8000000119
43997  23.765  -43.257  -49.080 0.6999999881
43989  22.829  -42.082  -49.029 0.6999999881
44941  22.016  -41.778  -49.426 0.6000000238
44943  20.249  -41.337  -49.190 0.4000000060
43122  29.625  -42.977  -51.622 1.0000000000
124717  29.556  -42.114  -52.291 1.0000000000
44022  29.414  -42.848  -52.743 1.0000000000
44023  29.034  -42.104  -53.143 1.0000000000
126639  28.585  -41.227  -53.141 1.0000000000
44962  27.683  -41.216  -53.402 1.0000000000
137343  27.142  -40.648  -53.333 1.0000000000
44982  21.595  -41.537  -54.581 0.8999999762
45872  21.498  -40.797  -54.390 0.8999999762
44983  20.608  -41.119  -54.349 0.8999999762
44984  18.605  -41.381  -54.833 0.8999999762
132241  19.746  -41.582  -54.365 0.8999999762
135169  21.213  -42.121  -57.636 0.6000000238
131912  20.481  -42.434  -57.637 0.6000000238
137271  18.802  -41.395  -57.128 0.8000000119
45006  17.594  -41.245  -56.265 0.8000000119
43094  26.422  -43.676  -48.939 0.8999999762
137305  25.060  -42.992  -48.765 0.6999999881
136340  26.602  -42.987  -48.528 0.8999999762
43083  25.805  -43.032  -48.570 0.8999999762
129824  23.499  -42.596  -48.898 0.6000000238
43114  28.989  -43.557  -50.131 1.0000000000
116775  28.649  -43.331  -49.512 1.0000000000
43093  28.115  -43.456  -48.994 1.0000000000
44933  23.090  -41.267  -48.594 0.6000000238
44934  22.405  -41.303  -49.019 0.6000000238
44935  21.771  -40.969  -49.151 0.5000000000
44013  29.560  -42.349  -50.703 1.0000000000
43113  29.389  -43.083  -50.636 1.0000000000
127357  29.688  -42.055  -51.440 1.0000000000
44956  29.668  -41.372  -51.799 1.0000000000
44961  29.275  -41.331  -52.598 1.0000000000
45837  28.915  -40.528  -52.663 1.0000000000
45838  28.013  -40.384  -53.138 1.0000000000
132609  27.813  -39.621  -52.939 1.0000000000
45851  26.317  -40.347  -53.457 1.0000000000
45852  25.524  -40.508  -53.638 1.0000000000
45853  24.730  -40.411  -53.805 1.0000000000
45854  24.031  -40.054  -53.925 1.0000000000
44973  23.882  -40.702  -54.160 0.8999999762
44972  24.460  -41.234  -54.158 0.8999999762
45871  22.230  -41.068  -54.484 0.8999999762
133861  18.474  -40.563  -54.748 0.8999999762
45015  22.263  -41.710  -57.454 0.6000000238
44080  21.853  -42.170  -57.837 0.6000000238
45017  20.392  -41.618  -57.312 0.6000000238
44082  19.549  -42.106  -57.351 0.6000000238
45018  17.926  -41.072  -56.700 0.8000000119
45884  17.598  -40.805  -55.880 0.8000000119
43985  27.284  -42.458  -48.334 0.8999999762
43987  25.190  -42.341  -48.306 0.6999999881
117063  23.675  -41.971  -48.618 0.6000000238
44940  29.088  -42.084  -49.095 0.8999999762
43092  29.144  -42.727  -49.853 1.0000000000
44954  29.740  -41.385  -50.796 1.0000000000
44939  29.463  -41.801  -49.892 0.8999999762
45825  29.744  -40.557  -51.391 1.0000000000
45836  29.366  -39.869  -52.018 1.0000000000
125326  28.537  -39.726  -52.616 1.0000000000
46743  28.108  -39.064  -52.618 1.0000000000
45839  27.158  -39.904  -53.209 1.0000000000
46758  26.492  -39.404  -53.323 1.0000000000
46760  24.518  -39.552  -53.680 1.0000000000
46761  23.673  -39.463  -53.868 1.0000000000
46762  22.736  -39.477  -54.041 0.8999999762
45855  22.263  -40.296  -54.274 0.8999999762
137244  20.912  -40.588  -54.300 0.8999999762
46765  19.437  -39.437  -54.070 0.8999999762
45901  21.975  -41.061  -57.039 0.6000000238
45016  21.544  -41.631  -57.402 0.6000000238
45903  19.752  -40.730  -57.060 0.6999999881
45895  18.223  -40.114  -56.272 0.6999999881
45896  17.787  -40.633  -56.252 0.6999999881
123750  17.849  -40.756  -55.386 0.8000000119
114240  18.119  -39.945  -54.905 0.8999999762
45014  23.008  -41.705  -57.281 0.6000000238
46804  18.560  -39.518  -55.937 0.6999999881
45883  17.882  -40.134  -55.611 0.8000000119
46791  18.272  -39.231  -55.007 0.8999999762
120763  24.844  -41.558  -47.933 0.6999999881
135538  23.973  -40.713  -47.875 0.6000000238
44930  27.848  -41.709  -48.031 0.8999999762
44931  26.812  -41.696  -47.897 0.8000000119
118984  25.785  -41.697  -47.802 0.6999999881
44929  28.745  -41.534  -48.469 0.8000000119
130801  29.648  -41.008  -49.937 1.0000000000
44928  29.394  -41.143  -49.096 0.8000000119
45804  29.797  -40.358  -49.548 0.8999999762
46730  29.851  -39.700  -51.112 1.0000000000
131002  29.494  -39.151  -51.605 1.0000000000
46731  28.921  -39.076  -52.203 1.0000000000
47699  28.480  -38.408  -52.296 1.0000000000
46744  27.327  -39.163  -53.014 1.0000000000
128380  25.913  -38.759  -53.393 1.0000000000
46759  25.493  -39.694  -53.514 1.0000000000
46763  21.690  -39.482  -54.063 0.8999999762
45856  21.218  -40.160  -54.204 0.8999999762
123926  19.885  -38.800  -53.723 0.8999999762
45902  21.020  -40.900  -57.043 0.6000000238
45894  19.198  -40.006  -56.639 0.6999999881
45858  18.950  -40.041  -54.410 0.8999999762
45900  22.612  -41.212  -57.020 0.6000000238
46803  19.743  -39.297  -56.514 0.6999999881
45797  24.505  -40.884  -47.711 0.6000000238
44923  27.404  -41.112  -47.574 0.8000000119
45787  25.659  -40.621  -47.187 0.6999999881
44925  25.324  -41.070  -47.499 0.6999999881
122816  29.080  -40.899  -48.357 0.6999999881
45796  28.395  -41.050  -47.880 0.8000000119
45794  29.592  -40.356  -48.629 0.6999999881
46707  30.062  -39.646  -49.173 0.6999999881
47675  30.202  -38.828  -49.907 0.8000000119
47690  29.881  -38.799  -50.911 0.8000000119
48692  29.544  -37.922  -51.150 0.8000000119
47691  29.252  -38.480  -51.699 0.8999999762
47700  27.641  -38.461  -52.723 1.0000000000
47701  26.803  -38.578  -53.139 1.0000000000
126319  25.026  -38.858  -53.505 1.0000000000
120450  24.151  -38.794  -53.641 1.0000000000
48705  26.222  -37.846  -53.208 1.0000000000
47715  25.411  -38.142  -53.422 1.0000000000
122637  23.218  -38.736  -53.791 1.0000000000
124703  22.164  -38.718  -53.856 0.8999999762
124090  21.044  -38.752  -53.777 0.8999999762
45891  22.562  -40.404  -56.797 0.6000000238
45893  20.463  -40.064  -56.872 0.6000000238
46778  18.535  -39.270  -54.464 0.8999999762
47763  20.200  -38.446  -56.322 0.6999999881
47764  18.992  -38.777  -55.724 0.6999999881
120132  18.532  -38.247  -54.953 0.8999999762
47733  18.493  -37.984  -54.093 0.8999999762
45786  26.991  -40.552  -47.130 0.6999999881
44924  26.318  -41.028  -47.433 0.6000000238
46692  25.530  -39.987  -46.922 0.6000000238
45789  24.103  -40.215  -47.615 0.6000000238
46689  28.735  -39.669  -47.128 0.6999999881
46691  26.510  -39.980  -46.737 0.6000000238
45795  29.009  -40.395  -47.819 0.6999999881
133408  29.817  -39.679  -48.001 0.6999999881
47660  30.251  -38.892  -48.866 0.6999999881
122624  30.007  -38.168  -50.458 0.8000000119
48693  28.790  -37.761  -51.819 0.8000000119
115228  27.160  -37.798  -52.834 1.0000000000
48703  28.002  -37.746  -52.403 0.8000000119
48721  25.556  -37.526  -53.330 1.0000000000
115318  25.049  -37.651  -53.423 1.0000000000
47717  23.740  -37.960  -53.550 1.0000000000
49762  25.125  -36.961  -53.283 1.0000000000
48722  24.459  -37.421  -53.437 1.0000000000
133372  23.140  -37.420  -53.525 1.0000000000
48724  22.358  -37.262  -53.440 1.0000000000
47719  21.519  -37.880  -53.528 1.0000000000
45892  21.581  -40.216  -56.856 0.6000000238
128647  22.133  -39.584  -56.685 0.6000000238
46802  21.064  -39.258  -56.742 0.6999999881
47721  19.289  -38.123  -53.540 0.8999999762
47748  19.246  -38.059  -55.715 0.6999999881
137087  18.590  -37.721  -54.680 0.8999999762
46678  25.050  -39.229  -46.840 0.5000000000
46690  27.590  -39.941  -46.701 0.6000000238
46688  29.566  -39.123  -47.375 0.6999999881
47650  30.109  -38.900  -47.960 0.6999999881
114501  30.246  -37.960  -49.615 0.6999999881
48678  29.742  -37.449  -50.498 0.8000000119
48679  29.055  -37.073  -51.221 0.8000000119
48694  28.288  -37.043  -51.955 0.8000000119
49734  28.464  -36.453  -51.524 0.8000000119
49746  27.093  -36.437  -52.549 0.8999999762
48706  25.943  -36.979  -53.177 1.0000000000
49735  27.761  -36.233  -52.041 0.8000000119
49747  26.332  -36.199  -52.769 0.8999999762
49763  24.339  -36.658  -53.315 1.0000000000
48723  23.755  -37.112  -53.455 1.0000000000
49765  22.229  -36.501  -53.196 1.0000000000
48725  21.459  -36.988  -53.198 0.8999999762
47720  20.309  -38.111  -53.406 0.8999999762
47702  19.699  -37.557  -53.240 0.8999999762
48726  20.519  -37.332  -53.153 0.8999999762
48708  19.697  -36.765  -53.122 0.8999999762
120663  22.893  -39.680  -56.680 0.6000000238
121546  21.863  -38.908  -56.588 0.6000000238
116373  19.024  -37.466  -55.189 0.8000000119
48739  18.738  -37.217  -54.321 0.8999999762
47762  21.265  -38.556  -56.473 0.6999999881
48754  20.024  -37.593  -55.864 0.6999999881
48755  19.185  -36.838  -54.804 0.8000000119
49766  19.229  -36.576  -53.467 0.8999999762
126019  19.791  -36.880  -55.406 0.6999999881
49774  19.063  -36.428  -54.096 0.8999999762
46676  26.962  -39.298  -46.396 0.5000000000
46677  25.942  -39.352  -46.532 0.5000000000
47641  28.033  -39.125  -46.475 0.6999999881
47623  26.381  -38.729  -46.146 0.5000000000
47640  28.986  -38.793  -46.820 0.6999999881
47639  29.945  -38.396  -47.369 0.6999999881
131790  30.308  -37.714  -48.005 0.6999999881
48662  29.907  -36.952  -49.812 0.6999999881
49723  29.432  -36.730  -50.536 0.8000000119
49724  28.913  -36.219  -50.939 0.8000000119
50749  28.257  -35.730  -51.398 0.8000000119
50764  27.004  -35.721  -52.328 0.8000000119
50766  25.538  -35.552  -52.637 0.8999999762
49749  24.879  -36.119  -53.035 1.0000000000
128985  23.662  -36.462  -53.315 1.0000000000
49764  23.048  -36.773  -53.374 1.0000000000
50750  27.521  -35.325  -51.754 0.8000000119
50765  26.327  -35.423  -52.407 0.8000000119
49751  23.030  -35.914  -53.110 1.0000000000
49750  24.041  -35.911  -53.109 0.8999999762
114371  21.951  -35.795  -52.880 1.0000000000
129661  21.450  -36.329  -53.022 1.0000000000
115896  21.005  -35.831  -52.880 1.0000000000
49753  19.562  -36.125  -53.204 0.8999999762
49752  20.120  -35.980  -53.035 0.8999999762
50780  19.487  -35.806  -53.521 0.8999999762
116705  22.035  -38.230  -56.414 0.6999999881
127978  21.071  -37.917  -56.129 0.6999999881
48753  20.969  -36.946  -55.821 0.6999999881
49788  19.617  -36.196  -54.828 0.6999999881
50790  19.496  -35.679  -54.141 0.8000000119
130408  20.279  -36.349  -55.402 0.6999999881
51786  19.593  -35.002  -53.834 0.8000000119
51780  19.790  -35.065  -53.421 0.8999999762
50807  20.262  -35.752  -55.080 0.6999999881
47622  27.381  -38.574  -46.132 0.5000000000
48637  29.286  -37.996  -46.659 0.6999999881
47621  28.355  -38.319  -46.322 0.5000000000
48636  30.011  -37.515  -47.234 0.6999999881
49696  30.278  -36.935  -48.100 0.6999999881
49676  30.011  -36.661  -47.235 0.6999999881
50723  30.098  -36.265  -49.038 0.6999999881
120940  29.621  -35.357  -49.433 0.6999999881
49707  29.418  -35.996  -50.095 0.6999999881
50736  28.666  -35.401  -50.718 0.8000000119
50737  28.003  -34.913  -51.162 0.8000000119
50751  26.757  -34.970  -52.008 0.8000000119
51754  27.202  -34.556  -51.410 0.8000000119
51773  25.942  -34.798  -52.165 0.8000000119
50767  24.583  -35.346  -52.667 0.8999999762
50768  23.644  -35.182  -52.721 0.8999999762
50769  22.528  -34.987  -52.668 1.0000000000
51755  26.383  -34.293  -51.641 0.8000000119
50770  21.455  -35.136  -52.709 1.0000000000
134462  22.884  -38.163  -56.489 0.6000000238
134505  21.089  -34.695  -52.678 1.0000000000
128030  21.765  -37.553  -56.105 0.6999999881
50772  19.879  -35.495  -53.183 0.8999999762
51779  20.739  -34.197  -52.737 1.0000000000
50806  20.927  -36.039  -55.486 0.6999999881
129611  20.798  -35.404  -55.236 0.8000000119
50808  19.754  -35.093  -54.277 0.8000000119
50701  29.938  -35.926  -47.180 0.6999999881
50715  30.205  -36.029  -48.001 0.6999999881
51713  30.085  -35.201  -48.600 0.6999999881
133749  29.711  -34.770  -49.139 0.6999999881
51727  28.973  -35.075  -50.011 0.6999999881
136134  29.284  -34.744  -49.571 0.6999999881
121177  28.833  -34.297  -49.897 0.8000000119
51740  28.394  -34.585  -50.510 0.8000000119
51741  27.678  -34.156  -50.826 0.8000000119
52815  28.241  -33.796  -50.312 0.8000000119
51742  26.853  -33.758  -51.127 0.8000000119
123429  24.684  -34.095  -52.051 0.8999999762
51775  24.228  -34.589  -52.347 0.8999999762
51756  25.482  -34.020  -51.827 0.8000000119
51757  23.930  -33.853  -52.064 0.8999999762
48769  22.564  -37.612  -56.242 0.6000000238
126996  23.590  -33.080  -51.962 0.8999999762
51758  23.054  -33.596  -52.303 0.8999999762
51778  21.662  -34.304  -52.526 1.0000000000
48768  23.363  -37.707  -56.358 0.6000000238
114050  21.757  -36.273  -55.684 0.6999999881
51761  20.460  -33.323  -52.746 0.8999999762
127698  20.242  -34.994  -54.787 0.8000000119
51799  19.789  -34.300  -54.375 0.8999999762
52844  19.912  -33.295  -53.337 0.8000000119
51704  30.077  -35.113  -47.529 0.6999999881
113784  29.998  -34.273  -48.708 0.6999999881
51726  29.445  -34.170  -49.361 0.6999999881
120704  26.110  -33.683  -51.447 0.8000000119
52833  24.629  -33.344  -51.796 0.8000000119
52832  25.543  -33.231  -51.490 0.8000000119
53968  24.993  -32.575  -51.569 0.8000000119
51777  22.567  -34.134  -52.469 0.8999999762
49803  22.134  -36.990  -55.930 0.6000000238
53969  24.111  -32.488  -51.762 0.8999999762
51759  22.141  -33.490  -52.363 0.8999999762
49802  23.153  -36.992  -56.029 0.6000000238
51760  21.232  -33.440  -52.438 0.8999999762
125340  21.491  -35.506  -55.412 0.6999999881
51814  20.275  -34.142  -55.044 0.6999999881
52850  19.614  -33.431  -54.107 0.8000000119
121198  30.256  -34.438  -48.121 0.6999999881
52805  29.848  -33.504  -49.071 0.6999999881
52817  26.274  -33.153  -51.175 0.8000000119
53967  25.787  -32.533  -51.297 0.8000000119
55020  24.552  -31.934  -51.607 0.8000000119
52834  22.638  -32.883  -52.168 0.8999999762
49787  22.573  -36.435  -55.750 0.6000000238
52835  21.706  -32.761  -52.304 0.8999999762
50805  22.434  -35.692  -55.486 0.6999999881
51813  21.899  -34.836  -55.275 0.6999999881
53972  21.282  -32.016  -52.345 0.8999999762
121899  21.200  -34.029  -55.209 0.6999999881
54000  19.768  -32.904  -54.700 0.8000000119
53980  20.142  -32.546  -53.050 0.8000000119
52874  20.384  -33.363  -55.170 0.6999999881
127345  19.913  -32.242  -54.504 0.8000000119
53986  19.731  -32.636  -53.836 0.8000000119
53999  20.421  -32.598  -55.151 0.8000000119
52786  30.227  -34.078  -47.387 0.6999999881
52785  30.367  -33.450  -48.186 0.6000000238
55022  22.594  -31.527  -52.147 0.8999999762
53971  22.168  -32.168  -52.222 0.8999999762
134342  23.082  -35.574  -55.373 0.6000000238
55023  21.617  -31.400  -52.340 0.8999999762
55028  20.923  -31.341  -52.480 0.8999999762
53985  20.091  -31.780  -53.741 0.8000000119
52865  21.328  -33.197  -55.219 0.6999999881
113420  20.431  -31.709  -54.973 0.8000000119
55050  20.110  -30.755  -54.292 0.8000000119
51812  22.810  -35.038  -55.116 0.6999999881
55021  23.693  -31.584  -51.823 0.8000000119
127733  23.376  -34.498  -54.817 0.5000000000
51798  22.320  -34.018  -55.005 0.6000000238
129637  23.112  -33.646  -54.661 0.6000000238
55944  20.983  -30.608  -52.610 0.8000000119
52864  22.280  -32.875  -54.977 0.6000000238
53998  21.537  -31.859  -55.390 0.6000000238
55035  20.453  -31.011  -53.117 0.8000000119
55942  22.943  -30.808  -52.178 0.8000000119
124188  22.308  -30.054  -52.548 0.8000000119
55943  21.933  -30.678  -52.424 0.8999999762
55973  20.259  -29.879  -54.621 0.8000000119
55957  20.480  -30.083  -53.540 0.8000000119
55951  21.205  -29.602  -52.985 0.8000000119
55049  20.863  -30.680  -55.318 0.6000000238
55950  23.224  -30.049  -52.344 0.8000000119
56851  22.252  -29.114  -52.982 0.8000000119
52863  23.478  -32.861  -54.540 0.6000000238
53997  22.605  -32.148  -54.971 0.6000000238
55956  20.682  -29.182  -54.141 0.8000000119
55048  22.204  -31.322  -55.450 0.6000000238
56856  21.272  -28.565  -53.724 0.8000000119
55971  22.053  -30.231  -55.577 0.6000000238
55985  21.681  -29.158  -55.373 0.6000000238
56863  21.200  -28.458  -54.730 0.6999999881
116287  23.323  -31.837  -54.807 0.6000000238
128453  23.074  -31.076  -55.261 0.6000000238
56849  24.674  -29.364  -52.407 0.8000000119
56850  23.584  -29.335  -52.679 0.8000000119
52862  24.626  -33.363  -54.419 0.5000000000
57760  21.972  -28.269  -53.689 0.8000000119
53996  24.316  -32.338  -54.452 0.6000000238
57767  21.720  -27.964  -54.360 0.6000000238
130674  24.956  -31.958  -54.478 0.5000000000
55047  24.165  -31.373  -54.842 0.6000000238
55969  24.667  -30.640  -55.228 0.6000000238
55970  23.502  -30.500  -55.440 0.6000000238
55984  22.816  -29.451  -55.678 0.6000000238
56876  22.834  -28.498  -55.695 0.6000000238
57758  24.061  -28.726  -53.189 0.8000000119
57759  22.869  -28.451  -53.387 0.8000000119
57757  25.085  -28.734  -52.818 0.8000000119
58564  24.528  -27.995  -53.564 0.6999999881
57765  23.391  -27.803  -53.892 0.6999999881
55046  25.234  -31.315  -54.685 0.6000000238
57773  21.859  -27.847  -54.888 0.6000000238
57772  22.313  -27.417  -54.806 0.6000000238
57766  22.397  -27.741  -54.182 0.6999999881
57784  22.504  -27.503  -55.340 0.6000000238
55983  24.082  -29.903  -55.661 0.6000000238
128988  23.582  -29.112  -55.829 0.6000000238
55968  25.702  -30.619  -54.951 0.5000000000
58563  25.609  -28.092  -53.217 0.6999999881
58573  22.905  -27.017  -54.664 0.6000000238
58580  22.953  -26.799  -55.077 0.6000000238
58572  23.876  -27.059  -54.356 0.6000000238
55982  25.195  -30.007  -55.568 0.5000000000
56875  24.520  -29.230  -55.915 0.6000000238
57782  24.781  -28.365  -56.111 0.6000000238
57783  23.568  -28.129  -55.976 0.6000000238
58579  23.515  -26.382  -54.966 0.6000000238
56874  25.754  -29.285  -55.921 0.6000000238
128569  25.811  -28.369  -56.202 0.6000000238
55981  26.284  -29.983  -55.384 0.5000000000
56873  26.904  -29.344  -55.656 0.5000000000
57780  27.416  -28.728  -55.966 0.5000000000
58571  25.024  -27.320  -54.023 0.6000000238
57795  24.031  -27.352  -56.083 0.6000000238
58586  23.700  -26.393  -55.301 0.6000000238
59399  24.424  -26.464  -54.728 0.6000000238
57794  24.949  -27.470  -56.145 0.6000000238
57781  26.567  -28.860  -55.972 0.5000000000
57793  26.781  -28.210  -56.235 0.5000000000
57779  28.254  -28.593  -56.190 0.4000000060
57792  27.754  -28.107  -56.415 0.4000000060
59418  24.540  -26.315  -55.509 0.6000000238
59417  25.174  -26.096  -55.379 0.5000000000
60276  25.813  -26.122  -54.665 0.5000000000
59398  25.504  -26.653  -54.380 0.5000000000
58601  24.096  -26.604  -55.905 0.6000000238
126691  25.927  -27.487  -56.399 0.6000000238
121422  26.989  -27.409  -56.537 0.5000000000
58598  28.114  -27.370  -56.798 0.4000000060
60275  26.440  -25.725  -54.698 0.4000000060
58600  25.130  -26.667  -56.044 0.6000000238
59431  25.597  -26.002  -55.941 0.5000000000
115357  27.110  -26.510  -56.744 0.4000000060
58599  26.100  -26.587  -56.500 0.6000000238
59430  26.376  -25.792  -56.513 0.6000000238
60303  26.110  -25.255  -56.122 0.4000000060
59429  28.057  -26.436  -56.805 0.4000000060
60293  26.237  -24.833  -55.747 0.4000000060
127262  26.547  -25.172  -56.471 0.4000000060
59428  28.878  -27.088  -56.994 0.4000000060
60300  27.189  -25.567  -56.753 0.4000000060
117671  27.891  -25.039  -54.272 0.4000000060
61201  26.601  -24.500  -55.392 0.4000000060
60302  26.408  -24.662  -56.172 0.4000000060
129469  28.104  -25.658  -56.741 0.4000000060
114741  27.749  -24.763  -56.662 0.4000000060
60301  26.886  -24.687  -56.525 0.4000000060
61191  26.979  -25.079  -54.787 0.4000000060
136807  28.555  -24.436  -56.674 0.3000000119
61218  26.692  -24.085  -56.171 0.4000000060
61211  26.471  -24.191  -55.875 0.4000000060
121717  27.331  -24.184  -54.843 0.4000000060
62155  26.839  -23.817  -55.612 0.4000000060
127219  17.699  -43.013  -55.558 0.8000000119
127328  18.738  -43.013  -54.884 0.8999999762
43151  19.413  -43.727  -54.967 0.8999999762
43150  20.591  -43.668  -55.133 0.8999999762
126380  25.827  -41.712  -53.921 0.8999999762
44970  26.680  -41.319  -53.576 1.0000000000
43148  22.487  -43.517  -55.193 0.8999999762
44039  24.561  -42.526  -54.503 0.8999999762
129090  24.256  -41.909  -54.387 0.8999999762
44971  25.231  -41.124  -53.889 1.0000000000
130754  21.955  -43.008  -55.062 0.8999999762
44040  23.621  -42.407  -54.662 0.8999999762
44042  21.796  -42.344  -54.818 0.8999999762
45870  23.021  -40.915  -54.401 0.8999999762
60284  25.704  -25.763  -55.077 0.4000000060
60294  25.917  -25.568  -55.583 0.4000000060
60274  27.487  -25.924  -54.206 0.4000000060
37143  27.273  -49.451  -51.364 0.8999999762
137527  27.672  -48.655  -54.035 1.0000000000
37212  25.169  -49.624  -55.673 0.8000000119
37120  25.300  -49.270  -50.396 0.8999999762
39193  28.489  -47.373  -52.532 1.0000000000
38259  25.021  -48.303  -55.327 0.8000000119
40202  28.389  -45.923  -50.784 0.8999999762
41293  26.104  -45.327  -54.984 0.8999999762
40288  24.934  -46.686  -55.350 0.8000000119
42260  22.488  -44.936  -55.449 0.8000000119
43149  21.597  -43.608  -55.223 0.8999999762
42248  21.173  -44.348  -55.369 0.8000000119
43137  26.461  -43.248  -54.297 0.8999999762
44041  22.668  -42.712  -54.942 0.8999999762
114318  26.154  -45.057  -49.549 0.8999999762
43999  22.257  -42.643  -49.516 0.6000000238
44942  21.202  -41.556  -49.408 0.4000000060
43157  17.399  -43.792  -55.922 0.6999999881
44985  17.778  -41.545  -55.478 0.8000000119
43082  27.319  -43.268  -48.737 0.8999999762
115436  18.308  -43.202  -57.111 0.6000000238
44044  19.329  -42.239  -54.653 0.8999999762
45805  20.964  -40.727  -49.052 0.4000000060
44974  19.437  -40.837  -54.388 0.8999999762
45904  18.486  -40.591  -56.803 0.6999999881
43986  26.239  -42.387  -48.173 0.8000000119
43984  28.312  -42.268  -48.541 0.8999999762
44980  23.661  -41.500  -54.405 0.8999999762
121802  23.285  -40.154  -54.137 0.8999999762
44981  22.671  -41.788  -54.629 0.8999999762
45857  20.182  -40.252  -54.201 0.8999999762
45798  23.354  -40.498  -48.078 0.5000000000
45818  29.845  -40.413  -50.480 1.0000000000
46764  20.592  -39.484  -54.014 0.8999999762
46718  30.048  -39.601  -50.188 0.8999999762
115222  18.831  -38.721  -53.948 0.8999999762
45788  24.920  -40.445  -47.285 0.6000000238
45785  28.091  -40.566  -47.206 0.8000000119
128270  26.197  -40.461  -47.049 0.6000000238
47718  22.697  -37.991  -53.668 1.0000000000
48727  19.041  -37.321  -53.551 0.8999999762
46693  24.621  -39.742  -47.168 0.5000000000
48647  30.320  -38.217  -48.451 0.6999999881
48704  27.516  -37.054  -52.471 0.8999999762
47624  25.449  -38.701  -46.383 0.5000000000
113731  30.285  -37.344  -48.883 0.6999999881
48622  26.790  -38.026  -45.754 0.5000000000
128537  20.184  -33.915  -53.046 0.8999999762
48621  27.755  -37.840  -45.823 0.5000000000
48619  29.445  -37.151  -46.539 0.6999999881
51774  25.090  -34.715  -52.295 0.8999999762
51776  23.348  -34.379  -52.441 0.8999999762
118388  21.003  -34.800  -55.208 0.8000000119
52866  19.842  -33.565  -54.763 0.8000000119
133801  26.884  -33.089  -50.884 0.8000000119
52836  20.850  -32.647  -52.456 0.8999999762
53970  23.141  -32.316  -51.981 0.8999999762
120264  21.189  -32.436  -55.315 0.6999999881
55972  20.846  -29.463  -55.098 0.6999999881
56877  21.970  -28.349  -55.351 0.6000000238
57796  23.358  -26.976  -55.643 0.6000000238
60283  26.236  -25.169  -55.240 0.4000000060
132432  27.189  -24.007  -56.419 0.4000000060
126922  21.131  -42.942  -54.956 0.8999999762
28788  24.101  -57.946  -52.727 0.4000000060
28789  22.619  -57.759  -51.772 0.4000000060
28790  21.703  -57.313  -51.864 0.4000000060
29823  25.179  -56.832  -53.464 0.4000000060
29808  22.758  -56.487  -52.057 0.4000000060
127275  21.955  -56.550  -52.053 0.4000000060
29822  25.555  -56.162  -53.727 0.3000000119
29807  23.712  -56.417  -52.270 0.4000000060
29834  25.671  -56.222  -54.653 0.4000000060
137438  26.003  -54.760  -55.793 0.4000000060
32988  25.383  -53.706  -56.242 0.4000000060
32989  24.490  -53.559  -56.563 0.4000000060
30879  22.941  -55.608  -52.143 0.5000000000
132458  22.230  -55.980  -52.150 0.4000000060
30877  24.726  -55.450  -52.484 0.4000000060
30878  23.903  -55.511  -52.215 0.4000000060
30903  26.026  -55.420  -54.214 0.5000000000
31928  26.317  -54.132  -55.549 0.4000000060
32979  26.052  -53.433  -55.880 0.4000000060
116634  25.189  -53.009  -56.090 0.5000000000
122577  24.429  -51.927  -56.360 0.5000000000
35152  24.023  -51.329  -56.385 0.6000000238
34096  23.657  -52.145  -56.638 0.5000000000
119996  23.132  -51.288  -56.564 0.6000000238
35153  22.250  -51.175  -56.759 0.4000000060
31884  23.453  -54.766  -52.085 0.5000000000
123226  22.022  -55.334  -52.152 0.5000000000
123615  21.184  -55.164  -52.142 0.5000000000
118600  20.302  -54.919  -51.977 0.5000000000
31882  25.215  -54.762  -52.544 0.6000000238
31883  24.312  -54.753  -52.100 0.6000000238
31898  25.980  -54.656  -53.450 0.5000000000
32953  25.691  -54.026  -52.660 0.6000000238
136698  26.361  -54.328  -53.960 0.5000000000
32978  26.536  -53.447  -55.204 0.5000000000
130647  26.372  -52.873  -55.463 0.4000000060
34085  25.877  -52.575  -55.777 0.6000000238
35151  24.934  -51.338  -56.130 0.6000000238
36161  24.392  -50.705  -56.197 0.6000000238
36162  23.647  -50.550  -56.337 0.6000000238
37226  23.361  -49.717  -56.244 0.6000000238
37227  22.646  -49.563  -56.328 0.6000000238
36163  22.703  -50.387  -56.483 0.6000000238
125644  21.973  -49.840  -56.477 0.6000000238
37228  21.284  -49.306  -56.462 0.6000000238
31873  23.964  -53.948  -51.833 0.5000000000
31874  23.048  -54.038  -51.994 0.5000000000
31886  21.687  -54.556  -52.106 0.5000000000
31887  20.774  -54.301  -52.061 0.5000000000
32938  24.853  -54.093  -52.029 0.6000000238
32952  26.402  -53.805  -53.610 0.6000000238
34048  26.151  -53.175  -52.584 0.6000000238
119318  26.745  -52.770  -54.857 0.5000000000
34061  26.895  -52.792  -53.743 0.6000000238
34084  26.414  -52.177  -55.332 0.6000000238
123241  25.771  -51.750  -55.743 0.6000000238
123310  22.126  -49.030  -56.267 0.6000000238
38273  21.380  -48.387  -56.184 0.6999999881
32926  22.675  -53.468  -51.946 0.6000000238
116293  21.332  -53.732  -52.056 0.5000000000
32941  20.389  -53.401  -52.162 0.5000000000
32937  25.356  -53.545  -52.080 0.6000000238
32924  24.688  -53.405  -51.745 0.6000000238
32940  21.161  -52.934  -52.105 0.5000000000
115272  19.846  -52.762  -52.545 0.5000000000
34037  25.394  -52.940  -51.788 0.6000000238
34073  26.899  -51.949  -54.566 0.6000000238
39231  21.854  -47.634  -55.829 0.6999999881
32925  23.358  -53.329  -51.790 0.6000000238
34039  22.702  -52.825  -51.801 0.6000000238
32927  22.016  -53.223  -52.022 0.6000000238
34038  24.614  -52.717  -51.477 0.6000000238
35083  22.647  -51.959  -51.589 0.6000000238
34040  21.889  -52.450  -51.945 0.6000000238
34050  20.993  -52.102  -52.207 0.6000000238
34051  20.201  -52.142  -52.623 0.6000000238
35081  24.403  -51.994  -51.186 0.6000000238
34052  19.473  -52.206  -53.114 0.5000000000
34049  26.014  -52.477  -52.067 0.6000000238
35115  19.285  -51.334  -53.432 0.6000000238
124647  21.005  -47.542  -55.956 0.6999999881
133396  23.614  -52.525  -51.516 0.6000000238
35084  21.745  -51.646  -51.845 0.6000000238
117703  25.006  -51.422  -50.899 0.6000000238
121434  24.167  -51.330  -50.974 0.6000000238
123401  22.868  -51.288  -51.296 0.6000000238
35102  21.052  -51.252  -52.126 0.6000000238
35103  20.504  -51.557  -52.474 0.6000000238
35080  25.415  -52.134  -51.424 0.6000000238
36107  20.434  -50.752  -52.483 0.6000000238
35101  26.375  -51.829  -51.985 0.6000000238
35129  27.373  -50.900  -53.656 0.6000000238
126631  20.550  -45.971  -55.567 0.6999999881
41294  19.984  -45.294  -55.488 0.6999999881
36105  25.958  -51.298  -51.286 0.6000000238
36085  23.448  -50.816  -50.953 0.6999999881
36086  22.528  -50.693  -51.262 0.6999999881
36104  26.985  -51.027  -51.936 0.6000000238
42249  20.001  -44.495  -55.300 0.6999999881
36084  24.458  -50.712  -50.714 0.6999999881
36083  25.429  -50.682  -50.727 0.6999999881
36062  22.913  -49.979  -50.921 0.6999999881
37147  22.082  -49.998  -51.340 0.6999999881
36106  21.019  -50.570  -51.999 0.6000000238
37148  21.355  -50.009  -51.715 0.6999999881
135369  21.618  -49.470  -51.329 0.6000000238
36087  20.706  -49.971  -52.112 0.5000000000
43152  18.213  -43.747  -55.229 0.8000000119
37146  24.858  -49.984  -50.462 0.6999999881
36061  23.876  -49.980  -50.653 0.6999999881
37122  23.340  -49.187  -50.655 0.6999999881
37123  22.294  -49.171  -50.866 0.6999999881
37170  19.538  -49.542  -52.647 0.5000000000
123642  22.871  -48.391  -50.578 0.6999999881
38205  21.420  -48.815  -51.079 0.6000000238
38206  20.620  -48.618  -51.385 0.6000000238
55019  25.269  -31.860  -51.429 0.6999999881
52816  27.501  -33.388  -50.644 0.6999999881
53954  26.560  -32.536  -51.066 0.6999999881
52806  28.999  -33.446  -49.788 0.6000000238
55018  26.139  -31.752  -51.234 0.6999999881
121850  24.634  -31.128  -51.569 0.6999999881
53937  28.947  -32.538  -50.082 0.6000000238
53953  27.402  -32.562  -50.711 0.6999999881
55009  26.948  -31.972  -51.053 0.6999999881
53923  30.184  -32.834  -48.792 0.6000000238
131080  25.485  -31.217  -51.394 0.6999999881
128009  25.315  -30.513  -51.556 0.6999999881
55940  24.356  -30.109  -51.897 0.6999999881
53936  29.646  -32.731  -49.428 0.6000000238
55007  28.886  -31.635  -50.424 0.6000000238
55008  27.781  -31.641  -50.859 0.6999999881
55017  26.928  -31.232  -51.271 0.6999999881
55939  26.106  -30.830  -51.380 0.6999999881
55949  25.343  -29.781  -51.857 0.6999999881
54975  30.255  -32.034  -49.067 0.6000000238
54996  29.648  -31.931  -49.807 0.6000000238
129729  28.463  -31.034  -50.898 0.6000000238
55930  27.757  -30.779  -51.311 0.5000000000
55938  26.882  -30.253  -51.587 0.6999999881
56848  26.235  -29.434  -51.912 0.6999999881
135031  25.485  -29.215  -52.227 0.6999999881
60298  31.137  -25.755  -56.429 0.3000000119
59427  29.753  -26.684  -56.739 0.3000000119
59436  28.853  -26.169  -56.867 0.3000000119
136050  23.128  -58.004  -51.841 0.4000000060
27747  21.973  -58.245  -51.588 0.3000000119
27760  20.335  -58.378  -51.748 0.4000000060
28801  24.677  -57.522  -53.315 0.3000000119
117383  20.866  -57.194  -51.966 0.4000000060
29845  25.389  -56.308  -55.401 0.4000000060
29809  21.155  -56.575  -52.059 0.4000000060
30914  25.133  -55.983  -56.106 0.4000000060
31939  25.114  -54.236  -56.448 0.4000000060
134254  23.995  -53.965  -56.873 0.4000000060
119392  23.875  -52.926  -56.726 0.5000000000
34105  22.574  -52.089  -56.940 0.4000000060
121378  20.690  -55.818  -52.077 0.4000000060
128767  21.899  -50.525  -56.673 0.5000000000
120857  18.843  -55.047  -51.957 0.5000000000
38274  20.550  -48.850  -56.470 0.6000000238
114539  18.981  -54.029  -52.233 0.5000000000
32942  19.524  -53.374  -52.439 0.5000000000
31899  18.301  -53.672  -52.665 0.5000000000
114931  19.272  -52.839  -52.838 0.5000000000
34063  18.082  -52.488  -53.732 0.4000000060
40292  20.751  -46.803  -55.720 0.6999999881
132217  19.635  -50.488  -53.029 0.5000000000
37169  20.159  -49.976  -52.549 0.5000000000
41295  18.927  -45.039  -55.479 0.8000000119
42251  17.992  -44.419  -55.596 0.6999999881
37171  18.880  -49.087  -52.611 0.5000000000
38207  19.891  -48.488  -51.652 0.6000000238
49660  29.575  -36.326  -46.462 0.6000000238
54995  30.163  -31.316  -49.569 0.5000000000
55916  30.106  -30.669  -50.011 0.5000000000
56834  29.331  -29.942  -51.023 0.5000000000
55929  28.585  -30.360  -51.231 0.5000000000
131671  27.351  -29.394  -52.006 0.5000000000
58562  26.710  -28.137  -52.891 0.5000000000
122870  31.459  -25.055  -56.466 0.3000000119
60299  30.458  -25.839  -56.539 0.3000000119
60309  29.611  -25.631  -56.686 0.3000000119
129655  27.023  -51.619  -52.592 0.6000000238
35100  26.697  -52.309  -52.706 0.6000000238
38262  22.340  -48.268  -55.928 0.6999999881
127018  21.475  -46.362  -55.601 0.6999999881
42262  20.835  -45.128  -55.478 0.6999999881
126454  28.157  -33.005  -50.265 0.6999999881
55941  23.786  -30.744  -51.886 0.6999999881
57756  25.980  -28.716  -52.456 0.6000000238
42250  18.881  -44.322  -55.172 0.8000000119
42263  17.447  -44.453  -56.257 0.6999999881
28787  24.133  -57.210  -52.536 0.4000000060
30893  25.070  -56.147  -52.916 0.4000000060
134855  25.438  -56.740  -54.209 0.3000000119
30876  25.495  -55.452  -53.160 0.5000000000
32990  23.645  -53.530  -56.909 0.3000000119
35169  21.804  -51.686  -57.100 0.4000000060
134479  18.902  -55.903  -52.099 0.5000000000
37149  20.223  -49.226  -52.088 0.6000000238
53952  28.208  -32.272  -50.443 0.6999999881
55006  29.713  -31.266  -50.125 0.6000000238
55928  29.315  -30.707  -50.606 0.5000000000
56841  25.967  -30.139  -51.608 0.6999999881
125622  26.759  -28.841  -52.298 0.5000000000
54994  30.420  -31.283  -48.980 0.5000000000
56840  28.679  -29.562  -51.609 0.5000000000
57755  27.526  -28.598  -52.436 0.5000000000
41306  19.421  -45.839  -55.664 0.6000000238
124928  18.318  -45.660  -55.949 0.6000000238
42278  17.764  -44.590  -57.087 0.5000000000
41314  17.631  -45.208  -56.594 0.6000000238
135287  17.404  -43.924  -56.349 0.6000000238
42276  20.174  -44.361  -58.009 0.5000000000
43175  18.121  -43.961  -57.221 0.5000000000
43162  17.548  -43.746  -56.685 0.6000000238
39162  19.959  -46.686  -50.830 0.5000000000
125389  17.391  -43.074  -56.248 0.6000000238
43174  19.287  -43.707  -57.508 0.5000000000
43173  20.546  -43.310  -57.941 0.5000000000
40209  19.885  -45.755  -50.810 0.4000000060
41240  19.145  -45.106  -50.977 0.4000000060
42207  18.809  -44.324  -50.839 0.4000000060
43172  21.544  -43.286  -58.213 0.5000000000
43118  19.323  -43.775  -50.522 0.4000000060
126987  21.921  -42.687  -58.074 0.5000000000
44081  21.334  -42.648  -57.961 0.5000000000
44015  19.103  -43.276  -50.098 0.4000000060
45799  22.383  -40.491  -48.642 0.4000000060
45800  21.499  -40.135  -48.817 0.4000000060
48623  25.851  -38.102  -45.834 0.4000000060
48624  24.956  -38.024  -46.100 0.4000000060
133250  23.980  -39.572  -47.378 0.4000000060
46700  22.654  -39.772  -48.045 0.4000000060
48610  25.291  -37.484  -45.399 0.4000000060
47642  23.530  -39.067  -47.310 0.4000000060
116718  22.978  -38.427  -47.223 0.4000000060
46695  22.790  -39.102  -47.609 0.4000000060
125067  21.901  -39.591  -48.376 0.4000000060
46701  21.111  -39.320  -48.411 0.4000000060
47625  24.588  -38.603  -46.657 0.4000000060
48625  24.070  -37.979  -46.349 0.4000000060
46679  24.258  -39.105  -47.082 0.4000000060
48609  26.206  -37.442  -45.280 0.4000000060
48611  24.384  -37.477  -45.629 0.4000000060
47626  23.769  -38.508  -46.911 0.4000000060
117151  23.226  -37.867  -46.709 0.4000000060
47627  22.410  -37.787  -47.063 0.4000000060
133122  22.177  -39.158  -47.911 0.4000000060
48626  21.788  -37.333  -46.796 0.4000000060
48638  21.598  -37.807  -47.257 0.4000000060
47651  21.532  -38.872  -47.971 0.4000000060
49646  25.609  -36.873  -44.758 0.4000000060
49647  24.686  -36.947  -44.887 0.4000000060
49648  23.774  -36.965  -45.133 0.4000000060
48620  28.652  -37.534  -46.106 0.5000000000
49662  28.055  -37.029  -45.549 0.4000000060
48608  27.125  -37.270  -45.362 0.4000000060
49645  26.515  -36.716  -44.813 0.4000000060
49633  24.064  -36.397  -44.424 0.4000000060
48612  23.495  -37.407  -45.971 0.4000000060
48613  22.611  -37.312  -46.398 0.4000000060
117032  21.853  -36.756  -45.938 0.4000000060
49661  28.938  -36.718  -45.872 0.5000000000
49644  27.405  -36.461  -45.051 0.5000000000
49631  25.905  -36.151  -44.308 0.4000000060
49632  24.989  -36.292  -44.298 0.4000000060
49649  22.857  -36.901  -45.493 0.4000000060
49643  28.318  -36.182  -45.330 0.5000000000
50673  26.783  -35.924  -44.518 0.4000000060
50659  25.286  -35.514  -43.940 0.4000000060
50660  24.364  -35.656  -43.934 0.4000000060
50672  27.671  -35.630  -44.808 0.4000000060
50657  27.011  -35.060  -44.440 0.4000000060
50658  26.165  -35.332  -44.122 0.4000000060
51666  24.671  -34.831  -43.692 0.4000000060
51663  27.185  -34.167  -44.482 0.4000000060
52745  27.172  -33.205  -44.693 0.4000000060
133522  26.579  -33.764  -44.316 0.4000000060
121151  25.877  -33.865  -44.033 0.4000000060
52747  25.359  -33.199  -44.280 0.4000000060
50683  29.738  -35.477  -46.487 0.5000000000
51676  28.687  -34.397  -45.234 0.5000000000
52760  27.970  -33.829  -44.901 0.4000000060
53871  26.580  -32.414  -44.884 0.4000000060
53872  25.706  -32.435  -44.718 0.4000000060
53873  24.840  -32.483  -44.629 0.3000000119
51677  27.880  -34.737  -44.746 0.5000000000
51664  26.401  -34.478  -44.144 0.4000000060
51665  25.583  -34.675  -43.825 0.4000000060
115456  25.014  -33.993  -43.843 0.4000000060
51675  29.445  -34.034  -45.765 0.5000000000
52759  28.712  -33.532  -45.421 0.5000000000
54914  25.154  -31.798  -45.052 0.3000000119
52774  29.905  -33.624  -46.547 0.5000000000
115101  28.025  -32.984  -45.232 0.4000000060
53888  27.398  -32.348  -45.212 0.4000000060
54913  26.050  -31.663  -45.198 0.4000000060
128644  24.475  -31.908  -44.975 0.3000000119
53904  29.869  -32.739  -46.619 0.5000000000
52773  30.333  -33.193  -47.257 0.4000000060
130682  30.471  -32.722  -47.704 0.5000000000
53887  28.191  -32.227  -45.606 0.3000000119
53889  26.852  -31.803  -45.283 0.4000000060
132562  26.038  -30.946  -45.462 0.3000000119
54934  25.381  -31.095  -45.374 0.3000000119
54935  24.515  -31.234  -45.300 0.3000000119
54936  23.772  -31.193  -45.389 0.3000000119
53905  29.063  -32.215  -46.136 0.3000000119
54950  30.286  -32.488  -47.174 0.4000000060
54962  30.405  -31.994  -47.599 0.4000000060
53913  30.441  -32.448  -48.289 0.4000000060
54932  27.542  -31.513  -45.634 0.3000000119
54933  26.682  -31.167  -45.527 0.3000000119
55852  25.668  -30.426  -45.634 0.3000000119
55853  24.894  -30.506  -45.579 0.3000000119
56760  23.308  -29.998  -45.990 0.3000000119
128115  23.229  -30.889  -45.715 0.3000000119
54931  28.384  -31.592  -45.939 0.3000000119
128958  24.571  -29.983  -45.808 0.3000000119
55854  24.033  -30.513  -45.648 0.3000000119
54951  29.883  -31.802  -46.843 0.3000000119
55878  30.168  -30.949  -47.495 0.3000000119
54974  30.516  -31.580  -48.328 0.4000000060
55915  30.380  -30.678  -49.292 0.4000000060
124568  29.915  -30.016  -50.458 0.4000000060
55937  27.885  -30.011  -51.675 0.4000000060
56779  22.453  -29.823  -46.086 0.3000000119
55865  28.588  -30.383  -46.483 0.3000000119
55850  28.076  -30.895  -46.079 0.3000000119
54952  29.038  -31.211  -46.404 0.3000000119
135702  29.672  -31.128  -46.878 0.3000000119
55896  30.470  -30.750  -48.507 0.3000000119
128527  30.462  -30.108  -48.884 0.4000000060
56808  30.548  -29.328  -48.861 0.3000000119
56824  30.366  -29.853  -49.670 0.4000000060
56839  29.545  -29.274  -51.189 0.4000000060
57748  29.083  -28.632  -51.796 0.4000000060
57749  28.197  -29.056  -52.142 0.4000000060
56823  30.592  -28.856  -49.613 0.3000000119
57747  29.954  -28.539  -51.111 0.4000000060
58554  29.750  -27.738  -51.594 0.4000000060
57754  28.343  -28.278  -52.381 0.4000000060
58560  28.525  -27.508  -52.621 0.4000000060
58561  27.725  -27.851  -52.846 0.4000000060
58569  27.169  -27.357  -53.468 0.4000000060
57735  30.784  -28.367  -48.801 0.3000000119
58546  30.789  -27.595  -50.322 0.3000000119
58547  30.360  -27.911  -50.932 0.3000000119
58559  29.277  -27.175  -52.243 0.4000000060
58555  28.985  -27.868  -52.145 0.4000000060
59390  28.778  -26.717  -52.837 0.4000000060
59396  27.530  -26.697  -53.728 0.3000000119
58570  26.136  -27.388  -53.683 0.4000000060
59397  26.622  -26.591  -54.167 0.3000000119
131569  31.030  -27.637  -48.974 0.3000000119
59372  31.090  -26.792  -50.356 0.3000000119
58553  30.582  -27.233  -51.083 0.3000000119
59381  30.076  -26.828  -51.760 0.3000000119
59389  29.587  -26.358  -52.407 0.3000000119
59395  28.212  -26.339  -53.485 0.3000000119
58539  31.106  -27.220  -49.548 0.3000000119
59388  30.369  -26.014  -51.872 0.3000000119
60260  29.987  -25.563  -52.522 0.3000000119
60261  29.055  -25.802  -53.110 0.3000000119
60273  28.298  -25.632  -53.743 0.3000000119
122938  28.772  -24.985  -53.676 0.3000000119
61190  28.341  -24.228  -54.207 0.3000000119
50684  29.209  -35.862  -45.704 0.5000000000
40293  19.798  -46.564  -55.807 0.6000000238
40294  18.753  -46.357  -56.035 0.5000000000
40295  17.981  -46.068  -56.622 0.5000000000
127579  17.926  -45.800  -57.385 0.5000000000
40304  17.802  -45.816  -57.130 0.5000000000
42289  20.822  -44.833  -58.550 0.5000000000
41318  19.623  -45.161  -57.924 0.5000000000
41319  18.295  -45.419  -57.487 0.5000000000
38189  21.078  -48.004  -50.805 0.6000000238
39181  20.050  -47.778  -50.990 0.6000000238
39161  20.807  -47.100  -50.612 0.6000000238
39182  19.223  -47.039  -51.281 0.5000000000
40231  19.198  -46.052  -51.117 0.5000000000
39184  17.608  -46.235  -52.001 0.5000000000
41262  17.638  -44.979  -51.784 0.4000000060
41241  18.196  -44.678  -51.260 0.4000000060
42208  18.144  -44.340  -50.854 0.4000000060
43119  18.568  -43.398  -49.731 0.4000000060
44944  19.279  -41.526  -48.938 0.3000000119
45806  20.276  -40.493  -48.890 0.3000000119
45801  20.674  -39.914  -48.743 0.4000000060
117188  20.933  -37.772  -47.331 0.4000000060
49677  21.199  -37.475  -47.022 0.4000000060
50661  23.460  -35.758  -44.137 0.4000000060
49651  20.919  -36.283  -45.911 0.4000000060
50662  22.717  -35.885  -44.400 0.4000000060
49635  22.271  -36.397  -44.898 0.4000000060
51667  23.735  -34.961  -43.772 0.4000000060
118633  22.014  -35.623  -44.483 0.4000000060
121233  24.452  -33.257  -44.206 0.4000000060
53874  23.907  -32.398  -44.686 0.4000000060
114726  24.080  -34.111  -43.775 0.4000000060
54915  23.966  -31.665  -45.110 0.3000000119
54916  23.211  -31.708  -45.259 0.3000000119
42275  21.113  -44.053  -58.383 0.5000000000
115563  18.903  -42.545  -49.262 0.4000000060
49678  20.625  -37.267  -47.082 0.4000000060
49663  21.106  -36.967  -46.623 0.4000000060
51688  29.851  -34.555  -46.537 0.5000000000
42268  17.556  -44.510  -56.630 0.6000000238
42277  18.875  -44.550  -57.485 0.5000000000
134205  20.347  -44.970  -58.301 0.5000000000
47643  22.092  -38.449  -47.548 0.4000000060
47644  21.252  -38.235  -47.619 0.4000000060
49650  21.428  -36.097  -45.073 0.4000000060
50671  28.547  -35.301  -45.197 0.5000000000
50670  29.394  -34.952  -45.671 0.5000000000
52775  29.323  -33.156  -45.976 0.5000000000
133655  28.672  -32.817  -45.661 0.4000000060
56833  30.181  -29.234  -50.495 0.4000000060
55864  29.415  -30.581  -46.842 0.3000000119
57740  30.878  -28.002  -49.570 0.3000000119
57741  30.512  -28.365  -50.358 0.3000000119
58568  28.025  -27.124  -53.211 0.4000000060
59380  30.857  -26.402  -51.175 0.3000000119
60249  31.033  -25.564  -51.281 0.3000000119
35116  18.622  -51.203  -53.803 0.4000000060
36108  18.972  -50.626  -53.520 0.4000000060
36119  18.266  -50.418  -53.678 0.4000000060
37183  17.812  -49.618  -53.391 0.3000000119
36109  18.775  -49.798  -53.168 0.4000000060
37172  18.160  -49.002  -52.826 0.3000000119
37229  20.453  -49.508  -56.724 0.5000000000
38225  18.504  -48.284  -52.270 0.5000000000
38226  17.742  -48.217  -52.676 0.3000000119
39241  20.328  -48.093  -56.280 0.5000000000
38275  19.681  -48.621  -56.692 0.5000000000
129182  20.042  -49.105  -56.714 0.5000000000
38208  19.226  -47.977  -51.645 0.5000000000
39232  20.044  -47.309  -56.040 0.5000000000
37230  19.373  -49.375  -57.162 0.5000000000
38276  18.629  -48.413  -57.306 0.3000000119
39233  19.054  -46.989  -56.260 0.5000000000
39242  19.121  -47.767  -56.608 0.4000000060
39243  18.362  -47.154  -56.788 0.4000000060
38286  17.885  -48.242  -58.065 0.3000000119
114650  18.149  -47.578  -57.410 0.3000000119
39256  17.972  -47.472  -58.098 0.3000000119
122670  17.968  -46.725  -57.213 0.3000000119
41336  18.259  -46.316  -57.748 0.3000000119
40332  18.149  -47.176  -58.154 0.3000000119
40317  18.053  -46.500  -57.645 0.4000000060
42221  17.510  -44.457  -51.421 0.3000000119
41335  19.315  -46.012  -57.984 0.4000000060
46702  20.211  -39.023  -48.488 0.3000000119
118324  20.811  -38.559  -48.035 0.3000000119
47645  20.683  -38.056  -47.678 0.3000000119
47652  20.069  -38.131  -48.017 0.3000000119
48648  20.325  -37.631  -47.508 0.3000000119
49664  20.256  -36.464  -46.648 0.3000000119
50663  21.242  -35.306  -44.616 0.3000000119
123304  20.700  -35.622  -45.163 0.3000000119
50685  20.211  -35.705  -45.871 0.3000000119
49665  19.321  -36.093  -47.056 0.3000000119
115365  23.172  -34.232  -43.958 0.3000000119
51668  22.755  -35.082  -44.086 0.3000000119
51669  21.851  -34.770  -44.310 0.3000000119
51670  21.067  -34.507  -44.505 0.3000000119
134465  20.632  -35.009  -44.760 0.3000000119
52748  23.515  -33.349  -44.191 0.3000000119
52750  21.681  -33.807  -44.327 0.3000000119
52751  20.765  -33.729  -44.591 0.3000000119
53876  21.973  -32.778  -44.443 0.3000000119
53877  21.212  -33.093  -44.591 0.3000000119
53875  22.919  -32.604  -44.630 0.3000000119
52749  22.601  -33.504  -44.213 0.3000000119
53891  21.262  -32.227  -44.984 0.3000000119
36164  21.137  -50.162  -56.741 0.5000000000
42209  17.744  -44.356  -50.655 0.3000000119
136909  19.705  -35.714  -46.398 0.3000000119
39195  17.690  -47.358  -52.337 0.3000000119
40232  18.438  -46.185  -51.550 0.3000000119
40245  16.790  -44.987  -52.299 0.3000000119
29811  19.309  -56.546  -52.204 0.4000000060
124425  18.113  -57.167  -52.777 0.4000000060
29813  17.754  -56.451  -52.728 0.4000000060
29825  16.331  -56.359  -53.678 0.4000000060
30904  16.120  -55.482  -53.845 0.3000000119
30894  17.427  -55.616  -52.676 0.4000000060
30895  16.698  -55.561  -53.203 0.4000000060
31900  17.484  -53.845  -53.012 0.4000000060
32991  23.171  -52.887  -56.951 0.3000000119
31888  18.011  -54.610  -52.375 0.4000000060
121712  16.828  -53.629  -53.697 0.3000000119
34064  17.131  -52.769  -54.083 0.3000000119
32954  18.181  -53.097  -53.159 0.4000000060
130353  16.751  -51.964  -54.379 0.3000000119
118218  16.221  -52.736  -54.443 0.3000000119
35118  17.052  -51.038  -54.272 0.3000000119
32955  17.568  -53.123  -53.601 0.4000000060
34074  17.597  -51.913  -54.147 0.3000000119
35117  17.917  -51.076  -54.075 0.3000000119
28802  16.625  -57.115  -53.620 0.4000000060
29824  16.979  -56.427  -53.145 0.4000000060
36121  16.781  -50.177  -54.175 0.3000000119
29810  20.231  -56.643  -52.078 0.3000000119
35131  15.663  -51.090  -54.829 0.3000000119
27759  22.862  -58.483  -51.714 0.4000000060
28778  21.037  -57.897  -51.708 0.4000000060
28792  19.624  -57.221  -52.204 0.3000000119
29806  24.592  -56.728  -52.738 0.4000000060
29812  18.524  -56.527  -52.424 0.5000000000
30880  19.679  -55.615  -51.985 0.5000000000
30881  18.217  -55.710  -52.307 0.4000000060
30902  26.308  -54.808  -55.017 0.4000000060
30913  25.823  -55.580  -55.438 0.4000000060
30925  25.353  -55.022  -56.369 0.4000000060
31885  22.561  -54.719  -52.119 0.5000000000
31901  16.620  -54.594  -53.384 0.4000000060
31915  26.300  -54.679  -54.248 0.5000000000
31940  24.370  -54.554  -56.779 0.4000000060
32939  22.221  -53.961  -52.034 0.6000000238
32943  18.847  -53.234  -52.782 0.5000000000
32969  26.677  -53.390  -54.421 0.5000000000
34053  18.791  -52.637  -53.251 0.5000000000
34062  18.799  -51.981  -53.660 0.4000000060
34094  25.117  -52.207  -56.086 0.5000000000
34095  24.440  -52.619  -56.419 0.5000000000
35082  23.518  -51.654  -51.248 0.6000000238
35099  27.399  -51.023  -52.895 0.6000000238
35104  19.940  -51.446  -52.904 0.6000000238
36082  26.379  -50.507  -51.115 0.8999999762
36120  17.479  -50.267  -53.943 0.4000000060
36134  16.225  -50.568  -54.487 0.3000000119
38188  21.970  -48.236  -50.674 0.8000000119
38224  19.390  -48.765  -52.180 0.6000000238
39158  25.642  -47.825  -50.298 0.8999999762
39179  27.829  -47.872  -51.225 0.8999999762
39180  27.178  -47.728  -50.601 0.8999999762
39183  18.443  -47.257  -51.801 0.5000000000
39217  27.561  -47.393  -54.244 1.0000000000
39228  24.358  -47.385  -55.391 0.8000000119
39229  23.693  -47.758  -55.454 0.8000000119
39230  23.075  -47.332  -55.468 0.8000000119
39234  18.300  -46.671  -56.568 0.4000000060
40205  23.310  -46.537  -50.175 0.8000000119
40261  28.339  -46.553  -53.504 1.0000000000
40276  27.162  -46.787  -54.583 1.0000000000
40277  26.526  -47.009  -54.908 0.8999999762
41216  24.700  -45.654  -49.848 0.8999999762
41261  18.501  -45.349  -51.367 0.4000000060
41282  28.712  -45.201  -53.421 1.0000000000
41320  17.706  -45.219  -57.046 0.5000000000
42182  24.341  -44.796  -49.600 1.0000000000
42204  21.978  -45.200  -50.082 0.6000000238
42228  29.384  -44.107  -52.650 1.0000000000
43098  22.467  -43.491  -49.602 0.6999999881
43100  20.880  -43.064  -49.898 0.5000000000
43996  28.599  -42.820  -49.073 1.0000000000
44001  20.614  -42.233  -49.626 0.5000000000
44932  23.968  -41.264  -48.156 0.6000000238
46694  23.397  -39.715  -47.665 0.4000000060
47716  24.654  -38.146  -53.504 1.0000000000
47761  22.746  -38.899  -56.635 0.6000000238
48707  20.662  -36.548  -52.998 1.0000000000
49634  23.168  -36.435  -44.679 0.4000000060
49748  25.572  -36.352  -53.021 1.0000000000
50771  20.577  -35.138  -52.879 1.0000000000
51785  19.836  -34.206  -53.578 0.8999999762
52746  26.226  -33.139  -44.440 0.4000000060
53979  20.524  -31.850  -52.711 0.8000000119
56759  24.062  -29.791  -45.927 0.3000000119
59367  31.172  -26.369  -49.474 0.3000000119
59406  25.081  -26.177  -54.943 0.4000000060
59407  24.219  -26.104  -55.168 0.5000000000
59426  30.733  -26.637  -56.516 0.3000000119
61210  31.848  -24.733  -56.281 0.3000000119
61215  31.021  -25.075  -56.646 0.3000000119
114147  24.964  -47.117  -50.174 0.8999999762
114444  26.447  -47.577  -50.376 0.8999999762
114934  20.127  -34.663  -53.094 0.8999999762
115543  26.730  -37.051  -52.891 0.8999999762
115616  19.913  -54.085  -52.086 0.5000000000
115735  23.505  -58.416  -52.257 0.4000000060
115831  25.898  -41.012  -53.676 1.0000000000
116675  22.680  -44.297  -49.726 0.6999999881
116898  22.283  -51.277  -51.533 0.6000000238
116992  21.713  -50.778  -51.692 0.6999999881
117117  20.493  -52.672  -52.303 0.6000000238
117843  23.339  -57.398  -52.072 0.4000000060
117890  24.379  -56.042  -52.496 0.4000000060
118170  22.406  -34.289  -44.146 0.3000000119
118191  24.813  -44.512  -55.143 0.8999999762
118238  18.686  -43.855  -50.447 0.4000000060
118693  19.544  -54.686  -51.933 0.5000000000
119768  28.322  -44.779  -49.909 0.8999999762
119997  25.294  -56.875  -54.919 0.4000000060
122053  26.486  -54.099  -54.595 0.5000000000
122686  24.397  -41.960  -48.349 0.6999999881
122819  29.476  -40.727  -52.142 1.0000000000
123130  24.060  -53.182  -51.646 0.6000000238
124125  17.192  -54.795  -52.819 0.4000000060
124142  21.538  -55.912  -52.138 0.5000000000
125764  23.589  -47.168  -50.270 0.8999999762
126247  18.256  -51.779  -53.968 0.4000000060
127394  15.786  -56.323  -54.203 0.4000000060
127616  27.846  -48.018  -53.809 1.0000000000
129467  21.008  -49.332  -51.672 0.6000000238
129589  22.695  -30.503  -45.937 0.3000000119
129766  18.378  -38.674  -54.417 0.8999999762
130670  18.847  -36.876  -53.795 0.8999999762
131075  19.859  -35.552  -54.580 0.6999999881
132109  17.361  -57.173  -53.156 0.4000000060
132366  26.116  -49.352  -50.537 0.8000000119
133413  27.970  -42.906  -48.638 0.8999999762
133980  21.492  -47.045  -55.702 0.6999999881
134159  16.369  -51.321  -54.534 0.3000000119
134289  25.659  -50.997  -55.790 0.6000000238
134783  25.528  -48.046  -55.256 0.8000000119
134875  24.321  -44.566  -55.279 0.8999999762
134882  21.021  -44.968  -50.474 0.6000000238
135806  17.893  -45.007  -55.913 0.6999999881
136077  22.462  -57.077  -51.924 0.4000000060
136120  19.824  -45.172  -50.764 0.4000000060
136707  25.797  -54.234  -56.135 0.4000000060
136866  28.035  -29.539  -51.926 0.4000000060
137467  29.757  -29.618  -50.799 0.4000000060
