#!ascii label  , from subject sub-v1s7x0051324_ses-1 vox2ras=TkReg
221
24676  42.878  -60.753  -44.721 0.0000000000
24743  46.570  -61.286  -50.480 0.0000000000
24670  48.190  -62.269  -43.634 0.0000000000
26715  47.373  -59.658  -48.199 0.0000000000
21670  46.795  -64.620  -48.736 0.0000000000
22643  48.269  -63.175  -46.355 0.0000000000
119092  45.919  -66.311  -46.720 0.0000000000
115362  48.304  -59.828  -49.825 0.0000000000
121203  46.441  -57.538  -49.781 0.0000000000
24657  45.047  -61.131  -43.700 0.0000000000
24706  47.168  -61.270  -46.474 0.0000000000
121305  48.507  -61.880  -48.632 0.0000000000
22682  46.978  -63.246  -50.379 0.0000000000
19577  45.253  -66.031  -51.299 0.0000000000
27643  42.076  -58.582  -42.161 0.0000000000
26654  45.249  -59.603  -41.235 0.0000000000
24623  48.373  -61.531  -40.708 0.0000000000
28743  43.843  -57.665  -48.189 0.0000000000
20564  46.468  -65.625  -45.484 0.0000000000
25768  47.619  -60.378  -50.717 0.0000000000
27741  48.166  -59.189  -50.879 0.0000000000
121767  47.183  -61.642  -43.627 0.0000000000
24692  47.922  -62.123  -45.060 0.0000000000
21652  47.180  -64.527  -47.217 0.0000000000
22651  48.131  -63.147  -47.372 0.0000000000
22661  47.721  -63.423  -48.749 0.0000000000
23704  47.871  -62.389  -49.767 0.0000000000
22675  47.130  -63.739  -50.044 0.0000000000
20642  44.927  -64.993  -52.399 0.0000000000
25621  45.899  -60.071  -40.047 0.0000000000
25636  46.884  -60.489  -40.913 0.0000000000
25611  47.705  -61.105  -39.632 0.0000000000
25731  45.789  -59.872  -47.243 0.0000000000
27708  45.711  -58.612  -48.034 0.0000000000
29777  46.514  -57.114  -51.186 0.0000000000
29768  45.195  -56.830  -49.923 0.0000000000
21602  48.208  -63.783  -43.836 0.0000000000
23649  48.294  -62.504  -44.981 0.0000000000
21622  47.522  -64.561  -45.290 0.0000000000
130587  46.839  -65.193  -46.682 0.0000000000
19520  45.859  -66.128  -47.727 0.0000000000
26736  47.738  -59.366  -48.865 0.0000000000
27731  46.747  -58.424  -48.828 0.0000000000
27735  47.781  -58.438  -49.860 0.0000000000
116619  47.419  -57.588  -51.035 0.0000000000
24745  44.556  -61.651  -50.021 0.0000000000
25694  44.205  -60.831  -43.950 0.0000000000
24707  46.079  -61.346  -46.208 0.0000000000
25715  47.538  -60.735  -47.125 0.0000000000
23661  48.238  -62.483  -45.986 0.0000000000
24718  48.256  -61.242  -47.335 0.0000000000
25729  48.370  -60.746  -48.088 0.0000000000
113530  48.448  -60.948  -49.553 0.0000000000
24738  48.076  -61.469  -50.034 0.0000000000
23713  46.998  -62.319  -50.465 0.0000000000
20628  45.984  -65.294  -50.337 0.0000000000
21698  45.946  -64.710  -50.835 0.0000000000
22691  45.810  -64.170  -50.994 0.0000000000
126118  45.433  -62.741  -50.274 0.0000000000
27656  40.860  -58.277  -43.379 0.0000000000
26669  42.563  -59.139  -43.307 0.0000000000
26656  43.586  -58.756  -41.946 0.0000000000
26667  44.099  -59.502  -42.528 0.0000000000
25675  45.367  -60.675  -42.828 0.0000000000
24639  47.035  -61.001  -41.867 0.0000000000
24638  48.000  -61.651  -42.220 0.0000000000
23612  49.174  -62.703  -41.370 0.0000000000
115679  48.796  -63.219  -42.571 0.0000000000
28759  45.280  -57.585  -48.822 0.0000000000
26680  42.202  -59.970  -44.201 0.0000000000
25707  40.976  -60.057  -45.395 0.0000000000
25696  41.871  -60.517  -45.237 0.0000000000
25758  47.296  -60.764  -50.629 0.0000000000
24654  47.859  -61.868  -43.258 0.0000000000
24671  47.735  -61.949  -44.208 0.0000000000
133301  48.127  -62.308  -44.365 0.0000000000
122837  47.050  -64.408  -48.074 0.0000000000
22652  47.535  -63.792  -47.899 0.0000000000
21669  47.296  -63.994  -48.799 0.0000000000
21688  47.127  -64.072  -49.463 0.0000000000
20658  44.620  -65.488  -53.028 0.0000000000
134043  46.847  -60.551  -39.775 0.0000000000
26716  46.423  -59.220  -47.893 0.0000000000
134467  45.559  -59.051  -47.635 0.0000000000
29790  44.917  -56.262  -51.195 0.0000000000
21621  48.118  -63.840  -44.826 0.0000000000
21603  47.612  -64.459  -44.337 0.0000000000
19505  46.144  -66.121  -46.027 0.0000000000
20578  46.485  -65.694  -46.235 0.0000000000
135662  46.231  -66.011  -46.495 0.0000000000
20591  46.366  -65.730  -47.070 0.0000000000
26735  48.179  -59.760  -49.304 0.0000000000
26741  47.901  -59.123  -49.421 0.0000000000
26740  48.140  -59.240  -49.806 0.0000000000
27742  48.114  -58.561  -51.254 0.0000000000
28773  47.879  -57.860  -51.784 0.0000000000
28774  47.272  -57.398  -51.794 0.0000000000
24674  44.664  -61.366  -44.650 0.0000000000
25716  46.490  -60.681  -46.887 0.0000000000
22634  48.396  -63.171  -45.371 0.0000000000
23681  48.385  -62.446  -48.006 0.0000000000
23671  48.331  -62.391  -47.000 0.0000000000
24717  48.456  -61.591  -47.789 0.0000000000
131149  48.107  -60.872  -47.399 0.0000000000
25747  48.418  -60.453  -49.007 0.0000000000
24729  48.539  -61.154  -48.789 0.0000000000
22681  47.401  -62.993  -50.045 0.0000000000
23712  47.478  -62.284  -50.164 0.0000000000
24742  47.539  -61.512  -50.388 0.0000000000
18488  43.749  -68.564  -52.690 0.0000000000
19588  44.553  -67.109  -52.180 0.0000000000
19562  44.848  -66.944  -51.397 0.0000000000
21690  46.380  -64.650  -50.327 0.0000000000
20641  45.603  -65.320  -51.066 0.0000000000
21703  44.875  -64.322  -52.070 0.0000000000
21702  45.413  -64.670  -51.510 0.0000000000
22692  45.005  -63.847  -51.296 0.0000000000
22684  45.407  -63.392  -50.614 0.0000000000
28678  41.277  -58.393  -42.705 0.0000000000
132472  41.444  -58.477  -43.297 0.0000000000
27655  42.022  -58.533  -42.889 0.0000000000
26633  44.490  -59.231  -40.756 0.0000000000
26634  43.762  -58.798  -41.124 0.0000000000
26655  44.344  -59.153  -41.552 0.0000000000
26668  43.342  -59.252  -42.889 0.0000000000
25676  44.548  -60.369  -43.107 0.0000000000
25661  44.872  -59.850  -42.230 0.0000000000
128409  48.440  -61.739  -41.458 0.0000000000
21526  49.154  -63.652  -40.576 0.0000000000
22579  49.141  -63.426  -41.297 0.0000000000
133420  49.037  -63.180  -41.897 0.0000000000
28758  46.360  -57.865  -49.188 0.0000000000
28764  45.708  -57.330  -49.491 0.0000000000
29769  44.334  -56.513  -49.595 0.0000000000
25756  48.214  -60.264  -50.264 0.0000000000
26743  48.230  -59.531  -50.296 0.0000000000
24656  46.154  -61.337  -43.437 0.0000000000
24673  45.671  -61.536  -44.449 0.0000000000
24672  46.778  -61.663  -44.346 0.0000000000
24693  47.661  -61.814  -45.881 0.0000000000
22644  47.739  -63.885  -46.791 0.0000000000
22660  48.031  -63.123  -48.231 0.0000000000
23691  48.169  -62.658  -48.976 0.0000000000
23703  48.374  -61.721  -49.389 0.0000000000
22674  47.538  -63.351  -49.498 0.0000000000
130466  45.242  -65.351  -51.720 0.0000000000
26632  45.196  -59.667  -40.434 0.0000000000
25637  45.998  -59.927  -40.632 0.0000000000
25620  46.595  -60.313  -40.238 0.0000000000
25619  47.510  -60.879  -40.308 0.0000000000
120445  45.008  -58.591  -47.775 0.0000000000
27709  44.436  -58.114  -47.973 0.0000000000
28769  46.037  -57.174  -50.231 0.0000000000
29778  45.472  -56.719  -50.790 0.0000000000
29779  44.673  -56.330  -50.450 0.0000000000
22609  48.569  -63.180  -43.445 0.0000000000
116638  48.354  -62.643  -43.990 0.0000000000
22623  48.454  -63.137  -44.409 0.0000000000
22635  48.019  -63.933  -45.793 0.0000000000
20563  46.944  -65.195  -45.786 0.0000000000
21637  47.382  -64.614  -46.235 0.0000000000
21653  46.716  -64.991  -47.648 0.0000000000
26737  47.050  -58.980  -48.530 0.0000000000
27730  47.458  -58.745  -49.149 0.0000000000
27736  47.144  -58.239  -49.352 0.0000000000
28763  47.108  -57.847  -49.780 0.0000000000
27737  48.130  -58.800  -50.420 0.0000000000
27738  47.919  -58.107  -50.771 0.0000000000
28768  46.904  -57.486  -50.368 0.0000000000
29788  46.651  -57.062  -52.294 0.0000000000
24744  45.407  -61.495  -50.211 0.0000000000
25695  43.528  -60.599  -44.117 0.0000000000
24675  43.777  -61.146  -44.740 0.0000000000
25730  46.932  -60.073  -47.542 0.0000000000
115055  48.081  -62.030  -45.859 0.0000000000
24704  48.198  -61.838  -46.737 0.0000000000
24705  47.950  -61.436  -46.712 0.0000000000
125746  47.839  -60.311  -47.797 0.0000000000
25748  48.067  -60.037  -48.546 0.0000000000
25754  48.370  -60.329  -49.662 0.0000000000
24741  48.269  -60.778  -50.003 0.0000000000
25757  47.972  -60.904  -50.378 0.0000000000
19533  45.655  -66.338  -48.498 0.0000000000
18487  44.077  -68.246  -52.115 0.0000000000
133668  45.750  -66.064  -49.468 0.0000000000
20618  46.304  -65.171  -49.659 0.0000000000
21689  46.750  -64.483  -49.750 0.0000000000
21697  46.678  -64.052  -50.389 0.0000000000
22683  46.321  -63.794  -50.660 0.0000000000
121670  46.323  -63.073  -50.469 0.0000000000
23714  46.024  -62.223  -50.314 0.0000000000
23715  44.624  -62.673  -50.191 0.0000000000
119272  39.765  -58.355  -44.195 0.0000000000
27657  40.136  -58.089  -43.489 0.0000000000
27668  40.359  -58.631  -44.116 0.0000000000
27667  41.094  -58.848  -43.973 0.0000000000
26670  41.805  -59.023  -43.710 0.0000000000
26615  43.940  -59.170  -40.540 0.0000000000
27622  42.901  -58.657  -41.537 0.0000000000
26657  42.776  -58.637  -42.390 0.0000000000
25678  43.035  -60.009  -43.760 0.0000000000
25677  43.802  -60.085  -43.403 0.0000000000
25659  46.160  -60.269  -41.518 0.0000000000
24640  46.214  -60.833  -42.445 0.0000000000
24655  47.090  -61.426  -42.816 0.0000000000
24653  48.403  -62.220  -42.761 0.0000000000
24637  48.704  -62.158  -41.892 0.0000000000
23620  48.829  -62.671  -42.278 0.0000000000
23631  48.563  -62.667  -43.121 0.0000000000
27732  45.920  -58.197  -48.545 0.0000000000
27733  45.134  -58.090  -48.207 0.0000000000
28760  44.492  -57.620  -48.430 0.0000000000
124619  44.981  -57.051  -49.297 0.0000000000
29763  44.404  -57.079  -48.957 0.0000000000
20617  46.471  -65.027  -49.039 0.0000000000
23705  44.952  -62.178  -49.976 0.0000000000
24624  47.774  -61.194  -41.246 0.0000000000
25660  45.581  -60.178  -42.074 0.0000000000
27707  46.368  -58.668  -48.349 0.0000000000
28767  47.535  -57.838  -50.345 0.0000000000
132503  46.259  -64.280  -50.673 0.0000000000
