#!ascii label  , from subject sub-v1s7x0051325_ses-1 vox2ras=TkReg
1180
51315  -38.588  -15.967  65.282 0.0000000000
59871  -47.969  -5.820  56.611 0.0000000000
54758  -43.566  -12.007  60.869 0.0000000000
33515  -15.003  -35.390  87.955 0.0000000000
51221  -35.367  -14.660  70.329 0.0000000000
41390  -28.969  -26.966  83.521 0.0000000000
42294  -37.739  -25.934  81.129 0.0000000000
46744  -38.001  -20.427  76.049 0.0000000000
50313  -39.336  -16.831  74.833 0.0000000000
38786  -21.529  -29.811  81.835 0.0000000000
109539  -25.671  -28.638  85.544 0.0000000000
40569  -24.955  -27.924  80.822 0.0000000000
112722  -32.090  -26.185  76.777 0.0000000000
98980  -36.328  -23.559  76.825 0.0000000000
53827  -40.462  -13.074  71.265 0.0000000000
53004  -43.667  -13.677  68.472 0.0000000000
56458  -46.349  -9.617  58.518 0.0000000000
53893  -40.862  -12.799  62.923 0.0000000000
59067  -44.185  -6.901  53.006 0.0000000000
31129  -11.637  -38.619  89.596 0.0000000000
52079  -39.598  -13.784  73.075 0.0000000000
52164  -36.560  -14.867  68.118 0.0000000000
42325  -28.194  -25.593  78.912 0.0000000000
42290  -32.985  -25.356  81.542 0.0000000000
55558  -44.379  -10.399  65.786 0.0000000000
58221  -49.965  -8.075  48.661 0.0000000000
46756  -36.884  -20.890  73.956 0.0000000000
97149  -37.500  -19.567  73.537 0.0000000000
39703  -22.816  -28.819  80.429 0.0000000000
44066  -34.419  -24.193  74.576 0.0000000000
109383  -35.260  -22.884  74.088 0.0000000000
113766  -37.336  -21.728  76.710 0.0000000000
107634  -39.936  -14.957  67.963 0.0000000000
52987  -42.320  -13.690  69.477 0.0000000000
52183  -41.028  -15.166  66.848 0.0000000000
58144  -46.927  -7.241  57.543 0.0000000000
57264  -49.376  -8.434  59.867 0.0000000000
60671  -48.586  -4.346  55.045 0.0000000000
32753  -13.100  -36.503  85.738 0.0000000000
32731  -13.445  -36.784  88.609 0.0000000000
99915  -37.563  -16.373  72.246 0.0000000000
97919  -39.798  -14.970  74.206 0.0000000000
52087  -37.881  -14.445  71.854 0.0000000000
52962  -37.877  -13.754  71.233 0.0000000000
52127  -35.609  -13.948  70.033 0.0000000000
40525  -27.321  -28.301  84.982 0.0000000000
104073  -28.204  -27.633  87.450 0.0000000000
40514  -29.637  -27.482  86.035 0.0000000000
101717  -31.627  -26.225  85.303 0.0000000000
42376  -25.915  -25.651  76.509 0.0000000000
43218  -27.759  -25.018  76.106 0.0000000000
108814  -35.075  -26.732  78.433 0.0000000000
99191  -32.500  -25.988  79.248 0.0000000000
42292  -35.354  -25.889  81.580 0.0000000000
43163  -35.215  -24.763  84.011 0.0000000000
35950  -18.577  -32.797  84.671 0.0000000000
36794  -20.569  -32.044  87.862 0.0000000000
36756  -21.269  -31.990  91.383 0.0000000000
96030  -41.561  -11.857  61.856 0.0000000000
54717  -42.587  -11.783  64.547 0.0000000000
55581  -43.706  -10.910  62.963 0.0000000000
57347  -51.067  -8.638  47.386 0.0000000000
33486  -15.181  -35.397  92.118 0.0000000000
48548  -38.780  -18.882  78.905 0.0000000000
49395  -39.577  -17.384  77.460 0.0000000000
47697  -38.620  -18.835  75.479 0.0000000000
49417  -37.972  -17.746  73.315 0.0000000000
105081  -21.857  -30.301  84.858 0.0000000000
38740  -23.713  -29.438  86.482 0.0000000000
38759  -23.335  -29.025  84.327 0.0000000000
39688  -25.244  -28.255  82.749 0.0000000000
40560  -26.616  -27.446  81.807 0.0000000000
42409  -29.896  -25.400  74.822 0.0000000000
42411  -31.679  -25.555  74.562 0.0000000000
42385  -34.505  -25.619  76.200 0.0000000000
111873  -36.856  -25.331  78.185 0.0000000000
96848  -37.374  -22.794  78.629 0.0000000000
113784  -38.015  -20.851  78.510 0.0000000000
37854  -19.945  -31.101  81.907 0.0000000000
111387  -40.792  -11.943  73.437 0.0000000000
56298  -43.362  -9.581  75.071 0.0000000000
95808  -42.876  -11.910  71.996 0.0000000000
53819  -43.847  -12.527  70.586 0.0000000000
54777  -45.255  -11.595  59.787 0.0000000000
55584  -46.049  -10.559  62.168 0.0000000000
55606  -48.114  -10.234  60.830 0.0000000000
27238  -9.628  -43.085  91.976 0.0000000000
52204  -40.019  -15.285  63.881 0.0000000000
53908  -39.432  -12.404  61.395 0.0000000000
55632  -41.682  -11.188  58.362 0.0000000000
56467  -43.459  -9.739  57.643 0.0000000000
113511  -44.325  -8.096  56.904 0.0000000000
59040  -45.229  -6.186  55.751 0.0000000000
59900  -46.002  -5.818  54.725 0.0000000000
59057  -43.247  -6.219  53.890 0.0000000000
32685  -12.780  -37.124  92.209 0.0000000000
107932  -10.923  -39.080  93.261 0.0000000000
29483  -9.649  -41.055  93.247 0.0000000000
95708  -41.663  -12.053  78.447 0.0000000000
99590  -40.671  -15.745  77.062 0.0000000000
52918  -41.085  -13.367  75.462 0.0000000000
53787  -40.695  -12.138  74.566 0.0000000000
53806  -39.485  -13.140  72.242 0.0000000000
52984  -39.067  -14.082  69.508 0.0000000000
51280  -38.038  -15.599  66.947 0.0000000000
39625  -26.089  -28.258  89.288 0.0000000000
41442  -26.498  -26.629  79.634 0.0000000000
41417  -28.473  -26.471  81.444 0.0000000000
42363  -30.172  -25.593  77.437 0.0000000000
109053  -30.679  -25.654  80.533 0.0000000000
42267  -30.885  -25.730  82.416 0.0000000000
42236  -33.492  -25.313  84.963 0.0000000000
105037  -14.949  -34.991  85.516 0.0000000000
94772  -16.867  -33.759  85.077 0.0000000000
35107  -16.930  -34.365  88.165 0.0000000000
52194  -42.506  -13.958  65.453 0.0000000000
54699  -43.920  -11.970  66.572 0.0000000000
100100  -45.470  -10.100  68.059 0.0000000000
56407  -45.903  -9.029  64.353 0.0000000000
59912  -47.068  -5.112  53.905 0.0000000000
59919  -48.300  -4.834  52.141 0.0000000000
59925  -49.487  -4.892  50.917 0.0000000000
58196  -49.094  -7.331  50.002 0.0000000000
59942  -51.990  -4.941  49.290 0.0000000000
45864  -36.241  -21.422  73.500 0.0000000000
102309  -36.585  -20.760  73.121 0.0000000000
46777  -35.646  -21.116  72.086 0.0000000000
44075  -34.725  -23.036  73.653 0.0000000000
44935  -35.310  -22.394  73.496 0.0000000000
98525  -36.394  -21.721  74.333 0.0000000000
51281  -39.022  -15.520  67.055 0.0000000000
52168  -40.752  -14.985  67.692 0.0000000000
51303  -40.461  -15.377  66.391 0.0000000000
95114  -46.976  -6.617  56.987 0.0000000000
59008  -48.456  -7.048  57.951 0.0000000000
59018  -48.413  -6.343  57.325 0.0000000000
59872  -48.795  -5.578  56.933 0.0000000000
59881  -48.367  -5.170  56.213 0.0000000000
110180  -14.337  -35.828  86.971 0.0000000000
32741  -13.372  -36.780  87.673 0.0000000000
33505  -13.920  -36.243  88.139 0.0000000000
51213  -36.640  -15.333  71.130 0.0000000000
51205  -37.724  -15.207  71.951 0.0000000000
52096  -36.251  -14.673  70.771 0.0000000000
52097  -36.618  -14.174  70.835 0.0000000000
107497  -35.261  -14.124  70.061 0.0000000000
95619  -22.516  -30.690  89.145 0.0000000000
40527  -28.599  -27.676  84.561 0.0000000000
40513  -28.819  -27.841  85.457 0.0000000000
40528  -29.423  -27.345  84.983 0.0000000000
41357  -30.206  -26.878  85.414 0.0000000000
41377  -30.715  -26.452  84.773 0.0000000000
41446  -36.514  -26.601  79.577 0.0000000000
41431  -34.855  -26.535  80.298 0.0000000000
41419  -36.085  -26.359  81.184 0.0000000000
42293  -36.360  -25.999  82.041 0.0000000000
36803  -21.165  -31.142  86.913 0.0000000000
98733  -21.531  -31.211  88.235 0.0000000000
36777  -21.569  -31.639  89.690 0.0000000000
55413  -42.324  -10.357  78.215 0.0000000000
54743  -41.852  -11.898  61.201 0.0000000000
54733  -43.169  -11.334  62.450 0.0000000000
54734  -44.020  -11.252  62.199 0.0000000000
47682  -38.658  -19.341  77.273 0.0000000000
48559  -38.921  -18.583  77.055 0.0000000000
47690  -38.659  -19.116  76.411 0.0000000000
48583  -37.739  -18.688  73.394 0.0000000000
49424  -36.887  -17.857  71.996 0.0000000000
49433  -36.556  -17.193  71.207 0.0000000000
114701  -21.590  -30.107  83.039 0.0000000000
38758  -22.733  -29.472  84.427 0.0000000000
38770  -22.373  -29.531  83.241 0.0000000000
39705  -24.295  -28.321  80.921 0.0000000000
95534  -24.421  -28.529  82.503 0.0000000000
110107  -24.770  -28.227  81.373 0.0000000000
40548  -26.083  -27.838  82.468 0.0000000000
40559  -25.910  -27.669  81.630 0.0000000000
42425  -31.092  -25.323  73.918 0.0000000000
44050  -35.535  -23.881  75.607 0.0000000000
42400  -34.463  -25.182  75.617 0.0000000000
112757  -35.558  -24.901  76.351 0.0000000000
42368  -36.252  -25.319  77.540 0.0000000000
43204  -36.781  -24.423  77.841 0.0000000000
44026  -37.091  -23.586  78.262 0.0000000000
44032  -36.714  -23.588  77.539 0.0000000000
103983  -37.717  -21.215  76.330 0.0000000000
106136  -37.664  -21.297  77.247 0.0000000000
46733  -37.990  -20.583  76.942 0.0000000000
47668  -38.360  -19.717  79.086 0.0000000000
37871  -20.333  -30.645  81.310 0.0000000000
53808  -41.029  -12.486  72.268 0.0000000000
54631  -42.161  -11.641  72.793 0.0000000000
53817  -41.630  -12.646  71.620 0.0000000000
53003  -42.803  -13.980  68.602 0.0000000000
101374  -43.119  -12.834  70.515 0.0000000000
52989  -44.194  -13.276  69.132 0.0000000000
53830  -45.443  -12.170  69.886 0.0000000000
53005  -44.402  -13.253  68.401 0.0000000000
55637  -46.111  -10.331  58.850 0.0000000000
99081  -46.997  -10.870  60.313 0.0000000000
55623  -47.362  -10.459  59.742 0.0000000000
58116  -50.057  -8.097  60.392 0.0000000000
55646  -42.866  -10.406  57.786 0.0000000000
56465  -41.686  -9.916  57.160 0.0000000000
58153  -42.393  -7.782  56.033 0.0000000000
59027  -43.373  -6.999  55.763 0.0000000000
95029  -44.654  -6.715  56.229 0.0000000000
101783  -43.469  -6.424  55.295 0.0000000000
59049  -44.132  -6.038  54.854 0.0000000000
31896  -11.812  -38.253  87.372 0.0000000000
108182  -11.062  -39.220  89.314 0.0000000000
33461  -14.815  -35.451  94.005 0.0000000000
97158  -13.787  -36.402  91.928 0.0000000000
32671  -13.797  -36.439  94.886 0.0000000000
31107  -11.904  -38.559  94.359 0.0000000000
30296  -11.273  -39.431  94.323 0.0000000000
30300  -10.426  -39.800  93.827 0.0000000000
28692  -10.545  -40.493  93.997 0.0000000000
27957  -11.044  -41.842  93.499 0.0000000000
49400  -39.668  -17.070  76.578 0.0000000000
50299  -40.367  -16.306  77.551 0.0000000000
50306  -40.045  -16.407  75.998 0.0000000000
52068  -39.865  -14.154  73.661 0.0000000000
51177  -40.642  -14.935  74.907 0.0000000000
52928  -40.150  -13.411  73.699 0.0000000000
53776  -40.960  -12.298  75.260 0.0000000000
53786  -40.427  -12.714  73.865 0.0000000000
53796  -40.282  -12.737  73.345 0.0000000000
52951  -39.654  -13.279  72.755 0.0000000000
52129  -37.052  -14.077  69.415 0.0000000000
52983  -38.274  -13.910  69.685 0.0000000000
102871  -37.834  -14.258  69.138 0.0000000000
52146  -38.318  -14.758  68.392 0.0000000000
51279  -37.026  -15.519  67.249 0.0000000000
39646  -24.781  -28.922  86.157 0.0000000000
39635  -25.508  -28.682  88.235 0.0000000000
39636  -25.789  -28.669  87.288 0.0000000000
42360  -27.188  -25.746  77.490 0.0000000000
42340  -26.149  -26.371  77.839 0.0000000000
42324  -27.406  -25.794  79.068 0.0000000000
41429  -27.473  -26.520  80.531 0.0000000000
42307  -28.723  -25.803  79.968 0.0000000000
42382  -31.208  -25.807  76.244 0.0000000000
42381  -30.364  -25.650  76.619 0.0000000000
42364  -31.035  -25.856  77.140 0.0000000000
42310  -32.508  -25.575  80.775 0.0000000000
42329  -32.099  -25.653  80.053 0.0000000000
42309  -31.575  -25.561  80.913 0.0000000000
42287  -30.794  -25.691  81.471 0.0000000000
42288  -31.554  -25.514  81.895 0.0000000000
42251  -31.821  -25.624  83.973 0.0000000000
42252  -32.708  -25.237  83.414 0.0000000000
44853  -38.553  -22.914  80.569 0.0000000000
35125  -17.601  -33.582  85.677 0.0000000000
35117  -17.518  -33.744  86.399 0.0000000000
35116  -17.056  -33.992  86.956 0.0000000000
35877  -20.937  -32.544  93.045 0.0000000000
52215  -40.415  -14.548  63.572 0.0000000000
52206  -41.401  -14.448  64.799 0.0000000000
53054  -41.595  -13.533  64.396 0.0000000000
55557  -43.598  -10.912  65.286 0.0000000000
53882  -43.193  -12.184  65.821 0.0000000000
54711  -43.911  -11.128  66.035 0.0000000000
54683  -44.665  -11.514  67.319 0.0000000000
55547  -44.969  -10.066  66.603 0.0000000000
56417  -47.155  -9.564  62.689 0.0000000000
56415  -45.720  -9.670  63.574 0.0000000000
56416  -46.658  -9.161  63.583 0.0000000000
100887  -45.471  -5.933  54.348 0.0000000000
59901  -46.766  -5.400  54.539 0.0000000000
59911  -45.703  -6.052  53.576 0.0000000000
59070  -46.841  -6.389  52.444 0.0000000000
59923  -48.032  -5.700  51.772 0.0000000000
60700  -49.001  -4.506  51.737 0.0000000000
59078  -48.307  -6.491  51.160 0.0000000000
58220  -48.910  -7.911  48.680 0.0000000000
58219  -47.954  -7.675  48.953 0.0000000000
58207  -49.487  -7.656  49.325 0.0000000000
59093  -49.988  -7.019  49.711 0.0000000000
59094  -50.951  -6.463  49.386 0.0000000000
58223  -51.900  -7.550  48.402 0.0000000000
58240  -53.224  -8.039  47.977 0.0000000000
45840  -37.604  -21.098  75.397 0.0000000000
47703  -37.818  -19.698  74.447 0.0000000000
46769  -37.375  -20.189  74.004 0.0000000000
47714  -36.894  -19.913  72.781 0.0000000000
38787  -22.242  -29.288  81.919 0.0000000000
112849  -33.673  -23.693  73.234 0.0000000000
100842  -34.854  -23.510  74.331 0.0000000000
44051  -35.933  -22.957  75.742 0.0000000000
111438  -36.354  -22.896  76.432 0.0000000000
44903  -36.588  -22.341  75.834 0.0000000000
45839  -36.836  -21.745  75.204 0.0000000000
52985  -40.437  -13.745  69.899 0.0000000000
52976  -41.834  -13.326  70.276 0.0000000000
53001  -40.885  -14.202  69.112 0.0000000000
52150  -42.306  -14.490  67.971 0.0000000000
52170  -42.549  -14.523  67.017 0.0000000000
57270  -46.772  -8.059  57.987 0.0000000000
57262  -47.934  -8.970  59.027 0.0000000000
57272  -48.256  -8.240  58.691 0.0000000000
58127  -49.711  -7.630  59.542 0.0000000000
60678  -49.248  -3.822  54.680 0.0000000000
31897  -12.397  -37.829  87.479 0.0000000000
31881  -12.506  -37.712  88.964 0.0000000000
107903  -39.067  -16.537  74.040 0.0000000000
50320  -39.600  -16.039  74.456 0.0000000000
50328  -38.746  -16.200  73.203 0.0000000000
51206  -38.345  -14.772  72.348 0.0000000000
52950  -38.530  -14.107  72.275 0.0000000000
99393  -38.887  -13.617  72.173 0.0000000000
52961  -37.382  -14.086  71.341 0.0000000000
52982  -36.962  -13.797  70.124 0.0000000000
108858  -35.860  -14.484  68.762 0.0000000000
39657  -26.611  -28.445  85.595 0.0000000000
40500  -27.205  -28.042  87.380 0.0000000000
40501  -27.711  -27.970  86.552 0.0000000000
110569  -28.921  -27.563  87.445 0.0000000000
41344  -31.005  -26.793  86.065 0.0000000000
43217  -26.972  -25.086  76.073 0.0000000000
100541  -27.792  -25.598  77.502 0.0000000000
112701  -34.384  -26.755  78.112 0.0000000000
96009  -32.844  -26.447  78.473 0.0000000000
41457  -34.201  -26.790  78.902 0.0000000000
42312  -34.207  -25.951  80.762 0.0000000000
110652  -33.744  -25.558  81.308 0.0000000000
43172  -34.145  -24.909  82.936 0.0000000000
42271  -35.557  -25.379  82.582 0.0000000000
112128  -18.775  -32.269  83.420 0.0000000000
35951  -19.309  -32.352  84.899 0.0000000000
35922  -19.959  -32.553  87.805 0.0000000000
35902  -19.681  -33.054  89.075 0.0000000000
36776  -20.940  -32.125  89.459 0.0000000000
53900  -41.185  -12.186  62.436 0.0000000000
53888  -41.725  -12.699  64.151 0.0000000000
108299  -41.828  -11.801  62.723 0.0000000000
54725  -42.763  -11.386  63.796 0.0000000000
55567  -43.738  -10.599  64.419 0.0000000000
58175  -43.562  -7.317  52.036 0.0000000000
58176  -44.483  -7.486  52.109 0.0000000000
58182  -44.046  -7.465  51.310 0.0000000000
58238  -49.526  -8.276  47.858 0.0000000000
57338  -50.509  -8.434  48.052 0.0000000000
57346  -50.258  -8.511  47.406 0.0000000000
57354  -50.567  -8.431  46.476 0.0000000000
99246  -16.043  -34.815  89.511 0.0000000000
33493  -15.180  -35.448  90.339 0.0000000000
49384  -39.568  -17.400  79.577 0.0000000000
49394  -38.991  -17.990  77.693 0.0000000000
49399  -39.162  -17.807  76.848 0.0000000000
49406  -39.027  -17.458  75.243 0.0000000000
48572  -38.290  -18.958  74.618 0.0000000000
48578  -38.130  -18.370  74.047 0.0000000000
108889  -38.402  -17.717  74.052 0.0000000000
50327  -38.152  -16.798  72.831 0.0000000000
107946  -37.034  -16.778  71.826 0.0000000000
37822  -21.850  -30.467  86.018 0.0000000000
38719  -22.997  -29.958  87.771 0.0000000000
38739  -23.012  -29.604  85.876 0.0000000000
38748  -23.265  -29.210  85.035 0.0000000000
95949  -24.714  -28.753  85.147 0.0000000000
39686  -23.163  -28.882  82.717 0.0000000000
39679  -24.529  -28.545  83.343 0.0000000000
39669  -25.465  -28.540  84.542 0.0000000000
39681  -26.059  -28.196  83.925 0.0000000000
40538  -27.494  -27.618  83.318 0.0000000000
40551  -28.293  -27.166  82.987 0.0000000000
42410  -30.788  -25.547  74.716 0.0000000000
42383  -32.628  -25.911  75.878 0.0000000000
42413  -33.320  -25.278  74.472 0.0000000000
42399  -33.660  -25.733  75.807 0.0000000000
42384  -33.793  -26.197  76.644 0.0000000000
42348  -34.922  -26.483  77.639 0.0000000000
42349  -36.636  -26.153  78.655 0.0000000000
42332  -37.704  -25.521  79.606 0.0000000000
42314  -38.075  -25.481  80.403 0.0000000000
43199  -37.784  -24.640  79.192 0.0000000000
44866  -38.064  -23.198  79.831 0.0000000000
44852  -38.152  -22.300  80.195 0.0000000000
44889  -37.222  -22.101  77.454 0.0000000000
96657  -37.650  -22.032  78.865 0.0000000000
46708  -38.133  -20.943  79.853 0.0000000000
46709  -38.249  -20.041  80.063 0.0000000000
36837  -19.804  -31.720  83.717 0.0000000000
55458  -41.326  -10.967  74.978 0.0000000000
99284  -41.953  -10.540  74.703 0.0000000000
55471  -43.247  -10.649  73.501 0.0000000000
96379  -43.928  -10.897  72.715 0.0000000000
94841  -42.301  -12.822  70.863 0.0000000000
53818  -43.093  -12.443  71.174 0.0000000000
54759  -44.588  -11.885  60.456 0.0000000000
54746  -45.204  -11.612  61.166 0.0000000000
54747  -46.005  -11.417  60.964 0.0000000000
55595  -47.391  -10.631  61.159 0.0000000000
57236  -47.962  -9.182  62.568 0.0000000000
56439  -48.650  -9.814  60.554 0.0000000000
57245  -49.172  -9.170  61.612 0.0000000000
50444  -38.043  -16.157  63.870 0.0000000000
95664  -39.187  -15.799  64.753 0.0000000000
51333  -38.487  -15.850  63.468 0.0000000000
52226  -39.192  -14.689  62.616 0.0000000000
95972  -39.545  -13.644  62.277 0.0000000000
102844  -39.884  -12.836  61.945 0.0000000000
54732  -40.929  -12.037  61.705 0.0000000000
54742  -41.225  -11.903  61.165 0.0000000000
54757  -42.027  -11.973  60.333 0.0000000000
54774  -42.792  -11.815  59.492 0.0000000000
54787  -44.027  -11.327  58.778 0.0000000000
55635  -44.432  -10.632  58.480 0.0000000000
56456  -44.797  -9.858  58.167 0.0000000000
57292  -41.847  -8.473  56.443 0.0000000000
57280  -43.793  -8.991  57.340 0.0000000000
57282  -45.337  -8.289  57.530 0.0000000000
58142  -45.604  -7.494  57.152 0.0000000000
59016  -46.267  -6.954  57.024 0.0000000000
59030  -46.323  -6.273  56.373 0.0000000000
59879  -46.796  -5.753  55.775 0.0000000000
59890  -45.637  -5.949  55.175 0.0000000000
110273  -44.669  -6.007  54.723 0.0000000000
59058  -44.046  -6.211  53.840 0.0000000000
59066  -42.768  -6.859  52.120 0.0000000000
33491  -13.978  -36.355  90.130 0.0000000000
32709  -13.250  -36.925  90.583 0.0000000000
31875  -12.504  -37.691  90.725 0.0000000000
32676  -12.731  -37.204  94.338 0.0000000000
31863  -11.844  -38.098  92.380 0.0000000000
31122  -11.303  -38.884  91.220 0.0000000000
30310  -10.671  -39.643  91.291 0.0000000000
30309  -10.105  -40.180  91.781 0.0000000000
29490  -8.919  -41.502  91.749 0.0000000000
28693  -9.623  -41.930  93.115 0.0000000000
108766  -41.757  -10.854  77.617 0.0000000000
52031  -40.963  -14.722  78.265 0.0000000000
51176  -40.433  -15.787  75.447 0.0000000000
94897  -40.989  -14.999  76.544 0.0000000000
53764  -41.292  -12.690  76.366 0.0000000000
54591  -41.313  -11.677  75.950 0.0000000000
54606  -41.317  -11.141  75.716 0.0000000000
54618  -40.970  -11.646  74.637 0.0000000000
53797  -40.518  -12.338  73.488 0.0000000000
53815  -39.677  -13.172  71.521 0.0000000000
52963  -39.012  -13.395  71.658 0.0000000000
52973  -39.235  -13.452  70.933 0.0000000000
102593  -39.567  -13.733  70.099 0.0000000000
52147  -39.333  -14.573  68.670 0.0000000000
52167  -39.160  -15.075  67.819 0.0000000000
97063  -37.962  -16.028  66.010 0.0000000000
52109  -34.844  -14.448  69.932 0.0000000000
103967  -34.492  -14.579  69.160 0.0000000000
101580  -35.138  -14.416  69.018 0.0000000000
52163  -35.527  -14.820  68.162 0.0000000000
51278  -36.023  -15.469  67.384 0.0000000000
51299  -36.463  -15.907  66.507 0.0000000000
95207  -37.095  -16.100  65.802 0.0000000000
51314  -37.716  -16.267  65.181 0.0000000000
40490  -27.012  -27.913  88.365 0.0000000000
40588  -24.370  -27.647  78.633 0.0000000000
41454  -25.731  -26.848  78.476 0.0000000000
41428  -26.016  -27.111  80.265 0.0000000000
103887  -26.774  -26.766  80.434 0.0000000000
41402  -27.757  -26.874  81.752 0.0000000000
95872  -28.886  -26.448  82.109 0.0000000000
42394  -28.729  -25.155  76.011 0.0000000000
97259  -28.975  -25.442  76.869 0.0000000000
101242  -28.919  -25.475  78.375 0.0000000000
42345  -31.214  -25.738  78.649 0.0000000000
110635  -30.481  -25.604  78.723 0.0000000000
110148  -29.047  -25.712  79.220 0.0000000000
42286  -29.949  -25.858  81.074 0.0000000000
107958  -30.142  -26.038  81.964 0.0000000000
41391  -29.663  -26.579  83.234 0.0000000000
42233  -31.162  -25.940  84.347 0.0000000000
42221  -32.147  -25.985  85.293 0.0000000000
33531  -14.255  -35.601  85.649 0.0000000000
33514  -14.872  -35.425  87.183 0.0000000000
101061  -16.445  -33.702  83.608 0.0000000000
35131  -15.764  -34.145  83.938 0.0000000000
34337  -15.657  -34.507  85.363 0.0000000000
97458  -15.869  -34.641  86.815 0.0000000000
103357  -16.124  -34.728  88.166 0.0000000000
34310  -16.660  -34.510  89.510 0.0000000000
35886  -20.116  -32.891  91.530 0.0000000000
98326  -40.869  -15.121  65.122 0.0000000000
52193  -41.901  -14.534  65.560 0.0000000000
101628  -43.208  -14.030  66.613 0.0000000000
53045  -42.515  -13.151  65.171 0.0000000000
53871  -43.545  -13.138  66.299 0.0000000000
53858  -44.124  -13.052  67.075 0.0000000000
54671  -44.869  -11.958  67.952 0.0000000000
55582  -44.661  -10.722  62.770 0.0000000000
55575  -44.924  -10.145  63.578 0.0000000000
56397  -44.742  -9.730  65.176 0.0000000000
59902  -47.182  -5.231  54.793 0.0000000000
60677  -47.519  -4.941  54.324 0.0000000000
97952  -48.377  -4.380  54.218 0.0000000000
59917  -46.690  -5.680  53.283 0.0000000000
60691  -47.987  -4.523  52.917 0.0000000000
60685  -49.186  -3.835  53.103 0.0000000000
60693  -49.494  -3.939  52.267 0.0000000000
60702  -50.889  -3.832  51.145 0.0000000000
58195  -48.221  -7.398  50.355 0.0000000000
59086  -49.525  -6.486  50.235 0.0000000000
59933  -51.284  -4.959  49.878 0.0000000000
58239  -52.408  -7.979  47.988 0.0000000000
107706  -35.496  -21.589  72.538 0.0000000000
45876  -35.958  -21.205  72.809 0.0000000000
44934  -34.660  -22.639  72.933 0.0000000000
44944  -35.095  -22.052  72.723 0.0000000000
45863  -35.665  -21.779  73.142 0.0000000000
51301  -38.812  -15.824  66.196 0.0000000000
51302  -39.701  -15.620  66.339 0.0000000000
51316  -39.465  -15.751  65.489 0.0000000000
114491  -47.624  -6.351  56.967 0.0000000000
59019  -49.220  -5.964  57.501 0.0000000000
59880  -47.583  -5.491  55.926 0.0000000000
104839  -14.411  -35.820  87.671 0.0000000000
33513  -13.861  -36.231  87.259 0.0000000000
33506  -14.559  -35.815  88.446 0.0000000000
52110  -35.858  -14.156  70.328 0.0000000000
37785  -22.958  -30.357  89.838 0.0000000000
38709  -23.122  -30.091  88.869 0.0000000000
111694  -29.015  -27.234  84.185 0.0000000000
41376  -29.797  -26.862  84.249 0.0000000000
41434  -37.270  -26.254  80.193 0.0000000000
41433  -36.353  -26.673  80.422 0.0000000000
41420  -36.856  -26.347  81.171 0.0000000000
37792  -21.895  -31.139  88.996 0.0000000000
99614  -42.644  -11.941  61.110 0.0000000000
54744  -43.334  -11.655  61.672 0.0000000000
47689  -38.361  -19.881  76.662 0.0000000000
47696  -38.316  -19.653  75.809 0.0000000000
48596  -36.634  -18.862  71.637 0.0000000000
48589  -37.021  -18.666  72.314 0.0000000000
100063  -21.914  -29.729  82.688 0.0000000000
40568  -24.525  -28.036  80.122 0.0000000000
40558  -25.285  -27.932  81.468 0.0000000000
40570  -25.654  -27.614  80.885 0.0000000000
43219  -35.139  -24.808  75.978 0.0000000000
44038  -35.827  -24.265  76.412 0.0000000000
43212  -36.299  -24.326  77.161 0.0000000000
47681  -38.270  -20.040  77.537 0.0000000000
37872  -20.942  -30.312  81.814 0.0000000000
37856  -21.224  -30.286  82.583 0.0000000000
106023  -40.905  -12.799  71.667 0.0000000000
53828  -41.335  -12.990  71.005 0.0000000000
52988  -43.267  -13.546  69.267 0.0000000000
55622  -46.605  -10.796  59.532 0.0000000000
56447  -46.903  -10.085  59.037 0.0000000000
57254  -50.214  -8.412  61.026 0.0000000000
59048  -43.192  -6.254  54.491 0.0000000000
31880  -11.900  -38.269  88.907 0.0000000000
31134  -11.400  -38.833  88.798 0.0000000000
33460  -14.076  -35.948  93.910 0.0000000000
32666  -14.426  -36.346  95.186 0.0000000000
29480  -11.101  -40.225  94.268 0.0000000000
105348  -11.617  -41.460  93.607 0.0000000000
49407  -39.508  -16.976  75.653 0.0000000000
98830  -40.028  -13.124  73.282 0.0000000000
52145  -37.313  -14.584  68.644 0.0000000000
39647  -25.641  -28.706  86.526 0.0000000000
42342  -27.595  -25.690  78.259 0.0000000000
42341  -26.868  -25.976  78.322 0.0000000000
42306  -27.981  -25.912  79.686 0.0000000000
97434  -32.168  -25.442  81.465 0.0000000000
42289  -32.326  -25.324  82.243 0.0000000000
95414  -33.031  -25.154  82.402 0.0000000000
100159  -38.462  -21.952  81.154 0.0000000000
35901  -19.046  -33.476  88.812 0.0000000000
53061  -40.639  -13.628  63.258 0.0000000000
53053  -41.074  -14.095  63.974 0.0000000000
53062  -41.243  -13.164  63.691 0.0000000000
55546  -44.446  -10.948  66.599 0.0000000000
113054  -47.495  -8.975  63.250 0.0000000000
59059  -44.863  -6.233  53.769 0.0000000000
58186  -47.790  -7.256  51.020 0.0000000000
58208  -50.423  -7.488  49.118 0.0000000000
59101  -51.410  -7.063  48.943 0.0000000000
58222  -50.891  -7.971  48.569 0.0000000000
45852  -37.070  -21.222  74.684 0.0000000000
46757  -37.520  -20.561  74.604 0.0000000000
46778  -36.259  -20.582  72.368 0.0000000000
46784  -36.431  -19.814  71.950 0.0000000000
44084  -33.543  -23.376  72.584 0.0000000000
44918  -35.536  -23.133  74.847 0.0000000000
44919  -36.118  -22.345  75.058 0.0000000000
52148  -40.369  -14.613  68.516 0.0000000000
52149  -41.337  -14.633  68.287 0.0000000000
52169  -41.672  -14.818  67.374 0.0000000000
57271  -47.535  -8.379  58.444 0.0000000000
58133  -47.699  -7.585  58.090 0.0000000000
58135  -49.286  -7.174  58.637 0.0000000000
59001  -50.121  -6.827  59.209 0.0000000000
60672  -49.446  -3.901  55.445 0.0000000000
32740  -12.849  -37.374  87.113 0.0000000000
32730  -12.828  -37.386  88.151 0.0000000000
32718  -13.005  -37.204  89.010 0.0000000000
51194  -38.186  -15.779  72.474 0.0000000000
52078  -38.972  -14.335  72.681 0.0000000000
52970  -36.315  -13.925  70.353 0.0000000000
52128  -36.261  -13.883  69.801 0.0000000000
99061  -35.644  -14.088  69.499 0.0000000000
110497  -27.292  -28.236  85.834 0.0000000000
40512  -27.975  -28.027  85.718 0.0000000000
40502  -28.726  -27.706  86.591 0.0000000000
40503  -29.506  -27.451  86.968 0.0000000000
41358  -31.067  -26.579  85.565 0.0000000000
41359  -31.622  -26.468  85.542 0.0000000000
42378  -27.386  -25.405  76.746 0.0000000000
42379  -28.160  -25.431  76.796 0.0000000000
41456  -33.643  -26.720  78.320 0.0000000000
41432  -35.563  -26.537  80.693 0.0000000000
42313  -34.876  -26.082  80.950 0.0000000000
42291  -34.424  -25.660  81.491 0.0000000000
42270  -34.674  -25.287  82.296 0.0000000000
42272  -36.346  -25.286  83.016 0.0000000000
36824  -19.693  -31.935  84.448 0.0000000000
36823  -19.135  -32.285  83.979 0.0000000000
36813  -19.889  -31.885  85.166 0.0000000000
99417  -20.715  -31.650  87.181 0.0000000000
35912  -20.163  -32.597  88.488 0.0000000000
36784  -20.752  -32.144  88.684 0.0000000000
37784  -22.288  -31.027  90.010 0.0000000000
99659  -43.100  -11.189  63.177 0.0000000000
55573  -43.366  -10.926  63.729 0.0000000000
55574  -44.104  -10.498  63.613 0.0000000000
58237  -48.619  -7.801  47.754 0.0000000000
58248  -48.776  -7.755  46.949 0.0000000000
34303  -15.735  -35.045  90.806 0.0000000000
110717  -16.130  -34.832  95.080 0.0000000000
49383  -39.056  -18.063  79.204 0.0000000000
49388  -38.941  -18.218  78.425 0.0000000000
48565  -38.827  -18.279  76.250 0.0000000000
106566  -39.078  -17.563  76.051 0.0000000000
113365  -38.835  -18.026  75.570 0.0000000000
108674  -38.266  -19.489  75.086 0.0000000000
105273  -37.880  -19.052  74.022 0.0000000000
48590  -37.452  -18.247  72.708 0.0000000000
49418  -38.514  -17.056  73.655 0.0000000000
49425  -37.473  -17.314  72.507 0.0000000000
37812  -22.367  -30.186  86.362 0.0000000000
110375  -22.247  -30.070  85.523 0.0000000000
39656  -23.902  -28.809  84.735 0.0000000000
104215  -22.929  -28.914  82.038 0.0000000000
39668  -24.630  -28.642  84.218 0.0000000000
39680  -25.305  -28.401  83.667 0.0000000000
40536  -25.861  -28.138  83.206 0.0000000000
40549  -26.948  -27.569  82.536 0.0000000000
40537  -26.559  -27.902  83.251 0.0000000000
40550  -27.677  -27.236  82.459 0.0000000000
43244  -30.228  -25.256  74.068 0.0000000000
42397  -31.369  -25.730  75.366 0.0000000000
42398  -32.200  -25.756  75.193 0.0000000000
43247  -33.705  -24.576  74.226 0.0000000000
43246  -32.970  -24.996  73.927 0.0000000000
42366  -34.618  -26.048  76.946 0.0000000000
113998  -36.442  -25.835  78.054 0.0000000000
42331  -37.130  -26.108  79.355 0.0000000000
42350  -37.293  -25.413  78.873 0.0000000000
44021  -37.668  -23.594  79.019 0.0000000000
44865  -37.815  -22.599  79.354 0.0000000000
44904  -36.906  -22.286  76.584 0.0000000000
44888  -36.757  -22.883  77.134 0.0000000000
102965  -37.735  -21.519  78.174 0.0000000000
46714  -37.929  -21.268  79.041 0.0000000000
47667  -38.108  -20.493  79.157 0.0000000000
47674  -38.485  -19.493  78.174 0.0000000000
36851  -19.993  -31.306  82.811 0.0000000000
37820  -21.155  -30.830  84.916 0.0000000000
54619  -41.135  -11.393  74.389 0.0000000000
55469  -41.519  -10.977  74.344 0.0000000000
55477  -42.432  -11.140  73.317 0.0000000000
55478  -43.068  -11.323  72.763 0.0000000000
53829  -42.749  -13.232  70.055 0.0000000000
54640  -44.001  -11.932  71.446 0.0000000000
54641  -45.112  -11.363  71.305 0.0000000000
97227  -45.695  -11.440  70.553 0.0000000000
54760  -45.477  -11.638  60.492 0.0000000000
112072  -47.617  -10.543  60.441 0.0000000000
55605  -46.644  -11.093  60.815 0.0000000000
56425  -47.621  -9.836  61.886 0.0000000000
55596  -48.072  -10.036  61.304 0.0000000000
57263  -48.724  -8.788  59.385 0.0000000000
56449  -48.410  -9.538  59.728 0.0000000000
57252  -49.061  -9.208  60.203 0.0000000000
27966  -8.547  -42.511  91.622 0.0000000000
106710  -8.529  -43.287  91.372 0.0000000000
53066  -38.788  -14.004  61.865 0.0000000000
53898  -40.235  -12.185  61.562 0.0000000000
54741  -40.575  -11.829  61.081 0.0000000000
95492  -40.871  -11.690  60.557 0.0000000000
54756  -41.406  -11.882  60.665 0.0000000000
54773  -41.231  -11.625  60.031 0.0000000000
54784  -41.795  -11.615  59.370 0.0000000000
54785  -42.413  -11.479  58.783 0.0000000000
110835  -43.629  -11.715  59.216 0.0000000000
54786  -43.200  -11.431  58.702 0.0000000000
55634  -43.530  -10.677  58.232 0.0000000000
56455  -44.095  -10.034  58.055 0.0000000000
56468  -44.289  -9.359  57.717 0.0000000000
57294  -43.700  -8.321  56.868 0.0000000000
106210  -44.486  -8.577  57.323 0.0000000000
57281  -44.863  -7.903  56.960 0.0000000000
59029  -45.504  -6.658  56.519 0.0000000000
114011  -45.736  -6.204  56.095 0.0000000000
59041  -46.031  -5.985  55.678 0.0000000000
59898  -44.034  -5.995  54.412 0.0000000000
31133  -10.545  -39.883  88.999 0.0000000000
99618  -15.108  -35.457  91.197 0.0000000000
33499  -14.640  -35.841  89.804 0.0000000000
33492  -14.515  -35.874  90.712 0.0000000000
32686  -13.297  -36.684  92.585 0.0000000000
32698  -13.311  -36.781  91.591 0.0000000000
32697  -12.846  -37.212  91.354 0.0000000000
32670  -13.136  -36.956  95.008 0.0000000000
31112  -11.184  -38.735  93.827 0.0000000000
31857  -11.783  -38.222  93.461 0.0000000000
31117  -11.410  -38.714  92.889 0.0000000000
31123  -11.441  -38.575  92.033 0.0000000000
31116  -10.865  -39.108  92.290 0.0000000000
30299  -9.916  -40.358  93.133 0.0000000000
30304  -9.966  -40.296  92.502 0.0000000000
29495  -9.581  -40.790  91.824 0.0000000000
29491  -9.428  -41.070  92.577 0.0000000000
28700  -9.256  -41.608  92.772 0.0000000000
27961  -11.194  -42.580  93.000 0.0000000000
54569  -41.895  -11.163  78.421 0.0000000000
54580  -41.541  -11.535  77.546 0.0000000000
49389  -39.475  -17.568  78.462 0.0000000000
98236  -40.037  -16.835  78.979 0.0000000000
50291  -39.986  -16.865  78.002 0.0000000000
50298  -40.256  -16.391  76.780 0.0000000000
51162  -40.675  -15.611  77.907 0.0000000000
109008  -40.922  -15.132  77.400 0.0000000000
51184  -40.169  -15.679  74.799 0.0000000000
52060  -40.780  -13.945  74.898 0.0000000000
52051  -41.017  -14.437  75.631 0.0000000000
52040  -41.205  -14.407  77.333 0.0000000000
52909  -41.264  -13.934  76.421 0.0000000000
52900  -41.325  -13.442  77.344 0.0000000000
54605  -41.077  -11.620  75.162 0.0000000000
108289  -40.031  -12.755  72.869 0.0000000000
53816  -40.223  -12.793  72.125 0.0000000000
113661  -38.485  -13.631  71.646 0.0000000000
99605  -38.737  -13.707  70.281 0.0000000000
52166  -38.427  -15.259  67.641 0.0000000000
52126  -34.560  -14.604  69.556 0.0000000000
52162  -34.610  -14.746  68.373 0.0000000000
51277  -35.016  -15.323  67.470 0.0000000000
51298  -35.465  -15.901  66.581 0.0000000000
113480  -35.942  -16.106  66.169 0.0000000000
38731  -23.733  -29.557  87.314 0.0000000000
38720  -23.814  -29.593  88.276 0.0000000000
40491  -27.830  -27.577  88.219 0.0000000000
41455  -26.332  -26.446  78.823 0.0000000000
41430  -28.180  -26.228  80.509 0.0000000000
95120  -27.789  -26.603  81.105 0.0000000000
41403  -28.321  -26.799  82.254 0.0000000000
42395  -29.525  -25.344  75.514 0.0000000000
109981  -29.671  -25.521  76.961 0.0000000000
42362  -29.332  -25.428  77.604 0.0000000000
42346  -32.055  -26.039  78.534 0.0000000000
105088  -31.337  -25.604  80.094 0.0000000000
42327  -30.713  -25.606  79.513 0.0000000000
42326  -29.890  -25.599  79.100 0.0000000000
42308  -29.726  -25.726  80.033 0.0000000000
41404  -29.537  -26.361  82.416 0.0000000000
41405  -30.264  -26.086  82.857 0.0000000000
41392  -30.444  -26.295  83.781 0.0000000000
42250  -30.987  -25.738  83.391 0.0000000000
42235  -32.613  -25.520  84.740 0.0000000000
43162  -34.425  -24.812  83.755 0.0000000000
43153  -34.649  -24.855  84.441 0.0000000000
43192  -38.727  -24.736  80.619 0.0000000000
33521  -14.578  -35.467  86.375 0.0000000000
34330  -15.228  -34.958  86.595 0.0000000000
112084  -18.105  -32.941  84.264 0.0000000000
35142  -17.709  -33.110  83.835 0.0000000000
35133  -17.059  -33.518  84.134 0.0000000000
114450  -16.434  -33.843  84.321 0.0000000000
35132  -16.032  -34.107  84.854 0.0000000000
34345  -15.374  -34.578  84.661 0.0000000000
34338  -16.294  -34.230  85.650 0.0000000000
113262  -16.980  -34.203  87.557 0.0000000000
34332  -16.413  -34.338  86.484 0.0000000000
34324  -16.435  -34.456  87.386 0.0000000000
34323  -15.571  -34.925  87.487 0.0000000000
34317  -16.444  -34.587  88.874 0.0000000000
35099  -17.143  -34.277  89.031 0.0000000000
35895  -20.562  -32.601  90.052 0.0000000000
35894  -19.864  -33.003  89.913 0.0000000000
35887  -20.700  -32.539  90.949 0.0000000000
108645  -44.135  -8.962  75.593 0.0000000000
51324  -39.484  -15.627  64.169 0.0000000000
51325  -40.065  -15.524  64.734 0.0000000000
53044  -42.061  -13.825  64.958 0.0000000000
52185  -42.566  -14.314  66.130 0.0000000000
53033  -42.934  -13.603  65.848 0.0000000000
53894  -42.110  -11.942  63.788 0.0000000000
53889  -42.211  -12.423  64.632 0.0000000000
111542  -44.428  -13.050  67.732 0.0000000000
53859  -44.529  -12.435  67.442 0.0000000000
55532  -45.028  -10.560  67.343 0.0000000000
54684  -45.247  -11.079  68.126 0.0000000000
55593  -45.683  -11.103  61.657 0.0000000000
55592  -44.880  -11.170  61.898 0.0000000000
109904  -45.371  -10.770  62.263 0.0000000000
56406  -45.141  -9.582  64.327 0.0000000000
100371  -46.533  -5.652  55.126 0.0000000000
59891  -47.293  -5.303  55.278 0.0000000000
60683  -47.859  -4.672  53.684 0.0000000000
59069  -46.054  -6.965  52.603 0.0000000000
59918  -47.528  -5.445  52.543 0.0000000000
60692  -48.642  -4.237  52.567 0.0000000000
60701  -49.921  -4.194  51.482 0.0000000000
59926  -50.361  -4.441  50.887 0.0000000000
58206  -48.583  -7.615  49.563 0.0000000000
58205  -47.679  -7.606  49.801 0.0000000000
59085  -48.776  -6.937  50.592 0.0000000000
59941  -51.399  -5.525  49.480 0.0000000000
59087  -50.474  -5.807  49.905 0.0000000000
59934  -51.903  -4.389  49.785 0.0000000000
57339  -51.421  -8.317  47.972 0.0000000000
95004  -34.161  -23.219  73.107 0.0000000000
107803  -35.735  -22.378  74.258 0.0000000000
44936  -35.829  -21.913  73.764 0.0000000000
51282  -40.035  -15.361  67.182 0.0000000000
59017  -47.647  -6.871  57.492 0.0000000000
59873  -49.659  -5.341  57.320 0.0000000000
60654  -50.238  -4.623  56.984 0.0000000000
59882  -49.277  -4.897  56.572 0.0000000000
59892  -48.043  -4.934  55.472 0.0000000000
33520  -13.846  -36.015  86.298 0.0000000000
32746  -13.313  -36.707  86.697 0.0000000000
50335  -37.209  -15.772  71.665 0.0000000000
112295  -37.653  -15.791  72.092 0.0000000000
51214  -37.067  -14.740  71.378 0.0000000000
37777  -22.917  -30.546  90.795 0.0000000000
40526  -27.772  -27.857  84.251 0.0000000000
96545  -28.130  -28.074  84.950 0.0000000000
41343  -30.293  -27.190  86.297 0.0000000000
41458  -35.840  -26.622  78.949 0.0000000000
97984  -34.919  -26.744  79.414 0.0000000000
41445  -35.706  -26.853  79.902 0.0000000000
111934  -37.005  -25.723  82.695 0.0000000000
111033  -21.061  -31.697  88.250 0.0000000000
36785  -21.308  -31.681  88.862 0.0000000000
96582  -42.401  -11.591  61.984 0.0000000000
48554  -38.761  -18.735  77.914 0.0000000000
47715  -37.343  -19.086  72.800 0.0000000000
37832  -21.532  -30.377  84.153 0.0000000000
38757  -22.060  -29.863  84.288 0.0000000000
38769  -21.852  -29.911  83.530 0.0000000000
109235  -22.391  -29.549  83.818 0.0000000000
38771  -22.985  -29.060  83.530 0.0000000000
39694  -23.495  -28.724  81.262 0.0000000000
39695  -24.299  -28.548  81.699 0.0000000000
40547  -24.941  -28.288  81.976 0.0000000000
114616  -25.483  -27.957  82.074 0.0000000000
43227  -33.982  -25.092  74.962 0.0000000000
43228  -34.814  -24.520  75.257 0.0000000000
42386  -35.214  -25.417  76.515 0.0000000000
42367  -35.445  -25.809  77.210 0.0000000000
43211  -35.793  -25.011  76.825 0.0000000000
43205  -37.275  -24.483  78.528 0.0000000000
44033  -37.017  -22.845  77.916 0.0000000000
46724  -37.995  -20.747  77.798 0.0000000000
47673  -38.179  -20.209  78.375 0.0000000000
37855  -20.540  -30.759  82.250 0.0000000000
37842  -21.317  -30.419  83.383 0.0000000000
54626  -41.459  -11.417  73.658 0.0000000000
54630  -41.238  -11.952  72.879 0.0000000000
54639  -41.871  -12.218  72.217 0.0000000000
53837  -43.594  -12.969  69.848 0.0000000000
95813  -44.501  -12.651  69.822 0.0000000000
54651  -44.808  -12.096  70.618 0.0000000000
53838  -45.058  -12.714  69.063 0.0000000000
55621  -45.751  -11.041  59.307 0.0000000000
54761  -46.158  -11.318  60.149 0.0000000000
57253  -49.681  -8.818  60.643 0.0000000000
61476  -51.050  -3.234  52.660 0.0000000000
54740  -39.776  -11.801  60.978 0.0000000000
55644  -41.204  -10.602  57.569 0.0000000000
55633  -42.654  -11.017  58.203 0.0000000000
55645  -42.128  -10.571  57.640 0.0000000000
56466  -42.561  -9.782  57.377 0.0000000000
58154  -43.307  -7.585  56.207 0.0000000000
58155  -44.215  -7.487  56.592 0.0000000000
59028  -43.883  -6.871  55.961 0.0000000000
59039  -44.357  -6.255  55.506 0.0000000000
59889  -44.888  -6.022  55.090 0.0000000000
30317  -10.686  -39.681  90.118 0.0000000000
33474  -14.617  -35.671  92.908 0.0000000000
33473  -13.911  -36.190  92.791 0.0000000000
32677  -13.294  -36.600  93.918 0.0000000000
31108  -12.859  -38.095  94.661 0.0000000000
31106  -11.148  -38.903  94.120 0.0000000000
31111  -10.762  -39.224  93.870 0.0000000000
31105  -10.734  -39.392  94.080 0.0000000000
30295  -10.589  -39.896  94.130 0.0000000000
29484  -10.147  -40.405  93.727 0.0000000000
28694  -10.248  -41.264  93.590 0.0000000000
28695  -11.178  -41.017  93.878 0.0000000000
27958  -11.903  -42.179  93.336 0.0000000000
114359  -40.002  -16.826  77.259 0.0000000000
51169  -40.528  -15.777  76.272 0.0000000000
51196  -39.405  -14.668  73.340 0.0000000000
51185  -40.312  -14.038  74.272 0.0000000000
52929  -40.559  -12.984  74.509 0.0000000000
54617  -40.614  -12.200  74.009 0.0000000000
52972  -37.845  -13.711  70.439 0.0000000000
114831  -37.591  -13.856  69.756 0.0000000000
52130  -38.578  -14.337  69.089 0.0000000000
52165  -37.631  -15.111  67.832 0.0000000000
38741  -24.320  -29.180  86.853 0.0000000000
38732  -24.507  -29.192  87.748 0.0000000000
96974  -25.070  -28.878  87.121 0.0000000000
108074  -26.350  -28.238  88.563 0.0000000000
40492  -28.597  -27.586  88.050 0.0000000000
40485  -28.258  -27.721  88.723 0.0000000000
42359  -26.673  -25.933  77.479 0.0000000000
95427  -26.211  -25.850  77.154 0.0000000000
42323  -26.837  -26.100  79.163 0.0000000000
41443  -27.244  -26.261  79.792 0.0000000000
112246  -27.728  -26.253  80.111 0.0000000000
42396  -30.404  -25.593  75.642 0.0000000000
95224  -32.956  -25.949  79.978 0.0000000000
42268  -31.686  -25.510  82.895 0.0000000000
43151  -33.271  -25.119  84.375 0.0000000000
35929  -18.614  -32.998  86.169 0.0000000000
35940  -17.772  -33.305  84.740 0.0000000000
35118  -18.068  -33.395  86.307 0.0000000000
35124  -16.982  -33.968  86.036 0.0000000000
35108  -17.440  -33.993  87.669 0.0000000000
35100  -17.662  -34.007  88.440 0.0000000000
104597  -20.823  -32.510  92.046 0.0000000000
52205  -40.705  -14.920  64.324 0.0000000000
102140  -43.114  -11.175  64.505 0.0000000000
54718  -43.026  -11.616  65.232 0.0000000000
54710  -43.466  -11.534  65.814 0.0000000000
55585  -46.850  -10.261  62.021 0.0000000000
56424  -46.329  -9.931  62.816 0.0000000000
57219  -46.686  -8.548  64.517 0.0000000000
99810  -46.249  -5.598  54.131 0.0000000000
59077  -47.449  -6.658  51.760 0.0000000000
59924  -48.673  -5.280  51.368 0.0000000000
59079  -49.064  -5.881  50.741 0.0000000000
58236  -48.002  -7.551  48.001 0.0000000000
59095  -51.868  -5.789  49.064 0.0000000000
57348  -52.260  -8.546  47.361 0.0000000000
110014  -37.931  -20.150  75.219 0.0000000000
46768  -37.058  -20.287  73.470 0.0000000000
98871  -36.882  -19.266  72.300 0.0000000000
39704  -23.750  -28.488  80.268 0.0000000000
43275  -33.094  -24.012  72.923 0.0000000000
43262  -33.380  -24.287  73.609 0.0000000000
44074  -34.054  -23.680  73.914 0.0000000000
112021  -35.078  -23.880  74.900 0.0000000000
44039  -35.951  -23.461  76.245 0.0000000000
45827  -37.277  -21.793  75.961 0.0000000000
52975  -40.891  -13.416  70.521 0.0000000000
52986  -41.368  -13.757  69.701 0.0000000000
53002  -41.858  -14.192  68.885 0.0000000000
53017  -43.236  -14.099  67.629 0.0000000000
110909  -47.057  -9.128  58.543 0.0000000000
58134  -48.553  -7.617  58.419 0.0000000000
58126  -49.022  -8.017  59.043 0.0000000000
58128  -50.476  -7.243  60.080 0.0000000000
61448  -50.176  -3.375  55.127 0.0000000000
32745  -12.589  -37.108  86.183 0.0000000000
31911  -12.076  -37.812  86.640 0.0000000000
31887  -12.226  -38.074  88.146 0.0000000000
31874  -12.181  -37.965  89.746 0.0000000000
112880  -39.264  -15.607  73.696 0.0000000000
51195  -38.917  -15.250  72.864 0.0000000000
109524  -39.114  -13.801  72.558 0.0000000000
106529  -38.150  -13.907  71.811 0.0000000000
52971  -37.085  -13.851  70.779 0.0000000000
52144  -36.446  -14.306  69.037 0.0000000000
103402  -26.218  -28.541  86.180 0.0000000000
40511  -26.905  -28.340  86.388 0.0000000000
42377  -26.734  -25.538  76.722 0.0000000000
42343  -28.184  -25.506  78.157 0.0000000000
42365  -33.069  -26.524  77.122 0.0000000000
103479  -32.468  -26.419  77.737 0.0000000000
42347  -33.189  -26.656  77.812 0.0000000000
42330  -33.316  -26.448  79.169 0.0000000000
41444  -33.941  -26.402  79.930 0.0000000000
42311  -33.386  -25.749  80.700 0.0000000000
42269  -33.767  -25.236  82.098 0.0000000000
42253  -33.444  -25.009  82.872 0.0000000000
43173  -34.949  -24.873  83.167 0.0000000000
43174  -35.765  -24.921  83.474 0.0000000000
35962  -18.370  -32.647  83.733 0.0000000000
101590  -19.517  -32.349  85.600 0.0000000000
35941  -18.953  -32.736  85.541 0.0000000000
35911  -19.525  -33.012  88.261 0.0000000000
35903  -20.356  -32.625  89.260 0.0000000000
36766  -21.118  -32.064  90.338 0.0000000000
54724  -41.455  -12.394  63.264 0.0000000000
97793  -42.559  -11.477  62.958 0.0000000000
97021  -44.129  -10.305  64.999 0.0000000000
58183  -45.004  -7.675  51.420 0.0000000000
58249  -49.609  -8.106  46.735 0.0000000000
33507  -15.151  -35.380  88.673 0.0000000000
113113  -14.758  -35.738  89.101 0.0000000000
33500  -15.323  -35.326  89.477 0.0000000000
33462  -15.551  -34.951  94.402 0.0000000000
48573  -38.680  -18.132  74.756 0.0000000000
49412  -38.826  -17.291  74.444 0.0000000000
51212  -36.024  -15.506  70.682 0.0000000000
37802  -22.383  -30.431  87.203 0.0000000000
38730  -23.030  -29.870  86.824 0.0000000000
110732  -22.736  -29.677  85.134 0.0000000000
38749  -23.927  -29.110  85.680 0.0000000000
38779  -22.612  -29.227  82.689 0.0000000000
39687  -23.694  -28.757  82.201 0.0000000000
39678  -23.737  -28.695  83.042 0.0000000000
103952  -23.846  -28.788  83.868 0.0000000000
39670  -26.356  -28.436  84.758 0.0000000000
94879  -26.933  -28.110  84.056 0.0000000000
40539  -28.334  -27.406  83.778 0.0000000000
95809  -31.883  -25.876  75.903 0.0000000000
43245  -32.038  -25.180  73.771 0.0000000000
42412  -32.556  -25.488  74.473 0.0000000000
100554  -33.087  -25.700  75.069 0.0000000000
99453  -33.019  -26.176  76.420 0.0000000000
41469  -33.954  -26.588  77.482 0.0000000000
95247  -35.885  -26.306  77.969 0.0000000000
42333  -38.233  -24.748  79.868 0.0000000000
105739  -38.112  -24.014  79.573 0.0000000000
111716  -38.547  -23.907  80.177 0.0000000000
44877  -37.370  -22.260  78.232 0.0000000000
45788  -37.981  -21.765  79.639 0.0000000000
46701  -38.351  -20.698  80.725 0.0000000000
36836  -19.119  -31.856  83.041 0.0000000000
36838  -20.361  -31.234  83.605 0.0000000000
37810  -21.269  -30.955  85.992 0.0000000000
95007  -41.833  -10.354  75.453 0.0000000000
55470  -42.223  -10.788  73.955 0.0000000000
55460  -42.840  -10.226  74.373 0.0000000000
56310  -43.825  -9.870  74.113 0.0000000000
101013  -42.371  -12.444  71.582 0.0000000000
54632  -43.639  -11.442  72.161 0.0000000000
54775  -43.640  -11.969  59.965 0.0000000000
54745  -44.314  -11.715  61.409 0.0000000000
55594  -46.483  -10.919  61.454 0.0000000000
56448  -47.678  -9.799  59.298 0.0000000000
56438  -48.011  -10.125  60.094 0.0000000000
56432  -49.274  -9.430  60.965 0.0000000000
56431  -48.680  -9.778  61.159 0.0000000000
56426  -48.422  -9.507  61.792 0.0000000000
28705  -8.343  -42.109  91.496 0.0000000000
51322  -38.232  -16.121  64.598 0.0000000000
51323  -38.777  -15.885  64.140 0.0000000000
51334  -39.221  -15.481  63.447 0.0000000000
52214  -39.821  -14.921  63.248 0.0000000000
53060  -39.987  -14.084  62.917 0.0000000000
53068  -40.248  -13.217  62.596 0.0000000000
53899  -40.559  -12.485  62.204 0.0000000000
99641  -42.888  -12.015  60.391 0.0000000000
54776  -44.364  -11.695  59.498 0.0000000000
55620  -44.867  -11.180  59.057 0.0000000000
55636  -45.273  -10.496  58.657 0.0000000000
56457  -45.609  -9.691  58.315 0.0000000000
56482  -42.190  -9.129  56.915 0.0000000000
57279  -43.051  -9.014  57.182 0.0000000000
56469  -45.071  -9.054  57.882 0.0000000000
57269  -46.018  -8.812  58.051 0.0000000000
57283  -45.980  -7.989  57.694 0.0000000000
58143  -46.305  -7.532  57.497 0.0000000000
58156  -44.959  -7.224  56.713 0.0000000000
59031  -47.198  -6.058  56.419 0.0000000000
59899  -45.236  -5.997  54.791 0.0000000000
59910  -44.757  -6.027  54.444 0.0000000000
106240  -43.343  -6.770  53.072 0.0000000000
33498  -14.146  -36.290  89.107 0.0000000000
32719  -13.450  -36.833  89.531 0.0000000000
33484  -13.881  -36.370  91.099 0.0000000000
102297  -12.845  -37.403  89.763 0.0000000000
31850  -13.826  -36.865  95.297 0.0000000000
103103  -12.721  -37.112  93.346 0.0000000000
31853  -12.622  -37.685  94.507 0.0000000000
31858  -12.214  -37.647  93.962 0.0000000000
31864  -12.348  -37.674  92.838 0.0000000000
31869  -12.361  -37.617  91.787 0.0000000000
31868  -11.897  -38.187  91.427 0.0000000000
102298  -11.845  -38.408  90.494 0.0000000000
31128  -11.229  -38.969  90.248 0.0000000000
108120  -10.973  -39.246  90.699 0.0000000000
100902  -10.398  -39.756  92.221 0.0000000000
28699  -8.860  -41.778  92.174 0.0000000000
108040  -9.217  -42.336  92.353 0.0000000000
27959  -9.876  -42.668  92.639 0.0000000000
50283  -39.926  -16.597  80.088 0.0000000000
50314  -39.969  -16.386  75.145 0.0000000000
100575  -40.781  -15.225  75.740 0.0000000000
53754  -41.393  -12.434  77.489 0.0000000000
53765  -41.307  -11.779  76.818 0.0000000000
54592  -41.459  -10.974  76.613 0.0000000000
55444  -41.266  -11.244  75.260 0.0000000000
54625  -40.795  -11.795  73.990 0.0000000000
53807  -40.547  -12.372  72.907 0.0000000000
102588  -38.518  -13.544  71.081 0.0000000000
52974  -40.026  -13.425  70.736 0.0000000000
53000  -39.920  -14.104  69.269 0.0000000000
51220  -34.751  -14.946  70.082 0.0000000000
95810  -35.036  -14.222  69.744 0.0000000000
51300  -37.330  -15.838  66.510 0.0000000000
51313  -36.275  -16.231  65.713 0.0000000000
101900  -23.967  -29.559  89.298 0.0000000000
39648  -26.374  -28.550  86.908 0.0000000000
39637  -26.362  -28.382  87.761 0.0000000000
40578  -24.820  -27.626  79.356 0.0000000000
40579  -25.297  -27.603  80.117 0.0000000000
40571  -26.349  -27.257  81.049 0.0000000000
41416  -27.108  -26.898  81.264 0.0000000000
40561  -27.233  -27.243  81.953 0.0000000000
95109  -28.937  -26.729  82.741 0.0000000000
43225  -28.148  -24.964  75.424 0.0000000000
42380  -29.610  -25.441  76.280 0.0000000000
42361  -28.525  -25.446  77.572 0.0000000000
97105  -31.602  -26.031  77.796 0.0000000000
96123  -30.731  -25.717  77.997 0.0000000000
42328  -31.668  -25.709  79.339 0.0000000000
42344  -29.849  -25.510  78.288 0.0000000000
114154  -29.442  -25.579  78.756 0.0000000000
112628  -28.468  -25.739  79.450 0.0000000000
42285  -29.057  -26.026  80.781 0.0000000000
41418  -29.328  -26.188  81.633 0.0000000000
41378  -31.302  -26.138  84.804 0.0000000000
42234  -31.786  -25.844  84.900 0.0000000000
43161  -33.651  -24.931  83.634 0.0000000000
33530  -13.640  -35.973  85.264 0.0000000000
34331  -15.726  -34.618  86.069 0.0000000000
102145  -15.518  -35.062  88.226 0.0000000000
34316  -15.752  -34.948  88.827 0.0000000000
51317  -40.309  -15.452  65.658 0.0000000000
52192  -41.143  -15.086  65.913 0.0000000000
112695  -41.346  -14.833  65.353 0.0000000000
52184  -41.858  -14.790  66.468 0.0000000000
53034  -43.703  -13.643  67.016 0.0000000000
110419  -41.973  -13.059  64.713 0.0000000000
53881  -42.699  -12.307  65.184 0.0000000000
53870  -42.988  -12.883  65.627 0.0000000000
53018  -43.944  -13.507  67.714 0.0000000000
53849  -44.785  -12.636  68.207 0.0000000000
54672  -45.322  -12.008  68.645 0.0000000000
55583  -45.525  -10.325  62.870 0.0000000000
55568  -44.421  -10.096  64.339 0.0000000000
56398  -45.214  -9.210  65.768 0.0000000000
55559  -44.915  -9.683  65.981 0.0000000000
60670  -47.803  -4.837  54.814 0.0000000000
61456  -49.124  -3.855  53.894 0.0000000000
59068  -45.067  -6.842  52.888 0.0000000000
59913  -47.467  -5.025  53.329 0.0000000000
60684  -48.448  -4.174  53.344 0.0000000000
61466  -49.721  -3.472  53.612 0.0000000000
61475  -50.054  -3.473  52.885 0.0000000000
60694  -50.447  -3.597  51.986 0.0000000000
61483  -51.446  -3.440  51.699 0.0000000000
58194  -47.315  -7.570  50.558 0.0000000000
112868  -48.294  -7.117  50.795 0.0000000000
59932  -49.766  -5.539  50.435 0.0000000000
100919  -50.402  -4.992  50.406 0.0000000000
60709  -51.171  -4.328  50.447 0.0000000000
27243  -9.010  -42.994  91.825 0.0000000000
27956  -10.349  -42.286  93.216 0.0000000000
30305  -10.527  -39.697  93.075 0.0000000000
31852  -11.714  -38.299  94.150 0.0000000000
33449  -14.481  -35.854  94.779 0.0000000000
35092  -17.191  -34.257  89.861 0.0000000000
35126  -18.268  -33.140  85.526 0.0000000000
36795  -21.116  -31.425  87.652 0.0000000000
51312  -35.520  -16.247  65.785 0.0000000000
105522  -38.694  -15.932  64.698 0.0000000000
105684  -17.819  -33.702  87.028 0.0000000000
107944  -24.186  -29.178  86.303 0.0000000000
110512  -22.335  -29.907  84.845 0.0000000000
112866  -15.730  -35.043  90.081 0.0000000000
113427  -20.130  -32.892  90.621 0.0000000000
