#!ascii label  , from subject sub-v1s7x0051325_ses-1 vox2ras=TkReg
823
107706  -35.496  -21.589  72.538 0.0000000000
39742  -20.065  -27.907  76.457 0.0000000000
43256  -27.011  -24.116  73.241 0.0000000000
61440  -38.778  -3.984  55.894 0.0000000000
109446  -43.509  -3.649  50.282 0.0000000000
104277  -13.992  -29.168  81.806 0.0000000000
59006  -37.077  -6.558  58.765 0.0000000000
48595  -36.256  -18.662  70.649 0.0000000000
43273  -31.570  -24.554  72.473 0.0000000000
38815  -16.629  -28.618  78.831 0.0000000000
36849  -17.814  -32.371  82.202 0.0000000000
44965  -31.890  -21.915  69.704 0.0000000000
47737  -32.598  -19.169  68.841 0.0000000000
98410  -23.832  -25.884  74.730 0.0000000000
45870  -28.185  -21.137  71.825 0.0000000000
53072  -35.747  -13.778  60.983 0.0000000000
55615  -37.658  -10.779  59.282 0.0000000000
56480  -40.369  -9.244  56.704 0.0000000000
33528  -11.006  -36.083  84.654 0.0000000000
32738  -7.567  -36.603  87.491 0.0000000000
51236  -30.639  -15.726  69.307 0.0000000000
52182  -31.000  -14.912  66.805 0.0000000000
110674  -33.280  -16.231  63.576 0.0000000000
35140  -14.056  -34.013  82.791 0.0000000000
38807  -21.110  -29.512  79.318 0.0000000000
100187  -22.654  -28.382  78.116 0.0000000000
44084  -33.543  -23.376  72.584 0.0000000000
41465  -19.000  -26.043  77.396 0.0000000000
39732  -18.256  -28.699  77.485 0.0000000000
37907  -19.070  -30.657  79.437 0.0000000000
45873  -31.384  -21.006  72.434 0.0000000000
45893  -30.255  -22.051  70.561 0.0000000000
54739  -35.153  -11.501  61.395 0.0000000000
53914  -37.250  -12.743  60.618 0.0000000000
56445  -35.502  -9.325  59.984 0.0000000000
58141  -37.864  -7.515  57.196 0.0000000000
59026  -38.635  -6.889  56.304 0.0000000000
58152  -41.517  -7.803  55.979 0.0000000000
59896  -39.459  -5.405  54.428 0.0000000000
59909  -40.646  -5.775  53.240 0.0000000000
49429  -30.568  -17.498  70.509 0.0000000000
114097  -31.938  -18.059  68.562 0.0000000000
110420  -29.386  -15.742  70.347 0.0000000000
53016  -29.159  -13.833  67.500 0.0000000000
109379  -30.280  -13.774  65.432 0.0000000000
51309  -32.381  -15.884  65.554 0.0000000000
53052  -32.032  -13.676  63.812 0.0000000000
53058  -33.335  -13.271  63.107 0.0000000000
43239  -25.620  -24.524  74.469 0.0000000000
35959  -12.020  -32.277  83.081 0.0000000000
35981  -13.930  -32.062  81.689 0.0000000000
29520  -8.135  -40.345  87.379 0.0000000000
29506  -5.992  -40.601  89.092 0.0000000000
58112  -36.342  -7.141  60.689 0.0000000000
50340  -35.911  -16.591  70.554 0.0000000000
96006  -29.742  -24.861  72.635 0.0000000000
39700  -15.389  -28.692  80.032 0.0000000000
36872  -15.093  -31.305  80.735 0.0000000000
37889  -17.378  -31.292  79.827 0.0000000000
60718  -44.278  -4.301  49.304 0.0000000000
44958  -33.297  -22.398  70.164 0.0000000000
46790  -34.514  -20.654  70.028 0.0000000000
46796  -32.619  -20.883  69.540 0.0000000000
42373  -20.290  -25.501  76.495 0.0000000000
41477  -22.455  -27.176  75.724 0.0000000000
43220  -21.756  -24.291  74.737 0.0000000000
44925  -22.888  -22.717  73.943 0.0000000000
44933  -24.818  -21.896  72.961 0.0000000000
46764  -26.260  -20.099  73.334 0.0000000000
44088  -26.984  -22.947  71.418 0.0000000000
103699  -29.136  -23.460  70.445 0.0000000000
44104  -31.332  -23.180  70.137 0.0000000000
50470  -37.110  -16.320  62.739 0.0000000000
113599  -36.736  -9.296  58.236 0.0000000000
55642  -39.195  -10.328  57.622 0.0000000000
59073  -41.614  -6.009  51.886 0.0000000000
32749  -9.406  -36.264  85.670 0.0000000000
31147  -10.232  -39.030  86.843 0.0000000000
100341  -34.719  -18.853  68.767 0.0000000000
49450  -34.493  -17.406  68.856 0.0000000000
50361  -33.727  -15.470  69.247 0.0000000000
52123  -28.919  -14.590  69.180 0.0000000000
52142  -30.825  -14.905  68.594 0.0000000000
52125  -33.927  -14.813  69.229 0.0000000000
51276  -34.048  -15.072  67.643 0.0000000000
51312  -35.520  -16.247  65.785 0.0000000000
50442  -36.050  -16.646  64.161 0.0000000000
51342  -34.603  -15.446  61.983 0.0000000000
53897  -34.258  -12.336  62.511 0.0000000000
41467  -24.487  -27.117  77.555 0.0000000000
99380  -10.845  -33.082  84.391 0.0000000000
33540  -12.108  -35.148  83.518 0.0000000000
35151  -16.330  -33.465  82.776 0.0000000000
28710  -3.929  -41.007  89.860 0.0000000000
39721  -20.846  -29.188  77.644 0.0000000000
39722  -21.487  -29.135  78.541 0.0000000000
107843  -21.875  -28.645  77.758 0.0000000000
44943  -34.520  -22.299  72.187 0.0000000000
41475  -19.453  -26.698  76.695 0.0000000000
41464  -18.358  -26.595  77.552 0.0000000000
39733  -19.567  -28.422  76.907 0.0000000000
109840  -19.406  -29.604  77.671 0.0000000000
96229  -35.149  -10.096  61.384 0.0000000000
114109  -35.738  -11.039  60.508 0.0000000000
56437  -35.160  -9.290  60.887 0.0000000000
60651  -38.274  -4.604  57.134 0.0000000000
59878  -38.003  -5.418  56.647 0.0000000000
59887  -38.488  -5.444  55.668 0.0000000000
59044  -39.128  -5.885  54.968 0.0000000000
59888  -38.874  -5.022  54.955 0.0000000000
60676  -39.294  -4.558  54.475 0.0000000000
50348  -30.130  -16.882  70.314 0.0000000000
53869  -29.884  -12.441  66.223 0.0000000000
53051  -31.338  -13.734  64.506 0.0000000000
53878  -31.818  -11.956  64.933 0.0000000000
53879  -32.731  -11.879  64.322 0.0000000000
43240  -26.324  -24.517  74.571 0.0000000000
43223  -26.508  -24.839  75.349 0.0000000000
43224  -27.312  -24.839  75.305 0.0000000000
110108  -12.810  -30.560  82.663 0.0000000000
37867  -13.369  -30.454  81.875 0.0000000000
59929  -42.796  -5.322  50.733 0.0000000000
29511  -6.894  -40.806  88.371 0.0000000000
98871  -36.882  -19.266  72.300 0.0000000000
49432  -36.182  -17.711  70.521 0.0000000000
43272  -30.630  -24.732  72.325 0.0000000000
43245  -32.038  -25.180  73.771 0.0000000000
40576  -16.924  -27.153  79.147 0.0000000000
39701  -16.373  -27.708  79.445 0.0000000000
40565  -15.402  -27.731  80.763 0.0000000000
39710  -16.015  -28.633  79.369 0.0000000000
37904  -15.895  -30.296  79.576 0.0000000000
38803  -16.475  -29.636  79.009 0.0000000000
37892  -20.449  -30.337  80.421 0.0000000000
37891  -19.261  -31.015  80.187 0.0000000000
44966  -32.673  -22.062  69.618 0.0000000000
45903  -33.094  -21.480  69.531 0.0000000000
46788  -32.041  -21.228  69.736 0.0000000000
43209  -20.601  -24.647  76.943 0.0000000000
42374  -20.824  -25.104  75.985 0.0000000000
44048  -21.412  -23.871  75.728 0.0000000000
44914  -22.657  -21.825  75.404 0.0000000000
45844  -23.555  -21.050  74.456 0.0000000000
44932  -24.230  -22.309  73.433 0.0000000000
46762  -24.591  -20.453  73.571 0.0000000000
45859  -28.554  -20.960  73.224 0.0000000000
45858  -27.579  -20.719  72.633 0.0000000000
45868  -26.464  -21.292  71.979 0.0000000000
44948  -27.340  -22.220  70.850 0.0000000000
44090  -28.154  -23.647  70.855 0.0000000000
45891  -28.193  -22.048  70.563 0.0000000000
98813  -31.209  -21.634  70.100 0.0000000000
44956  -31.034  -22.448  70.024 0.0000000000
44957  -31.899  -22.563  69.805 0.0000000000
102005  -32.622  -22.661  70.013 0.0000000000
51355  -37.069  -15.484  61.542 0.0000000000
52225  -38.277  -14.839  62.056 0.0000000000
104513  -37.215  -14.351  61.119 0.0000000000
54770  -37.507  -11.381  59.903 0.0000000000
53906  -38.088  -12.407  60.696 0.0000000000
107653  -37.269  -6.567  60.282 0.0000000000
57261  -35.940  -8.579  59.032 0.0000000000
58132  -36.675  -7.264  58.227 0.0000000000
57289  -39.049  -8.351  56.668 0.0000000000
96392  -37.964  -9.037  57.298 0.0000000000
56463  -39.800  -9.973  57.161 0.0000000000
55631  -40.663  -10.969  58.236 0.0000000000
59916  -40.972  -5.510  52.327 0.0000000000
60690  -40.827  -4.692  52.120 0.0000000000
60698  -41.448  -4.254  51.684 0.0000000000
34336  -9.763  -34.413  85.667 0.0000000000
34328  -9.183  -34.737  86.273 0.0000000000
32750  -10.140  -36.082  85.157 0.0000000000
31154  -10.736  -38.391  86.452 0.0000000000
104533  -10.273  -39.935  88.387 0.0000000000
47730  -33.127  -19.666  68.980 0.0000000000
46798  -34.254  -20.172  69.373 0.0000000000
47738  -33.256  -19.073  68.603 0.0000000000
50359  -31.123  -16.596  69.144 0.0000000000
49464  -32.586  -17.563  68.542 0.0000000000
50372  -32.077  -16.451  68.807 0.0000000000
50362  -34.163  -16.529  68.964 0.0000000000
50360  -32.703  -15.394  69.068 0.0000000000
53835  -29.146  -13.085  69.487 0.0000000000
52181  -30.271  -14.661  66.517 0.0000000000
52158  -29.371  -14.430  67.842 0.0000000000
52160  -31.338  -14.785  67.830 0.0000000000
51259  -32.031  -14.799  68.751 0.0000000000
103342  -32.146  -14.747  67.963 0.0000000000
110621  -33.305  -14.890  67.815 0.0000000000
51296  -33.347  -15.467  66.973 0.0000000000
50457  -33.003  -16.407  64.165 0.0000000000
50422  -33.837  -16.493  65.071 0.0000000000
50440  -34.158  -16.664  64.384 0.0000000000
50424  -35.758  -16.461  65.023 0.0000000000
50459  -34.473  -16.589  63.602 0.0000000000
50468  -35.680  -16.443  62.632 0.0000000000
114128  -34.450  -16.071  62.446 0.0000000000
53892  -34.072  -11.960  63.378 0.0000000000
53059  -33.769  -12.759  62.730 0.0000000000
54730  -34.508  -11.628  63.033 0.0000000000
100165  -22.607  -26.568  75.107 0.0000000000
41478  -23.417  -26.882  75.859 0.0000000000
41479  -24.249  -26.610  76.327 0.0000000000
35147  -12.820  -33.125  82.465 0.0000000000
35138  -12.135  -33.713  82.895 0.0000000000
34350  -13.533  -34.548  83.218 0.0000000000
36862  -16.284  -32.125  80.968 0.0000000000
35983  -15.608  -32.476  81.336 0.0000000000
35960  -17.000  -33.041  82.193 0.0000000000
38794  -21.074  -29.728  80.242 0.0000000000
39702  -22.110  -28.979  80.072 0.0000000000
39714  -23.255  -28.531  79.668 0.0000000000
40577  -23.938  -28.090  79.340 0.0000000000
44083  -32.795  -23.649  72.158 0.0000000000
43261  -32.647  -24.640  73.331 0.0000000000
42319  -18.329  -25.388  78.721 0.0000000000
40585  -17.702  -27.179  77.804 0.0000000000
38828  -17.707  -29.170  77.716 0.0000000000
38817  -17.972  -30.180  77.961 0.0000000000
38818  -19.082  -29.925  78.171 0.0000000000
38805  -19.688  -30.170  78.964 0.0000000000
45885  -31.084  -21.040  71.047 0.0000000000
46781  -31.630  -20.805  70.222 0.0000000000
97363  -29.148  -21.213  72.489 0.0000000000
98053  -28.963  -21.331  71.402 0.0000000000
45884  -30.401  -21.477  70.878 0.0000000000
53078  -35.820  -12.866  60.815 0.0000000000
53079  -36.511  -13.290  60.760 0.0000000000
53912  -35.843  -12.171  60.692 0.0000000000
55603  -36.186  -10.883  60.009 0.0000000000
55614  -36.865  -10.816  59.570 0.0000000000
59014  -37.000  -6.725  57.899 0.0000000000
59015  -37.570  -6.639  57.399 0.0000000000
58149  -38.566  -7.626  56.738 0.0000000000
57290  -39.958  -8.335  56.368 0.0000000000
57291  -40.950  -8.467  56.386 0.0000000000
114454  -39.938  -7.602  55.999 0.0000000000
59037  -40.646  -6.714  55.037 0.0000000000
59046  -40.936  -6.333  54.247 0.0000000000
59897  -40.072  -5.723  53.980 0.0000000000
60681  -39.624  -4.195  53.842 0.0000000000
32756  -12.005  -36.366  84.562 0.0000000000
32751  -11.536  -36.824  85.139 0.0000000000
32745  -12.589  -37.108  86.183 0.0000000000
48603  -31.284  -18.426  69.297 0.0000000000
48613  -31.590  -18.234  68.785 0.0000000000
49439  -30.752  -18.014  69.798 0.0000000000
50358  -30.427  -16.644  69.701 0.0000000000
50347  -29.711  -16.214  70.072 0.0000000000
53847  -29.148  -13.049  67.960 0.0000000000
53856  -29.446  -12.905  66.942 0.0000000000
53868  -29.660  -13.147  66.175 0.0000000000
52190  -30.304  -14.507  65.781 0.0000000000
51294  -31.556  -15.538  66.122 0.0000000000
52191  -30.909  -15.006  65.437 0.0000000000
51320  -31.837  -15.320  64.362 0.0000000000
52212  -32.154  -14.686  63.669 0.0000000000
52213  -32.745  -14.827  63.076 0.0000000000
53057  -32.711  -13.851  63.329 0.0000000000
43221  -25.210  -25.015  74.836 0.0000000000
42392  -24.742  -25.615  75.226 0.0000000000
43222  -25.895  -24.846  75.296 0.0000000000
35971  -12.623  -32.142  82.438 0.0000000000
35148  -13.692  -33.348  82.332 0.0000000000
31144  -7.479  -38.249  87.248 0.0000000000
31886  -6.907  -37.309  88.607 0.0000000000
97559  -6.940  -39.362  87.932 0.0000000000
30322  -5.961  -39.597  89.198 0.0000000000
30316  -5.339  -39.316  90.107 0.0000000000
51212  -36.024  -15.506  70.682 0.0000000000
43257  -27.952  -24.592  73.394 0.0000000000
98851  -28.046  -24.831  74.577 0.0000000000
39693  -14.802  -28.045  81.455 0.0000000000
39692  -14.513  -28.995  81.161 0.0000000000
37886  -14.532  -30.635  80.844 0.0000000000
37887  -15.273  -30.589  80.233 0.0000000000
112855  -15.853  -30.834  79.990 0.0000000000
97993  -17.873  -32.022  81.366 0.0000000000
37890  -18.380  -31.131  79.810 0.0000000000
37869  -18.799  -31.403  80.557 0.0000000000
36850  -18.551  -31.955  82.186 0.0000000000
61490  -43.840  -4.115  49.850 0.0000000000
44950  -34.365  -22.165  71.320 0.0000000000
45886  -34.638  -21.580  70.951 0.0000000000
45895  -34.196  -21.357  70.201 0.0000000000
107129  -33.080  -20.917  69.425 0.0000000000
47729  -32.440  -19.541  69.350 0.0000000000
46789  -32.288  -20.372  69.745 0.0000000000
47724  -32.061  -19.620  70.290 0.0000000000
48604  -31.822  -19.061  69.824 0.0000000000
49431  -31.562  -18.303  71.353 0.0000000000
41476  -20.125  -26.492  76.157 0.0000000000
40605  -21.324  -27.785  76.194 0.0000000000
40614  -20.784  -26.689  75.667 0.0000000000
106957  -21.903  -26.009  74.788 0.0000000000
42406  -22.251  -25.189  74.482 0.0000000000
44896  -22.129  -22.444  75.808 0.0000000000
44061  -22.320  -23.457  74.384 0.0000000000
43237  -23.636  -24.458  73.941 0.0000000000
44063  -23.975  -23.646  73.793 0.0000000000
44072  -25.050  -22.971  73.468 0.0000000000
44073  -26.177  -23.470  73.034 0.0000000000
113296  -25.552  -19.771  73.827 0.0000000000
45857  -25.118  -20.941  72.853 0.0000000000
44942  -25.976  -21.869  72.102 0.0000000000
44082  -26.893  -23.595  72.259 0.0000000000
102591  -27.661  -23.811  71.584 0.0000000000
43282  -29.344  -24.395  71.194 0.0000000000
43283  -30.361  -24.358  71.176 0.0000000000
106867  -29.348  -22.876  70.332 0.0000000000
43296  -30.237  -23.888  70.516 0.0000000000
43285  -31.922  -24.049  71.755 0.0000000000
44092  -32.503  -23.424  71.237 0.0000000000
44949  -33.751  -22.577  70.941 0.0000000000
41466  -19.704  -25.838  76.955 0.0000000000
53074  -37.934  -13.193  61.013 0.0000000000
57260  -35.598  -8.653  59.653 0.0000000000
56446  -35.896  -9.248  59.351 0.0000000000
55628  -36.963  -10.293  58.917 0.0000000000
57277  -37.435  -8.215  57.433 0.0000000000
55640  -37.799  -9.777  57.703 0.0000000000
55616  -38.455  -10.745  59.052 0.0000000000
55618  -40.137  -11.091  59.005 0.0000000000
59922  -42.131  -5.782  51.313 0.0000000000
60699  -42.145  -4.719  51.260 0.0000000000
62316  -42.905  -3.149  50.710 0.0000000000
33512  -8.636  -34.939  86.891 0.0000000000
107257  -8.144  -36.600  86.824 0.0000000000
31909  -10.407  -37.699  85.935 0.0000000000
113204  -9.131  -37.738  86.234 0.0000000000
31152  -8.790  -38.108  86.483 0.0000000000
30335  -8.665  -39.702  86.920 0.0000000000
46791  -35.327  -20.357  70.624 0.0000000000
47725  -35.603  -19.351  70.020 0.0000000000
112388  -35.339  -18.845  69.272 0.0000000000
48625  -33.403  -18.288  68.513 0.0000000000
48615  -34.314  -18.135  68.669 0.0000000000
48605  -35.820  -18.321  69.823 0.0000000000
49441  -35.441  -17.343  70.008 0.0000000000
50349  -34.591  -15.750  69.695 0.0000000000
51220  -34.751  -14.946  70.082 0.0000000000
51234  -29.182  -15.229  69.791 0.0000000000
51235  -29.728  -15.697  69.613 0.0000000000
52139  -28.948  -14.235  68.161 0.0000000000
52141  -29.757  -14.828  68.477 0.0000000000
51258  -31.362  -15.118  69.036 0.0000000000
51237  -32.400  -14.988  69.094 0.0000000000
51238  -33.363  -15.024  69.223 0.0000000000
51310  -33.398  -15.951  65.870 0.0000000000
51297  -34.351  -15.760  66.614 0.0000000000
50461  -36.414  -16.585  63.282 0.0000000000
51343  -35.944  -16.065  61.940 0.0000000000
51353  -35.423  -15.324  61.516 0.0000000000
52224  -34.043  -14.693  62.049 0.0000000000
113980  -34.289  -13.967  61.893 0.0000000000
53071  -34.854  -13.689  61.491 0.0000000000
105039  -34.749  -11.812  62.047 0.0000000000
56422  -35.053  -10.188  62.200 0.0000000000
40596  -22.623  -28.052  77.302 0.0000000000
40598  -23.954  -27.542  77.885 0.0000000000
42358  -25.538  -26.163  77.122 0.0000000000
34341  -10.616  -34.644  84.308 0.0000000000
35958  -11.571  -32.834  83.462 0.0000000000
35137  -11.303  -33.849  83.513 0.0000000000
33535  -11.618  -35.631  84.064 0.0000000000
33536  -12.524  -35.806  84.070 0.0000000000
36860  -14.384  -31.454  81.220 0.0000000000
35974  -15.140  -33.060  81.845 0.0000000000
35150  -15.497  -33.512  82.507 0.0000000000
28713  -5.406  -42.233  89.819 0.0000000000
29500  -4.659  -40.643  89.992 0.0000000000
30314  -3.975  -39.661  91.025 0.0000000000
39734  -20.402  -28.664  76.861 0.0000000000
39735  -21.186  -28.592  77.093 0.0000000000
44944  -35.095  -22.052  72.723 0.0000000000
40594  -19.393  -27.519  76.747 0.0000000000
38830  -19.950  -29.336  77.262 0.0000000000
56430  -34.939  -9.291  61.794 0.0000000000
57243  -35.198  -8.473  61.363 0.0000000000
60661  -38.714  -3.949  56.715 0.0000000000
60660  -38.325  -4.626  56.223 0.0000000000
60668  -38.627  -4.645  55.553 0.0000000000
60669  -39.049  -4.187  55.163 0.0000000000
43255  -26.460  -24.137  73.833 0.0000000000
112467  -26.776  -24.680  74.944 0.0000000000
43241  -27.127  -24.513  74.330 0.0000000000
38777  -13.544  -29.599  81.996 0.0000000000
60708  -43.410  -4.588  50.288 0.0000000000
100601  -36.537  -18.056  71.206 0.0000000000
43260  -31.292  -24.905  73.195 0.0000000000
114708  -31.980  -24.742  73.110 0.0000000000
39711  -16.803  -27.881  78.795 0.0000000000
114551  -15.853  -27.981  79.974 0.0000000000
45902  -32.582  -21.449  69.566 0.0000000000
43215  -21.082  -24.275  76.368 0.0000000000
46749  -23.639  -20.515  75.027 0.0000000000
113052  -23.998  -20.916  73.879 0.0000000000
46750  -24.137  -20.257  74.341 0.0000000000
45869  -27.212  -21.127  71.761 0.0000000000
45881  -27.672  -21.472  71.016 0.0000000000
52233  -36.011  -14.701  61.110 0.0000000000
101487  -36.778  -14.875  61.164 0.0000000000
53073  -36.565  -14.121  60.948 0.0000000000
105055  -38.275  -11.676  60.313 0.0000000000
113160  -38.996  -10.969  59.621 0.0000000000
58125  -36.804  -6.886  59.259 0.0000000000
56479  -39.452  -9.121  56.820 0.0000000000
56464  -40.764  -10.002  57.046 0.0000000000
61474  -40.964  -3.774  52.138 0.0000000000
33527  -10.214  -35.127  84.823 0.0000000000
50373  -33.172  -16.405  68.787 0.0000000000
102238  -31.655  -15.474  69.120 0.0000000000
52159  -30.237  -14.703  67.551 0.0000000000
51274  -31.836  -15.023  67.086 0.0000000000
51275  -32.638  -15.050  67.436 0.0000000000
50439  -33.519  -16.560  64.454 0.0000000000
50458  -33.659  -16.584  63.838 0.0000000000
50466  -33.913  -16.323  63.039 0.0000000000
109530  -23.375  -26.367  75.119 0.0000000000
41487  -24.128  -26.273  75.558 0.0000000000
35139  -13.107  -33.937  82.691 0.0000000000
111560  -14.329  -34.415  83.413 0.0000000000
35985  -17.137  -32.435  81.369 0.0000000000
32728  -7.245  -36.587  88.313 0.0000000000
46784  -36.431  -19.814  71.950 0.0000000000
38795  -21.617  -29.319  79.996 0.0000000000
39723  -22.278  -28.736  78.691 0.0000000000
39724  -23.105  -28.349  78.839 0.0000000000
43275  -33.094  -24.012  72.923 0.0000000000
41452  -18.987  -25.335  78.203 0.0000000000
109748  -18.475  -25.869  77.971 0.0000000000
40593  -18.583  -27.779  77.263 0.0000000000
39731  -17.651  -28.179  77.668 0.0000000000
38829  -18.524  -29.463  77.650 0.0000000000
38819  -20.078  -29.862  77.992 0.0000000000
106317  -20.411  -29.840  78.853 0.0000000000
38806  -20.436  -30.025  79.609 0.0000000000
46774  -31.713  -20.453  71.503 0.0000000000
45860  -30.005  -21.381  72.985 0.0000000000
53905  -35.220  -12.257  61.206 0.0000000000
54752  -35.543  -11.575  60.830 0.0000000000
55613  -35.517  -10.226  60.441 0.0000000000
54769  -36.765  -11.367  59.952 0.0000000000
99720  -36.199  -10.039  59.576 0.0000000000
59007  -37.401  -5.948  58.058 0.0000000000
104805  -37.723  -5.884  57.278 0.0000000000
59034  -38.333  -6.125  56.120 0.0000000000
59025  -38.022  -6.317  56.757 0.0000000000
58150  -39.255  -7.671  56.254 0.0000000000
58160  -39.458  -7.061  55.823 0.0000000000
59036  -39.712  -6.629  55.212 0.0000000000
59045  -39.989  -6.207  54.551 0.0000000000
61454  -39.424  -3.661  54.679 0.0000000000
109765  -30.931  -18.056  70.620 0.0000000000
50338  -29.713  -16.292  70.831 0.0000000000
53877  -30.125  -12.974  65.600 0.0000000000
53042  -29.808  -13.757  65.888 0.0000000000
52189  -29.810  -14.211  66.252 0.0000000000
52201  -30.741  -14.261  65.113 0.0000000000
52203  -31.651  -14.478  64.181 0.0000000000
53886  -32.860  -12.782  63.650 0.0000000000
43238  -24.695  -24.480  74.154 0.0000000000
43217  -26.972  -25.086  76.073 0.0000000000
36848  -13.074  -31.307  82.194 0.0000000000
110513  -13.344  -31.906  81.991 0.0000000000
35972  -13.412  -32.567  82.100 0.0000000000
30334  -7.545  -39.331  87.234 0.0000000000
30328  -7.286  -40.155  87.772 0.0000000000
30327  -6.551  -39.974  88.337 0.0000000000
30321  -5.307  -40.127  89.717 0.0000000000
49433  -36.556  -17.193  71.207 0.0000000000
50341  -36.615  -16.193  71.135 0.0000000000
43258  -28.907  -24.801  72.939 0.0000000000
43242  -28.866  -24.835  73.952 0.0000000000
101286  -29.629  -24.979  73.521 0.0000000000
100756  -14.980  -28.502  80.730 0.0000000000
39699  -14.934  -29.144  80.449 0.0000000000
38792  -14.717  -29.834  80.601 0.0000000000
38793  -15.253  -29.681  79.965 0.0000000000
37905  -16.801  -30.626  79.290 0.0000000000
37888  -16.436  -31.060  79.891 0.0000000000
36874  -16.993  -31.803  80.541 0.0000000000
37906  -18.217  -30.526  79.061 0.0000000000
37870  -19.467  -31.160  81.134 0.0000000000
36863  -18.711  -31.686  81.304 0.0000000000
44959  -34.005  -22.041  70.488 0.0000000000
106204  -32.910  -20.254  69.377 0.0000000000
46782  -32.038  -20.096  70.765 0.0000000000
47720  -32.240  -19.579  71.420 0.0000000000
48594  -32.014  -19.034  71.164 0.0000000000
49440  -31.259  -18.562  70.223 0.0000000000
42389  -20.705  -25.970  75.716 0.0000000000
103796  -21.296  -24.724  75.435 0.0000000000
42390  -21.278  -25.583  75.291 0.0000000000
111219  -21.628  -25.192  74.814 0.0000000000
102204  -22.994  -21.835  74.567 0.0000000000
44913  -22.371  -22.568  74.809 0.0000000000
43236  -22.612  -24.384  74.135 0.0000000000
44062  -22.985  -23.618  73.782 0.0000000000
99783  -23.310  -23.180  73.710 0.0000000000
45856  -24.348  -21.317  73.401 0.0000000000
113901  -25.594  -23.239  73.307 0.0000000000
44080  -25.537  -22.531  72.758 0.0000000000
46753  -27.178  -20.071  74.107 0.0000000000
46752  -26.369  -19.685  74.394 0.0000000000
46763  -25.320  -20.256  73.308 0.0000000000
46772  -25.887  -20.661  72.605 0.0000000000
44947  -26.618  -22.031  71.469 0.0000000000
44081  -26.313  -22.719  72.078 0.0000000000
43269  -27.532  -24.178  72.518 0.0000000000
44101  -28.563  -23.380  70.573 0.0000000000
43294  -28.857  -23.952  70.753 0.0000000000
43295  -29.604  -24.036  70.632 0.0000000000
45883  -29.443  -21.622  70.907 0.0000000000
45892  -29.158  -22.123  70.547 0.0000000000
44955  -30.004  -22.689  70.352 0.0000000000
44103  -30.526  -23.270  70.254 0.0000000000
43297  -30.892  -23.829  70.600 0.0000000000
44091  -31.682  -23.646  70.864 0.0000000000
44106  -32.990  -22.907  70.682 0.0000000000
110002  -34.028  -22.590  71.687 0.0000000000
42356  -19.977  -25.000  77.400 0.0000000000
50444  -38.043  -16.157  63.870 0.0000000000
53913  -36.455  -12.469  60.542 0.0000000000
53080  -37.230  -13.651  60.919 0.0000000000
58096  -35.599  -7.733  60.891 0.0000000000
58111  -35.736  -7.774  59.797 0.0000000000
100615  -36.471  -8.770  58.357 0.0000000000
56453  -36.447  -9.471  58.774 0.0000000000
56454  -37.090  -9.781  58.225 0.0000000000
58140  -37.053  -7.350  57.655 0.0000000000
56462  -38.766  -9.670  57.290 0.0000000000
55641  -38.440  -10.221  57.784 0.0000000000
55629  -37.836  -10.391  58.379 0.0000000000
55630  -38.783  -10.564  58.243 0.0000000000
55617  -39.277  -10.841  58.975 0.0000000000
107405  -39.714  -10.735  58.091 0.0000000000
58151  -40.653  -7.737  55.997 0.0000000000
59065  -42.043  -6.426  52.314 0.0000000000
61481  -41.456  -3.446  51.777 0.0000000000
61482  -42.123  -3.558  51.292 0.0000000000
33519  -8.866  -35.562  86.134 0.0000000000
33511  -8.321  -35.753  86.803 0.0000000000
32744  -8.688  -36.440  86.175 0.0000000000
31921  -11.020  -37.283  85.558 0.0000000000
31910  -11.283  -37.863  86.143 0.0000000000
31153  -9.734  -38.247  86.285 0.0000000000
31146  -9.249  -38.988  86.664 0.0000000000
31145  -8.223  -38.657  86.811 0.0000000000
30336  -9.694  -39.752  87.140 0.0000000000
30323  -9.980  -40.331  88.651 0.0000000000
45896  -34.785  -21.007  70.631 0.0000000000
110218  -34.870  -19.535  69.211 0.0000000000
46799  -34.879  -20.001  69.895 0.0000000000
48624  -32.404  -18.538  68.605 0.0000000000
49465  -33.753  -17.395  68.641 0.0000000000
48616  -35.107  -17.978  69.113 0.0000000000
49451  -34.809  -16.926  69.412 0.0000000000
51239  -34.324  -14.939  69.577 0.0000000000
52108  -28.952  -14.507  69.866 0.0000000000
51256  -29.385  -14.968  69.153 0.0000000000
52999  -28.834  -13.803  68.362 0.0000000000
51257  -30.197  -15.230  69.076 0.0000000000
52124  -33.031  -14.833  68.959 0.0000000000
51311  -34.246  -16.206  65.723 0.0000000000
105066  -34.864  -16.164  65.973 0.0000000000
51313  -36.275  -16.231  65.713 0.0000000000
50425  -36.768  -16.455  64.904 0.0000000000
102357  -36.825  -16.596  64.052 0.0000000000
50443  -37.500  -16.392  64.371 0.0000000000
102184  -35.129  -16.090  62.124 0.0000000000
113472  -33.132  -14.070  62.854 0.0000000000
52223  -33.391  -14.795  62.567 0.0000000000
53065  -33.685  -13.775  62.414 0.0000000000
99214  -34.198  -13.173  62.080 0.0000000000
53904  -34.708  -12.734  61.756 0.0000000000
54731  -34.943  -11.106  62.631 0.0000000000
40615  -21.481  -27.193  75.652 0.0000000000
40606  -22.152  -27.760  76.336 0.0000000000
40597  -23.872  -27.115  76.965 0.0000000000
108082  -23.367  -27.692  77.332 0.0000000000
40588  -24.370  -27.647  78.633 0.0000000000
98706  -24.650  -27.341  78.084 0.0000000000
42376  -25.915  -25.651  76.509 0.0000000000
42375  -24.934  -25.927  76.299 0.0000000000
43226  -28.966  -25.094  74.926 0.0000000000
35130  -10.316  -33.955  84.930 0.0000000000
102969  -10.736  -34.065  84.063 0.0000000000
36834  -11.727  -31.872  83.734 0.0000000000
35949  -11.297  -32.077  84.399 0.0000000000
34349  -12.603  -34.549  83.112 0.0000000000
34348  -11.824  -34.452  83.255 0.0000000000
34342  -11.231  -34.769  83.748 0.0000000000
114824  -15.061  -31.856  81.123 0.0000000000
35975  -16.048  -33.229  81.868 0.0000000000
61499  -44.155  -3.173  49.637 0.0000000000
110610  -4.756  -42.183  89.764 0.0000000000
28712  -4.476  -41.383  89.837 0.0000000000
29499  -4.024  -40.378  90.280 0.0000000000
38820  -20.784  -29.532  78.448 0.0000000000
44085  -34.053  -22.840  72.374 0.0000000000
96337  -18.917  -26.894  77.112 0.0000000000
106999  -19.070  -28.912  77.365 0.0000000000
55591  -35.082  -10.941  61.798 0.0000000000
55602  -35.313  -10.879  61.053 0.0000000000
59035  -38.874  -6.383  55.607 0.0000000000
50339  -30.391  -16.854  71.442 0.0000000000
51211  -29.996  -16.044  71.841 0.0000000000
51210  -29.467  -15.543  71.239 0.0000000000
53043  -30.736  -13.312  65.028 0.0000000000
101221  -30.875  -12.412  65.183 0.0000000000
106397  -31.313  -12.796  64.694 0.0000000000
53885  -31.933  -12.732  64.184 0.0000000000
109590  -26.091  -24.652  74.998 0.0000000000
36859  -13.644  -31.356  81.634 0.0000000000
59930  -43.443  -5.558  50.288 0.0000000000
29513  -8.588  -40.923  87.948 0.0000000000
29512  -7.703  -40.880  87.987 0.0000000000
28732  -7.327  -41.427  88.514 0.0000000000
28721  -6.402  -41.605  89.217 0.0000000000
43259  -30.435  -25.024  73.279 0.0000000000
41439  -17.267  -26.295  79.660 0.0000000000
40567  -16.784  -26.779  80.066 0.0000000000
40566  -16.153  -27.229  80.417 0.0000000000
38802  -15.732  -29.412  79.482 0.0000000000
37908  -19.852  -30.619  79.817 0.0000000000
110411  -19.878  -30.771  80.563 0.0000000000
45894  -33.474  -21.753  69.819 0.0000000000
45832  -23.156  -21.101  75.184 0.0000000000
44931  -23.588  -21.790  73.871 0.0000000000
44926  -23.678  -22.779  73.676 0.0000000000
45845  -27.957  -20.569  73.787 0.0000000000
46765  -27.098  -20.320  73.211 0.0000000000
46773  -26.706  -20.638  72.504 0.0000000000
45880  -27.041  -21.589  71.306 0.0000000000
44089  -27.563  -23.145  70.929 0.0000000000
44100  -28.033  -22.876  70.580 0.0000000000
44954  -28.718  -22.771  70.425 0.0000000000
44105  -32.182  -23.121  70.359 0.0000000000
51344  -36.762  -15.964  62.042 0.0000000000
51345  -37.644  -15.689  62.202 0.0000000000
52234  -37.536  -14.924  61.509 0.0000000000
52235  -37.944  -14.080  61.373 0.0000000000
112407  -37.609  -12.030  60.357 0.0000000000
105046  -36.510  -6.989  59.852 0.0000000000
58124  -36.270  -7.740  58.810 0.0000000000
57278  -38.302  -8.285  57.072 0.0000000000
56478  -38.728  -8.919  57.000 0.0000000000
112189  -39.752  -10.430  57.553 0.0000000000
55643  -40.306  -10.514  57.529 0.0000000000
55644  -41.204  -10.602  57.569 0.0000000000
60689  -40.288  -5.006  52.696 0.0000000000
59921  -41.436  -5.240  51.719 0.0000000000
33526  -9.534  -35.352  85.550 0.0000000000
46797  -33.525  -20.220  69.277 0.0000000000
47731  -34.017  -19.539  68.833 0.0000000000
49463  -31.588  -17.571  68.710 0.0000000000
52981  -28.785  -13.929  69.190 0.0000000000
52180  -29.648  -14.304  66.981 0.0000000000
52161  -32.808  -14.757  68.332 0.0000000000
52143  -33.698  -14.733  68.568 0.0000000000
51321  -32.377  -15.960  64.690 0.0000000000
50421  -33.080  -16.263  64.950 0.0000000000
50423  -34.765  -16.478  65.183 0.0000000000
50441  -35.098  -16.577  64.303 0.0000000000
50460  -35.409  -16.596  63.442 0.0000000000
50467  -34.806  -16.435  62.818 0.0000000000
53891  -33.551  -12.494  63.337 0.0000000000
101049  -12.219  -32.859  82.811 0.0000000000
33541  -13.059  -35.207  83.614 0.0000000000
34343  -14.041  -34.942  84.025 0.0000000000
36861  -15.576  -31.832  80.890 0.0000000000
35984  -16.453  -32.719  81.504 0.0000000000
48596  -36.634  -18.862  71.637 0.0000000000
38785  -20.991  -29.962  81.108 0.0000000000
38796  -21.899  -29.392  80.867 0.0000000000
39712  -21.857  -29.044  79.384 0.0000000000
39713  -22.571  -28.748  79.520 0.0000000000
43274  -32.343  -24.272  72.644 0.0000000000
41440  -17.726  -25.761  79.173 0.0000000000
41451  -17.905  -26.204  78.245 0.0000000000
41450  -17.403  -26.687  78.712 0.0000000000
40584  -17.214  -27.602  78.374 0.0000000000
39720  -17.149  -28.504  78.262 0.0000000000
38816  -17.169  -29.475  78.323 0.0000000000
38804  -18.796  -30.339  78.688 0.0000000000
45882  -28.540  -21.536  70.911 0.0000000000
45871  -29.747  -21.385  71.656 0.0000000000
45872  -30.598  -21.265  72.005 0.0000000000
54753  -36.227  -11.652  60.346 0.0000000000
54754  -36.983  -11.995  60.199 0.0000000000
102961  -38.138  -6.998  56.891 0.0000000000
56481  -41.295  -9.239  56.735 0.0000000000
58161  -40.296  -7.162  55.596 0.0000000000
58162  -41.145  -7.169  55.545 0.0000000000
59908  -39.875  -5.117  53.410 0.0000000000
59907  -39.609  -5.032  54.017 0.0000000000
60682  -39.922  -4.431  53.101 0.0000000000
31922  -11.856  -37.423  85.716 0.0000000000
48614  -31.917  -18.878  68.961 0.0000000000
49449  -30.970  -17.670  69.192 0.0000000000
49448  -30.539  -17.381  69.789 0.0000000000
105711  -29.931  -12.108  66.899 0.0000000000
53032  -29.541  -13.724  66.570 0.0000000000
51293  -30.854  -15.234  65.991 0.0000000000
51308  -31.562  -15.558  65.335 0.0000000000
52202  -31.258  -14.830  64.784 0.0000000000
51330  -32.585  -15.693  63.760 0.0000000000
51331  -33.254  -15.639  63.032 0.0000000000
54714  -34.329  -11.382  64.281 0.0000000000
42408  -24.310  -25.213  74.366 0.0000000000
42393  -25.531  -25.307  75.749 0.0000000000
43216  -26.295  -25.251  75.936 0.0000000000
36835  -12.126  -31.555  83.153 0.0000000000
36847  -12.546  -31.265  82.698 0.0000000000
35976  -18.422  -32.305  82.939 0.0000000000
31894  -7.238  -37.411  87.697 0.0000000000
31139  -6.933  -38.358  88.004 0.0000000000
31132  -6.472  -37.955  89.090 0.0000000000
31138  -6.411  -38.987  88.584 0.0000000000
31131  -5.982  -38.652  89.618 0.0000000000
110847  -37.228  -6.371  59.724 0.0000000000
39685  -14.651  -27.588  82.406 0.0000000000
39684  -14.267  -28.413  82.086 0.0000000000
38784  -13.987  -29.909  81.259 0.0000000000
36873  -15.893  -31.414  80.375 0.0000000000
37923  -17.311  -30.317  78.699 0.0000000000
102921  -17.638  -30.793  79.337 0.0000000000
36875  -18.059  -31.679  80.512 0.0000000000
45875  -34.973  -21.655  71.911 0.0000000000
45904  -33.684  -20.952  69.594 0.0000000000
49430  -31.031  -17.607  71.529 0.0000000000
108058  -31.575  -17.781  72.397 0.0000000000
39743  -20.857  -28.101  76.498 0.0000000000
40604  -20.564  -27.373  75.996 0.0000000000
41485  -21.367  -26.377  75.353 0.0000000000
41486  -21.941  -26.701  75.225 0.0000000000
42391  -22.835  -25.938  74.625 0.0000000000
42407  -23.241  -25.241  74.215 0.0000000000
44037  -21.583  -22.999  76.266 0.0000000000
44049  -21.807  -23.249  75.206 0.0000000000
44064  -24.939  -23.806  73.885 0.0000000000
44071  -24.387  -23.125  73.647 0.0000000000
44065  -25.746  -23.867  73.804 0.0000000000
110442  -24.715  -19.854  74.811 0.0000000000
46751  -24.828  -19.785  73.922 0.0000000000
45867  -25.782  -21.203  72.379 0.0000000000
44941  -25.409  -21.642  72.567 0.0000000000
43270  -28.246  -24.459  72.252 0.0000000000
43281  -28.520  -24.232  71.345 0.0000000000
43271  -29.080  -24.610  72.006 0.0000000000
98578  -29.823  -24.631  71.839 0.0000000000
43284  -31.151  -24.416  71.771 0.0000000000
44102  -29.805  -23.423  70.363 0.0000000000
114487  -31.212  -24.122  71.197 0.0000000000
44093  -33.373  -23.018  71.680 0.0000000000
42355  -19.418  -25.335  77.640 0.0000000000
40603  -19.887  -27.231  76.325 0.0000000000
51346  -38.495  -15.525  62.771 0.0000000000
57251  -35.348  -8.485  60.382 0.0000000000
58131  -36.675  -8.068  57.926 0.0000000000
57268  -37.034  -9.033  57.758 0.0000000000
59082  -42.715  -6.390  50.873 0.0000000000
61489  -42.770  -4.127  50.681 0.0000000000
62311  -43.178  -2.281  50.834 0.0000000000
33503  -8.103  -35.132  87.680 0.0000000000
32739  -7.940  -35.974  87.377 0.0000000000
111615  -10.780  -36.650  85.191 0.0000000000
31920  -10.174  -36.904  85.515 0.0000000000
31908  -9.432  -37.251  85.964 0.0000000000
31907  -8.618  -37.272  86.371 0.0000000000
31895  -7.911  -37.537  86.913 0.0000000000
30329  -9.853  -40.148  87.897 0.0000000000
29521  -9.111  -40.423  87.418 0.0000000000
45887  -35.217  -21.039  71.305 0.0000000000
47721  -36.041  -19.626  71.076 0.0000000000
47739  -33.988  -18.816  68.583 0.0000000000
50350  -35.120  -16.438  70.099 0.0000000000
99283  -35.189  -15.598  70.313 0.0000000000
106760  -29.208  -14.253  70.698 0.0000000000
51219  -29.182  -15.048  70.550 0.0000000000
113324  -29.434  -15.767  69.954 0.0000000000
52122  -28.830  -14.254  68.672 0.0000000000
52140  -29.097  -14.542  68.556 0.0000000000
52109  -34.844  -14.448  69.932 0.0000000000
103967  -34.492  -14.579  69.160 0.0000000000
51295  -32.458  -15.580  66.445 0.0000000000
50462  -37.309  -16.423  63.561 0.0000000000
50469  -36.396  -16.363  62.499 0.0000000000
51354  -36.322  -15.474  61.417 0.0000000000
51341  -33.890  -15.579  62.444 0.0000000000
52231  -34.731  -14.608  61.616 0.0000000000
52232  -35.347  -14.443  61.276 0.0000000000
105259  -35.234  -13.085  61.238 0.0000000000
56423  -35.233  -9.498  62.629 0.0000000000
40595  -21.713  -28.183  76.891 0.0000000000
40607  -23.037  -27.554  76.541 0.0000000000
40586  -23.243  -27.981  78.015 0.0000000000
40587  -23.717  -27.909  78.549 0.0000000000
42357  -24.719  -26.620  77.026 0.0000000000
42340  -26.149  -26.371  77.839 0.0000000000
41468  -25.225  -26.869  77.800 0.0000000000
41453  -25.079  -27.236  78.631 0.0000000000
43225  -28.148  -24.964  75.424 0.0000000000
113095  -10.890  -35.288  84.241 0.0000000000
33529  -12.858  -36.281  84.811 0.0000000000
33537  -13.441  -35.706  84.377 0.0000000000
37868  -13.911  -30.757  81.275 0.0000000000
35982  -14.705  -32.289  81.486 0.0000000000
35973  -14.232  -32.813  81.932 0.0000000000
35149  -14.605  -33.493  82.375 0.0000000000
99074  -15.015  -33.986  83.160 0.0000000000
35961  -17.750  -32.792  83.015 0.0000000000
35141  -17.121  -33.389  83.209 0.0000000000
110781  -15.814  -33.733  83.233 0.0000000000
28720  -5.289  -41.269  89.634 0.0000000000
29505  -5.324  -40.662  89.596 0.0000000000
30315  -4.510  -39.862  90.475 0.0000000000
28719  -4.009  -41.577  89.855 0.0000000000
29504  -3.900  -40.927  89.931 0.0000000000
94952  -3.925  -40.141  90.514 0.0000000000
112097  -43.014  -6.047  50.523 0.0000000000
