#!ascii label  , from subject sub-v1s7x0051325_ses-1 vox2ras=TkReg
1255
114578  -43.663  -18.452  75.826 0.0000000000
36843  -35.609  -30.626  83.239 0.0000000000
104587  -53.173  -14.051  66.851 0.0000000000
48637  -39.710  -19.000  66.140 0.0000000000
52112  -46.634  -14.461  70.984 0.0000000000
42334  -41.621  -25.956  79.549 0.0000000000
95327  -31.975  -29.400  71.641 0.0000000000
43320  -35.435  -24.342  67.701 0.0000000000
96156  -27.881  -31.975  86.268 0.0000000000
56409  -51.191  -8.974  65.247 0.0000000000
36930  -23.649  -31.598  74.263 0.0000000000
48597  -41.498  -18.746  71.046 0.0000000000
50364  -43.373  -16.352  68.912 0.0000000000
98966  -44.447  -15.440  74.108 0.0000000000
98831  -42.414  -22.097  78.026 0.0000000000
98148  -39.421  -25.393  73.206 0.0000000000
45877  -40.538  -22.106  71.963 0.0000000000
45918  -37.686  -21.642  67.260 0.0000000000
56433  -53.187  -9.344  62.103 0.0000000000
36829  -31.212  -30.655  84.979 0.0000000000
36881  -25.613  -31.788  79.802 0.0000000000
37927  -30.052  -29.642  78.743 0.0000000000
51265  -50.324  -16.168  69.261 0.0000000000
38789  -39.093  -29.287  81.916 0.0000000000
109220  -34.710  -30.301  77.522 0.0000000000
39750  -37.038  -27.841  75.689 0.0000000000
40671  -34.335  -27.274  69.729 0.0000000000
35913  -24.485  -32.919  88.261 0.0000000000
53799  -49.958  -12.010  73.225 0.0000000000
106920  -48.899  -12.497  69.568 0.0000000000
57193  -48.967  -7.867  68.455 0.0000000000
53883  -47.340  -12.772  65.244 0.0000000000
53916  -48.804  -12.802  61.120 0.0000000000
35156  -22.193  -33.258  81.605 0.0000000000
38885  -28.268  -29.315  73.402 0.0000000000
48584  -42.545  -18.494  73.480 0.0000000000
49427  -42.904  -17.013  72.836 0.0000000000
49414  -44.414  -17.028  75.168 0.0000000000
47691  -42.777  -19.838  77.037 0.0000000000
45841  -41.504  -21.786  75.113 0.0000000000
46759  -42.004  -19.986  74.481 0.0000000000
46786  -41.124  -20.259  71.910 0.0000000000
51305  -53.906  -15.126  66.031 0.0000000000
52209  -52.402  -14.344  65.106 0.0000000000
100403  -33.480  -30.968  84.084 0.0000000000
98936  -30.736  -29.926  82.271 0.0000000000
96327  -33.195  -30.404  81.764 0.0000000000
110238  -41.546  -18.010  64.630 0.0000000000
51224  -45.241  -15.048  70.119 0.0000000000
51283  -44.927  -15.950  67.469 0.0000000000
51243  -46.288  -15.052  69.186 0.0000000000
50392  -48.237  -15.989  68.187 0.0000000000
51225  -48.668  -15.201  70.492 0.0000000000
40582  -40.751  -26.991  80.201 0.0000000000
39726  -38.419  -28.385  78.585 0.0000000000
40600  -39.421  -27.298  77.552 0.0000000000
42448  -38.155  -25.288  71.090 0.0000000000
41515  -36.574  -26.353  71.313 0.0000000000
112774  -35.113  -26.214  68.943 0.0000000000
46816  -38.594  -20.164  66.536 0.0000000000
54655  -49.921  -11.839  71.406 0.0000000000
55549  -48.414  -10.256  67.296 0.0000000000
55569  -48.794  -10.606  65.289 0.0000000000
53901  -47.586  -13.001  63.282 0.0000000000
55586  -50.016  -10.841  63.278 0.0000000000
55608  -53.080  -10.517  60.752 0.0000000000
108701  -26.576  -32.393  87.284 0.0000000000
107537  -23.200  -32.851  84.343 0.0000000000
35964  -24.881  -32.514  83.834 0.0000000000
99275  -24.895  -31.413  77.217 0.0000000000
35188  -22.772  -33.027  77.123 0.0000000000
35216  -22.063  -33.426  74.541 0.0000000000
38867  -33.188  -29.585  74.055 0.0000000000
100684  -31.146  -29.765  75.462 0.0000000000
38923  -29.460  -29.384  71.821 0.0000000000
48617  -40.731  -18.758  69.005 0.0000000000
49483  -41.704  -17.834  67.303 0.0000000000
49453  -42.327  -17.340  69.578 0.0000000000
51222  -43.745  -15.656  71.004 0.0000000000
111895  -45.160  -14.622  72.042 0.0000000000
43206  -42.227  -24.041  78.660 0.0000000000
99038  -40.548  -25.727  76.129 0.0000000000
43229  -41.246  -24.102  75.328 0.0000000000
44086  -40.247  -24.020  72.635 0.0000000000
44114  -38.461  -23.383  69.466 0.0000000000
108654  -36.640  -22.576  67.136 0.0000000000
45905  -39.309  -21.666  69.538 0.0000000000
46806  -39.857  -19.929  68.880 0.0000000000
56419  -52.270  -9.360  63.390 0.0000000000
110300  -53.038  -6.541  62.483 0.0000000000
36815  -29.720  -31.448  85.933 0.0000000000
36852  -26.761  -32.011  82.782 0.0000000000
36853  -28.280  -30.814  82.395 0.0000000000
37909  -27.919  -30.152  79.444 0.0000000000
37949  -27.176  -30.085  76.883 0.0000000000
49485  -43.357  -16.961  66.593 0.0000000000
50393  -50.008  -16.297  67.676 0.0000000000
51267  -52.018  -15.816  68.821 0.0000000000
37864  -37.386  -30.483  82.629 0.0000000000
95582  -35.397  -30.757  80.488 0.0000000000
37919  -36.875  -30.370  79.951 0.0000000000
103189  -35.603  -29.438  76.847 0.0000000000
38892  -34.832  -28.900  73.939 0.0000000000
41491  -38.820  -26.549  74.876 0.0000000000
39784  -35.657  -27.754  73.051 0.0000000000
39803  -32.887  -28.689  70.570 0.0000000000
50293  -45.173  -16.533  78.153 0.0000000000
39671  -36.977  -29.032  84.328 0.0000000000
40552  -40.611  -27.324  82.936 0.0000000000
41408  -42.140  -25.710  81.841 0.0000000000
51170  -45.588  -15.330  77.197 0.0000000000
52930  -46.114  -13.656  75.271 0.0000000000
52941  -47.161  -13.612  74.140 0.0000000000
54608  -48.576  -11.146  74.931 0.0000000000
52090  -48.841  -14.493  72.711 0.0000000000
52103  -50.324  -14.547  72.255 0.0000000000
52978  -51.302  -13.260  70.232 0.0000000000
105913  -51.534  -13.337  68.177 0.0000000000
54673  -47.491  -10.917  69.024 0.0000000000
53019  -47.838  -13.163  67.064 0.0000000000
53037  -50.009  -13.642  66.578 0.0000000000
52207  -49.426  -14.319  64.449 0.0000000000
55597  -51.122  -10.878  62.233 0.0000000000
34339  -22.323  -34.289  85.137 0.0000000000
113465  -20.696  -36.137  78.303 0.0000000000
35991  -23.889  -32.620  80.900 0.0000000000
34380  -21.202  -34.305  77.496 0.0000000000
108048  -32.142  -29.999  78.304 0.0000000000
37970  -28.646  -29.618  75.916 0.0000000000
38000  -25.261  -30.063  73.257 0.0000000000
36981  -24.492  -30.952  70.231 0.0000000000
47705  -43.303  -18.754  75.227 0.0000000000
49419  -43.095  -18.019  73.956 0.0000000000
48574  -43.800  -18.089  75.439 0.0000000000
47692  -43.299  -19.134  76.650 0.0000000000
97591  -42.343  -20.115  75.370 0.0000000000
47704  -42.635  -19.365  74.815 0.0000000000
47709  -42.224  -19.299  73.865 0.0000000000
50396  -52.532  -15.862  67.244 0.0000000000
52187  -53.491  -14.458  66.207 0.0000000000
52199  -53.706  -14.532  65.597 0.0000000000
52198  -53.107  -14.176  65.968 0.0000000000
37847  -34.752  -30.821  83.730 0.0000000000
37860  -32.934  -30.331  82.565 0.0000000000
37862  -34.921  -30.465  82.958 0.0000000000
47767  -39.329  -18.691  64.299 0.0000000000
104160  -40.959  -18.354  65.740 0.0000000000
52111  -45.915  -14.664  70.546 0.0000000000
108973  -45.891  -14.848  69.787 0.0000000000
52131  -46.720  -14.764  70.154 0.0000000000
100697  -47.266  -15.190  69.357 0.0000000000
95757  -47.520  -14.557  71.118 0.0000000000
41447  -41.057  -26.589  79.702 0.0000000000
40590  -40.327  -26.985  78.760 0.0000000000
41470  -40.765  -26.416  78.314 0.0000000000
43304  -36.921  -24.910  69.226 0.0000000000
42469  -36.617  -25.452  69.612 0.0000000000
42476  -34.958  -25.051  68.077 0.0000000000
42481  -34.277  -25.418  67.921 0.0000000000
106190  -38.985  -19.487  65.938 0.0000000000
47757  -38.224  -19.842  65.653 0.0000000000
101136  -38.634  -19.327  65.200 0.0000000000
55562  -49.796  -9.696  66.159 0.0000000000
56408  -50.556  -9.352  65.607 0.0000000000
55577  -49.868  -10.450  64.085 0.0000000000
55571  -50.678  -9.785  64.734 0.0000000000
35934  -27.314  -32.090  86.923 0.0000000000
35953  -25.462  -32.457  85.137 0.0000000000
110716  -26.173  -32.434  84.872 0.0000000000
36917  -23.857  -31.611  75.154 0.0000000000
36025  -23.464  -32.049  75.749 0.0000000000
104511  -22.388  -32.946  73.929 0.0000000000
34425  -21.722  -34.461  72.526 0.0000000000
36058  -22.549  -32.873  72.191 0.0000000000
95670  -32.937  -29.421  72.894 0.0000000000
111446  -31.618  -29.576  73.328 0.0000000000
95263  -31.263  -29.471  71.850 0.0000000000
108771  -40.804  -18.956  69.698 0.0000000000
48618  -41.312  -18.340  69.584 0.0000000000
48606  -41.644  -18.193  70.434 0.0000000000
50329  -43.433  -16.564  73.351 0.0000000000
50336  -43.272  -16.355  72.404 0.0000000000
51197  -43.758  -15.831  72.921 0.0000000000
51216  -44.360  -15.078  71.487 0.0000000000
52080  -44.777  -14.807  73.430 0.0000000000
44034  -42.401  -23.387  78.083 0.0000000000
43213  -42.097  -24.027  77.643 0.0000000000
44041  -41.998  -23.107  77.386 0.0000000000
113166  -40.846  -21.877  73.193 0.0000000000
44077  -41.031  -23.191  74.075 0.0000000000
98167  -40.387  -23.115  72.342 0.0000000000
43300  -39.251  -24.229  70.998 0.0000000000
44960  -39.730  -22.693  70.842 0.0000000000
44972  -38.803  -22.547  69.387 0.0000000000
45897  -39.713  -21.839  70.441 0.0000000000
47722  -41.351  -19.425  71.513 0.0000000000
46792  -40.394  -20.459  70.493 0.0000000000
47726  -40.656  -19.572  70.208 0.0000000000
99245  -40.412  -19.459  69.317 0.0000000000
36816  -30.628  -31.129  85.617 0.0000000000
36826  -28.860  -31.245  84.448 0.0000000000
36841  -30.222  -30.481  83.926 0.0000000000
37895  -30.853  -29.554  80.773 0.0000000000
37874  -29.465  -29.906  81.521 0.0000000000
37910  -28.892  -29.914  79.399 0.0000000000
36887  -27.401  -30.205  78.625 0.0000000000
37939  -28.782  -29.740  77.793 0.0000000000
49477  -42.380  -17.377  67.823 0.0000000000
49484  -42.534  -17.345  66.971 0.0000000000
49478  -43.001  -16.906  67.496 0.0000000000
50389  -45.300  -16.102  66.866 0.0000000000
50405  -44.811  -16.477  66.186 0.0000000000
50406  -45.767  -16.351  66.168 0.0000000000
99704  -49.404  -16.057  69.261 0.0000000000
105984  -49.034  -16.264  67.822 0.0000000000
50379  -50.670  -16.290  68.435 0.0000000000
50380  -51.445  -16.228  68.265 0.0000000000
51266  -51.207  -16.121  69.071 0.0000000000
38781  -38.552  -29.742  82.350 0.0000000000
37881  -37.353  -30.497  81.420 0.0000000000
38798  -38.416  -29.584  80.772 0.0000000000
39736  -37.386  -28.395  77.321 0.0000000000
38832  -36.800  -29.017  77.719 0.0000000000
39744  -36.413  -28.528  76.029 0.0000000000
38870  -35.045  -29.019  74.845 0.0000000000
39757  -35.502  -28.490  74.390 0.0000000000
41489  -40.299  -25.736  75.347 0.0000000000
111377  -40.025  -26.256  75.715 0.0000000000
41492  -39.295  -26.137  74.585 0.0000000000
40660  -35.964  -26.696  70.983 0.0000000000
40640  -36.415  -26.888  72.556 0.0000000000
40647  -34.879  -27.631  71.158 0.0000000000
39792  -34.484  -28.261  71.771 0.0000000000
44987  -37.012  -21.969  66.859 0.0000000000
41407  -41.556  -26.025  82.578 0.0000000000
44016  -42.954  -23.203  80.763 0.0000000000
111577  -45.533  -16.047  77.293 0.0000000000
52903  -46.092  -13.001  77.208 0.0000000000
53777  -46.908  -12.440  76.060 0.0000000000
52931  -46.816  -13.228  74.870 0.0000000000
52921  -47.277  -12.630  75.256 0.0000000000
54620  -49.038  -11.216  74.276 0.0000000000
52943  -49.141  -13.308  73.841 0.0000000000
52944  -49.958  -13.058  73.601 0.0000000000
52091  -49.912  -14.330  72.874 0.0000000000
52964  -50.513  -13.492  72.622 0.0000000000
53842  -50.177  -12.196  70.692 0.0000000000
52991  -50.798  -12.662  70.425 0.0000000000
104211  -50.925  -12.988  69.698 0.0000000000
52992  -51.643  -13.416  69.396 0.0000000000
108347  -50.479  -12.965  69.262 0.0000000000
56374  -48.198  -8.927  69.214 0.0000000000
54712  -47.397  -12.142  65.883 0.0000000000
54700  -47.311  -11.966  66.844 0.0000000000
53872  -47.342  -12.763  66.235 0.0000000000
53036  -48.605  -13.548  66.409 0.0000000000
53047  -48.120  -13.667  65.585 0.0000000000
52196  -49.928  -14.187  65.098 0.0000000000
112850  -47.779  -13.667  64.958 0.0000000000
53909  -48.149  -12.789  61.961 0.0000000000
52216  -47.729  -13.558  62.953 0.0000000000
53076  -48.378  -13.565  61.411 0.0000000000
56427  -52.917  -8.888  62.990 0.0000000000
55588  -51.741  -10.127  62.817 0.0000000000
55589  -52.481  -9.746  62.509 0.0000000000
35145  -22.751  -33.201  83.015 0.0000000000
35144  -22.146  -33.837  83.281 0.0000000000
34356  -21.221  -34.249  81.412 0.0000000000
33554  -20.798  -35.298  80.190 0.0000000000
34359  -20.960  -34.762  79.988 0.0000000000
35989  -26.408  -31.652  81.287 0.0000000000
35988  -25.530  -32.139  81.218 0.0000000000
98173  -24.943  -32.213  79.869 0.0000000000
35187  -21.926  -33.652  77.032 0.0000000000
31263  -21.787  -38.075  73.309 0.0000000000
37931  -34.891  -30.491  78.843 0.0000000000
107800  -34.190  -30.476  79.442 0.0000000000
100982  -33.083  -30.119  78.050 0.0000000000
38864  -29.483  -29.468  74.227 0.0000000000
37972  -30.318  -29.705  75.530 0.0000000000
108373  -27.885  -29.473  74.070 0.0000000000
38844  -27.308  -29.613  75.216 0.0000000000
95938  -25.908  -29.651  72.969 0.0000000000
36980  -24.048  -31.753  70.309 0.0000000000
48591  -41.814  -18.705  71.945 0.0000000000
109477  -42.241  -18.047  71.904 0.0000000000
49426  -42.722  -17.742  73.170 0.0000000000
105222  -43.238  -17.322  73.674 0.0000000000
50322  -44.350  -16.248  74.650 0.0000000000
46725  -42.482  -20.655  77.550 0.0000000000
44921  -41.779  -22.166  76.411 0.0000000000
46745  -41.970  -21.061  75.649 0.0000000000
45853  -41.380  -21.354  74.278 0.0000000000
45865  -41.098  -21.255  73.177 0.0000000000
45889  -40.727  -21.132  71.988 0.0000000000
110004  -41.445  -20.188  72.638 0.0000000000
106513  -41.594  -19.550  72.337 0.0000000000
52220  -52.137  -14.679  64.176 0.0000000000
37833  -32.754  -30.497  84.666 0.0000000000
37843  -31.012  -30.373  83.682 0.0000000000
107179  -32.421  -30.321  83.301 0.0000000000
37877  -32.414  -30.157  81.758 0.0000000000
37896  -31.707  -29.737  80.303 0.0000000000
106822  -43.915  -15.831  69.317 0.0000000000
50376  -44.035  -15.962  68.521 0.0000000000
50365  -44.552  -15.562  68.975 0.0000000000
51261  -45.895  -15.409  68.364 0.0000000000
51285  -46.473  -15.778  67.714 0.0000000000
51286  -47.368  -15.867  67.885 0.0000000000
51263  -47.632  -15.606  68.674 0.0000000000
51264  -48.445  -15.786  69.059 0.0000000000
51245  -49.073  -15.547  69.878 0.0000000000
39708  -40.004  -28.144  80.957 0.0000000000
39706  -38.900  -28.911  80.316 0.0000000000
39716  -39.399  -28.209  79.808 0.0000000000
39738  -38.930  -27.773  78.059 0.0000000000
40609  -38.595  -27.368  76.367 0.0000000000
42450  -38.880  -25.258  71.956 0.0000000000
41508  -38.189  -25.827  72.731 0.0000000000
100822  -37.569  -25.649  71.285 0.0000000000
41522  -35.814  -26.399  70.240 0.0000000000
41531  -34.688  -26.652  69.144 0.0000000000
41540  -33.385  -26.845  68.482 0.0000000000
41551  -33.613  -25.967  67.959 0.0000000000
45930  -38.059  -20.878  66.903 0.0000000000
46822  -37.489  -20.230  65.253 0.0000000000
54634  -49.459  -11.271  72.587 0.0000000000
54645  -49.973  -11.669  72.026 0.0000000000
54644  -49.081  -11.221  71.881 0.0000000000
53832  -49.343  -11.844  70.880 0.0000000000
53840  -47.969  -11.893  69.613 0.0000000000
56376  -49.387  -8.171  67.893 0.0000000000
55534  -48.333  -9.683  68.342 0.0000000000
55550  -49.313  -9.669  66.976 0.0000000000
55561  -48.584  -10.461  66.274 0.0000000000
54719  -47.466  -12.158  64.968 0.0000000000
113729  -47.506  -12.774  64.256 0.0000000000
54727  -48.238  -11.619  63.903 0.0000000000
54735  -48.319  -11.875  63.127 0.0000000000
54736  -49.168  -11.533  62.759 0.0000000000
56435  -54.407  -8.583  60.928 0.0000000000
55600  -53.475  -9.756  61.164 0.0000000000
56440  -54.278  -9.442  60.675 0.0000000000
112674  -25.316  -32.555  87.816 0.0000000000
35931  -23.203  -33.073  86.506 0.0000000000
35943  -24.562  -32.500  85.615 0.0000000000
96823  -23.979  -32.650  84.101 0.0000000000
35977  -23.501  -32.766  82.702 0.0000000000
36006  -25.227  -31.586  78.512 0.0000000000
36005  -24.606  -32.130  78.670 0.0000000000
36015  -24.270  -31.908  77.208 0.0000000000
35207  -22.188  -33.261  75.401 0.0000000000
111734  -21.236  -34.801  74.027 0.0000000000
32024  -21.607  -36.821  72.784 0.0000000000
33644  -21.475  -35.280  72.701 0.0000000000
95481  -34.184  -29.965  76.103 0.0000000000
114342  -33.091  -30.070  76.010 0.0000000000
107125  -32.653  -29.690  74.690 0.0000000000
38866  -31.270  -29.530  74.001 0.0000000000
38905  -28.825  -29.275  72.625 0.0000000000
47752  -40.016  -19.050  66.948 0.0000000000
48638  -40.510  -18.601  66.332 0.0000000000
48632  -41.267  -18.201  67.938 0.0000000000
49476  -41.807  -17.774  68.254 0.0000000000
50363  -42.791  -16.774  69.261 0.0000000000
97440  -42.417  -17.495  71.476 0.0000000000
50351  -42.762  -16.827  70.094 0.0000000000
104089  -43.299  -16.293  69.708 0.0000000000
51223  -44.448  -15.236  70.555 0.0000000000
52098  -45.137  -14.759  70.992 0.0000000000
52099  -45.996  -14.479  71.434 0.0000000000
42352  -41.999  -24.609  78.889 0.0000000000
41471  -41.163  -25.838  77.903 0.0000000000
104904  -41.712  -24.794  77.531 0.0000000000
42401  -40.726  -25.180  75.513 0.0000000000
107969  -40.774  -24.584  74.800 0.0000000000
44052  -41.401  -23.434  75.469 0.0000000000
44076  -40.752  -24.113  73.959 0.0000000000
42427  -39.961  -25.035  73.226 0.0000000000
43287  -39.323  -24.712  71.799 0.0000000000
43299  -38.536  -24.621  70.615 0.0000000000
43314  -37.209  -24.227  68.820 0.0000000000
44128  -35.752  -23.632  67.331 0.0000000000
44121  -37.375  -23.357  68.396 0.0000000000
106928  -38.384  -22.392  68.669 0.0000000000
45910  -38.557  -21.570  68.320 0.0000000000
45898  -40.220  -21.258  70.795 0.0000000000
46800  -39.549  -20.702  69.228 0.0000000000
46804  -38.816  -20.806  68.001 0.0000000000
46810  -39.218  -20.114  67.554 0.0000000000
97340  -39.674  -19.519  67.412 0.0000000000
111297  -52.058  -8.876  64.285 0.0000000000
57223  -52.306  -8.077  64.364 0.0000000000
57240  -53.150  -7.994  63.324 0.0000000000
57241  -53.614  -7.610  62.536 0.0000000000
57248  -54.020  -8.068  61.750 0.0000000000
57249  -54.544  -7.739  61.013 0.0000000000
35936  -28.962  -31.687  86.229 0.0000000000
95165  -27.352  -32.183  84.314 0.0000000000
35968  -27.968  -31.719  83.878 0.0000000000
108400  -27.576  -31.443  82.833 0.0000000000
95920  -27.067  -31.305  81.341 0.0000000000
37857  -29.742  -29.980  82.390 0.0000000000
36878  -28.055  -30.380  80.793 0.0000000000
113298  -26.958  -30.847  80.016 0.0000000000
36895  -26.212  -30.782  77.958 0.0000000000
36905  -25.419  -30.890  76.843 0.0000000000
100698  -25.150  -30.533  75.030 0.0000000000
107102  -42.064  -17.695  66.335 0.0000000000
49495  -42.510  -17.553  65.561 0.0000000000
50387  -43.777  -16.536  67.247 0.0000000000
51287  -52.360  -15.819  67.993 0.0000000000
51288  -53.261  -14.662  67.653 0.0000000000
37850  -36.755  -30.607  83.026 0.0000000000
36856  -35.663  -30.697  82.480 0.0000000000
37880  -36.774  -30.677  81.669 0.0000000000
97019  -36.213  -30.689  80.184 0.0000000000
110806  -35.480  -30.237  78.088 0.0000000000
38822  -37.277  -29.387  78.897 0.0000000000
38821  -36.290  -29.626  78.111 0.0000000000
38831  -35.174  -29.769  77.090 0.0000000000
38835  -34.602  -29.723  75.916 0.0000000000
38869  -34.466  -29.386  74.535 0.0000000000
38910  -33.253  -29.172  72.436 0.0000000000
96393  -40.474  -26.340  77.510 0.0000000000
40618  -39.083  -27.019  76.006 0.0000000000
40616  -37.621  -27.280  75.255 0.0000000000
41500  -37.860  -26.284  73.367 0.0000000000
40630  -37.204  -26.856  73.794 0.0000000000
39771  -35.949  -27.882  73.922 0.0000000000
39769  -34.987  -28.529  73.145 0.0000000000
39781  -33.851  -28.799  72.155 0.0000000000
44140  -35.324  -23.256  66.563 0.0000000000
48560  -43.698  -18.487  77.077 0.0000000000
48567  -44.139  -17.922  76.770 0.0000000000
35915  -26.615  -32.270  88.640 0.0000000000
36804  -28.878  -31.706  86.849 0.0000000000
36805  -29.584  -31.547  86.651 0.0000000000
36806  -30.365  -31.311  86.328 0.0000000000
37825  -33.374  -30.114  85.086 0.0000000000
37826  -34.258  -30.145  84.592 0.0000000000
38760  -35.164  -29.915  84.428 0.0000000000
38761  -36.411  -29.738  84.104 0.0000000000
38773  -37.358  -30.063  83.249 0.0000000000
106569  -38.142  -29.475  83.279 0.0000000000
38782  -39.042  -29.164  82.652 0.0000000000
39683  -40.067  -27.923  83.416 0.0000000000
39690  -40.091  -28.066  82.573 0.0000000000
40562  -40.573  -27.439  81.961 0.0000000000
41435  -41.551  -26.183  80.958 0.0000000000
41448  -41.970  -25.776  80.314 0.0000000000
107589  -42.671  -24.624  80.060 0.0000000000
105740  -42.764  -24.069  79.861 0.0000000000
44867  -42.582  -23.017  79.369 0.0000000000
47684  -43.218  -19.179  77.388 0.0000000000
109097  -44.897  -17.067  76.731 0.0000000000
110576  -45.241  -16.359  76.038 0.0000000000
51178  -45.230  -15.720  75.670 0.0000000000
103151  -45.565  -13.832  77.786 0.0000000000
52052  -45.666  -14.661  76.645 0.0000000000
52069  -44.987  -14.836  74.413 0.0000000000
52081  -45.532  -14.268  73.894 0.0000000000
52082  -46.420  -14.016  73.400 0.0000000000
114242  -46.977  -14.132  72.720 0.0000000000
53788  -48.021  -12.349  74.875 0.0000000000
52953  -48.572  -13.953  73.405 0.0000000000
112706  -47.883  -14.586  72.073 0.0000000000
52101  -48.510  -14.855  71.794 0.0000000000
52113  -49.073  -15.208  71.377 0.0000000000
51227  -50.588  -15.499  70.944 0.0000000000
52965  -50.926  -13.264  71.830 0.0000000000
52104  -51.402  -14.194  70.843 0.0000000000
51228  -51.383  -14.974  70.439 0.0000000000
52132  -52.121  -14.042  69.418 0.0000000000
53010  -52.674  -13.763  68.419 0.0000000000
53022  -52.436  -13.514  67.957 0.0000000000
111075  -47.669  -10.127  69.897 0.0000000000
53850  -47.526  -11.811  68.711 0.0000000000
55548  -47.675  -11.053  67.639 0.0000000000
54685  -47.426  -11.658  67.936 0.0000000000
53851  -48.176  -12.510  68.818 0.0000000000
100890  -50.205  -13.229  68.379 0.0000000000
53020  -50.741  -13.473  67.458 0.0000000000
52186  -51.594  -13.676  66.734 0.0000000000
52197  -52.022  -14.000  65.908 0.0000000000
52208  -50.447  -14.408  64.478 0.0000000000
52219  -50.846  -14.645  63.876 0.0000000000
53063  -47.649  -13.403  63.776 0.0000000000
52228  -48.677  -14.443  63.119 0.0000000000
52229  -49.894  -14.917  62.951 0.0000000000
55579  -51.629  -9.796  63.714 0.0000000000
54737  -50.131  -11.213  62.447 0.0000000000
54749  -50.334  -11.498  61.571 0.0000000000
55607  -52.195  -10.759  61.066 0.0000000000
54763  -50.711  -11.717  60.750 0.0000000000
54762  -49.705  -12.157  60.921 0.0000000000
35134  -22.398  -33.663  85.045 0.0000000000
95446  -25.969  -32.303  82.853 0.0000000000
35978  -24.405  -32.552  82.404 0.0000000000
35157  -22.992  -32.899  81.257 0.0000000000
35180  -23.461  -32.829  78.620 0.0000000000
35179  -22.736  -33.246  78.736 0.0000000000
34376  -21.503  -34.064  78.663 0.0000000000
33575  -20.734  -35.263  77.708 0.0000000000
114049  -34.775  -30.727  81.131 0.0000000000
37914  -32.325  -29.968  79.678 0.0000000000
37928  -31.178  -29.762  78.635 0.0000000000
37953  -31.938  -30.022  76.888 0.0000000000
37952  -30.551  -29.816  76.762 0.0000000000
37940  -29.634  -29.668  78.008 0.0000000000
98640  -27.899  -29.817  76.411 0.0000000000
37989  -25.790  -30.163  75.076 0.0000000000
37999  -24.579  -30.578  73.587 0.0000000000
96037  -28.122  -29.122  70.846 0.0000000000
38920  -26.449  -29.249  71.092 0.0000000000
38919  -25.507  -29.534  71.406 0.0000000000
38009  -24.340  -30.133  72.005 0.0000000000
38008  -23.815  -30.780  71.946 0.0000000000
36059  -23.000  -32.024  72.352 0.0000000000
48575  -44.071  -18.020  76.084 0.0000000000
47699  -43.311  -18.991  75.955 0.0000000000
104310  -42.874  -19.373  75.513 0.0000000000
51304  -53.403  -15.029  66.756 0.0000000000
37848  -35.422  -30.611  83.601 0.0000000000
47758  -39.398  -18.939  65.180 0.0000000000
48646  -40.289  -18.612  65.488 0.0000000000
41459  -40.972  -26.492  79.082 0.0000000000
41460  -41.403  -25.855  78.699 0.0000000000
43313  -36.545  -24.559  68.593 0.0000000000
42468  -36.299  -25.285  68.959 0.0000000000
56401  -50.799  -8.441  65.917 0.0000000000
35945  -27.140  -32.260  85.988 0.0000000000
95468  -27.008  -32.309  85.108 0.0000000000
36033  -23.197  -32.111  74.951 0.0000000000
36041  -22.941  -32.250  74.084 0.0000000000
104638  -22.190  -33.224  73.041 0.0000000000
36048  -22.647  -32.468  73.152 0.0000000000
38909  -32.500  -29.330  72.301 0.0000000000
38908  -31.904  -29.440  72.259 0.0000000000
47732  -41.172  -18.845  70.305 0.0000000000
48598  -41.918  -18.070  71.239 0.0000000000
50330  -43.909  -16.036  73.827 0.0000000000
51198  -44.232  -15.428  73.355 0.0000000000
44890  -42.305  -22.574  77.730 0.0000000000
44945  -40.648  -22.429  72.826 0.0000000000
44951  -40.140  -22.878  71.568 0.0000000000
44961  -40.127  -22.029  71.183 0.0000000000
102631  -41.135  -19.321  70.818 0.0000000000
36828  -30.430  -30.809  84.788 0.0000000000
36842  -31.096  -30.595  84.294 0.0000000000
98767  -30.396  -29.521  80.109 0.0000000000
37911  -29.743  -29.631  79.661 0.0000000000
112074  -29.469  -29.710  79.103 0.0000000000
37925  -28.359  -29.907  78.660 0.0000000000
37926  -29.202  -29.726  78.619 0.0000000000
50374  -42.910  -16.744  68.616 0.0000000000
49468  -42.790  -16.946  68.148 0.0000000000
50375  -43.450  -16.537  68.109 0.0000000000
50390  -46.155  -16.037  66.913 0.0000000000
50378  -49.726  -16.226  68.503 0.0000000000
51247  -50.959  -15.775  69.942 0.0000000000
38788  -38.526  -29.769  81.592 0.0000000000
39745  -37.216  -28.124  76.473 0.0000000000
39749  -35.740  -28.615  75.274 0.0000000000
113333  -36.428  -28.138  75.319 0.0000000000
42414  -39.737  -25.735  74.320 0.0000000000
42426  -39.294  -25.746  73.875 0.0000000000
40659  -35.322  -27.055  70.668 0.0000000000
40648  -35.506  -27.234  71.374 0.0000000000
40658  -34.642  -27.457  70.445 0.0000000000
39805  -34.266  -28.105  70.921 0.0000000000
39815  -33.969  -27.873  70.242 0.0000000000
45928  -36.668  -21.573  66.096 0.0000000000
54627  -49.355  -11.205  73.487 0.0000000000
52955  -50.128  -13.623  73.178 0.0000000000
53809  -50.302  -12.671  72.867 0.0000000000
52990  -50.115  -12.556  69.879 0.0000000000
53007  -49.405  -12.869  69.038 0.0000000000
57184  -48.701  -7.702  68.529 0.0000000000
56365  -48.362  -8.073  69.165 0.0000000000
56375  -48.852  -8.451  68.637 0.0000000000
53035  -47.745  -13.314  66.148 0.0000000000
53046  -47.521  -13.263  65.461 0.0000000000
56428  -53.510  -8.459  62.461 0.0000000000
107867  -23.664  -33.001  87.276 0.0000000000
35152  -22.174  -33.429  82.396 0.0000000000
35159  -21.637  -33.648  81.085 0.0000000000
34360  -21.224  -34.223  80.555 0.0000000000
35994  -26.015  -31.660  80.514 0.0000000000
35993  -25.384  -32.072  80.399 0.0000000000
32008  -21.274  -37.433  74.169 0.0000000000
107027  -34.596  -30.459  78.134 0.0000000000
100981  -33.976  -30.323  77.731 0.0000000000
38863  -28.631  -29.439  74.184 0.0000000000
95447  -26.705  -29.395  72.798 0.0000000000
48592  -42.320  -18.266  72.615 0.0000000000
49413  -43.926  -17.613  74.960 0.0000000000
109903  -43.509  -17.620  74.344 0.0000000000
50321  -43.793  -16.922  74.316 0.0000000000
46734  -42.415  -20.607  76.748 0.0000000000
45828  -42.073  -21.427  76.456 0.0000000000
102284  -42.337  -20.584  76.066 0.0000000000
46758  -41.734  -20.769  74.863 0.0000000000
99945  -41.560  -20.578  74.074 0.0000000000
114874  -41.299  -21.073  73.690 0.0000000000
101699  -41.459  -20.519  73.281 0.0000000000
46779  -41.102  -20.814  72.605 0.0000000000
47716  -41.789  -19.757  73.120 0.0000000000
47717  -42.122  -19.048  72.868 0.0000000000
50414  -53.559  -15.841  66.313 0.0000000000
106538  -53.350  -14.461  65.292 0.0000000000
37845  -32.680  -30.792  84.074 0.0000000000
111550  -31.759  -29.779  81.179 0.0000000000
48657  -41.024  -18.194  64.136 0.0000000000
51241  -44.581  -15.434  69.708 0.0000000000
51262  -46.789  -15.466  68.518 0.0000000000
104231  -48.160  -15.316  69.684 0.0000000000
112380  -47.846  -15.458  69.171 0.0000000000
39717  -40.091  -27.701  80.193 0.0000000000
40589  -39.654  -27.422  78.415 0.0000000000
40599  -38.725  -27.578  77.197 0.0000000000
114597  -38.495  -25.296  71.596 0.0000000000
42449  -38.099  -25.598  71.932 0.0000000000
42459  -37.409  -25.503  70.650 0.0000000000
41533  -36.037  -25.837  69.569 0.0000000000
98643  -36.620  -25.803  70.273 0.0000000000
41532  -35.378  -26.294  69.420 0.0000000000
105109  -34.104  -26.557  68.602 0.0000000000
41541  -34.632  -25.948  68.500 0.0000000000
46815  -37.793  -20.523  66.112 0.0000000000
55492  -48.368  -10.414  72.098 0.0000000000
54653  -47.681  -10.225  70.909 0.0000000000
54654  -48.580  -11.321  71.261 0.0000000000
54661  -48.208  -11.483  70.519 0.0000000000
58053  -50.430  -7.682  66.519 0.0000000000
58052  -49.970  -7.325  66.916 0.0000000000
57206  -49.999  -7.830  67.290 0.0000000000
56389  -50.018  -8.716  67.145 0.0000000000
107067  -47.867  -11.368  65.575 0.0000000000
54720  -48.073  -11.444  64.696 0.0000000000
54728  -49.080  -11.180  63.554 0.0000000000
101241  -25.698  -32.499  87.187 0.0000000000
35933  -25.127  -32.473  86.462 0.0000000000
96325  -25.573  -32.474  84.386 0.0000000000
35952  -24.675  -32.515  84.665 0.0000000000
105171  -24.190  -32.609  83.265 0.0000000000
36893  -24.702  -31.750  77.924 0.0000000000
36040  -22.575  -32.724  74.777 0.0000000000
36032  -22.805  -32.599  75.608 0.0000000000
35206  -21.602  -33.916  75.079 0.0000000000
35215  -21.540  -34.096  74.099 0.0000000000
34412  -21.405  -34.620  73.329 0.0000000000
34443  -22.013  -34.453  71.929 0.0000000000
114443  -21.803  -34.940  72.091 0.0000000000
37993  -33.484  -29.737  74.850 0.0000000000
37975  -33.639  -29.944  75.620 0.0000000000
38907  -30.785  -29.520  72.453 0.0000000000
38887  -30.773  -29.551  73.257 0.0000000000
38906  -29.925  -29.425  72.722 0.0000000000
114026  -29.946  -29.450  73.569 0.0000000000
48626  -40.716  -18.650  68.191 0.0000000000
48631  -40.804  -18.511  67.267 0.0000000000
49452  -41.845  -17.799  69.849 0.0000000000
49466  -41.802  -17.754  69.103 0.0000000000
49467  -42.398  -17.263  68.677 0.0000000000
49434  -42.528  -17.556  72.328 0.0000000000
49435  -42.771  -16.886  71.939 0.0000000000
50343  -43.272  -16.311  71.450 0.0000000000
50352  -43.289  -16.308  70.554 0.0000000000
51240  -43.843  -15.743  70.129 0.0000000000
113271  -44.890  -14.675  72.736 0.0000000000
42370  -42.140  -24.604  78.172 0.0000000000
107360  -41.479  -23.920  76.038 0.0000000000
99587  -41.550  -24.352  76.776 0.0000000000
42402  -41.216  -24.589  75.802 0.0000000000
45842  -41.792  -21.800  75.900 0.0000000000
44920  -41.601  -22.594  75.800 0.0000000000
95788  -41.308  -22.852  74.892 0.0000000000
44937  -40.608  -23.442  73.235 0.0000000000
43263  -40.349  -24.435  73.273 0.0000000000
43276  -39.990  -24.652  72.810 0.0000000000
42439  -39.475  -25.033  72.566 0.0000000000
43288  -39.817  -24.425  72.250 0.0000000000
44107  -38.818  -23.849  70.206 0.0000000000
43306  -38.241  -24.265  69.814 0.0000000000
44113  -37.846  -23.838  69.118 0.0000000000
112320  -38.435  -22.865  69.077 0.0000000000
44977  -38.044  -22.028  67.951 0.0000000000
109803  -38.811  -21.857  68.933 0.0000000000
46785  -40.599  -20.727  71.284 0.0000000000
46801  -40.141  -20.205  69.678 0.0000000000
45911  -39.053  -21.152  68.740 0.0000000000
46805  -39.368  -20.400  68.399 0.0000000000
47741  -40.277  -19.276  68.513 0.0000000000
47740  -39.732  -19.706  68.075 0.0000000000
47747  -40.177  -19.099  67.726 0.0000000000
94885  -52.658  -7.392  63.571 0.0000000000
58094  -53.183  -7.360  63.016 0.0000000000
58108  -54.103  -7.029  61.746 0.0000000000
58109  -54.656  -6.919  60.863 0.0000000000
35948  -28.932  -31.529  85.440 0.0000000000
35955  -28.169  -31.798  84.857 0.0000000000
36840  -29.286  -30.686  83.719 0.0000000000
36839  -28.487  -31.086  83.348 0.0000000000
36866  -27.595  -31.118  81.839 0.0000000000
37859  -31.464  -30.006  83.025 0.0000000000
37858  -30.471  -30.090  83.122 0.0000000000
37893  -28.379  -30.151  80.169 0.0000000000
37873  -28.814  -30.093  80.971 0.0000000000
36877  -27.524  -30.535  80.227 0.0000000000
36883  -27.102  -30.574  79.484 0.0000000000
36886  -26.508  -30.822  78.781 0.0000000000
37938  -27.307  -30.119  77.732 0.0000000000
37937  -26.592  -30.352  77.419 0.0000000000
37948  -26.224  -30.328  76.569 0.0000000000
36919  -25.407  -30.594  75.868 0.0000000000
48639  -41.284  -18.164  66.409 0.0000000000
108623  -42.758  -17.357  66.230 0.0000000000
50388  -44.263  -16.113  67.741 0.0000000000
106785  -44.525  -16.246  66.992 0.0000000000
94983  -48.101  -16.272  67.231 0.0000000000
50394  -50.869  -16.328  67.615 0.0000000000
51268  -52.769  -14.919  68.481 0.0000000000
37863  -36.789  -30.666  82.432 0.0000000000
105757  -37.265  -30.617  82.077 0.0000000000
37899  -37.337  -30.318  80.648 0.0000000000
37898  -36.798  -30.621  80.821 0.0000000000
37918  -36.154  -30.391  79.286 0.0000000000
39715  -38.669  -28.628  79.466 0.0000000000
38810  -38.226  -29.375  79.945 0.0000000000
38823  -37.915  -29.037  79.149 0.0000000000
98955  -36.152  -29.317  77.312 0.0000000000
106848  -36.891  -29.351  78.402 0.0000000000
37944  -35.591  -29.874  77.702 0.0000000000
38836  -35.143  -29.559  76.207 0.0000000000
38891  -34.201  -29.331  73.704 0.0000000000
38890  -33.547  -29.435  73.376 0.0000000000
38911  -33.986  -29.155  72.927 0.0000000000
41482  -40.791  -25.749  77.080 0.0000000000
41481  -40.229  -26.305  76.616 0.0000000000
41488  -39.351  -26.572  75.376 0.0000000000
40617  -38.531  -27.013  75.523 0.0000000000
40622  -38.112  -26.716  74.768 0.0000000000
41507  -37.396  -26.228  72.457 0.0000000000
40639  -35.619  -27.413  72.134 0.0000000000
40629  -36.492  -27.245  73.444 0.0000000000
40620  -36.667  -27.450  74.215 0.0000000000
95452  -33.780  -28.579  71.388 0.0000000000
114275  -33.232  -28.787  71.095 0.0000000000
110246  -33.207  -28.912  71.657 0.0000000000
38927  -32.693  -29.080  71.090 0.0000000000
44129  -36.585  -23.295  67.671 0.0000000000
44141  -36.041  -22.939  66.894 0.0000000000
35914  -25.686  -32.631  88.513 0.0000000000
36797  -29.333  -31.457  87.264 0.0000000000
37824  -32.547  -30.261  85.458 0.0000000000
94893  -36.957  -29.688  83.763 0.0000000000
101605  -38.550  -29.502  82.877 0.0000000000
38774  -38.907  -28.893  83.335 0.0000000000
40541  -40.377  -26.962  83.806 0.0000000000
39697  -40.031  -28.095  81.670 0.0000000000
41421  -41.660  -26.283  81.781 0.0000000000
110947  -41.859  -25.915  81.413 0.0000000000
41436  -41.957  -25.534  81.041 0.0000000000
43185  -42.673  -24.537  81.050 0.0000000000
44022  -42.899  -23.968  80.487 0.0000000000
110346  -42.837  -22.900  80.135 0.0000000000
99694  -42.629  -22.166  79.743 0.0000000000
49401  -44.632  -17.368  77.131 0.0000000000
101694  -44.490  -17.494  76.411 0.0000000000
50300  -45.195  -16.748  77.416 0.0000000000
50308  -45.273  -16.541  76.667 0.0000000000
101480  -45.482  -15.712  76.504 0.0000000000
52919  -46.024  -13.703  76.207 0.0000000000
52910  -45.937  -13.799  77.075 0.0000000000
52061  -45.637  -14.345  75.701 0.0000000000
52070  -45.589  -14.260  74.808 0.0000000000
52071  -46.252  -13.782  74.394 0.0000000000
52952  -47.519  -13.907  73.401 0.0000000000
55462  -48.603  -10.339  74.481 0.0000000000
53779  -48.198  -11.739  75.097 0.0000000000
53789  -48.704  -11.958  74.611 0.0000000000
52089  -47.783  -14.253  72.711 0.0000000000
52102  -49.442  -14.881  72.164 0.0000000000
52114  -49.895  -15.244  71.608 0.0000000000
111044  -50.892  -14.450  71.578 0.0000000000
99148  -50.547  -12.225  72.000 0.0000000000
53820  -50.729  -12.368  71.167 0.0000000000
52977  -51.238  -13.154  71.039 0.0000000000
52115  -51.784  -13.984  70.121 0.0000000000
51248  -51.805  -14.933  69.838 0.0000000000
53009  -51.995  -13.444  68.602 0.0000000000
52993  -52.171  -13.717  68.918 0.0000000000
55520  -47.770  -9.552  69.629 0.0000000000
113922  -47.562  -11.238  69.392 0.0000000000
53860  -47.370  -12.418  67.123 0.0000000000
53861  -47.615  -12.485  67.914 0.0000000000
53006  -48.600  -13.053  68.103 0.0000000000
95911  -49.220  -13.437  67.351 0.0000000000
53049  -50.716  -13.916  65.860 0.0000000000
52195  -48.606  -14.078  64.877 0.0000000000
52218  -49.652  -14.530  63.808 0.0000000000
52227  -48.084  -14.115  62.577 0.0000000000
55599  -52.744  -10.136  61.637 0.0000000000
54764  -51.672  -11.391  60.565 0.0000000000
114526  -23.132  -32.924  85.384 0.0000000000
35128  -22.725  -33.347  85.769 0.0000000000
35135  -22.868  -33.084  84.951 0.0000000000
34354  -21.477  -34.359  82.174 0.0000000000
34352  -21.830  -34.593  82.894 0.0000000000
33555  -21.002  -35.760  80.643 0.0000000000
32790  -20.732  -35.961  79.121 0.0000000000
32791  -21.078  -36.506  79.539 0.0000000000
32800  -21.008  -36.870  78.901 0.0000000000
32807  -20.937  -37.215  78.047 0.0000000000
35967  -27.271  -32.009  83.463 0.0000000000
35966  -26.613  -32.261  83.549 0.0000000000
35992  -24.760  -32.367  80.625 0.0000000000
35987  -24.616  -32.486  81.510 0.0000000000
35986  -23.672  -32.662  81.822 0.0000000000
35161  -23.226  -32.929  80.305 0.0000000000
95144  -23.975  -32.400  78.076 0.0000000000
36004  -24.017  -32.548  78.997 0.0000000000
35189  -23.149  -32.901  77.932 0.0000000000
98607  -21.749  -33.829  77.924 0.0000000000
97511  -22.405  -33.376  77.862 0.0000000000
35178  -22.068  -33.602  78.471 0.0000000000
35167  -22.000  -33.618  79.216 0.0000000000
34375  -21.004  -34.568  78.283 0.0000000000
32025  -22.267  -37.371  72.214 0.0000000000
110200  -21.818  -37.576  72.869 0.0000000000
37879  -35.559  -30.826  81.525 0.0000000000
37929  -32.752  -30.114  78.895 0.0000000000
37915  -33.333  -30.252  79.633 0.0000000000
107788  -31.972  -29.814  79.004 0.0000000000
37973  -32.047  -29.831  75.421 0.0000000000
37954  -32.791  -30.119  76.672 0.0000000000
97570  -31.403  -29.902  76.257 0.0000000000
37971  -29.499  -29.615  75.683 0.0000000000
109255  -29.283  -29.667  76.376 0.0000000000
37951  -29.626  -29.757  77.120 0.0000000000
37950  -28.699  -29.732  76.824 0.0000000000
102009  -27.877  -29.647  75.631 0.0000000000
38861  -26.198  -29.894  74.367 0.0000000000
38843  -26.571  -29.814  75.141 0.0000000000
98941  -25.358  -30.272  74.227 0.0000000000
38938  -27.330  -29.097  70.399 0.0000000000
38921  -27.465  -29.183  71.409 0.0000000000
38937  -26.505  -29.244  70.071 0.0000000000
38027  -25.147  -30.110  70.123 0.0000000000
38936  -25.706  -29.514  70.516 0.0000000000
38935  -25.071  -29.751  70.897 0.0000000000
38918  -24.859  -29.797  71.548 0.0000000000
38019  -24.512  -30.281  71.054 0.0000000000
36081  -23.792  -32.566  70.423 0.0000000000
110242  -23.613  -31.901  70.902 0.0000000000
36966  -23.451  -31.574  71.678 0.0000000000
36954  -23.520  -31.271  72.592 0.0000000000
36069  -23.138  -32.544  71.286 0.0000000000
48579  -42.852  -18.659  74.369 0.0000000000
48580  -43.474  -18.162  74.716 0.0000000000
49408  -44.295  -17.570  75.686 0.0000000000
47698  -42.704  -19.750  76.191 0.0000000000
46770  -41.744  -19.974  73.791 0.0000000000
97176  -34.188  -31.039  84.042 0.0000000000
37846  -33.455  -30.687  83.508 0.0000000000
108509  -34.307  -30.685  83.391 0.0000000000
37861  -33.949  -30.600  82.528 0.0000000000
48647  -40.956  -18.292  64.992 0.0000000000
51242  -45.346  -15.202  69.161 0.0000000000
51244  -47.746  -14.935  70.277 0.0000000000
40581  -40.508  -27.052  79.533 0.0000000000
40601  -40.071  -26.877  77.946 0.0000000000
43298  -37.882  -24.983  70.259 0.0000000000
41542  -35.504  -25.682  68.798 0.0000000000
43319  -34.271  -24.838  67.475 0.0000000000
47751  -39.314  -19.650  66.791 0.0000000000
57207  -50.537  -8.171  66.666 0.0000000000
56400  -50.499  -8.817  66.417 0.0000000000
55570  -49.806  -10.109  65.010 0.0000000000
55576  -48.923  -10.819  64.356 0.0000000000
55578  -50.807  -10.156  63.895 0.0000000000
96124  -26.267  -32.452  86.453 0.0000000000
35944  -25.535  -32.462  85.831 0.0000000000
95331  -26.288  -32.433  85.551 0.0000000000
36904  -24.620  -31.316  76.409 0.0000000000
36026  -23.844  -31.975  76.469 0.0000000000
36903  -24.060  -31.592  75.840 0.0000000000
35224  -21.746  -33.906  73.123 0.0000000000
34426  -22.117  -33.761  72.191 0.0000000000
34444  -22.509  -34.263  71.486 0.0000000000
38889  -32.892  -29.512  73.415 0.0000000000
38001  -32.267  -29.579  73.859 0.0000000000
38888  -32.252  -29.539  72.946 0.0000000000
96461  -31.448  -29.541  72.666 0.0000000000
107927  -30.409  -29.485  71.837 0.0000000000
49442  -42.240  -17.501  70.524 0.0000000000
51215  -43.746  -15.692  71.957 0.0000000000
51207  -44.367  -15.120  72.550 0.0000000000
105316  -42.299  -23.441  78.844 0.0000000000
44040  -41.677  -23.575  76.837 0.0000000000
44928  -41.195  -22.248  74.255 0.0000000000
44938  -40.884  -22.492  73.552 0.0000000000
44095  -40.078  -23.717  71.910 0.0000000000
111668  -39.672  -24.144  71.631 0.0000000000
44094  -39.726  -23.517  71.237 0.0000000000
44108  -39.336  -23.349  70.527 0.0000000000
113692  -38.949  -23.137  69.931 0.0000000000
44967  -39.312  -22.540  70.104 0.0000000000
46793  -40.828  -19.938  71.051 0.0000000000
36827  -29.741  -31.220  85.168 0.0000000000
95353  -29.679  -30.851  84.455 0.0000000000
36854  -29.053  -30.551  82.834 0.0000000000
113425  -31.035  -29.778  81.553 0.0000000000
37875  -30.245  -29.710  81.554 0.0000000000
37894  -29.764  -29.669  80.687 0.0000000000
101213  -29.116  -29.924  80.164 0.0000000000
100199  -27.961  -29.938  78.024 0.0000000000
50377  -48.943  -16.136  68.576 0.0000000000
37882  -37.967  -30.381  82.046 0.0000000000
37900  -37.910  -30.136  81.163 0.0000000000
111778  -37.333  -30.155  80.182 0.0000000000
39737  -38.185  -28.125  77.693 0.0000000000
39725  -37.538  -28.776  78.259 0.0000000000
38838  -36.635  -28.683  76.923 0.0000000000
38837  -36.085  -29.014  76.618 0.0000000000
38849  -35.716  -29.097  76.053 0.0000000000
41493  -39.887  -26.047  74.934 0.0000000000
41501  -38.574  -26.220  74.135 0.0000000000
107810  -36.739  -26.421  71.927 0.0000000000
40649  -36.108  -26.793  71.703 0.0000000000
39783  -35.065  -28.125  72.392 0.0000000000
39793  -35.096  -27.735  71.761 0.0000000000
44130  -37.321  -22.511  67.654 0.0000000000
39672  -37.719  -28.671  84.292 0.0000000000
39662  -37.364  -28.120  84.702 0.0000000000
41406  -41.017  -26.431  83.269 0.0000000000
40553  -41.124  -26.751  82.346 0.0000000000
50294  -45.262  -15.843  78.362 0.0000000000
50301  -45.478  -16.174  77.880 0.0000000000
51163  -45.514  -15.446  77.849 0.0000000000
52911  -46.363  -13.049  76.529 0.0000000000
52920  -46.607  -13.079  75.702 0.0000000000
52932  -47.694  -12.998  74.554 0.0000000000
55473  -48.735  -10.337  73.673 0.0000000000
53798  -49.408  -12.250  73.998 0.0000000000
52954  -49.560  -13.910  73.391 0.0000000000
53008  -51.224  -13.194  68.965 0.0000000000
56364  -47.852  -8.611  69.649 0.0000000000
55533  -47.703  -10.430  68.741 0.0000000000
55560  -47.694  -11.318  66.558 0.0000000000
53048  -49.302  -13.857  65.728 0.0000000000
53902  -47.883  -12.587  62.790 0.0000000000
107557  -47.762  -13.117  62.613 0.0000000000
53069  -47.996  -13.572  62.199 0.0000000000
52236  -48.363  -14.196  61.737 0.0000000000
55598  -51.980  -10.544  61.986 0.0000000000
54765  -52.602  -11.198  60.310 0.0000000000
35127  -22.319  -34.029  85.869 0.0000000000
101088  -22.573  -33.324  84.106 0.0000000000
35143  -21.803  -33.893  82.523 0.0000000000
33547  -20.777  -34.944  80.919 0.0000000000
33561  -20.764  -35.272  79.487 0.0000000000
95379  -26.158  -32.073  82.045 0.0000000000
35996  -24.132  -32.601  79.905 0.0000000000
35196  -21.674  -33.735  75.994 0.0000000000
34384  -21.183  -34.272  76.544 0.0000000000
108426  -20.859  -34.867  76.964 0.0000000000
97970  -21.157  -37.838  74.766 0.0000000000
31242  -21.443  -38.241  74.357 0.0000000000
111283  -21.532  -37.964  73.807 0.0000000000
31247  -22.155  -38.687  73.225 0.0000000000
37916  -34.858  -30.557  79.722 0.0000000000
37930  -33.818  -30.391  78.671 0.0000000000
37991  -30.781  -29.646  74.785 0.0000000000
37990  -29.888  -29.614  74.904 0.0000000000
38846  -28.925  -29.501  75.036 0.0000000000
113270  -28.359  -29.536  75.374 0.0000000000
38845  -28.004  -29.476  74.863 0.0000000000
38862  -27.103  -29.574  74.409 0.0000000000
38882  -25.859  -29.919  73.693 0.0000000000
36094  -24.685  -31.733  69.817 0.0000000000
45816  -42.259  -21.576  77.361 0.0000000000
44906  -41.901  -22.254  77.062 0.0000000000
108961  -41.096  -21.713  73.690 0.0000000000
45878  -40.795  -21.584  72.634 0.0000000000
45888  -40.452  -21.445  71.438 0.0000000000
36830  -31.879  -30.604  84.462 0.0000000000
37844  -31.770  -30.533  83.845 0.0000000000
110519  -32.161  -30.136  82.525 0.0000000000
37876  -31.577  -30.063  82.005 0.0000000000
96319  -31.003  -29.573  80.019 0.0000000000
37912  -30.635  -29.582  79.436 0.0000000000
51260  -44.933  -15.649  68.231 0.0000000000
51284  -45.613  -15.792  67.580 0.0000000000
50391  -47.061  -16.155  67.083 0.0000000000
51246  -49.982  -15.935  70.108 0.0000000000
39696  -39.563  -28.691  81.415 0.0000000000
38799  -39.118  -29.245  81.114 0.0000000000
39707  -39.534  -28.502  80.632 0.0000000000
39727  -39.213  -28.023  78.916 0.0000000000
40580  -39.872  -27.551  79.277 0.0000000000
39746  -37.971  -27.788  76.867 0.0000000000
40608  -37.825  -27.538  76.037 0.0000000000
42438  -38.692  -25.760  73.327 0.0000000000
99026  -38.830  -25.471  72.606 0.0000000000
41516  -37.225  -25.995  71.652 0.0000000000
41524  -36.958  -25.910  70.994 0.0000000000
41523  -36.407  -26.270  70.743 0.0000000000
40672  -35.018  -26.831  69.946 0.0000000000
40684  -33.953  -27.152  69.032 0.0000000000
41539  -32.763  -26.575  67.881 0.0000000000
45929  -37.395  -21.257  66.493 0.0000000000
45941  -37.079  -20.913  65.687 0.0000000000
46821  -36.802  -20.677  64.855 0.0000000000
55482  -48.671  -10.348  72.836 0.0000000000
54635  -50.155  -11.900  72.457 0.0000000000
54643  -47.961  -10.416  71.552 0.0000000000
53841  -49.149  -12.164  70.285 0.0000000000
56388  -49.123  -9.132  67.799 0.0000000000
54726  -47.686  -12.114  64.275 0.0000000000
53895  -47.770  -12.378  63.589 0.0000000000
54748  -48.418  -12.127  62.430 0.0000000000
53910  -49.097  -11.925  61.780 0.0000000000
56434  -53.798  -8.942  61.529 0.0000000000
55609  -54.038  -10.291  60.375 0.0000000000
35923  -24.706  -32.588  87.246 0.0000000000
35932  -24.100  -32.625  86.484 0.0000000000
96672  -23.661  -32.678  84.980 0.0000000000
35963  -23.298  -32.848  83.582 0.0000000000
35153  -22.813  -32.960  82.143 0.0000000000
96859  -25.769  -31.406  79.094 0.0000000000
35998  -25.149  -31.975  79.194 0.0000000000
36014  -23.527  -32.459  77.197 0.0000000000
96177  -23.125  -32.525  76.408 0.0000000000
35197  -22.402  -33.131  76.276 0.0000000000
33626  -21.225  -35.353  73.577 0.0000000000
114516  -21.608  -36.028  72.500 0.0000000000
32854  -21.891  -35.622  72.031 0.0000000000
96097  -34.151  -30.214  76.911 0.0000000000
95346  -33.580  -30.137  76.377 0.0000000000
37974  -32.919  -29.876  75.427 0.0000000000
37992  -31.708  -29.671  74.690 0.0000000000
38865  -30.353  -29.504  74.129 0.0000000000
38886  -29.183  -29.355  73.470 0.0000000000
38904  -27.672  -29.257  72.508 0.0000000000
48627  -41.247  -18.206  68.677 0.0000000000
50342  -42.803  -16.900  70.988 0.0000000000
42351  -41.871  -25.206  79.127 0.0000000000
42369  -41.793  -25.213  78.244 0.0000000000
110447  -41.375  -25.356  77.504 0.0000000000
42387  -41.204  -25.137  76.607 0.0000000000
42415  -40.255  -25.388  74.590 0.0000000000
106029  -39.888  -25.381  73.778 0.0000000000
44905  -41.715  -22.820  76.655 0.0000000000
111964  -41.584  -23.275  76.166 0.0000000000
44067  -41.141  -23.766  74.713 0.0000000000
43248  -40.357  -24.888  73.878 0.0000000000
43286  -38.768  -24.950  71.364 0.0000000000
43305  -37.566  -24.596  69.515 0.0000000000
43321  -36.171  -24.127  67.967 0.0000000000
44120  -36.764  -23.900  68.307 0.0000000000
110445  -37.836  -22.672  68.311 0.0000000000
45919  -38.315  -21.254  67.607 0.0000000000
45906  -39.827  -20.995  70.053 0.0000000000
46809  -38.657  -20.552  67.274 0.0000000000
113456  -38.963  -20.132  67.028 0.0000000000
56410  -51.593  -8.652  64.866 0.0000000000
57222  -51.818  -8.123  64.796 0.0000000000
56420  -52.586  -8.504  63.760 0.0000000000
57231  -52.615  -7.918  63.908 0.0000000000
58107  -53.416  -6.788  62.413 0.0000000000
111296  -54.947  -8.235  60.426 0.0000000000
57255  -55.091  -7.553  60.282 0.0000000000
57265  -55.284  -8.255  59.596 0.0000000000
35947  -28.255  -31.872  85.754 0.0000000000
97249  -27.718  -32.083  85.168 0.0000000000
36865  -26.926  -31.639  82.008 0.0000000000
36876  -26.841  -31.148  80.593 0.0000000000
36855  -29.704  -30.335  83.198 0.0000000000
36868  -28.884  -30.244  81.964 0.0000000000
36867  -28.161  -30.540  81.509 0.0000000000
104823  -27.549  -30.872  81.033 0.0000000000
36882  -26.382  -31.154  79.764 0.0000000000
108831  -25.842  -31.167  78.421 0.0000000000
36894  -25.456  -31.170  77.733 0.0000000000
37924  -26.797  -30.410  78.111 0.0000000000
37936  -25.970  -30.673  77.292 0.0000000000
36918  -24.573  -31.083  75.369 0.0000000000
36931  -24.214  -31.244  74.688 0.0000000000
38925  -31.406  -29.524  71.063 0.0000000000
49494  -41.657  -17.961  65.477 0.0000000000
49504  -42.294  -17.664  64.651 0.0000000000
50404  -44.102  -16.602  66.583 0.0000000000
106765  -43.320  -17.190  65.642 0.0000000000
50395  -51.516  -16.253  67.344 0.0000000000
37849  -36.098  -30.612  83.357 0.0000000000
36844  -36.268  -30.730  82.823 0.0000000000
36857  -36.245  -30.633  82.022 0.0000000000
107990  -36.212  -30.893  81.102 0.0000000000
37917  -35.585  -30.550  79.507 0.0000000000
102377  -35.605  -30.367  78.646 0.0000000000
37932  -35.190  -30.418  78.067 0.0000000000
38809  -37.410  -29.746  79.666 0.0000000000
38808  -36.618  -29.865  79.015 0.0000000000
37933  -35.902  -30.144  78.469 0.0000000000
37943  -35.149  -30.154  77.581 0.0000000000
37955  -34.696  -29.909  76.814 0.0000000000
37976  -34.183  -29.742  75.194 0.0000000000
38847  -34.784  -29.467  75.346 0.0000000000
38868  -33.904  -29.603  74.253 0.0000000000
95103  -32.607  -29.180  71.675 0.0000000000
40611  -39.815  -26.788  77.095 0.0000000000
41480  -39.600  -26.700  76.233 0.0000000000
40610  -39.213  -27.164  76.711 0.0000000000
40631  -37.811  -26.576  74.124 0.0000000000
40641  -37.068  -26.660  73.127 0.0000000000
40621  -37.378  -27.081  74.507 0.0000000000
39759  -36.847  -27.592  74.959 0.0000000000
39758  -36.171  -28.037  74.684 0.0000000000
39770  -35.394  -28.374  73.674 0.0000000000
111487  -34.443  -28.938  73.288 0.0000000000
39782  -34.449  -28.657  72.629 0.0000000000
38926  -32.069  -29.385  71.032 0.0000000000
48566  -43.708  -18.468  76.381 0.0000000000
49396  -44.798  -17.144  77.873 0.0000000000
35924  -26.158  -32.423  87.906 0.0000000000
102920  -28.172  -31.786  86.942 0.0000000000
35935  -28.448  -31.786  86.410 0.0000000000
36817  -31.361  -30.785  85.576 0.0000000000
37823  -31.788  -30.558  85.782 0.0000000000
36818  -31.938  -30.523  85.149 0.0000000000
37834  -33.581  -30.538  84.471 0.0000000000
37835  -34.976  -30.703  84.076 0.0000000000
37836  -35.822  -30.340  83.940 0.0000000000
38772  -36.556  -30.218  83.535 0.0000000000
38762  -37.572  -29.306  83.771 0.0000000000
38780  -38.051  -30.053  82.776 0.0000000000
39682  -39.549  -28.559  83.018 0.0000000000
39689  -39.540  -28.664  82.223 0.0000000000
40572  -40.544  -27.470  80.971 0.0000000000
40563  -41.086  -26.810  81.444 0.0000000000
40573  -41.041  -26.754  80.726 0.0000000000
98926  -41.392  -26.407  80.210 0.0000000000
42297  -42.359  -25.168  81.257 0.0000000000
42315  -42.420  -25.170  80.538 0.0000000000
42335  -42.300  -25.300  79.803 0.0000000000
109667  -42.327  -24.811  79.453 0.0000000000
43200  -42.414  -24.319  79.416 0.0000000000
44027  -42.516  -23.771  79.398 0.0000000000
44854  -42.842  -23.527  80.009 0.0000000000
44878  -42.421  -22.821  78.476 0.0000000000
96551  -42.452  -21.322  79.316 0.0000000000
98902  -42.442  -21.990  78.775 0.0000000000
99221  -42.435  -21.415  78.003 0.0000000000
50307  -44.837  -16.987  76.026 0.0000000000
50315  -44.828  -16.368  75.427 0.0000000000
51186  -44.802  -15.577  74.933 0.0000000000
52042  -45.595  -14.641  77.460 0.0000000000
108446  -45.416  -15.054  75.965 0.0000000000
51187  -45.230  -14.933  75.250 0.0000000000
108090  -45.437  -14.351  72.965 0.0000000000
52088  -46.166  -14.277  72.366 0.0000000000
52100  -46.999  -14.281  71.859 0.0000000000
53778  -47.576  -11.883  75.622 0.0000000000
52933  -48.561  -12.757  74.302 0.0000000000
52942  -48.147  -13.421  73.921 0.0000000000
110636  -48.287  -14.905  70.995 0.0000000000
51226  -49.607  -15.526  70.818 0.0000000000
111350  -51.619  -15.604  69.387 0.0000000000
51249  -52.189  -14.799  69.056 0.0000000000
52133  -52.428  -14.063  68.886 0.0000000000
52151  -52.715  -14.274  68.616 0.0000000000
52171  -53.109  -14.158  68.218 0.0000000000
53023  -53.041  -13.838  67.735 0.0000000000
53038  -52.637  -13.687  67.272 0.0000000000
54660  -47.646  -10.860  70.124 0.0000000000
53021  -51.889  -13.472  67.532 0.0000000000
110830  -52.674  -13.857  66.576 0.0000000000
94895  -51.190  -14.237  65.164 0.0000000000
95129  -51.435  -14.454  64.546 0.0000000000
53055  -47.532  -13.302  64.669 0.0000000000
105468  -47.857  -13.824  64.257 0.0000000000
97612  -48.590  -14.240  63.970 0.0000000000
52217  -47.887  -14.013  63.405 0.0000000000
56418  -51.436  -9.423  64.508 0.0000000000
55587  -50.928  -10.496  63.056 0.0000000000
54750  -51.352  -11.148  61.375 0.0000000000
31972  -21.570  -37.364  79.642 0.0000000000
35954  -26.451  -32.410  84.285 0.0000000000
35965  -25.778  -32.428  83.636 0.0000000000
97365  -25.093  -32.438  83.018 0.0000000000
35160  -22.372  -33.253  80.700 0.0000000000
35997  -24.569  -32.319  79.324 0.0000000000
35169  -23.371  -32.926  79.376 0.0000000000
35168  -22.567  -33.254  79.740 0.0000000000
96712  -21.839  -33.665  80.153 0.0000000000
34368  -21.438  -34.167  79.608 0.0000000000
34367  -20.987  -34.653  79.109 0.0000000000
33569  -20.738  -35.270  78.665 0.0000000000
32799  -20.661  -36.362  77.450 0.0000000000
31987  -20.703  -37.196  77.215 0.0000000000
32015  -21.524  -37.439  73.413 0.0000000000
95358  -34.810  -30.864  81.982 0.0000000000
37878  -33.950  -30.542  81.399 0.0000000000
95329  -34.186  -30.456  80.365 0.0000000000
37897  -32.865  -30.045  80.757 0.0000000000
37913  -31.461  -29.707  79.507 0.0000000000
37942  -33.350  -30.205  77.193 0.0000000000
96111  -32.462  -30.074  77.475 0.0000000000
110099  -30.669  -29.781  76.064 0.0000000000
96347  -31.179  -29.879  77.080 0.0000000000
37941  -31.546  -29.950  77.699 0.0000000000
112495  -30.523  -29.772  77.734 0.0000000000
96664  -27.973  -29.903  77.278 0.0000000000
37969  -27.041  -29.968  75.931 0.0000000000
37968  -26.186  -30.158  75.720 0.0000000000
37967  -24.690  -30.785  74.515 0.0000000000
36943  -24.231  -31.097  74.104 0.0000000000
38924  -30.037  -29.564  71.075 0.0000000000
38922  -29.028  -29.307  70.933 0.0000000000
95328  -28.431  -29.247  71.705 0.0000000000
95473  -26.842  -29.279  71.994 0.0000000000
38903  -26.067  -29.444  72.099 0.0000000000
38010  -25.159  -29.740  72.293 0.0000000000
103235  -24.659  -30.200  72.769 0.0000000000
36967  -23.947  -31.094  71.072 0.0000000000
36955  -24.070  -30.615  72.723 0.0000000000
36942  -23.869  -31.137  73.446 0.0000000000
36049  -23.243  -31.762  73.333 0.0000000000
35244  -22.735  -33.498  71.369 0.0000000000
30448  -21.756  -38.575  73.830 0.0000000000
32002  -20.917  -37.198  74.880 0.0000000000
33562  -20.894  -35.870  79.862 0.0000000000
33659  -22.376  -35.084  71.605 0.0000000000
35155  -21.650  -33.712  81.883 0.0000000000
35942  -23.513  -32.774  85.796 0.0000000000
35946  -27.660  -32.107  85.665 0.0000000000
35979  -25.325  -32.406  82.160 0.0000000000
38797  -37.734  -29.885  80.426 0.0000000000
38848  -35.281  -29.196  75.519 0.0000000000
38883  -26.524  -29.638  73.627 0.0000000000
38884  -27.365  -29.410  73.484 0.0000000000
42458  -37.207  -25.268  69.915 0.0000000000
42480  -33.791  -25.243  67.528 0.0000000000
44122  -38.089  -23.106  68.814 0.0000000000
57194  -49.309  -7.763  67.817 0.0000000000
96204  -29.980  -29.733  76.268 0.0000000000
107972  -32.359  -30.021  76.111 0.0000000000
108485  -34.095  -31.147  83.972 0.0000000000
111641  -21.310  -36.037  73.156 0.0000000000
113315  -21.362  -34.169  78.085 0.0000000000
114053  -21.984  -33.528  73.774 0.0000000000
114056  -24.126  -30.544  71.546 0.0000000000
114421  -45.809  -13.443  77.454 0.0000000000
