#!ascii label  , from subject sub-v1s7x0051325_ses-1 vox2ras=TkReg
603
32734  -23.019  -36.570  88.605 0.0000000000
49376  -39.537  -17.215  80.677 0.0000000000
55432  -41.747  -10.427  76.461 0.0000000000
54652  -46.706  -9.400  70.122 0.0000000000
100159  -38.462  -21.952  81.154 0.0000000000
56320  -45.331  -9.730  73.113 0.0000000000
113054  -47.495  -8.975  63.250 0.0000000000
58117  -50.766  -7.624  61.071 0.0000000000
49377  -42.448  -17.449  80.457 0.0000000000
52023  -44.568  -13.752  79.242 0.0000000000
52032  -41.297  -14.000  78.935 0.0000000000
36739  -23.491  -31.941  92.965 0.0000000000
38702  -26.494  -29.221  90.862 0.0000000000
39630  -29.522  -28.737  88.083 0.0000000000
41347  -33.162  -26.835  85.451 0.0000000000
41379  -37.692  -26.149  84.949 0.0000000000
42258  -41.005  -25.338  83.606 0.0000000000
46687  -42.006  -20.848  82.359 0.0000000000
53767  -46.970  -11.649  76.408 0.0000000000
59003  -51.833  -5.834  60.182 0.0000000000
50250  -41.102  -16.499  82.388 0.0000000000
51996  -41.564  -14.952  81.305 0.0000000000
50284  -40.326  -15.983  79.496 0.0000000000
37777  -22.917  -30.546  90.795 0.0000000000
37762  -25.083  -30.582  92.140 0.0000000000
42255  -37.902  -25.958  83.818 0.0000000000
41381  -39.603  -26.206  84.327 0.0000000000
42275  -39.563  -25.102  83.262 0.0000000000
47655  -38.808  -19.733  81.530 0.0000000000
46684  -39.419  -20.815  82.822 0.0000000000
47646  -39.927  -19.037  82.681 0.0000000000
47656  -41.743  -19.455  81.233 0.0000000000
55405  -43.081  -10.739  79.214 0.0000000000
53755  -45.416  -12.052  78.243 0.0000000000
56261  -44.597  -9.277  77.694 0.0000000000
55489  -46.165  -9.778  71.762 0.0000000000
56314  -47.543  -8.847  73.336 0.0000000000
55491  -47.555  -9.426  71.666 0.0000000000
54660  -47.646  -10.860  70.124 0.0000000000
58069  -50.418  -7.287  65.340 0.0000000000
58050  -48.339  -7.377  66.752 0.0000000000
111716  -38.547  -23.907  80.177 0.0000000000
53839  -45.608  -11.816  69.457 0.0000000000
57238  -49.843  -8.302  62.313 0.0000000000
58083  -52.065  -7.204  63.960 0.0000000000
58981  -54.249  -6.306  61.299 0.0000000000
101742  -43.729  -17.984  78.491 0.0000000000
51142  -43.658  -15.556  79.989 0.0000000000
53715  -42.541  -12.616  80.088 0.0000000000
34298  -23.792  -34.988  91.508 0.0000000000
36779  -27.916  -31.180  89.053 0.0000000000
39618  -28.101  -28.420  89.487 0.0000000000
37803  -29.738  -30.966  87.576 0.0000000000
37805  -30.862  -30.325  86.652 0.0000000000
37815  -32.967  -29.764  85.606 0.0000000000
39659  -34.635  -28.781  85.041 0.0000000000
41363  -35.515  -26.344  85.168 0.0000000000
39673  -39.103  -28.281  84.062 0.0000000000
44824  -39.762  -22.810  82.633 0.0000000000
44003  -41.732  -23.402  83.009 0.0000000000
105302  -42.903  -23.765  81.272 0.0000000000
99694  -42.629  -22.166  79.743 0.0000000000
47675  -42.550  -19.609  78.778 0.0000000000
57119  -46.456  -8.534  75.443 0.0000000000
56387  -46.279  -8.263  66.929 0.0000000000
57176  -47.570  -8.353  69.531 0.0000000000
32705  -22.800  -35.943  91.130 0.0000000000
50248  -40.232  -16.423  82.038 0.0000000000
114468  -40.345  -15.887  81.639 0.0000000000
50283  -39.926  -16.597  80.088 0.0000000000
98599  -37.334  -26.108  82.008 0.0000000000
42274  -38.700  -25.697  83.027 0.0000000000
42295  -38.523  -25.378  81.252 0.0000000000
48544  -38.930  -18.622  80.715 0.0000000000
48525  -39.241  -19.227  82.041 0.0000000000
98064  -39.818  -17.793  82.351 0.0000000000
49359  -40.605  -17.205  82.442 0.0000000000
56254  -43.799  -9.761  78.485 0.0000000000
114322  -43.597  -9.310  77.733 0.0000000000
114126  -46.636  -9.505  70.935 0.0000000000
56328  -47.254  -9.071  71.822 0.0000000000
55490  -47.184  -9.181  71.163 0.0000000000
54653  -47.681  -10.225  70.909 0.0000000000
55496  -47.238  -9.078  70.675 0.0000000000
58059  -50.848  -7.657  65.703 0.0000000000
58053  -50.430  -7.682  66.519 0.0000000000
56401  -50.799  -8.441  65.917 0.0000000000
57246  -49.774  -8.763  61.378 0.0000000000
57247  -50.464  -8.074  61.756 0.0000000000
57239  -50.954  -7.527  62.753 0.0000000000
58093  -52.065  -7.064  63.163 0.0000000000
94885  -52.658  -7.392  63.571 0.0000000000
58106  -52.516  -6.730  62.228 0.0000000000
58992  -53.323  -5.689  61.278 0.0000000000
48550  -43.160  -18.031  79.232 0.0000000000
49386  -44.175  -16.751  78.973 0.0000000000
50274  -43.447  -16.129  80.125 0.0000000000
101611  -41.782  -13.805  80.544 0.0000000000
95815  -42.415  -14.132  80.680 0.0000000000
52885  -42.012  -13.082  80.049 0.0000000000
110012  -42.312  -12.358  79.759 0.0000000000
52901  -41.510  -13.072  78.363 0.0000000000
34299  -24.379  -34.406  91.286 0.0000000000
35880  -24.572  -32.704  92.292 0.0000000000
37771  -25.630  -30.151  91.674 0.0000000000
40486  -28.825  -27.793  88.406 0.0000000000
39629  -28.958  -28.403  88.627 0.0000000000
37787  -28.711  -29.880  88.776 0.0000000000
38723  -29.672  -29.578  88.051 0.0000000000
37804  -30.391  -30.781  87.194 0.0000000000
38733  -30.209  -29.215  87.589 0.0000000000
39650  -32.982  -28.448  85.667 0.0000000000
38750  -33.857  -29.438  85.212 0.0000000000
39658  -33.813  -28.611  85.412 0.0000000000
42239  -36.766  -25.226  84.992 0.0000000000
42238  -35.071  -25.584  85.112 0.0000000000
41364  -36.405  -26.156  85.192 0.0000000000
40518  -36.122  -27.674  84.888 0.0000000000
39662  -37.364  -28.120  84.702 0.0000000000
39672  -37.719  -28.671  84.292 0.0000000000
104761  -38.305  -27.949  84.531 0.0000000000
42242  -40.193  -25.709  83.980 0.0000000000
40541  -40.377  -26.962  83.806 0.0000000000
41406  -41.017  -26.431  83.269 0.0000000000
42276  -41.851  -25.273  82.654 0.0000000000
44839  -39.370  -23.241  81.888 0.0000000000
44823  -38.960  -22.130  82.089 0.0000000000
46678  -40.721  -20.886  83.337 0.0000000000
101895  -40.833  -22.158  83.398 0.0000000000
44825  -42.404  -22.416  82.483 0.0000000000
111973  -42.764  -23.568  81.907 0.0000000000
44826  -42.735  -22.526  81.797 0.0000000000
103707  -42.542  -21.423  80.982 0.0000000000
48540  -41.912  -17.693  81.094 0.0000000000
47662  -41.815  -19.333  80.303 0.0000000000
48549  -42.386  -18.797  79.493 0.0000000000
48555  -43.091  -18.690  78.651 0.0000000000
36746  -22.152  -31.550  92.872 0.0000000000
35869  -22.391  -32.428  93.320 0.0000000000
34282  -22.373  -34.061  92.941 0.0000000000
51154  -44.648  -15.234  78.933 0.0000000000
52034  -45.378  -14.583  78.133 0.0000000000
54582  -46.362  -11.247  77.194 0.0000000000
56310  -43.825  -9.870  74.113 0.0000000000
57117  -45.136  -8.643  75.569 0.0000000000
56300  -45.477  -8.902  74.567 0.0000000000
55482  -48.671  -10.348  72.836 0.0000000000
55462  -48.603  -10.339  74.481 0.0000000000
58040  -48.529  -7.452  67.857 0.0000000000
57205  -47.353  -7.657  67.134 0.0000000000
57192  -47.959  -7.692  68.411 0.0000000000
57183  -47.356  -8.022  68.867 0.0000000000
56365  -48.362  -8.073  69.165 0.0000000000
55520  -47.770  -9.552  69.629 0.0000000000
58128  -50.476  -7.243  60.080 0.0000000000
58990  -51.337  -6.754  60.616 0.0000000000
59002  -50.914  -6.360  59.705 0.0000000000
59866  -51.679  -4.793  58.881 0.0000000000
49367  -41.700  -17.066  81.705 0.0000000000
51128  -42.406  -15.815  81.095 0.0000000000
105062  -41.156  -15.420  81.996 0.0000000000
51127  -40.816  -14.988  81.039 0.0000000000
52020  -41.027  -14.564  79.459 0.0000000000
36747  -22.871  -31.043  93.007 0.0000000000
36749  -24.117  -31.061  92.616 0.0000000000
38701  -25.811  -28.865  91.021 0.0000000000
96178  -37.177  -25.350  84.647 0.0000000000
41380  -38.666  -26.360  84.416 0.0000000000
42240  -37.977  -26.184  84.323 0.0000000000
99040  -39.803  -25.453  83.859 0.0000000000
42257  -40.443  -24.985  83.594 0.0000000000
46693  -38.652  -20.513  81.566 0.0000000000
45756  -39.038  -21.303  82.390 0.0000000000
47644  -39.043  -19.945  82.169 0.0000000000
46685  -39.764  -19.940  82.844 0.0000000000
46694  -41.311  -19.880  82.577 0.0000000000
104050  -41.775  -20.139  81.773 0.0000000000
104708  -41.378  -18.931  82.022 0.0000000000
48539  -41.478  -17.838  81.865 0.0000000000
36767  -21.738  -31.533  90.710 0.0000000000
53743  -44.175  -12.105  79.368 0.0000000000
106357  -45.246  -12.871  78.467 0.0000000000
54571  -44.281  -11.231  79.078 0.0000000000
55417  -45.051  -10.273  78.292 0.0000000000
55424  -46.508  -10.168  77.055 0.0000000000
55480  -45.778  -9.820  72.367 0.0000000000
56313  -46.757  -8.745  73.432 0.0000000000
56322  -47.066  -8.873  72.557 0.0000000000
55481  -47.853  -9.507  72.263 0.0000000000
109348  -48.961  -7.818  64.048 0.0000000000
57221  -48.269  -7.969  64.461 0.0000000000
114703  -49.192  -7.284  65.788 0.0000000000
58052  -49.970  -7.325  66.916 0.0000000000
49375  -39.137  -17.921  80.185 0.0000000000
97884  -38.517  -19.183  79.876 0.0000000000
56297  -42.541  -9.752  75.687 0.0000000000
54633  -44.442  -11.101  71.987 0.0000000000
54641  -45.112  -11.363  71.305 0.0000000000
97227  -45.695  -11.440  70.553 0.0000000000
54659  -46.114  -10.698  69.825 0.0000000000
57237  -48.849  -8.798  62.458 0.0000000000
58081  -49.848  -7.424  64.250 0.0000000000
58070  -51.226  -7.449  64.914 0.0000000000
58060  -51.479  -7.732  64.994 0.0000000000
58979  -53.146  -6.245  61.992 0.0000000000
58980  -53.750  -6.192  61.725 0.0000000000
49390  -44.332  -17.365  78.428 0.0000000000
50286  -44.605  -16.141  78.798 0.0000000000
100577  -43.964  -14.856  79.716 0.0000000000
52009  -42.293  -15.042  80.975 0.0000000000
52010  -43.247  -13.879  80.366 0.0000000000
52872  -43.368  -13.050  80.165 0.0000000000
54542  -42.853  -11.968  79.832 0.0000000000
54570  -42.531  -10.878  78.988 0.0000000000
98236  -40.037  -16.835  78.979 0.0000000000
51162  -40.675  -15.611  77.907 0.0000000000
52900  -41.325  -13.442  77.344 0.0000000000
33494  -23.471  -35.722  90.322 0.0000000000
101684  -23.709  -35.427  90.134 0.0000000000
97212  -27.837  -31.854  87.691 0.0000000000
39624  -25.388  -28.675  89.484 0.0000000000
39611  -26.532  -28.577  90.455 0.0000000000
38712  -27.754  -28.920  89.868 0.0000000000
37794  -28.539  -30.815  88.586 0.0000000000
36817  -31.361  -30.785  85.576 0.0000000000
37824  -32.547  -30.261  85.458 0.0000000000
105552  -32.985  -26.222  85.360 0.0000000000
42223  -33.837  -25.702  85.282 0.0000000000
41361  -34.027  -26.929  85.402 0.0000000000
40516  -34.560  -27.817  85.273 0.0000000000
38752  -36.145  -29.063  84.569 0.0000000000
40531  -39.157  -27.410  84.422 0.0000000000
43183  -39.141  -24.670  81.486 0.0000000000
43184  -39.559  -24.557  82.378 0.0000000000
43176  -40.609  -24.144  83.318 0.0000000000
45757  -39.487  -21.794  82.865 0.0000000000
44814  -41.031  -22.941  83.339 0.0000000000
43166  -41.686  -24.219  83.011 0.0000000000
43177  -42.130  -24.531  82.645 0.0000000000
43185  -42.673  -24.537  81.050 0.0000000000
98902  -42.442  -21.990  78.775 0.0000000000
46702  -42.141  -20.396  80.895 0.0000000000
101244  -42.331  -20.464  79.388 0.0000000000
46715  -42.457  -20.748  78.505 0.0000000000
47683  -42.688  -19.840  77.858 0.0000000000
33480  -23.098  -35.424  91.882 0.0000000000
56284  -44.421  -8.801  76.474 0.0000000000
56274  -45.690  -8.893  76.842 0.0000000000
55434  -47.147  -10.141  76.458 0.0000000000
57139  -47.056  -8.505  74.165 0.0000000000
56286  -47.651  -9.388  75.289 0.0000000000
54607  -48.007  -11.097  75.490 0.0000000000
104865  -45.666  -10.962  69.077 0.0000000000
55503  -46.325  -9.543  69.500 0.0000000000
99516  -46.797  -8.185  65.269 0.0000000000
56399  -45.766  -8.661  65.925 0.0000000000
56372  -45.530  -9.584  67.533 0.0000000000
56362  -46.037  -9.131  68.704 0.0000000000
55504  -47.257  -8.766  70.070 0.0000000000
99011  -47.656  -8.911  69.876 0.0000000000
49366  -39.733  -17.200  81.759 0.0000000000
50273  -39.925  -16.448  81.209 0.0000000000
99944  -38.243  -25.764  82.032 0.0000000000
42294  -37.739  -25.934  81.129 0.0000000000
108226  -39.305  -17.840  81.210 0.0000000000
48538  -39.338  -18.412  81.852 0.0000000000
113190  -39.525  -17.800  81.867 0.0000000000
49358  -40.182  -17.085  82.340 0.0000000000
55421  -41.937  -10.390  77.237 0.0000000000
55422  -42.451  -9.920  77.661 0.0000000000
55433  -42.209  -9.937  76.867 0.0000000000
55495  -47.022  -8.954  70.678 0.0000000000
57217  -51.257  -8.120  65.412 0.0000000000
57216  -50.762  -7.940  66.089 0.0000000000
58105  -51.441  -7.433  62.055 0.0000000000
58118  -51.694  -7.053  61.457 0.0000000000
49385  -43.006  -17.298  79.763 0.0000000000
113470  -42.779  -16.524  80.552 0.0000000000
52021  -41.491  -13.797  79.961 0.0000000000
52895  -41.631  -13.341  79.244 0.0000000000
114466  -41.426  -13.601  78.646 0.0000000000
35870  -23.168  -32.543  93.049 0.0000000000
35879  -23.896  -32.692  92.649 0.0000000000
38693  -25.909  -29.434  91.307 0.0000000000
37772  -26.544  -30.206  91.049 0.0000000000
39638  -29.305  -27.964  87.989 0.0000000000
38722  -29.161  -29.319  88.461 0.0000000000
40507  -32.619  -27.517  85.638 0.0000000000
40515  -33.523  -27.702  85.468 0.0000000000
42225  -36.972  -25.653  85.195 0.0000000000
42224  -36.117  -25.742  84.991 0.0000000000
41365  -37.022  -26.465  85.245 0.0000000000
40529  -37.658  -27.115  84.996 0.0000000000
41393  -40.728  -26.039  83.789 0.0000000000
41394  -41.313  -25.618  83.352 0.0000000000
42259  -41.535  -24.915  83.248 0.0000000000
44838  -38.925  -22.749  81.314 0.0000000000
46686  -41.445  -20.774  83.024 0.0000000000
45759  -41.979  -21.619  82.795 0.0000000000
45760  -42.487  -21.742  82.083 0.0000000000
45768  -42.692  -21.988  81.389 0.0000000000
46695  -42.375  -21.101  81.613 0.0000000000
48545  -42.069  -18.288  80.342 0.0000000000
110046  -42.603  -17.953  79.836 0.0000000000
36738  -22.851  -31.680  93.173 0.0000000000
36737  -22.221  -31.827  93.194 0.0000000000
35062  -22.772  -33.286  93.038 0.0000000000
52033  -44.896  -14.500  78.740 0.0000000000
109832  -45.190  -15.160  78.395 0.0000000000
53766  -46.489  -12.295  76.834 0.0000000000
53777  -46.908  -12.440  76.060 0.0000000000
53778  -47.576  -11.883  75.622 0.0000000000
56311  -44.857  -9.478  73.897 0.0000000000
56312  -45.868  -9.058  73.677 0.0000000000
57229  -47.446  -8.502  63.984 0.0000000000
57184  -48.701  -7.702  68.529 0.0000000000
109498  -41.448  -16.560  82.136 0.0000000000
50262  -41.359  -15.993  82.153 0.0000000000
51111  -41.024  -15.955  82.331 0.0000000000
51140  -40.328  -15.702  80.778 0.0000000000
51119  -40.758  -15.345  81.653 0.0000000000
51141  -40.753  -15.169  80.043 0.0000000000
109996  -22.906  -30.631  91.651 0.0000000000
38700  -24.738  -29.051  91.043 0.0000000000
111934  -37.005  -25.723  82.695 0.0000000000
42254  -36.968  -25.355  83.720 0.0000000000
42256  -38.986  -25.740  83.921 0.0000000000
109774  -38.475  -20.083  80.957 0.0000000000
48526  -39.646  -18.645  82.425 0.0000000000
47645  -39.450  -19.472  82.454 0.0000000000
47635  -40.456  -19.552  82.797 0.0000000000
47647  -40.712  -18.866  82.589 0.0000000000
48528  -40.958  -17.955  82.442 0.0000000000
49360  -41.252  -17.130  82.331 0.0000000000
36768  -22.353  -30.998  91.215 0.0000000000
36758  -22.581  -30.971  92.321 0.0000000000
54557  -43.678  -11.463  79.392 0.0000000000
55406  -43.651  -10.684  79.120 0.0000000000
56255  -44.392  -9.735  78.326 0.0000000000
56262  -45.112  -9.618  77.809 0.0000000000
55423  -45.733  -10.292  77.606 0.0000000000
107992  -45.180  -9.195  77.309 0.0000000000
56327  -46.680  -9.243  72.050 0.0000000000
54643  -47.961  -10.416  71.552 0.0000000000
58068  -49.264  -7.419  65.053 0.0000000000
96368  -49.904  -7.123  66.097 0.0000000000
58042  -49.490  -7.566  67.502 0.0000000000
106071  -38.835  -18.516  79.760 0.0000000000
53830  -45.443  -12.170  69.886 0.0000000000
111603  -45.923  -11.464  70.023 0.0000000000
57245  -49.172  -9.170  61.612 0.0000000000
57230  -49.344  -8.012  63.273 0.0000000000
58092  -50.406  -7.533  63.487 0.0000000000
58082  -51.437  -7.212  64.006 0.0000000000
58071  -51.810  -7.433  64.520 0.0000000000
111685  -51.952  -7.747  64.620 0.0000000000
58072  -52.250  -7.608  64.219 0.0000000000
99351  -52.845  -6.871  62.895 0.0000000000
58991  -52.431  -6.248  61.190 0.0000000000
58993  -53.922  -5.726  61.033 0.0000000000
48560  -43.698  -18.487  77.077 0.0000000000
48561  -44.168  -17.842  77.649 0.0000000000
50285  -43.959  -16.154  79.516 0.0000000000
51143  -44.201  -15.611  79.412 0.0000000000
51120  -41.721  -15.561  81.543 0.0000000000
52870  -42.152  -13.514  80.462 0.0000000000
52871  -42.732  -13.217  80.376 0.0000000000
53716  -42.922  -12.521  80.170 0.0000000000
95708  -41.663  -12.053  78.447 0.0000000000
54554  -42.203  -11.700  79.296 0.0000000000
33488  -23.364  -35.625  91.111 0.0000000000
34305  -24.047  -35.179  90.830 0.0000000000
35077  -24.648  -33.492  91.697 0.0000000000
37761  -24.463  -30.502  92.338 0.0000000000
35916  -27.429  -31.900  88.475 0.0000000000
36787  -28.163  -31.523  88.342 0.0000000000
39625  -26.089  -28.258  89.288 0.0000000000
39615  -25.938  -28.302  90.044 0.0000000000
37779  -27.673  -29.833  89.944 0.0000000000
38713  -28.317  -29.279  89.383 0.0000000000
37795  -29.207  -30.273  88.095 0.0000000000
36788  -28.900  -31.128  87.870 0.0000000000
36796  -28.553  -31.572  87.493 0.0000000000
36797  -29.333  -31.457  87.264 0.0000000000
36804  -28.878  -31.706  86.849 0.0000000000
37813  -30.730  -30.999  86.535 0.0000000000
36807  -31.126  -31.054  86.036 0.0000000000
37814  -31.420  -30.580  86.229 0.0000000000
38743  -32.468  -29.260  86.052 0.0000000000
96449  -32.230  -30.152  86.035 0.0000000000
38751  -34.660  -29.426  84.790 0.0000000000
38760  -35.164  -29.915  84.428 0.0000000000
41362  -34.483  -26.194  85.343 0.0000000000
105792  -34.818  -26.890  85.307 0.0000000000
40517  -35.471  -27.332  85.116 0.0000000000
39661  -36.516  -28.303  84.708 0.0000000000
38763  -38.312  -28.790  83.877 0.0000000000
38774  -38.907  -28.893  83.335 0.0000000000
109369  -39.155  -26.663  84.483 0.0000000000
40532  -39.771  -26.838  84.324 0.0000000000
43192  -38.727  -24.736  80.619 0.0000000000
44011  -39.503  -24.052  81.780 0.0000000000
44001  -39.923  -23.823  82.568 0.0000000000
44002  -40.509  -23.327  83.132 0.0000000000
44815  -41.688  -22.462  83.089 0.0000000000
43996  -41.207  -23.810  83.318 0.0000000000
100588  -42.350  -23.720  82.557 0.0000000000
43178  -42.670  -24.180  81.940 0.0000000000
45777  -42.754  -22.271  80.656 0.0000000000
113226  -42.183  -19.681  79.589 0.0000000000
103866  -42.116  -20.206  80.043 0.0000000000
47676  -43.032  -19.170  78.082 0.0000000000
99176  -43.520  -18.557  77.867 0.0000000000
34290  -23.497  -34.663  92.091 0.0000000000
34289  -22.775  -34.795  92.403 0.0000000000
113930  -45.439  -13.386  78.154 0.0000000000
52902  -45.656  -12.991  77.827 0.0000000000
55459  -42.469  -10.065  75.045 0.0000000000
56283  -43.415  -9.178  76.025 0.0000000000
57118  -45.843  -8.476  75.767 0.0000000000
57109  -45.400  -8.579  76.395 0.0000000000
57110  -46.177  -8.658  76.214 0.0000000000
56275  -46.568  -9.310  76.615 0.0000000000
56285  -46.911  -8.938  75.803 0.0000000000
55461  -48.181  -9.631  74.675 0.0000000000
55447  -48.244  -10.276  75.180 0.0000000000
53779  -48.198  -11.739  75.097 0.0000000000
55519  -45.682  -10.151  68.692 0.0000000000
57215  -48.399  -7.507  65.578 0.0000000000
57220  -47.465  -8.069  64.911 0.0000000000
57214  -47.412  -7.750  65.908 0.0000000000
57213  -46.558  -8.142  66.029 0.0000000000
56386  -45.514  -9.113  66.650 0.0000000000
56373  -46.287  -8.575  67.968 0.0000000000
56363  -46.797  -8.396  69.054 0.0000000000
56349  -46.952  -8.583  69.596 0.0000000000
56350  -47.526  -8.560  69.817 0.0000000000
50249  -40.643  -16.443  82.329 0.0000000000
109347  -40.703  -15.823  82.150 0.0000000000
42273  -37.749  -25.756  82.920 0.0000000000
42296  -38.959  -25.226  82.202 0.0000000000
48537  -38.993  -19.095  81.392 0.0000000000
48527  -40.164  -18.075  82.560 0.0000000000
112723  -40.162  -17.524  82.440 0.0000000000
107541  -42.901  -10.298  78.783 0.0000000000
55415  -43.428  -10.164  78.818 0.0000000000
55414  -43.176  -9.748  78.221 0.0000000000
56260  -43.957  -9.342  78.082 0.0000000000
98828  -44.206  -9.138  77.402 0.0000000000
100274  -46.843  -9.158  71.300 0.0000000000
107709  -47.437  -9.380  71.215 0.0000000000
105885  -47.432  -9.343  70.112 0.0000000000
58058  -50.366  -7.345  66.239 0.0000000000
110300  -53.038  -6.541  62.483 0.0000000000
59856  -52.254  -5.066  59.642 0.0000000000
59842  -52.793  -5.387  60.493 0.0000000000
59843  -53.431  -5.326  60.442 0.0000000000
58994  -54.453  -6.202  60.529 0.0000000000
104400  -43.684  -17.341  79.077 0.0000000000
104325  -43.529  -16.668  79.675 0.0000000000
52008  -41.735  -14.330  80.909 0.0000000000
111708  -41.937  -14.559  81.044 0.0000000000
53742  -41.886  -12.546  79.285 0.0000000000
104472  -23.764  -34.026  92.284 0.0000000000
34291  -24.080  -34.217  91.865 0.0000000000
35888  -25.043  -32.673  91.846 0.0000000000
109290  -27.660  -30.752  89.623 0.0000000000
38714  -28.771  -29.064  88.895 0.0000000000
37796  -30.069  -30.227  87.749 0.0000000000
109668  -30.506  -30.050  87.237 0.0000000000
38744  -33.238  -29.173  85.618 0.0000000000
43164  -36.233  -24.954  84.339 0.0000000000
43154  -35.254  -25.046  84.709 0.0000000000
43155  -35.906  -25.417  84.756 0.0000000000
41382  -40.166  -26.274  84.173 0.0000000000
41407  -41.556  -26.025  82.578 0.0000000000
44853  -38.553  -22.914  80.569 0.0000000000
44010  -39.145  -23.782  80.998 0.0000000000
45746  -40.172  -21.461  83.305 0.0000000000
45747  -41.182  -21.546  83.347 0.0000000000
111073  -42.235  -23.031  82.702 0.0000000000
44004  -42.658  -23.075  82.189 0.0000000000
44012  -42.877  -23.145  81.509 0.0000000000
113024  -42.872  -22.661  81.216 0.0000000000
98225  -41.716  -18.575  81.137 0.0000000000
36745  -21.466  -32.020  92.518 0.0000000000
35878  -21.603  -32.229  93.171 0.0000000000
35868  -21.672  -32.578  93.390 0.0000000000
34283  -23.137  -34.087  92.567 0.0000000000
53756  -45.950  -12.152  77.540 0.0000000000
52903  -46.092  -13.001  77.208 0.0000000000
108645  -44.135  -8.962  75.593 0.0000000000
56299  -44.472  -9.282  74.801 0.0000000000
57126  -46.005  -8.472  75.077 0.0000000000
105437  -48.150  -9.448  72.998 0.0000000000
56315  -48.233  -9.513  73.901 0.0000000000
57191  -46.957  -7.944  67.885 0.0000000000
56364  -47.852  -8.611  69.649 0.0000000000
59855  -51.327  -5.546  59.302 0.0000000000
49368  -42.219  -17.001  81.119 0.0000000000
50263  -41.936  -16.334  81.491 0.0000000000
51995  -41.232  -14.881  81.372 0.0000000000
52007  -41.303  -14.439  80.632 0.0000000000
36748  -23.433  -31.199  92.909 0.0000000000
37760  -23.737  -30.561  92.519 0.0000000000
37770  -24.821  -29.832  92.068 0.0000000000
38692  -25.228  -29.307  91.568 0.0000000000
41346  -32.334  -26.760  85.561 0.0000000000
98577  -37.281  -25.490  84.990 0.0000000000
42241  -39.271  -25.913  84.160 0.0000000000
103221  -38.467  -21.193  81.202 0.0000000000
45767  -38.693  -21.280  81.786 0.0000000000
46683  -38.970  -20.635  82.246 0.0000000000
107075  -39.260  -20.119  82.548 0.0000000000
45745  -40.062  -20.627  83.185 0.0000000000
108165  -40.664  -20.198  83.083 0.0000000000
36757  -21.906  -31.465  91.871 0.0000000000
52886  -44.044  -12.969  79.653 0.0000000000
52896  -44.692  -12.916  79.062 0.0000000000
53744  -44.783  -12.037  78.804 0.0000000000
55416  -44.352  -10.428  78.722 0.0000000000
54572  -44.934  -11.138  78.579 0.0000000000
54581  -45.596  -11.154  77.963 0.0000000000
54593  -46.910  -10.850  76.654 0.0000000000
56321  -46.304  -9.194  72.850 0.0000000000
56323  -47.536  -9.062  72.489 0.0000000000
100384  -48.294  -8.435  63.405 0.0000000000
107676  -49.220  -7.265  66.464 0.0000000000
58051  -49.223  -7.393  67.398 0.0000000000
58041  -49.075  -7.567  68.032 0.0000000000
49384  -39.568  -17.400  79.577 0.0000000000
45776  -38.257  -21.477  80.503 0.0000000000
46701  -38.351  -20.698  80.725 0.0000000000
47661  -38.619  -19.450  80.745 0.0000000000
55445  -41.504  -10.722  75.819 0.0000000000
55446  -41.908  -10.055  76.109 0.0000000000
55460  -42.840  -10.226  74.373 0.0000000000
55472  -44.337  -10.202  73.313 0.0000000000
55479  -44.873  -10.445  72.576 0.0000000000
55488  -45.417  -10.563  71.885 0.0000000000
54642  -46.072  -10.401  71.191 0.0000000000
53831  -46.346  -10.263  70.492 0.0000000000
95805  -50.754  -7.301  64.482 0.0000000000
97900  -44.710  -16.820  78.414 0.0000000000
50293  -45.173  -16.533  78.153 0.0000000000
114163  -44.441  -14.456  79.324 0.0000000000
51129  -43.042  -15.656  80.605 0.0000000000
105725  -43.250  -14.779  80.452 0.0000000000
111800  -43.606  -14.362  80.095 0.0000000000
52022  -43.888  -13.905  79.800 0.0000000000
53729  -43.379  -12.164  79.758 0.0000000000
54556  -43.135  -11.342  79.518 0.0000000000
53728  -42.590  -11.983  79.760 0.0000000000
54555  -42.780  -11.402  79.521 0.0000000000
50292  -40.370  -16.196  78.437 0.0000000000
51153  -40.668  -15.387  78.898 0.0000000000
52031  -40.963  -14.722  78.265 0.0000000000
52041  -41.299  -13.907  78.123 0.0000000000
32726  -23.135  -36.186  89.679 0.0000000000
110296  -23.405  -35.864  89.700 0.0000000000
33501  -23.507  -35.638  89.419 0.0000000000
95201  -24.097  -31.864  92.635 0.0000000000
39609  -25.462  -28.749  90.572 0.0000000000
39610  -26.067  -28.476  90.429 0.0000000000
38703  -27.165  -29.012  90.350 0.0000000000
36798  -30.146  -31.352  87.023 0.0000000000
38734  -30.776  -29.391  86.780 0.0000000000
37823  -31.788  -30.558  85.782 0.0000000000
37825  -33.374  -30.114  85.086 0.0000000000
37834  -33.581  -30.538  84.471 0.0000000000
42237  -34.376  -25.139  84.993 0.0000000000
110467  -33.672  -26.291  85.391 0.0000000000
39660  -35.553  -28.308  84.871 0.0000000000
97038  -35.354  -29.166  84.686 0.0000000000
97157  -35.827  -29.680  84.391 0.0000000000
40530  -38.441  -26.849  84.664 0.0000000000
40540  -39.784  -27.707  84.057 0.0000000000
111512  -39.518  -28.307  83.621 0.0000000000
43175  -39.992  -24.445  83.149 0.0000000000
43165  -41.240  -24.636  83.426 0.0000000000
45758  -40.259  -22.399  83.200 0.0000000000
42277  -42.477  -24.972  81.955 0.0000000000
46710  -42.454  -21.184  80.155 0.0000000000
47691  -42.777  -19.838  77.037 0.0000000000
113290  -22.942  -35.746  91.521 0.0000000000
32715  -23.121  -35.977  90.527 0.0000000000
52897  -45.157  -13.716  78.532 0.0000000000
56282  -42.701  -9.547  76.464 0.0000000000
56272  -43.543  -9.194  76.951 0.0000000000
56273  -44.926  -8.937  77.030 0.0000000000
56263  -45.811  -9.490  77.251 0.0000000000
57138  -46.363  -8.635  74.288 0.0000000000
57128  -47.101  -8.643  74.977 0.0000000000
56276  -47.250  -9.548  76.034 0.0000000000
55435  -47.666  -10.236  75.777 0.0000000000
54594  -47.450  -11.004  76.113 0.0000000000
54672  -45.322  -12.008  68.645 0.0000000000
57219  -46.686  -8.548  64.517 0.0000000000
100467  -46.119  -8.538  65.164 0.0000000000
111075  -47.669  -10.127  69.897 0.0000000000
56259  -42.915  -9.515  77.382 0.0000000000
57127  -46.611  -8.506  74.781 0.0000000000
107321  -43.930  -10.080  78.735 0.0000000000
