#!ascii label  , from subject sub-v1s7x0051325_ses-1 vox2ras=TkReg
908
47482  -23.775  -20.835  6.650 0.5555555820
46565  -24.362  -20.786  6.219 0.6666666865
47510  -24.392  -20.161  5.519 0.7777777910
47511  -25.031  -20.124  5.351 0.7777777910
49249  -24.933  -19.038  4.656 0.8888888955
49268  -27.104  -18.639  4.100 0.8888888955
46549  -23.344  -21.163  7.523 0.5555555820
47481  -22.942  -20.525  7.062 0.5555555820
48398  -23.479  -19.699  6.000 0.6666666865
48411  -23.804  -19.429  5.491 0.8888888955
48413  -25.137  -19.540  4.937 0.8888888955
49266  -25.437  -18.526  4.295 0.8888888955
49275  -25.797  -18.006  3.763 1.0000000000
50145  -27.045  -17.455  3.174 1.0000000000
101429  -22.959  -19.767  6.289 0.7777777910
50116  -23.378  -18.107  5.303 1.0000000000
50129  -23.788  -17.797  4.708 1.0000000000
50130  -24.501  -17.914  4.333 1.0000000000
50142  -24.831  -17.463  3.454 1.0000000000
51019  -25.344  -17.118  2.764 1.0000000000
51018  -24.224  -16.804  3.452 1.0000000000
51035  -25.754  -16.610  2.337 1.0000000000
51021  -27.460  -16.675  2.891 1.0000000000
51034  -25.159  -16.461  2.432 1.0000000000
51879  -26.285  -15.961  1.999 1.0000000000
51863  -27.852  -15.796  2.732 1.0000000000
51891  -26.815  -15.334  1.570 1.0000000000
52744  -27.134  -14.648  1.341 0.7777777910
51002  -22.818  -16.626  4.748 0.8888888955
109346  -23.493  -17.217  4.586 1.0000000000
51862  -24.399  -16.202  2.799 1.0000000000
51849  -22.962  -16.089  4.101 1.0000000000
52733  -25.590  -15.101  1.719 1.0000000000
51890  -26.217  -15.265  1.570 1.0000000000
52743  -26.535  -14.679  1.167 1.0000000000
110131  -27.302  -13.982  1.392 0.8888888955
99075  -27.715  -13.483  2.110 0.7777777910
54416  -28.332  -12.999  2.736 0.7777777910
51847  -21.423  -15.349  4.853 0.5555555820
53574  -21.546  -13.684  3.381 0.7777777910
52721  -22.274  -14.422  3.428 0.8888888955
113718  -23.927  -14.535  2.362 1.0000000000
51877  -24.844  -15.421  2.244 1.0000000000
52732  -23.010  -14.254  2.814 0.8888888955
53584  -24.177  -13.618  1.782 1.0000000000
52741  -25.057  -14.395  1.577 1.0000000000
53593  -25.994  -13.570  0.716 1.0000000000
54425  -27.097  -13.042  1.433 0.8888888955
54424  -26.401  -12.948  0.888 1.0000000000
100324  -26.776  -12.178  1.098 0.8888888955
55279  -27.733  -11.010  1.945 0.7777777910
55280  -28.351  -11.269  2.705 0.6666666865
54396  -20.199  -13.181  4.084 0.4444444478
53566  -20.629  -13.746  3.914 0.7777777910
54404  -21.000  -12.901  3.516 0.6666666865
54413  -22.497  -12.496  2.374 0.7777777910
106370  -22.682  -13.131  2.498 0.8888888955
54414  -23.420  -12.832  1.980 0.8888888955
53592  -25.083  -13.377  1.094 1.0000000000
101761  -23.875  -12.171  1.324 1.0000000000
54422  -24.723  -12.427  0.918 1.0000000000
110888  -26.258  -12.187  0.811 1.0000000000
101778  -26.529  -11.514  0.781 0.8888888955
55289  -27.164  -11.332  1.065 0.7777777910
56120  -28.863  -10.790  3.273 0.5555555820
56134  -28.138  -10.012  1.776 0.7777777910
55271  -20.698  -11.380  3.806 0.6666666865
54403  -20.303  -12.270  4.095 0.6666666865
54412  -21.732  -12.156  2.879 0.7777777910
55276  -21.378  -11.355  3.236 0.7777777910
111941  -22.367  -11.825  2.290 0.8888888955
55284  -22.651  -11.197  1.907 1.0000000000
55285  -23.466  -11.247  1.210 1.0000000000
55294  -24.778  -11.131  0.600 1.0000000000
55287  -25.117  -11.772  0.646 0.8888888955
55296  -26.116  -10.896  0.548 0.8888888955
56143  -26.930  -9.854  0.696 0.8888888955
56133  -27.402  -10.402  1.187 0.7777777910
56141  -25.652  -10.273  0.350 0.8888888955
56142  -26.300  -10.098  0.415 0.7777777910
56947  -28.268  -9.231  1.797 0.7777777910
56108  -19.711  -10.646  4.673 0.6666666865
55270  -20.115  -11.325  4.451 0.5555555820
56119  -21.062  -10.749  3.491 0.7777777910
56125  -21.526  -10.572  2.835 0.8888888955
56126  -22.125  -10.458  2.081 0.8888888955
56131  -22.807  -10.468  1.390 1.0000000000
56140  -24.806  -10.388  0.421 1.0000000000
55295  -25.422  -11.017  0.565 0.8888888955
56957  -26.421  -9.270  0.436 0.7777777910
57792  -26.625  -8.443  0.573 0.7777777910
57784  -27.982  -8.488  1.492 0.6666666865
100083  -28.326  -7.656  1.780 0.5555555820
57778  -28.576  -8.619  2.183 0.5555555820
56118  -20.376  -10.496  4.034 0.7777777910
104795  -19.525  -9.883  4.666 0.6666666865
101689  -21.072  -9.998  3.299 0.8888888955
56938  -22.320  -9.656  1.504 1.0000000000
103705  -22.831  -9.820  0.901 1.0000000000
56954  -24.308  -9.514  0.103 0.8888888955
56955  -25.177  -9.708  0.206 0.8888888955
56964  -25.129  -8.878  -0.055 0.8888888955
56956  -25.803  -9.401  0.180 0.8888888955
57791  -26.316  -7.729  0.296 0.7777777910
58670  -27.190  -6.971  1.028 0.7777777910
58681  -26.905  -7.605  0.806 0.7777777910
58693  -25.968  -7.024  -0.047 0.7777777910
58662  -28.422  -6.898  1.855 0.5555555820
59552  -27.130  -6.260  1.052 0.6666666865
106972  -17.262  -9.023  5.267 0.4444444478
57756  -18.801  -9.329  5.066 0.5555555820
109799  -20.113  -8.494  3.994 0.7777777910
103237  -21.443  -8.723  2.338 1.0000000000
56932  -21.141  -9.122  3.091 0.8888888955
56943  -21.943  -8.643  1.524 1.0000000000
56953  -22.797  -8.625  0.235 0.8888888955
57789  -23.330  -8.263  -0.110 0.8888888955
107934  -23.505  -8.977  0.002 0.8888888955
57797  -24.824  -7.960  -0.333 0.8888888955
57790  -25.643  -8.018  -0.108 0.8888888955
58680  -26.621  -6.774  0.565 0.6666666865
60362  -27.739  -5.831  1.295 0.5555555820
59515  -18.797  -7.087  4.961 0.6666666865
105804  -18.708  -7.732  4.832 0.6666666865
59528  -21.164  -6.789  3.196 0.7777777910
57781  -21.919  -7.692  1.270 0.8888888955
58661  -21.658  -7.086  1.586 0.7777777910
58679  -22.362  -7.278  0.465 0.7777777910
57788  -22.653  -7.799  0.148 0.8888888955
58678  -22.286  -6.631  0.494 0.7777777910
57796  -24.014  -7.885  -0.269 0.8888888955
59564  -23.780  -6.712  -0.304 0.7777777910
58691  -24.410  -7.165  -0.474 0.7777777910
99158  -25.586  -6.389  -0.254 0.6666666865
60380  -24.676  -5.356  -0.259 0.6666666865
96979  -25.240  -5.797  -0.299 0.6666666865
59566  -25.772  -5.799  -0.054 0.6666666865
99528  -26.150  -6.178  0.160 0.5555555820
60382  -25.855  -4.889  0.076 0.6666666865
113541  -26.678  -5.234  0.572 0.5555555820
60372  -27.132  -5.473  0.932 0.4444444478
61118  -26.434  -4.779  0.309 0.5555555820
61079  -20.043  -5.980  4.446 0.3333333433
60332  -19.741  -6.305  4.556 0.5555555820
59527  -20.896  -6.310  3.798 0.6666666865
60342  -20.939  -5.568  3.271 0.5555555820
59539  -21.179  -5.869  2.542 0.7777777910
59558  -21.974  -5.972  0.854 0.7777777910
60369  -21.542  -5.133  0.756 0.6666666865
99560  -22.154  -5.802  0.576 0.6666666865
60378  -22.645  -5.600  0.234 0.6666666865
60379  -23.632  -5.426  -0.143 0.6666666865
61127  -24.865  -4.764  -0.175 0.6666666865
61128  -25.542  -4.601  -0.085 0.6666666865
61927  -26.782  -3.788  -0.223 0.5555555820
61129  -26.185  -4.274  -0.044 0.6666666865
61089  -20.886  -5.329  3.513 0.4444444478
61874  -20.500  -4.598  4.861 0.4444444478
61100  -20.998  -4.579  2.200 0.5555555820
61090  -20.844  -5.087  2.722 0.5555555820
60360  -20.825  -4.635  1.097 0.6666666865
60351  -21.210  -5.049  2.061 0.6666666865
60361  -20.963  -4.530  0.815 0.6666666865
60370  -21.881  -4.959  0.549 0.6666666865
61126  -23.894  -4.736  -0.221 0.6666666865
111088  -24.096  -4.204  -0.294 0.6666666865
109868  -25.780  -4.169  -0.269 0.6666666865
61926  -26.299  -3.631  -0.414 0.5555555820
61899  -20.572  -3.595  1.161 0.4444444478
61109  -20.640  -3.946  0.869 0.6666666865
61110  -20.903  -4.033  0.664 0.6666666865
61116  -21.307  -3.834  0.533 0.6666666865
110837  -21.736  -4.255  0.479 0.6666666865
97651  -25.063  -4.248  -0.274 0.6666666865
49264  -24.048  -18.438  4.830 1.0000000000
100934  -25.178  -17.980  4.077 1.0000000000
50144  -26.131  -17.549  3.147 1.0000000000
58630  -17.548  -8.432  5.475 0.5555555820
56931  -20.414  -9.524  3.806 0.7777777910
56944  -22.521  -9.012  0.770 1.0000000000
57732  -17.381  -8.730  5.428 0.2222222239
59559  -26.639  -5.864  0.618 0.6666666865
59551  -21.768  -6.317  1.292 0.7777777910
61101  -20.837  -4.414  1.567 0.6666666865
61907  -20.957  -3.393  0.820 0.6666666865
109174  -19.953  -11.903  4.824 0.4444444478
61928  -27.386  -3.427  -0.303 0.5555555820
61917  -27.233  -3.922  0.199 0.5555555820
61887  -20.823  -4.020  4.054 0.3333333433
62741  -27.003  -3.231  -0.979 0.5555555820
98630  -24.289  -22.468  7.817 0.5555555820
45616  -24.889  -22.144  7.358 0.5555555820
47499  -24.636  -20.531  5.781 0.5555555820
47500  -25.416  -20.763  5.839 0.5555555820
48415  -27.132  -19.839  5.132 0.7777777910
49250  -27.754  -19.046  4.930 0.8888888955
45600  -23.500  -22.614  8.404 0.5555555820
47512  -25.834  -20.448  5.498 0.6666666865
48414  -25.942  -19.789  5.085 0.8888888955
49269  -28.043  -18.258  4.453 0.7777777910
50146  -28.029  -17.194  3.475 0.8888888955
46536  -22.253  -21.290  8.557 0.4444444478
48386  -22.020  -19.939  7.244 0.5555555820
49233  -22.101  -18.640  6.641 0.2222222239
49246  -22.950  -18.419  5.878 0.6666666865
52735  -28.319  -14.869  2.754 0.6666666865
53586  -28.355  -13.893  2.682 0.7777777910
53576  -28.841  -13.303  3.342 0.6666666865
50114  -21.690  -17.344  5.788 0.5555555820
54406  -28.817  -12.488  3.369 0.6666666865
51836  -21.169  -15.765  5.426 0.4444444478
55272  -28.835  -11.636  3.370 0.5555555820
56121  -29.423  -10.297  3.700 0.5555555820
52704  -20.238  -14.439  5.555 0.2222222239
56933  -28.953  -10.093  3.105 0.5555555820
54395  -20.063  -12.762  4.962 0.4444444478
56940  -29.191  -8.780  2.904 0.5555555820
56085  -18.684  -11.052  6.520 0.3333333433
58663  -28.949  -7.978  2.558 0.5555555820
57743  -17.632  -9.803  5.506 0.4444444478
59545  -28.847  -6.639  2.345 0.4444444478
57733  -17.151  -9.035  4.999 0.3333333433
59544  -28.366  -6.207  1.696 0.5555555820
61067  -18.728  -5.157  5.754 0.3333333433
61066  -17.719  -5.202  6.303 0.3333333433
60319  -17.848  -6.061  5.743 0.4444444478
60373  -27.029  -4.822  0.668 0.4444444478
61918  -27.936  -3.790  0.491 0.4444444478
62733  -28.143  -2.953  0.004 0.2222222239
61913  -21.456  -3.305  0.603 0.6666666865
61117  -22.724  -3.796  0.337 0.6666666865
61923  -23.275  -3.662  0.122 0.6666666865
62738  -24.824  -3.080  -0.276 0.6666666865
61925  -25.392  -3.700  -0.351 0.6666666865
61906  -20.669  -3.087  1.163 0.5555555820
45615  -24.133  -21.542  7.412 0.6666666865
46550  -24.614  -21.340  6.797 0.6666666865
47498  -24.070  -20.356  6.013 0.6666666865
48399  -23.932  -19.930  5.721 0.7777777910
48412  -24.480  -19.663  5.157 0.8888888955
49265  -24.684  -18.536  4.530 1.0000000000
49248  -24.273  -19.031  4.969 1.0000000000
49276  -26.579  -18.084  3.611 1.0000000000
49267  -26.128  -18.584  4.160 0.8888888955
48424  -26.583  -19.261  4.534 0.8888888955
102692  -23.647  -21.884  7.885 0.5555555820
45599  -22.993  -21.622  8.239 0.4444444478
46548  -22.530  -20.893  7.751 0.4444444478
47480  -22.080  -20.487  7.290 0.5555555820
47496  -22.532  -20.111  6.713 0.6666666865
47497  -23.313  -20.242  6.232 0.6666666865
48423  -25.627  -19.117  4.586 0.8888888955
50143  -25.502  -17.561  3.250 1.0000000000
105063  -27.577  -17.939  3.729 1.0000000000
51020  -26.534  -16.959  2.674 1.0000000000
48397  -22.405  -19.428  6.598 0.5555555820
49234  -22.543  -18.732  6.295 0.6666666865
49235  -23.187  -19.119  6.104 0.8888888955
49247  -23.622  -18.798  5.415 1.0000000000
50128  -23.108  -17.401  5.134 0.8888888955
50141  -24.096  -17.370  4.106 1.0000000000
50153  -25.826  -17.141  2.644 1.0000000000
51003  -23.547  -16.693  4.094 1.0000000000
51861  -23.557  -15.957  3.433 1.0000000000
51036  -26.195  -16.594  2.325 1.0000000000
51880  -26.921  -16.101  2.226 1.0000000000
51878  -25.696  -15.824  2.055 1.0000000000
52734  -27.494  -15.244  1.926 1.0000000000
53585  -27.734  -14.410  1.953 0.7777777910
51001  -21.815  -16.202  5.054 0.5555555820
50995  -22.178  -17.009  5.336 0.6666666865
50994  -21.344  -16.456  5.752 0.5555555820
51860  -22.657  -15.347  3.766 0.8888888955
51876  -23.947  -15.442  2.743 1.0000000000
52742  -25.916  -14.627  1.206 1.0000000000
106984  -26.195  -14.194  0.839 1.0000000000
53594  -26.702  -13.932  0.917 1.0000000000
54415  -27.702  -12.580  2.243 0.7777777910
101101  -28.344  -12.136  2.779 0.6666666865
52690  -20.668  -15.135  5.400 0.5555555820
52705  -20.832  -14.489  4.611 0.6666666865
52706  -21.809  -14.892  4.186 0.6666666865
51848  -22.236  -15.766  4.435 0.7777777910
52720  -21.309  -14.244  3.847 0.7777777910
54405  -21.916  -13.032  2.864 0.8888888955
53575  -22.406  -13.701  2.866 0.8888888955
52722  -23.228  -14.977  3.108 0.8888888955
53583  -23.286  -13.656  2.409 0.8888888955
54423  -25.644  -12.584  0.724 1.0000000000
106751  -27.289  -11.982  1.682 0.8888888955
109449  -27.830  -11.795  2.326 0.7777777910
56127  -28.460  -10.426  2.552 0.6666666865
53565  -20.272  -13.714  4.851 0.3333333433
101712  -21.082  -11.997  3.556 0.6666666865
54421  -24.274  -12.878  1.443 1.0000000000
55286  -24.337  -11.634  0.792 1.0000000000
55297  -26.798  -10.711  0.687 0.7777777910
56946  -27.543  -9.357  1.263 0.7777777910
56939  -28.707  -9.522  2.532 0.5555555820
55277  -21.957  -11.268  2.539 0.8888888955
55293  -24.113  -10.863  0.613 1.0000000000
57783  -27.236  -8.404  1.026 0.7777777910
55265  -19.511  -11.135  5.104 0.4444444478
56132  -23.410  -10.371  0.767 1.0000000000
108672  -23.983  -10.168  0.377 0.8888888955
98588  -26.075  -8.615  0.194 0.7777777910
58671  -27.589  -7.607  1.204 0.6666666865
114012  -28.736  -7.297  2.316 0.5555555820
56921  -18.442  -10.040  5.220 0.5555555820
57757  -19.780  -9.033  4.248 0.6666666865
56937  -21.598  -9.603  2.340 0.8888888955
56945  -23.282  -9.538  0.384 1.0000000000
114858  -25.676  -8.742  0.062 0.8888888955
111060  -27.862  -6.761  1.311 0.6666666865
58692  -25.272  -7.160  -0.430 0.8888888955
57755  -18.142  -8.767  5.155 0.5555555820
57770  -21.267  -8.255  2.967 1.0000000000
102657  -20.682  -7.855  3.617 0.7777777910
58641  -19.472  -8.323  4.482 0.7777777910
57782  -22.317  -7.973  0.655 0.8888888955
57777  -21.486  -7.961  1.966 0.7777777910
102481  -28.353  -5.429  1.656 0.5555555820
59503  -18.282  -7.362  5.296 0.5555555820
59514  -18.069  -7.847  5.430 0.5555555820
60320  -19.072  -6.685  4.925 0.4444444478
110520  -20.242  -7.230  4.171 0.6666666865
59516  -19.799  -6.724  4.446 0.6666666865
58640  -17.848  -8.430  5.368 0.7777777910
59540  -21.345  -6.431  2.000 0.7777777910
58652  -21.336  -7.361  2.566 0.7777777910
57795  -23.267  -7.378  -0.198 0.7777777910
103035  -23.414  -6.108  -0.122 0.6666666865
100501  -24.956  -6.533  -0.507 0.6666666865
59565  -24.370  -6.093  -0.323 0.6666666865
60381  -25.313  -5.137  -0.019 0.6666666865
60371  -26.173  -5.403  0.223 0.5555555820
61120  -27.475  -4.361  0.646 0.4444444478
60363  -27.727  -4.968  1.170 0.4444444478
61119  -26.820  -4.300  0.273 0.5555555820
61080  -20.840  -5.687  4.081 0.5555555820
60352  -21.366  -5.403  1.313 0.7777777910
114287  -23.310  -4.111  0.102 0.6666666865
61924  -24.190  -3.587  -0.277 0.6666666865
56107  -19.245  -10.345  5.149 0.4444444478
58629  -16.600  -7.592  6.005 0.3333333433
54383  -19.676  -11.987  5.249 0.4444444478
56096  -18.872  -10.280  5.416 0.4444444478
62742  -27.521  -2.714  -1.001 0.3333333433
112410  -27.985  -19.595  5.602 0.6666666865
94820  -22.510  -22.183  8.864 0.4444444478
51022  -28.359  -16.324  3.394 0.7777777910
46519  -21.786  -21.777  9.271 0.3333333433
50115  -22.524  -17.761  5.594 0.7777777910
52689  -19.495  -15.197  6.024 0.1111111119
53557  -20.018  -13.670  5.540 0.1111111119
55251  -19.357  -11.109  5.329 0.4444444478
56911  -17.831  -9.868  5.326 0.3333333433
60303  -15.862  -6.134  6.738 0.3333333433
62739  -25.731  -3.010  -0.390 0.6666666865
62740  -26.676  -2.892  -0.966 0.4444444478
114264  -27.012  -22.016  8.420 0.4444444478
46510  -28.383  -21.336  10.372 0.2222222239
45601  -24.943  -22.944  7.781 0.4444444478
44696  -25.290  -23.491  8.226 0.4444444478
45602  -25.653  -22.716  7.668 0.4444444478
46552  -27.074  -21.848  7.753 0.4444444478
46553  -27.958  -21.437  7.831 0.4444444478
98655  -28.571  -21.006  8.235 0.2222222239
46567  -25.942  -21.432  6.456 0.4444444478
46568  -26.958  -21.630  6.712 0.4444444478
108162  -27.480  -21.565  7.309 0.4444444478
47467  -29.490  -20.265  8.609 0.1111111119
47501  -27.311  -20.959  6.224 0.4444444478
47484  -28.571  -20.792  7.518 0.3333333433
98489  -26.368  -21.013  5.985 0.4444444478
48400  -28.155  -20.576  6.626 0.3333333433
48387  -28.884  -20.092  7.017 0.3333333433
47485  -29.304  -20.230  7.791 0.2222222239
108586  -27.640  -20.245  5.864 0.4444444478
47513  -26.687  -20.466  5.533 0.4444444478
49237  -29.573  -18.874  6.742 0.2222222239
50103  -30.074  -18.022  6.976 0.1111111119
50104  -30.522  -17.450  7.517 0.1111111119
49236  -28.832  -18.952  5.887 0.3333333433
99829  -29.610  -18.303  6.221 0.3333333433
49251  -28.501  -18.356  5.217 0.4444444478
50117  -28.746  -17.713  4.981 0.5555555820
50132  -29.032  -17.152  4.698 0.6666666865
50996  -30.053  -16.826  5.581 0.4444444478
51004  -28.848  -16.804  4.047 0.6666666865
51838  -30.510  -15.168  5.130 0.3333333433
51850  -29.199  -15.809  4.101 0.6666666865
51851  -29.824  -14.925  4.511 0.5555555820
51864  -28.584  -15.544  3.312 0.6666666865
51865  -29.079  -14.905  3.699 0.5555555820
52707  -30.068  -14.179  4.638 0.5555555820
52708  -30.409  -14.524  4.958 0.4444444478
53567  -30.005  -13.523  4.461 0.3333333433
54397  -29.858  -12.773  4.217 0.4444444478
105883  -29.507  -12.035  3.924 0.5555555820
53577  -29.437  -13.453  3.875 0.4444444478
55273  -29.439  -11.128  3.831 0.4444444478
61915  -22.470  -3.322  0.351 0.5555555820
100702  -22.295  -2.861  0.406 0.5555555820
61916  -23.062  -3.105  0.182 0.5555555820
62732  -23.838  -2.772  -0.013 0.5555555820
63565  -26.044  -2.215  -0.568 0.5555555820
45584  -26.523  -22.817  8.931 0.4444444478
46520  -27.708  -21.558  9.533 0.2222222239
49226  -29.987  -18.832  7.578 0.1111111119
49252  -29.275  -18.049  5.591 0.4444444478
50108  -30.003  -17.516  6.046 0.3333333433
51005  -29.599  -16.509  4.880 0.6666666865
55266  -29.924  -11.406  4.333 0.4444444478
56934  -29.340  -9.523  3.355 0.4444444478
63555  -22.683  -2.365  0.419 0.5555555820
63554  -21.891  -1.724  1.077 0.5555555820
46566  -25.044  -21.074  6.306 0.4444444478
112847  -30.690  -16.216  6.243 0.2222222239
43878  -25.341  -24.640  9.273 0.4444444478
44681  -26.252  -23.387  9.326 0.4444444478
44664  -26.500  -23.312  10.393 0.4444444478
104541  -27.272  -22.146  9.864 0.2222222239
45571  -28.120  -22.000  11.103 0.2222222239
44695  -24.443  -23.325  8.198 0.4444444478
107265  -24.774  -24.199  8.693 0.4444444478
46521  -28.385  -21.025  9.550 0.1111111119
47454  -29.505  -20.251  9.486 0.1111111119
48371  -29.942  -19.794  9.115 0.1111111119
48376  -29.862  -19.567  8.221 0.1111111119
110080  -30.630  -18.071  8.726 0.1111111119
50094  -30.795  -17.316  8.319 0.1111111119
50968  -30.914  -16.687  7.560 0.1111111119
51824  -31.003  -15.744  6.491 0.2222222239
52691  -30.809  -14.463  5.535 0.1111111119
51823  -30.866  -15.128  5.931 0.2222222239
53568  -30.436  -12.824  4.958 0.2222222239
107259  -30.190  -12.039  4.551 0.3333333433
56113  -29.945  -10.645  4.344 0.4444444478
56927  -29.916  -9.661  4.225 0.3333333433
109339  -30.217  -8.811  4.382 0.3333333433
57765  -29.701  -8.833  3.704 0.3333333433
59501  -16.428  -6.914  6.126 0.4444444478
61111  -28.179  -4.317  1.121 0.3333333433
62720  -20.735  -2.228  1.445 0.4444444478
62725  -21.030  -2.570  1.199 0.5555555820
63553  -21.401  -2.133  1.223 0.5555555820
63556  -23.768  -1.974  0.362 0.5555555820
50131  -28.464  -17.565  4.138 0.6666666865
101687  -28.948  -14.113  3.404 0.5555555820
54407  -29.303  -12.818  3.748 0.4444444478
57771  -29.488  -8.076  3.285 0.4444444478
46551  -25.499  -21.927  6.889 0.4444444478
45603  -26.506  -22.424  8.205 0.4444444478
46537  -27.474  -21.686  8.571 0.4444444478
45585  -27.038  -22.186  9.050 0.4444444478
46509  -27.705  -21.868  10.326 0.3333333433
44697  -25.993  -23.234  8.468 0.4444444478
45617  -26.282  -22.238  7.068 0.4444444478
47483  -27.804  -21.251  7.001 0.4444444478
46538  -28.114  -21.163  8.794 0.2222222239
47466  -28.900  -20.714  8.965 0.1111111119
97500  -29.053  -20.681  8.191 0.2222222239
48402  -29.071  -19.453  6.646 0.3333333433
48401  -28.439  -19.807  6.288 0.3333333433
48388  -29.477  -19.522  7.322 0.2222222239
100020  -30.469  -17.129  6.834 0.1111111119
49227  -30.414  -18.099  7.901 0.1111111119
50118  -29.464  -17.283  5.302 0.4444444478
108056  -30.455  -16.012  5.604 0.3333333433
50982  -30.474  -16.719  6.146 0.3333333433
51837  -30.028  -15.705  4.794 0.4444444478
52723  -29.542  -14.177  4.124 0.5555555820
62731  -21.868  -2.529  0.690 0.5555555820
63564  -24.875  -2.300  -0.156 0.5555555820
45569  -26.745  -22.679  9.726 0.4444444478
49222  -30.305  -18.774  8.407 0.1111111119
113824  -22.032  -1.077  0.997 0.5555555820
51813  -30.810  -16.430  6.740 0.2222222239
44663  -25.890  -24.036  9.769 0.4444444478
44680  -25.651  -23.945  8.866 0.4444444478
45570  -27.273  -22.533  10.588 0.2222222239
44679  -23.734  -23.726  8.646 0.4444444478
47453  -28.874  -20.609  9.991 0.1111111119
48377  -30.195  -19.236  8.906 0.1111111119
39486  -26.709  -29.996  13.722 0.1111111119
41184  -23.888  -27.793  12.077 0.3333333433
41185  -25.296  -28.040  12.864 0.2222222239
40353  -25.828  -28.721  13.314 0.2222222239
40354  -26.695  -29.192  13.630 0.1111111119
98738  -26.731  -28.075  13.564 0.1111111119
107415  -22.494  -25.906  11.136 0.3333333433
41198  -22.799  -27.290  11.826 0.3333333433
41183  -23.073  -27.814  12.046 0.3333333433
110460  -24.837  -26.807  11.919 0.3333333433
42075  -25.527  -26.580  12.373 0.3333333433
41176  -26.082  -27.667  13.147 0.2222222239
41186  -26.190  -26.772  12.946 0.2222222239
43857  -21.819  -24.071  10.589 0.2222222239
43843  -22.023  -24.909  11.048 0.2222222239
43014  -23.315  -26.253  10.740 0.3333333433
42089  -23.750  -26.803  11.120 0.3333333433
41200  -24.182  -27.164  11.670 0.3333333433
99096  -22.273  -24.024  10.015 0.2222222239
43858  -22.578  -24.715  10.239 0.3333333433
43876  -22.973  -24.373  9.640 0.3333333433
43037  -23.492  -25.220  9.781 0.3333333433
104218  -23.879  -24.629  9.126 0.3333333433
43038  -24.324  -25.332  9.528 0.3333333433
43028  -23.745  -25.854  10.188 0.3333333433
43029  -24.563  -25.843  10.041 0.3333333433
43016  -25.438  -25.539  11.397 0.3333333433
43030  -25.220  -25.461  10.466 0.3333333433
43844  -25.677  -24.798  11.099 0.3333333433
43017  -25.975  -25.000  11.887 0.3333333433
43001  -26.281  -25.292  12.442 0.1111111119
43831  -26.678  -24.576  12.385 0.2222222239
45582  -21.880  -22.668  9.556 0.2222222239
44678  -22.455  -23.563  9.602 0.2222222239
43877  -24.728  -24.924  9.168 0.3333333433
43860  -25.543  -24.755  10.128 0.3333333433
43845  -26.327  -24.354  11.548 0.3333333433
43861  -26.072  -24.124  10.719 0.3333333433
55258  -30.548  -11.225  4.882 0.2222222239
56114  -30.534  -10.217  4.850 0.2222222239
114560  -29.256  -7.316  2.856 0.3333333433
58658  -29.760  -7.358  3.588 0.2222222239
41177  -26.772  -27.064  13.463 0.1111111119
43027  -22.927  -25.516  10.478 0.3333333433
43015  -24.899  -26.069  10.862 0.3333333433
42091  -25.179  -26.241  11.675 0.3333333433
43000  -25.732  -25.718  12.143 0.3333333433
110173  -23.194  -23.862  9.240 0.3333333433
44651  -26.619  -23.662  11.277 0.3333333433
39477  -26.262  -30.283  13.909 0.1111111119
96509  -27.054  -30.290  14.006 0.1111111119
41182  -22.374  -27.521  12.337 0.3333333433
40359  -23.420  -28.383  12.450 0.3333333433
40351  -24.464  -28.991  13.064 0.3333333433
40352  -25.020  -28.712  13.051 0.3333333433
97860  -27.461  -29.682  13.964 0.1111111119
42087  -22.198  -26.220  11.757 0.3333333433
40343  -27.462  -28.489  13.996 0.1111111119
41168  -27.416  -27.379  13.980 0.1111111119
42067  -26.746  -26.125  13.300 0.1111111119
44662  -21.691  -23.399  10.091 0.2222222239
44639  -26.791  -23.922  11.928 0.1111111119
44665  -27.025  -23.093  11.126 0.1111111119
45581  -21.167  -22.078  9.841 0.1111111119
59533  -29.520  -6.454  3.027 0.2222222239
47465  -21.984  -20.623  8.071 0.2222222239
45583  -22.851  -23.113  9.037 0.4444444478
57772  -29.992  -8.128  3.992 0.2222222239
39485  -25.997  -29.786  13.587 0.1111111119
41199  -23.418  -27.296  11.647 0.3333333433
40360  -24.390  -28.379  12.615 0.3333333433
42088  -22.878  -26.728  11.376 0.3333333433
43013  -21.698  -25.504  11.734 0.2222222239
42073  -22.259  -26.788  12.094 0.2222222239
42074  -24.819  -27.426  12.326 0.3333333433
99557  -25.609  -27.295  12.727 0.3333333433
42090  -24.508  -26.618  11.258 0.3333333433
42076  -26.226  -25.954  12.701 0.2222222239
108845  -24.039  -25.650  9.794 0.3333333433
42100  -24.169  -26.343  10.605 0.3333333433
43859  -25.031  -25.280  9.652 0.3333333433
42994  -26.738  -25.278  13.005 0.1111111119
45568  -21.176  -22.630  10.273 0.2222222239
39476  -25.407  -30.065  13.949 0.1111111119
39484  -25.040  -29.368  13.498 0.2222222239
40358  -22.684  -28.181  12.479 0.3333333433
41175  -21.906  -28.095  12.892 0.2222222239
40350  -23.721  -28.981  12.874 0.3333333433
42072  -21.576  -26.097  12.307 0.2222222239
56103  -31.064  -10.651  5.472 0.1111111119
56918  -31.253  -9.328  5.991 0.1111111119
56917  -30.951  -9.780  5.421 0.1111111119
57750  -30.819  -8.267  5.200 0.1111111119
58636  -31.053  -7.763  5.478 0.1111111119
58635  -30.712  -7.588  4.943 0.1111111119
58649  -30.281  -7.478  4.286 0.1111111119
60357  -28.953  -5.125  2.176 0.2222222239
97551  -30.585  -6.871  4.629 0.1111111119
60364  -28.514  -4.739  1.644 0.1111111119
61908  -28.585  -3.838  1.091 0.1111111119
111325  -29.074  -4.586  2.118 0.1111111119
61112  -28.953  -4.100  1.730 0.1111111119
62730  -21.419  -2.835  0.820 0.4444444478
63536  -20.298  -0.607  1.648 0.4444444478
63545  -20.830  -1.512  1.302 0.4444444478
61919  -28.592  -3.372  0.749 0.1111111119
110844  -27.188  -2.239  -1.568 0.3333333433
62744  -27.629  -1.953  -1.683 0.2222222239
63567  -28.136  -2.247  -0.860 0.1111111119
63558  -28.628  -2.140  0.116 0.1111111119
64326  -22.798  -1.361  0.710 0.4444444478
64327  -24.014  -1.131  0.707 0.4444444478
102676  -25.055  -0.761  0.558 0.4444444478
114406  -24.621  -1.538  0.274 0.4444444478
64328  -25.734  -0.757  -0.124 0.4444444478
63557  -25.436  -1.456  -0.159 0.4444444478
64336  -26.197  -1.328  -0.724 0.4444444478
63572  -27.066  -1.651  -2.178 0.4444444478
63573  -27.386  -1.563  -2.294 0.2222222239
63574  -27.741  -1.443  -2.251 0.2222222239
101370  -28.173  -1.593  -1.425 0.2222222239
66610  -26.294  1.407  -5.308 0.1111111119
66597  -27.652  1.494  -3.807 0.1111111119
65072  -28.635  0.304  -1.176 0.1111111119
64303  -20.376  0.037  1.795 0.4444444478
64304  -20.765  0.306  1.613 0.4444444478
64314  -21.354  -0.627  1.209 0.4444444478
64315  -22.499  -0.267  1.484 0.3333333433
100405  -23.433  -0.664  1.180 0.4444444478
106464  -25.817  -0.106  0.443 0.4444444478
64329  -26.204  -0.419  -0.550 0.4444444478
64337  -26.590  -1.113  -1.648 0.4444444478
65784  -26.496  0.703  -1.252 0.3333333433
64345  -26.861  -1.025  -2.653 0.3333333433
64354  -26.912  -0.814  -3.158 0.1111111119
64355  -27.043  -0.753  -3.330 0.1111111119
64356  -27.750  -0.770  -2.628 0.2222222239
65096  -27.608  -0.114  -3.070 0.1111111119
65049  -20.217  1.024  2.235 0.2222222239
65053  -23.579  0.371  1.817 0.3333333433
65082  -26.467  -0.438  -2.162 0.4444444478
102697  -26.315  0.271  -2.432 0.2222222239
65094  -26.597  -0.456  -3.412 0.2222222239
64366  -26.535  -0.392  -3.874 0.1111111119
65794  -26.175  0.620  -3.257 0.1111111119
65104  -26.119  0.055  -4.331 0.1111111119
65814  -27.124  0.237  -4.623 0.1111111119
65805  -25.673  1.113  -4.012 0.1111111119
65818  -25.507  0.680  -5.063 0.1111111119
65105  -26.224  0.086  -4.512 0.1111111119
64305  -21.567  0.744  1.627 0.3333333433
65770  -23.610  2.000  1.877 0.3333333433
65063  -25.814  0.769  1.066 0.3333333433
65064  -26.376  0.588  -0.153 0.3333333433
102550  -25.972  1.551  -2.881 0.1111111119
66601  -24.375  1.337  -5.035 0.1111111119
68117  -24.445  3.617  -6.446 0.1111111119
66545  -23.025  2.621  3.482 0.1111111119
66554  -23.781  3.148  2.040 0.1111111119
65768  -24.466  2.446  1.821 0.2222222239
66559  -25.217  2.456  1.873 0.2222222239
65771  -25.410  1.818  1.483 0.3333333433
101146  -25.911  2.085  1.372 0.2222222239
65777  -26.381  1.558  0.669 0.3333333433
109433  -26.935  1.927  -0.049 0.2222222239
110177  -26.824  2.148  -1.272 0.1111111119
67317  -27.074  2.789  -1.108 0.1111111119
66587  -26.351  2.343  -2.077 0.1111111119
67338  -25.713  2.960  -2.692 0.1111111119
66602  -24.564  1.444  -4.566 0.1111111119
67347  -24.246  2.234  -4.787 0.1111111119
65812  -24.722  0.984  -5.246 0.1111111119
67356  -26.485  3.322  -5.779 0.1111111119
97531  -27.061  2.372  -5.224 0.1111111119
66546  -23.723  2.573  3.190 0.1111111119
66548  -25.073  3.128  2.633 0.1111111119
66555  -24.432  3.050  2.148 0.1111111119
66556  -25.589  2.702  2.273 0.1111111119
66561  -27.068  2.557  1.129 0.1111111119
65772  -26.637  2.116  0.835 0.2222222239
67310  -27.423  3.080  0.308 0.1111111119
66574  -27.260  2.865  -0.355 0.1111111119
113106  -27.114  4.064  -1.141 0.1111111119
108922  -26.135  3.838  -2.359 0.1111111119
68088  -25.951  4.612  -2.826 0.1111111119
104951  -25.400  3.626  -3.385 0.1111111119
67294  -26.021  3.169  3.039 0.1111111119
67282  -26.102  3.475  3.961 0.1111111119
102180  -27.137  2.803  2.900 0.1111111119
67308  -27.751  3.286  1.103 0.1111111119
68071  -27.689  4.000  0.258 0.1111111119
68080  -27.387  4.652  -0.658 0.1111111119
67306  -27.730  3.179  2.649 0.1111111119
68059  -28.288  3.839  2.756 0.1111111119
68058  -28.047  3.598  1.943 0.1111111119
56104  -31.363  -10.129  6.064 0.1111111119
56928  -30.549  -9.360  4.841 0.1111111119
102214  -30.890  -8.980  5.371 0.1111111119
57751  -31.221  -8.422  5.899 0.1111111119
60349  -30.046  -5.921  3.582 0.1111111119
59534  -30.102  -6.708  3.901 0.1111111119
60348  -29.568  -5.545  2.755 0.1111111119
63546  -21.121  -1.313  1.143 0.4444444478
63566  -26.763  -2.026  -1.429 0.4444444478
65095  -26.874  -0.264  -4.070 0.1111111119
65807  -28.219  0.848  -2.484 0.1111111119
64317  -25.304  -0.012  1.258 0.3333333433
65819  -26.454  0.559  -4.888 0.1111111119
66573  -27.109  2.340  -0.617 0.1111111119
67304  -26.546  2.698  2.434 0.1111111119
68089  -26.731  4.549  -1.675 0.1111111119
68064  -28.179  4.261  1.124 0.1111111119
68065  -28.479  4.619  2.030 0.1111111119
57738  -31.552  -8.953  6.651 0.1111111119
104007  -28.911  -5.853  2.261 0.2222222239
99833  -20.550  -1.489  1.576 0.4444444478
64316  -24.428  -0.264  1.329 0.4444444478
67281  -25.204  3.283  3.489 0.1111111119
67296  -27.775  3.286  3.471 0.1111111119
67305  -27.313  2.878  1.998 0.1111111119
56909  -31.587  -9.684  6.560 0.1111111119
57728  -31.906  -8.586  7.360 0.1111111119
56898  -32.026  -9.612  7.292 0.1111111119
58612  -31.620  -7.360  6.671 0.1111111119
59508  -31.078  -6.997  5.379 0.1111111119
104558  -31.273  -6.252  5.540 0.1111111119
59520  -30.867  -6.217  4.911 0.1111111119
96059  -30.097  -5.164  3.299 0.1111111119
112941  -30.434  -6.243  4.282 0.1111111119
61107  -30.061  -3.878  2.781 0.1111111119
61903  -29.693  -3.609  2.224 0.1111111119
62724  -20.832  -2.208  1.492 0.4444444478
61909  -29.185  -3.293  1.493 0.1111111119
64330  -28.859  -1.269  0.244 0.1111111119
63559  -29.088  -1.781  0.980 0.1111111119
111014  -19.956  -0.146  2.280 0.4444444478
63537  -20.682  -0.611  1.331 0.4444444478
65073  -29.011  0.522  -0.279 0.1111111119
65795  -28.621  1.015  -1.557 0.1111111119
65044  -19.652  1.868  2.801 0.2222222239
112884  -20.911  1.418  1.815 0.3333333433
65045  -20.640  1.987  2.354 0.2222222239
65050  -21.634  2.131  1.924 0.2222222239
66598  -28.141  1.738  -2.712 0.1111111119
95073  -22.106  2.697  3.270 0.1111111119
100879  -22.819  2.278  2.289 0.2222222239
67339  -27.686  2.720  -3.961 0.1111111119
67349  -27.645  3.538  -4.822 0.1111111119
65743  -22.751  2.773  4.032 0.1111111119
66534  -24.386  2.962  3.943 0.1111111119
95108  -25.287  3.266  4.766 0.1111111119
67269  -26.385  3.450  4.910 0.1111111119
68095  -24.960  4.373  -4.117 0.1111111119
68110  -23.728  3.878  -5.868 0.1111111119
68893  -24.079  4.645  -6.485 0.1111111119
67283  -27.182  3.235  4.249 0.1111111119
68857  -27.512  5.517  -0.493 0.1111111119
69571  -26.562  6.216  -1.510 0.1111111119
68838  -28.403  5.075  1.238 0.1111111119
57766  -30.452  -8.170  4.612 0.1111111119
58624  -31.351  -7.561  6.039 0.1111111119
61106  -29.595  -4.253  2.367 0.1111111119
62734  -28.865  -2.677  0.846 0.1111111119
110068  -28.502  -1.674  -0.537 0.1111111119
63578  -27.221  -1.249  -2.685 0.2222222239
63579  -27.310  -1.194  -2.756 0.1111111119
64346  -28.345  -0.742  -1.670 0.2222222239
66603  -27.092  1.348  -4.724 0.1111111119
66615  -25.936  2.236  -5.886 0.1111111119
65806  -27.609  0.586  -3.525 0.1111111119
65785  -28.951  1.183  -0.699 0.1111111119
103869  -28.709  -0.215  -0.688 0.1111111119
65083  -28.296  0.045  -2.168 0.2222222239
65071  -26.425  -0.120  -1.135 0.3333333433
65054  -24.700  0.998  1.630 0.3333333433
65813  -25.022  0.612  -4.895 0.1111111119
65052  -22.650  1.123  2.054 0.3333333433
65778  -26.729  1.347  -0.378 0.2222222239
98263  -26.349  1.365  -1.918 0.1111111119
66596  -25.450  2.046  -3.382 0.1111111119
67355  -24.338  2.323  -5.188 0.1111111119
66614  -25.102  2.194  -6.138 0.1111111119
67361  -24.434  2.855  -5.899 0.1111111119
67362  -25.273  2.961  -6.385 0.1111111119
65764  -23.035  2.610  2.663 0.1111111119
65767  -23.775  2.941  2.413 0.1111111119
96791  -26.841  1.688  -0.909 0.1111111119
67327  -26.702  3.454  -1.628 0.1111111119
67348  -24.929  2.537  -3.989 0.1111111119
68102  -23.923  3.096  -5.259 0.1111111119
102150  -24.291  3.187  -4.596 0.1111111119
66547  -24.405  2.851  2.881 0.1111111119
66557  -26.496  2.552  1.874 0.1111111119
66560  -26.083  2.316  1.588 0.1111111119
66563  -27.140  2.470  0.210 0.1111111119
67318  -27.306  3.570  -0.615 0.1111111119
67295  -26.921  3.023  3.554 0.1111111119
68865  -27.080  5.478  -1.245 0.1111111119
97669  -31.562  -8.085  6.681 0.1111111119
64338  -28.613  -0.963  -0.647 0.1111111119
100475  -28.649  1.891  -1.753 0.1111111119
68864  -26.330  5.488  -2.185 0.1111111119
61094  -29.609  -4.858  2.563 0.1111111119
101259  -28.015  2.591  -2.945 0.1111111119
99085  -22.163  2.486  2.473 0.1111111119
99619  -21.104  2.631  3.643 0.1111111119
66533  -23.659  2.606  4.221 0.1111111119
68871  -25.343  5.384  -3.423 0.1111111119
68103  -23.556  3.977  -5.272 0.1111111119
105220  -27.257  6.143  -0.757 0.1111111119
102885  -23.279  -29.240  13.456 0.2222222239
50981  -21.274  -16.779  6.229 0.2222222239
50993  -20.879  -16.161  6.254 0.2222222239
50107  -22.092  -18.044  6.116 0.3333333433
62705  -20.018  -2.173  3.284 0.2222222239
64294  -18.487  0.299  3.240 0.1111111119
65048  -19.127  1.002  2.857 0.1111111119
64302  -19.881  0.317  2.348 0.2222222239
61055  -16.765  -5.222  6.713 0.2222222239
58618  -15.864  -7.179  6.553 0.1111111119
60302  -14.724  -5.348  7.729 0.1111111119
61078  -19.719  -4.405  5.770 0.1111111119
94745  -20.469  -4.198  5.493 0.1111111119
62685  -20.134  -1.813  4.224 0.1111111119
63486  -19.450  -0.404  4.570 0.1111111119
65042  -18.519  0.636  3.652 0.1111111119
61888  -20.574  -3.190  3.025 0.2222222239
94688  -20.778  -4.093  4.928 0.1111111119
47479  -21.733  -20.285  7.695 0.2222222239
54384  -19.833  -12.805  5.400 0.2222222239
54368  -19.297  -12.166  6.389 0.3333333433
100518  -20.301  -1.028  1.657 0.3333333433
63524  -19.046  -0.308  2.942 0.1111111119
107048  -21.542  -17.441  6.208 0.2222222239
63504  -19.249  -0.437  3.822 0.1111111119
94559  -20.838  -3.844  5.315 0.1111111119
63525  -19.560  -1.205  3.532 0.1111111119
61875  -20.608  -2.999  4.497 0.1111111119
113981  -31.193  -16.055  7.172 0.1111111119
39482  -22.453  -29.227  13.703 0.1111111119
39483  -24.123  -29.333  13.456 0.1111111119
39475  -24.496  -29.678  14.074 0.1111111119
114057  -21.107  -28.860  13.869 0.1111111119
39481  -21.821  -28.798  13.490 0.1111111119
41181  -21.525  -26.961  12.722 0.1111111119
47464  -21.753  -20.425  8.309 0.1111111119
96685  -18.111  -10.533  6.149 0.2222222239
56903  -17.190  -9.644  4.770 0.2222222239
57723  -18.046  -9.462  7.013 0.2222222239
51822  -20.262  -15.536  6.286 0.1111111119
51835  -20.626  -15.694  5.865 0.1111111119
39471  -20.722  -29.235  14.408 0.1111111119
111676  -22.992  -29.351  14.094 0.1111111119
40342  -20.398  -28.333  14.131 0.1111111119
40348  -21.107  -28.245  13.487 0.1111111119
42066  -20.620  -26.802  13.353 0.1111111119
42999  -20.880  -25.230  12.409 0.1111111119
102008  -21.054  -24.610  11.759 0.1111111119
109992  -21.331  -24.091  11.225 0.1111111119
48375  -21.661  -19.879  7.835 0.1111111119
50102  -21.750  -17.866  6.591 0.1111111119
50980  -20.953  -16.357  6.408 0.1111111119
109736  -18.225  -9.999  6.799 0.2222222239
57722  -17.978  -8.800  7.280 0.2222222239
58606  -16.726  -8.067  7.529 0.1111111119
39473  -22.328  -29.712  14.229 0.1111111119
58620  -17.010  -8.667  6.830 0.2222222239
58619  -16.350  -7.992  6.619 0.1111111119
49225  -21.996  -19.228  7.210 0.1111111119
44650  -21.142  -23.263  10.960 0.1111111119
46535  -21.791  -21.028  8.878 0.1111111119
40349  -22.730  -28.831  12.914 0.1111111119
39474  -23.662  -29.465  14.101 0.1111111119
39472  -21.556  -29.480  14.084 0.1111111119
41174  -21.137  -27.549  13.213 0.1111111119
48369  -21.732  -20.305  8.268 0.1111111119
42071  -20.683  -25.998  12.912 0.1111111119
47452  -21.730  -20.951  9.106 0.1111111119
48358  -22.067  -20.287  9.953 0.1111111119
58607  -17.908  -8.091  7.631 0.1111111119
58596  -16.369  -7.417  9.199 0.1111111119
108106  -17.503  -4.440  6.944 0.1111111119
107736  -15.250  -4.016  8.081 0.1111111119
61056  -18.541  -4.136  6.611 0.1111111119
55278  -23.029  -11.965  1.817 0.8888888955
55288  -25.858  -11.666  0.681 0.8888888955
56958  -26.930  -9.066  0.764 0.7777777910
56963  -24.196  -8.618  -0.177 0.8888888955
57769  -20.595  -8.699  3.611 0.7777777910
58587  -15.479  -6.989  9.727 0.1111111119
58595  -15.187  -7.728  9.014 0.1111111119
58597  -17.502  -7.473  8.503 0.1111111119
58605  -15.677  -7.485  7.705 0.1111111119
58669  -22.097  -6.965  0.791 0.7777777910
58690  -22.559  -7.140  0.189 0.7777777910
59479  -13.754  -5.784  8.329 0.1111111119
59490  -14.886  -6.501  7.398 0.1111111119
59502  -17.820  -7.883  5.481 0.4444444478
59563  -22.735  -6.544  0.068 0.7777777910
60290  -14.068  -4.417  8.728 0.1111111119
60318  -16.959  -6.195  6.197 0.3333333433
60333  -20.605  -6.044  4.170 0.5555555820
61042  -16.610  -4.143  7.487 0.1111111119
61054  -15.895  -5.076  7.317 0.2222222239
61125  -22.699  -4.528  0.311 0.6666666865
61914  -21.843  -3.041  0.507 0.5555555820
64282  -18.907  0.130  3.977 0.1111111119
64301  -19.192  0.713  2.781 0.1111111119
65043  -19.118  1.352  2.908 0.1111111119
65047  -18.886  1.015  2.930 0.1111111119
66608  -24.663  1.843  -5.588 0.1111111119
66609  -25.334  1.477  -5.667 0.1111111119
98038  -21.975  -3.682  0.416 0.6666666865
99259  -25.709  -14.044  0.932 1.0000000000
99746  -21.273  -4.435  0.640 0.6666666865
104713  -16.185  -7.828  8.480 0.1111111119
107021  -24.466  -6.661  -0.460 0.7777777910
107782  -17.615  -3.567  7.650 0.1111111119
110271  -30.598  -8.719  4.875 0.1111111119
110473  -24.810  -16.907  2.891 1.0000000000
110840  -14.617  -3.007  9.199 0.1111111119
111551  -25.650  -5.372  0.011 0.5555555820
113040  -25.054  -18.534  4.403 1.0000000000
