#!ascii label  , from subject sub-v1s7x0051325_ses-1 vox2ras=TkReg
1483
102690  -32.936  -52.137  20.868 0.5000000000
100198  -32.109  -52.345  20.589 0.4000000060
21438  -31.315  -51.766  20.345 0.6000000238
22280  -33.109  -51.370  20.969 0.6000000238
23064  -34.344  -51.034  20.375 0.6000000238
23072  -34.780  -49.816  18.821 0.6000000238
22279  -32.190  -51.362  20.792 0.6999999881
98492  -34.066  -50.126  20.518 0.6999999881
23063  -33.632  -50.823  20.803 0.6999999881
23775  -34.513  -49.480  19.466 0.6999999881
23780  -34.877  -49.240  18.123 0.5000000000
100233  -34.623  -49.155  18.883 0.6999999881
107412  -34.905  -50.664  18.801 0.5000000000
15961  -23.009  -59.140  23.233 0.5000000000
22278  -31.105  -50.843  20.470 0.6999999881
23062  -32.761  -50.613  21.041 0.6999999881
23767  -34.268  -49.425  20.124 0.6999999881
23766  -33.704  -49.299  20.640 0.6999999881
24546  -34.347  -48.718  19.493 0.6999999881
24538  -33.986  -48.678  20.295 0.6999999881
24551  -34.627  -48.618  17.545 0.6000000238
22288  -27.527  -50.878  18.628 0.6999999881
23069  -28.417  -49.611  19.003 0.6999999881
23071  -30.213  -50.218  19.837 0.6999999881
15960  -22.246  -59.413  23.485 0.6000000238
15239  -21.246  -60.981  22.723 0.4000000060
23061  -31.778  -50.318  20.858 0.6999999881
24548  -34.589  -48.539  18.496 0.6999999881
25263  -34.043  -47.233  17.354 0.6999999881
24554  -33.788  -48.346  15.848 0.6000000238
21436  -27.690  -52.561  20.131 0.6999999881
21451  -27.268  -51.969  19.172 0.6999999881
23068  -27.843  -50.162  18.413 0.6999999881
22289  -28.029  -50.163  19.249 0.6999999881
22276  -27.988  -51.469  19.842 0.6999999881
16699  -23.346  -58.455  23.689 0.6000000238
23773  -29.239  -49.072  19.527 0.6999999881
23764  -31.416  -49.288  20.873 0.6999999881
23779  -28.893  -49.487  19.008 0.6999999881
23772  -28.800  -49.054  19.583 0.6999999881
106450  -28.486  -49.646  19.784 0.6999999881
15959  -21.465  -59.552  23.564 0.5000000000
15231  -21.739  -60.152  23.159 0.5000000000
112040  -33.774  -48.231  20.446 0.6999999881
23753  -32.924  -49.054  21.064 0.6999999881
24544  -29.066  -48.715  19.851 0.6999999881
15230  -21.033  -60.324  23.337 0.4000000060
25261  -34.330  -47.833  18.984 0.6999999881
24545  -29.567  -48.671  19.987 0.6999999881
14602  -19.854  -61.420  22.661 0.4000000060
108514  -33.482  -47.809  20.671 0.6999999881
24535  -29.939  -48.101  20.450 0.6999999881
25264  -34.442  -47.841  17.967 0.6999999881
25260  -34.110  -47.084  18.404 0.6999999881
25249  -33.003  -47.096  20.915 0.6999999881
24522  -31.617  -47.682  21.115 0.6999999881
100916  -33.673  -47.571  16.320 0.6999999881
25272  -33.047  -47.911  15.385 0.6000000238
25928  -33.530  -46.739  16.687 0.6999999881
26599  -30.989  -45.498  13.472 0.5000000000
107585  -31.458  -46.127  13.523 0.5000000000
26601  -33.195  -45.843  13.705 0.4000000060
25951  -32.740  -46.777  13.578 0.5000000000
22268  -28.736  -50.960  21.235 0.6999999881
18207  -23.655  -57.013  24.641 0.6000000238
23774  -29.900  -49.296  19.832 0.6999999881
16698  -22.635  -58.698  23.853 0.5000000000
23059  -28.704  -49.095  20.246 0.6999999881
25257  -33.951  -47.071  19.382 0.6999999881
24523  -32.688  -48.013  21.129 0.6999999881
25914  -33.606  -46.270  19.697 0.6999999881
26588  -30.532  -45.624  13.994 0.6999999881
25934  -33.158  -47.164  15.876 0.6999999881
25932  -31.624  -46.713  14.600 0.6999999881
25937  -30.982  -46.058  13.661 0.6999999881
19024  -27.108  -55.179  23.264 0.6999999881
19796  -28.120  -54.159  23.240 0.6999999881
21421  -28.890  -52.490  22.656 0.8000000119
19023  -26.511  -55.579  23.804 0.6000000238
19794  -26.801  -54.917  24.216 0.6000000238
19795  -27.544  -54.603  23.717 0.6000000238
19009  -26.031  -55.233  24.607 0.6000000238
19785  -25.406  -54.879  25.117 0.6000000238
18208  -24.430  -56.678  24.703 0.6000000238
19008  -25.300  -55.582  24.966 0.6000000238
17437  -22.857  -57.438  24.389 0.6000000238
18206  -23.081  -56.519  24.552 0.6000000238
97271  -28.683  -49.995  20.677 0.6999999881
16697  -21.890  -58.806  23.913 0.5000000000
97257  -21.696  -58.054  23.909 0.6000000238
23051  -28.931  -49.459  21.059 0.6999999881
24534  -29.349  -48.486  20.353 0.6999999881
25923  -33.651  -46.373  17.776 0.6999999881
25250  -33.569  -47.079  20.221 0.6999999881
26583  -31.182  -46.056  14.964 0.8000000119
26584  -31.993  -46.329  15.486 0.6999999881
25920  -33.816  -46.276  18.848 0.6999999881
25239  -32.159  -47.042  21.129 0.6999999881
26582  -30.523  -45.646  14.632 0.8000000119
26578  -33.268  -45.919  16.862 0.6999999881
26569  -33.421  -45.657  18.455 0.6999999881
26600  -31.781  -45.374  13.449 0.5000000000
27211  -33.046  -44.352  14.001 0.5000000000
26590  -33.468  -45.003  13.972 0.4000000060
19787  -27.111  -54.194  24.515 0.6000000238
20602  -28.397  -53.608  23.591 0.6999999881
102862  -28.847  -52.662  24.060 0.8000000119
21414  -28.755  -52.990  23.481 0.8999999762
19786  -26.133  -54.400  24.980 0.6000000238
21415  -29.119  -52.288  23.537 0.8000000119
22261  -29.284  -51.637  22.777 0.8000000119
22269  -29.407  -50.779  22.412 0.8000000119
19007  -24.734  -55.324  25.120 0.6000000238
19006  -23.821  -56.205  24.855 0.6000000238
104891  -29.079  -50.390  21.548 0.8000000119
16696  -21.049  -58.741  23.601 0.6000000238
17446  -22.187  -57.546  24.131 0.6000000238
18223  -22.339  -56.797  24.168 0.6000000238
23751  -29.213  -48.946  21.420 0.6999999881
15958  -20.658  -59.618  23.376 0.5000000000
24521  -29.268  -48.304  20.808 0.6999999881
103141  -29.574  -47.674  21.438 0.6999999881
15968  -19.806  -59.656  22.883 0.5000000000
15969  -20.346  -59.011  23.130 0.5000000000
25247  -29.737  -47.698  20.986 0.6999999881
25248  -30.436  -47.499  20.975 0.6999999881
27206  -30.892  -45.322  15.469 0.8000000119
26577  -32.477  -45.721  16.362 0.8000000119
26573  -33.213  -45.673  17.679 0.6999999881
26562  -33.507  -45.519  19.218 0.6999999881
26555  -33.231  -45.567  19.913 0.6999999881
27223  -32.681  -45.202  13.624 0.5000000000
20590  -26.533  -53.564  25.057 0.6999999881
20591  -27.471  -53.448  24.701 0.6999999881
21402  -28.527  -52.480  24.593 0.8000000119
21403  -29.067  -52.108  24.278 0.8000000119
21401  -27.840  -52.726  24.890 0.8000000119
23035  -29.719  -50.724  23.984 0.8000000119
19784  -24.761  -54.699  25.129 0.6000000238
103487  -29.573  -51.051  23.205 0.8000000119
96958  -24.003  -55.191  24.791 0.6000000238
23042  -29.733  -50.333  22.946 0.6999999881
17445  -21.678  -57.171  23.705 0.6000000238
24513  -29.451  -48.297  21.818 0.8000000119
23740  -29.692  -49.313  22.568 0.6999999881
17444  -21.050  -57.685  23.272 0.6000000238
25228  -29.597  -47.499  22.285 0.8000000119
16713  -19.827  -58.685  22.440 0.4000000060
25238  -31.068  -46.821  21.155 0.6999999881
15271  -17.958  -60.681  20.566 0.4000000060
25898  -31.605  -46.233  21.151 0.6999999881
25237  -30.161  -46.867  21.431 0.6999999881
26576  -31.685  -45.513  15.842 0.8000000119
26572  -32.796  -45.271  17.165 0.8000000119
25906  -32.476  -46.337  20.855 0.6999999881
26587  -30.098  -45.083  13.925 0.8000000119
27220  -30.466  -44.908  13.580 0.6999999881
96281  -32.762  -42.921  14.369 0.5000000000
27222  -32.257  -44.616  13.589 0.5000000000
27212  -34.020  -44.315  14.421 0.4000000060
21400  -26.924  -52.790  25.149 0.6000000238
21383  -27.387  -52.094  25.263 0.6999999881
21385  -28.719  -51.934  24.832 0.8000000119
22236  -29.197  -51.383  24.686 0.8000000119
99089  -25.293  -54.265  25.243 0.6999999881
110637  -24.181  -54.322  24.743 0.6999999881
19783  -23.514  -54.318  24.418 0.6000000238
23716  -29.941  -49.816  24.445 0.8000000119
19782  -23.085  -54.985  24.327 0.6000000238
23732  -30.134  -49.236  23.538 0.8000000119
24503  -29.899  -48.473  22.810 0.8000000119
18222  -21.817  -56.213  23.449 0.6000000238
25236  -29.659  -46.878  21.741 0.8999999762
25897  -30.595  -46.108  21.454 0.8000000119
25896  -29.785  -46.106  21.817 0.8000000119
16714  -20.454  -58.208  22.837 0.5000000000
26553  -31.921  -44.792  20.520 0.8000000119
16729  -19.424  -58.304  21.493 0.4000000060
27205  -29.926  -45.228  15.175 0.8000000119
111202  -31.373  -44.865  16.163 0.8000000119
98332  -31.360  -44.171  16.873 0.8000000119
112496  -32.674  -44.590  18.529 0.8000000119
98703  -32.726  -45.067  20.004 0.6999999881
26581  -29.910  -45.202  14.524 0.8000000119
26568  -32.894  -45.159  18.087 0.8000000119
26561  -33.064  -44.942  19.446 0.6999999881
27198  -32.189  -44.585  17.700 0.8000000119
27927  -29.100  -43.922  14.260 0.8000000119
27929  -31.485  -43.549  13.819 0.6000000238
27937  -30.540  -43.887  13.704 0.6000000238
27210  -32.351  -43.719  13.918 0.5000000000
21399  -25.966  -52.848  25.304 0.6000000238
22221  -28.583  -51.496  25.290 0.6999999881
20588  -24.705  -53.757  25.014 0.6000000238
23008  -29.024  -50.459  25.573 0.6999999881
22222  -29.447  -50.567  25.008 0.6999999881
20587  -23.880  -53.610  24.463 0.6000000238
21398  -25.042  -52.797  24.986 0.6000000238
103442  -25.527  -52.210  25.184 0.6000000238
23717  -30.219  -49.042  24.268 0.8000000119
19020  -21.960  -55.257  23.212 0.6000000238
111876  -22.930  -54.304  24.039 0.6000000238
23700  -30.016  -49.097  25.029 0.6999999881
17464  -21.076  -56.638  22.789 0.5000000000
111042  -30.082  -47.918  23.110 0.8000000119
18237  -20.399  -56.546  21.836 0.3000000119
25895  -29.544  -46.135  22.041 0.8000000119
25886  -29.570  -46.626  22.416 0.8000000119
26542  -29.974  -45.216  21.645 0.8000000119
27897  -31.782  -43.755  19.521 0.8000000119
106824  -30.600  -44.587  15.995 0.8000000119
107467  -32.664  -44.398  19.131 0.8000000119
27181  -32.373  -44.447  19.794 0.8000000119
26544  -31.857  -45.587  20.888 0.6999999881
27197  -31.410  -43.825  17.927 0.8000000119
112156  -30.978  -43.628  17.331 0.8000000119
27219  -29.805  -44.445  13.845 0.6999999881
28664  -31.175  -42.862  14.121 0.6000000238
96269  -34.078  -41.784  14.494 0.3000000119
22219  -27.021  -51.352  25.494 0.6000000238
23006  -27.566  -50.797  25.838 0.6999999881
23007  -28.393  -50.806  25.714 0.6999999881
23699  -28.699  -49.992  25.920 0.6999999881
21426  -21.691  -52.587  20.918 0.5000000000
21397  -24.294  -52.988  24.558 0.6000000238
103753  -24.996  -51.978  24.826 0.6000000238
19804  -22.131  -54.383  22.918 0.5000000000
20600  -23.202  -53.652  23.949 0.5000000000
24489  -30.305  -48.357  24.595 0.6999999881
19038  -20.919  -55.177  21.775 0.3000000119
19029  -21.359  -55.667  22.610 0.5000000000
96391  -30.356  -47.011  23.809 0.8000000119
25214  -30.343  -47.774  23.784 0.8000000119
27162  -29.914  -44.334  21.495 0.8999999762
26531  -29.566  -45.338  22.050 0.8999999762
25887  -29.611  -45.896  22.460 0.8000000119
25874  -29.801  -46.443  23.117 0.8000000119
17462  -19.947  -57.837  22.014 0.4000000060
27180  -31.427  -43.897  20.350 0.8999999762
26543  -31.073  -44.870  21.260 0.8999999762
27204  -29.243  -44.785  14.987 0.8000000119
105653  -32.080  -43.975  18.659 0.8000000119
27209  -29.298  -44.574  14.528 0.8000000119
27928  -29.749  -43.688  13.875 0.6999999881
29452  -32.359  -41.592  14.591 0.6000000238
96017  -32.567  -42.249  14.509 0.6000000238
22218  -26.184  -51.127  25.478 0.6000000238
22991  -27.963  -50.138  26.070 0.6999999881
22235  -25.429  -51.349  25.142 0.6000000238
23684  -29.041  -49.236  26.193 0.6999999881
21413  -24.413  -52.136  24.228 0.6000000238
20608  -22.369  -53.557  22.648 0.6000000238
21411  -22.932  -53.147  23.220 0.5000000000
24472  -29.594  -48.869  25.808 0.6999999881
25184  -30.376  -47.125  25.439 0.8000000119
19814  -21.121  -54.326  21.517 0.4000000060
25198  -30.399  -47.492  24.609 0.6999999881
108335  -20.795  -55.933  22.052 0.4000000060
27161  -29.569  -44.386  21.993 0.8000000119
108471  -30.007  -45.726  23.194 0.8000000119
112912  -31.019  -43.334  19.653 0.8999999762
26518  -29.790  -45.155  22.518 0.8000000119
105098  -30.770  -43.364  20.209 0.8000000119
27918  -30.287  -43.588  16.868 0.8000000119
27913  -29.205  -42.860  18.069 0.8000000119
27917  -28.724  -44.179  15.547 0.8000000119
27905  -31.051  -43.273  19.006 0.8000000119
102968  -30.455  -43.284  18.047 0.8000000119
98453  -27.736  -43.784  15.900 0.8000000119
28663  -30.301  -42.826  14.107 0.6999999881
96878  -30.986  -41.997  14.432 0.6999999881
31056  -31.682  -39.844  14.153 0.6000000238
31057  -32.702  -39.931  14.244 0.6000000238
31069  -33.235  -39.223  13.659 0.6000000238
22234  -24.765  -51.302  24.457 0.6000000238
24459  -27.790  -48.855  26.715 0.8000000119
23683  -28.310  -49.424  26.309 0.6999999881
22266  -22.706  -50.684  20.481 0.5000000000
22247  -23.811  -51.797  23.343 0.5000000000
24462  -29.876  -48.190  26.037 0.8000000119
24473  -30.223  -47.878  25.388 0.6999999881
22257  -22.932  -51.827  21.983 0.5000000000
21420  -23.254  -52.289  22.865 0.5000000000
25170  -29.741  -47.835  26.559 0.8000000119
25836  -30.342  -46.702  26.258 0.8000000119
21427  -22.372  -52.252  21.484 0.5000000000
110943  -30.588  -46.114  24.655 0.8000000119
101470  -30.853  -45.558  25.168 0.8000000119
99881  -30.447  -46.302  23.884 0.8000000119
26504  -30.668  -45.644  24.078 0.8000000119
27149  -29.633  -44.580  22.182 0.8000000119
27887  -30.072  -43.300  20.973 0.8000000119
107174  -29.933  -44.541  22.541 0.8000000119
96021  -28.783  -43.373  16.716 0.8000000119
27904  -29.386  -42.967  19.300 0.8000000119
27926  -28.157  -44.052  14.708 0.8000000119
97561  -27.146  -43.713  15.244 0.8000000119
29450  -30.108  -41.755  14.345 0.6999999881
28662  -29.350  -42.880  14.130 0.6999999881
30247  -31.238  -40.568  14.360 0.6999999881
30245  -29.633  -40.907  14.043 0.6999999881
30246  -30.466  -40.748  14.234 0.6999999881
23698  -26.282  -49.045  26.261 0.8000000119
23005  -26.337  -49.817  25.944 0.6000000238
96860  -26.930  -48.959  26.750 0.6000000238
24519  -23.710  -47.154  20.430 0.6000000238
100314  -23.929  -49.020  20.967 0.5000000000
23023  -25.044  -50.471  24.737 0.6000000238
24445  -28.883  -48.134  26.915 0.8000000119
23738  -22.488  -48.538  21.985 0.6000000238
25225  -23.640  -46.975  20.978 0.6000000238
24520  -24.044  -47.032  20.802 0.6000000238
23739  -24.238  -49.385  22.240 0.5000000000
23034  -24.209  -50.405  23.020 0.5000000000
24485  -22.248  -48.192  24.213 0.5000000000
24486  -22.660  -47.833  23.334 0.5000000000
101757  -23.596  -46.695  22.423 0.6000000238
25235  -23.926  -46.933  20.843 0.6000000238
22267  -23.297  -50.836  21.365 0.5000000000
23731  -24.465  -49.629  23.278 0.5000000000
25835  -29.867  -47.242  26.748 0.8000000119
26474  -30.670  -45.841  26.088 0.8000000119
25195  -22.833  -47.159  23.841 0.5000000000
22259  -23.909  -51.052  22.905 0.5000000000
24484  -21.209  -48.229  24.590 0.4000000060
27849  -30.453  -44.158  22.982 0.8000000119
27138  -30.943  -44.422  23.812 0.8000000119
27128  -31.052  -44.981  24.376 0.6999999881
27886  -29.783  -42.937  20.554 0.8000000119
27873  -29.714  -43.590  21.680 0.8000000119
27860  -29.721  -43.908  22.155 0.8000000119
28596  -29.966  -43.018  21.942 0.8000000119
27925  -26.362  -43.410  15.112 0.8999999762
98557  -26.597  -43.404  16.184 0.8999999762
27912  -28.109  -42.550  18.036 0.8000000119
27896  -29.776  -43.037  20.015 0.8000000119
27916  -27.459  -43.053  17.056 1.0000000000
27903  -28.591  -42.375  19.171 0.8000000119
102285  -28.169  -43.236  14.374 0.8000000119
29449  -28.909  -41.863  14.147 0.6999999881
24471  -25.725  -48.447  26.006 0.8000000119
24443  -27.204  -48.263  27.117 0.8000000119
25152  -27.606  -47.418  27.319 0.8000000119
25885  -24.273  -46.271  22.148 0.6000000238
23697  -25.749  -49.286  25.631 0.6000000238
24444  -28.119  -48.144  26.991 0.8000000119
25153  -28.619  -47.532  27.226 0.8000000119
25226  -24.163  -46.596  21.692 0.6000000238
25212  -24.494  -46.532  22.623 0.6000000238
98575  -24.933  -48.831  24.357 0.6000000238
25819  -29.285  -46.892  27.262 0.8000000119
25820  -29.948  -46.591  26.892 0.8000000119
25821  -30.252  -45.959  26.726 0.6999999881
25210  -23.675  -46.270  23.209 0.5000000000
24487  -24.714  -47.653  23.819 0.6000000238
23715  -25.272  -49.534  24.927 0.6000000238
25194  -21.925  -47.473  24.385 0.4000000060
25871  -23.264  -46.374  24.046 0.4000000060
25872  -24.103  -45.973  23.259 0.4000000060
97008  -31.035  -45.090  26.007 0.6999999881
25856  -22.634  -46.132  24.428 0.4000000060
25857  -23.710  -45.735  24.283 0.4000000060
25196  -24.537  -46.393  23.729 0.4000000060
27129  -31.407  -44.261  24.602 0.6999999881
27126  -23.143  -44.712  25.101 0.4000000060
26503  -24.238  -45.102  25.033 0.5000000000
26501  -22.796  -45.293  24.737 0.3000000119
27127  -23.832  -44.748  25.165 0.5000000000
25858  -24.178  -45.586  24.471 0.5000000000
28619  -29.803  -42.742  20.791 0.8000000119
28608  -29.864  -42.994  21.346 0.8000000119
110450  -30.767  -42.771  22.493 0.8000000119
27861  -30.548  -43.404  22.682 0.8000000119
27920  -26.147  -43.503  15.535 0.8000000119
28645  -27.627  -42.366  17.689 0.8000000119
28635  -28.931  -42.603  19.923 0.8000000119
28627  -29.312  -42.493  20.301 0.8000000119
27915  -25.809  -43.346  15.859 1.0000000000
28626  -28.843  -42.178  19.874 0.8000000119
107955  -27.288  -43.590  14.781 0.8000000119
28644  -27.146  -42.422  17.168 0.8000000119
29417  -28.477  -42.110  18.966 0.8000000119
29448  -27.884  -42.165  14.208 0.8999999762
30259  -30.001  -40.083  13.672 0.6999999881
31066  -30.325  -39.357  13.328 0.6999999881
30260  -30.836  -39.982  13.885 0.6999999881
31067  -31.248  -39.307  13.522 0.6999999881
31810  -32.747  -38.569  13.265 0.6000000238
31809  -31.714  -38.634  13.150 0.6999999881
31808  -30.705  -38.770  12.925 0.6999999881
103439  -33.216  -38.288  12.639 0.6000000238
24458  -26.373  -48.211  26.730 0.8000000119
25227  -24.253  -46.718  21.605 0.5000000000
104784  -25.389  -47.811  25.583 0.8000000119
24457  -25.724  -47.631  26.282 0.8000000119
25169  -26.256  -47.279  26.885 0.8000000119
25818  -28.307  -46.778  27.464 0.8000000119
25211  -24.226  -46.159  22.451 0.5000000000
25859  -24.777  -46.438  24.863 0.5000000000
102880  -29.640  -46.025  27.250 0.6999999881
106491  -24.406  -45.928  24.274 0.5000000000
25183  -25.282  -47.048  25.612 0.6999999881
25197  -24.937  -47.314  24.808 0.6999999881
104738  -28.848  -46.090  27.587 0.6999999881
26458  -30.055  -45.249  27.225 0.6999999881
101037  -30.602  -45.196  26.622 0.6999999881
27093  -31.310  -44.399  26.052 0.6999999881
27112  -31.569  -44.031  25.490 0.6999999881
27109  -24.279  -44.493  25.595 0.5000000000
28573  -31.944  -42.912  24.241 0.6999999881
27107  -22.733  -44.024  25.172 0.4000000060
27108  -23.499  -44.215  25.447 0.4000000060
28620  -30.281  -42.430  21.264 0.8000000119
27850  -31.261  -43.674  23.750 0.6999999881
29394  -29.868  -42.219  20.571 0.8000000119
29395  -30.817  -41.668  20.870 0.6999999881
29425  -27.795  -42.065  18.109 0.8000000119
29408  -29.290  -41.982  20.195 0.8000000119
28661  -25.755  -42.806  14.984 0.8999999762
109867  -26.889  -42.745  14.625 0.8999999762
28657  -25.628  -42.519  15.281 0.8999999762
29435  -25.757  -42.249  16.060 0.8000000119
29436  -26.488  -41.965  16.496 0.8000000119
29438  -28.299  -41.417  17.295 0.8000000119
29458  -27.214  -41.454  14.374 0.8999999762
30256  -26.609  -40.589  14.482 0.8000000119
29459  -28.119  -41.173  13.966 0.8999999762
30258  -29.129  -40.127  13.561 0.8000000119
30261  -33.648  -39.884  13.832 0.4000000060
31807  -29.641  -38.699  12.751 0.6999999881
31821  -31.067  -38.223  12.572 0.6999999881
32639  -33.031  -37.423  11.039 0.5000000000
26454  -26.987  -45.974  27.513 0.6999999881
25817  -26.840  -46.920  27.360 0.8000000119
26472  -25.614  -45.870  26.508 0.6999999881
26455  -27.605  -45.367  27.628 0.6999999881
26502  -23.726  -45.172  24.807 0.4000000060
26490  -25.083  -45.374  25.869 0.6000000238
27080  -26.939  -44.857  27.543 0.6999999881
26457  -29.283  -45.315  27.610 0.6999999881
27083  -30.524  -44.404  27.117 0.6999999881
101880  -31.125  -43.991  26.646 0.6999999881
108045  -30.939  -44.615  26.498 0.6999999881
27091  -24.662  -43.807  26.446 0.5000000000
27823  -31.823  -43.362  25.848 0.6999999881
27822  -23.848  -43.692  25.980 0.4000000060
27839  -31.790  -43.527  24.876 0.6999999881
28555  -22.772  -42.820  25.793 0.3000000119
27805  -23.336  -42.918  26.205 0.3000000119
27806  -24.123  -42.991  26.531 0.4000000060
28586  -31.439  -42.905  23.224 0.6999999881
29382  -31.269  -41.737  21.569 0.6999999881
29409  -30.420  -41.556  20.246 0.6999999881
29437  -27.435  -41.737  16.961 0.8000000119
29418  -29.076  -41.797  19.456 0.8000000119
29426  -28.363  -41.700  18.284 0.8000000119
30235  -26.234  -40.608  15.181 0.8000000119
102417  -27.370  -40.351  14.031 0.8000000119
108161  -26.883  -39.526  13.872 0.8000000119
30244  -26.222  -40.919  14.849 0.8999999762
30257  -28.241  -40.194  13.661 0.8999999762
31064  -28.357  -39.285  13.375 0.8000000119
31822  -32.126  -38.074  12.533 0.6999999881
31829  -32.918  -37.878  11.936 0.6000000238
31820  -30.071  -38.156  12.440 0.6999999881
32637  -29.243  -36.855  11.580 0.6999999881
27799  -26.058  -43.602  27.392 0.6000000238
98440  -26.687  -44.060  27.500 0.6000000238
111063  -28.197  -43.986  27.999 0.6999999881
103734  -28.742  -44.579  27.880 0.6999999881
27110  -24.918  -44.660  26.117 0.5000000000
106044  -25.527  -45.008  26.679 0.6000000238
99379  -29.006  -43.632  28.001 0.6999999881
27802  -30.046  -43.670  27.625 0.6999999881
27082  -29.671  -44.491  27.650 0.6999999881
27821  -23.094  -43.518  25.663 0.3000000119
113107  -25.257  -43.523  27.118 0.5000000000
27807  -25.371  -44.217  26.912 0.5000000000
27800  -27.023  -43.311  27.671 0.6000000238
27809  -31.444  -43.210  26.677 0.6999999881
95901  -24.823  -42.929  27.052 0.4000000060
27798  -25.625  -42.828  27.345 0.6000000238
106547  -31.908  -42.734  26.273 0.6999999881
28587  -32.207  -42.160  23.703 0.6999999881
112831  -32.267  -42.221  24.671 0.6999999881
28597  -31.575  -42.292  22.745 0.6999999881
112395  -24.327  -41.453  26.803 0.3000000119
29396  -31.812  -41.081  21.127 0.6999999881
29427  -29.153  -41.485  18.463 0.8000000119
30205  -30.190  -41.179  18.565 0.8000000119
109896  -30.096  -41.496  19.533 0.6999999881
30196  -31.441  -40.821  19.585 0.6999999881
30225  -27.895  -40.756  16.434 0.8000000119
30215  -30.115  -40.789  17.646 0.8000000119
31054  -26.475  -39.871  14.715 0.8000000119
30223  -26.090  -41.268  15.826 0.8000000119
30224  -26.835  -40.954  16.191 0.8000000119
30226  -28.943  -40.557  16.631 0.8000000119
111148  -26.697  -39.078  13.931 0.8000000119
31791  -27.694  -38.293  14.724 0.8000000119
31038  -28.286  -39.734  15.999 0.8000000119
31049  -28.651  -38.795  15.527 0.8000000119
32596  -28.916  -37.689  14.772 0.8000000119
32647  -32.091  -36.938  10.956 0.6000000238
32638  -31.839  -37.449  11.623 0.6999999881
31819  -29.016  -37.942  12.292 0.8000000119
96077  -30.421  -37.258  11.637 0.6000000238
33419  -29.392  -35.604  10.879 0.6999999881
33409  -29.830  -36.452  11.156 0.6000000238
32646  -31.025  -36.831  11.027 0.6000000238
28541  -29.586  -42.884  27.722 0.6999999881
28539  -27.451  -42.491  27.783 0.6000000238
29315  -30.172  -42.287  27.549 0.6999999881
28548  -30.942  -42.687  27.324 0.6999999881
27808  -30.805  -43.509  27.210 0.6999999881
28538  -25.197  -42.098  27.295 0.4000000060
29313  -27.692  -41.673  27.609 0.5000000000
29327  -30.012  -41.421  27.434 0.6999999881
28556  -32.111  -42.035  26.266 0.6999999881
29312  -26.738  -41.597  27.601 0.5000000000
28557  -32.311  -41.754  25.450 0.6999999881
29326  -24.846  -41.350  27.078 0.3000000119
98451  -25.246  -40.521  26.925 0.3000000119
29311  -25.796  -41.217  27.371 0.4000000060
28574  -32.431  -41.500  24.581 0.6999999881
30922  -25.648  -39.877  26.653 0.3000000119
114558  -32.311  -41.256  22.438 0.6999999881
96224  -32.504  -40.807  23.018 0.6999999881
111956  -32.186  -41.221  21.821 0.6999999881
107952  -32.666  -40.672  22.278 0.6999999881
30214  -29.183  -41.104  17.462 0.8000000119
30184  -31.528  -41.037  20.410 0.6999999881
30160  -33.088  -40.058  22.146 0.6999999881
108968  -32.161  -40.469  20.031 0.6999999881
95098  -32.701  -39.820  20.197 0.6999999881
31037  -27.242  -39.970  15.698 0.8000000119
30206  -31.159  -40.691  18.744 0.6999999881
30197  -32.296  -39.958  19.518 0.6999999881
31014  -32.951  -39.221  19.653 0.6999999881
31046  -26.433  -39.913  15.221 0.8000000119
30227  -29.904  -40.357  16.787 0.8000000119
31029  -30.702  -39.946  17.156 0.8000000119
31031  -32.120  -39.047  17.947 0.8000000119
95919  -32.786  -38.492  18.275 0.6999999881
31055  -26.697  -39.237  14.560 0.8000000119
31039  -29.365  -39.612  16.230 0.8000000119
31783  -30.592  -38.704  16.247 0.8000000119
31776  -31.691  -38.712  17.276 0.8000000119
31799  -26.675  -39.198  14.193 0.8000000119
31800  -26.917  -38.574  14.146 0.8000000119
106935  -28.432  -38.069  14.954 0.8000000119
31782  -29.804  -38.884  15.888 0.8000000119
31784  -31.281  -38.410  16.575 0.8000000119
99114  -27.645  -38.437  13.508 0.8000000119
32595  -27.927  -37.715  14.376 0.8000000119
31792  -29.374  -38.253  15.364 0.8000000119
108666  -30.198  -38.372  15.705 0.8000000119
32588  -31.614  -37.823  16.223 0.8000000119
109723  -27.980  -37.780  13.225 0.8000000119
32611  -29.605  -37.271  14.568 0.8000000119
31818  -28.415  -37.514  12.587 0.8000000119
33422  -32.734  -36.755  10.294 0.5000000000
32626  -28.471  -36.905  12.327 0.8000000119
32636  -28.709  -36.507  11.826 0.8000000119
102447  -31.603  -35.353  9.608 0.6000000238
33420  -30.420  -36.107  10.592 0.6000000238
33430  -31.083  -35.729  10.077 0.6000000238
27801  -28.001  -43.167  28.030 0.6999999881
110686  -28.796  -42.767  27.828 0.6999999881
112024  -27.125  -42.074  27.756 0.6000000238
98778  -29.186  -42.035  27.573 0.6999999881
29328  -30.901  -41.811  27.372 0.6999999881
30092  -28.274  -40.902  27.394 0.5000000000
30090  -26.645  -40.766  27.391 0.4000000060
102906  -27.048  -40.070  27.157 0.4000000060
30091  -27.428  -40.831  27.419 0.5000000000
29336  -32.177  -41.186  26.200 0.6999999881
30923  -26.477  -39.540  26.555 0.3000000119
30924  -27.522  -39.432  26.629 0.3000000119
30106  -27.982  -40.066  27.182 0.5000000000
30123  -32.416  -40.072  25.315 0.6999999881
29349  -32.549  -40.648  24.552 0.6999999881
30121  -24.828  -39.882  26.337 0.3000000119
30942  -27.049  -38.985  25.920 0.3000000119
30148  -32.713  -40.344  23.753 0.6999999881
31689  -26.623  -38.648  25.134 0.3000000119
30979  -33.272  -39.385  22.347 0.6999999881
30216  -30.985  -40.352  17.949 0.8000000119
30207  -31.879  -40.148  18.952 0.6999999881
30992  -32.924  -39.697  20.963 0.6999999881
31022  -31.730  -39.851  18.296 0.6999999881
31023  -32.409  -39.277  18.828 0.6999999881
31769  -33.140  -38.491  19.099 0.6999999881
31048  -27.548  -39.078  15.236 0.8000000119
31040  -30.290  -39.444  16.488 0.8000000119
31030  -31.435  -39.506  17.564 0.6999999881
31047  -26.769  -39.407  15.038 0.8000000119
31777  -32.401  -38.348  17.577 0.8000000119
31801  -27.324  -38.033  14.164 0.8000000119
31793  -30.850  -38.116  15.915 0.8000000119
32609  -27.823  -37.556  13.794 0.8000000119
32619  -28.192  -37.340  13.130 0.8000000119
32597  -30.113  -37.766  15.273 0.8000000119
32612  -30.617  -37.164  14.916 0.8000000119
32599  -32.060  -37.265  15.822 0.8000000119
33398  -28.440  -36.880  12.542 0.8000000119
33399  -28.663  -36.528  12.414 0.8000000119
97441  -30.169  -36.862  14.337 0.8000000119
110322  -32.497  -36.689  15.408 0.8000000119
33408  -29.093  -36.079  11.440 0.8000000119
28540  -28.259  -42.259  27.725 0.6000000238
29314  -28.491  -41.585  27.521 0.6000000238
98450  -26.126  -40.253  27.116 0.3000000119
30093  -29.109  -41.098  27.412 0.6000000238
30108  -29.895  -40.521  27.216 0.6999999881
30109  -30.823  -40.924  27.195 0.6999999881
30110  -31.598  -40.617  26.669 0.6999999881
30107  -28.906  -40.217  27.186 0.6000000238
30927  -30.766  -39.995  26.726 0.6999999881
30944  -32.068  -39.594  25.920 0.6999999881
30941  -26.318  -39.097  25.784 0.3000000119
31674  -27.917  -38.802  26.007 0.3000000119
30943  -31.326  -39.346  26.234 0.6999999881
31688  -25.761  -38.917  25.298 0.3000000119
106912  -28.977  -37.305  24.430 0.3000000119
30945  -32.341  -39.256  25.142 0.6999999881
30135  -32.644  -39.828  24.480 0.6999999881
32514  -26.779  -37.575  23.062 0.3000000119
32515  -27.579  -37.376  23.363 0.3000000119
32496  -27.803  -37.640  24.006 0.3000000119
32516  -28.459  -37.182  23.786 0.3000000119
33296  -26.985  -36.769  21.955 0.3000000119
30993  -33.233  -39.596  21.683 0.6999999881
99403  -33.455  -39.050  21.191 0.6999999881
32579  -32.708  -37.735  17.232 0.8000000119
32589  -32.412  -37.512  16.526 0.8000000119
33383  -28.431  -36.946  13.255 0.8000000119
32610  -28.485  -37.245  14.116 0.8000000119
33391  -29.303  -36.531  13.087 0.8000000119
33384  -29.300  -36.813  13.899 0.8000000119
33392  -31.072  -36.209  13.566 0.8000000119
33385  -31.101  -36.634  14.371 0.8000000119
33386  -32.114  -36.455  14.717 0.8000000119
33406  -28.610  -36.452  12.042 0.8000000119
94863  -30.203  -36.527  13.733 0.8000000119
33407  -28.984  -35.968  11.681 0.8000000119
34230  -29.304  -35.146  10.918 0.6999999881
34231  -29.471  -35.008  10.547 0.6000000238
30926  -29.644  -39.658  26.742 0.6000000238
31677  -30.392  -39.140  26.352 0.6000000238
30928  -31.663  -39.951  26.395 0.6999999881
31691  -28.315  -38.226  25.313 0.4000000060
105933  -30.159  -38.403  25.915 0.6000000238
31694  -31.692  -38.834  25.672 0.6999999881
32498  -30.599  -37.328  24.802 0.4000000060
30959  -32.703  -39.019  24.358 0.6999999881
101334  -32.897  -39.535  23.736 0.6999999881
34117  -29.646  -35.727  23.051 0.3000000119
33272  -31.132  -36.815  24.327 0.4000000060
32500  -32.352  -37.618  24.178 0.6000000238
31726  -33.154  -38.390  23.282 0.6999999881
30968  -33.170  -39.123  23.086 0.6999999881
104255  -33.460  -38.965  21.835 0.6999999881
32542  -33.600  -38.256  21.493 0.6999999881
99600  -33.568  -38.496  20.693 0.6999999881
95945  -33.641  -37.979  20.251 0.6999999881
31785  -31.990  -38.081  16.904 0.8000000119
33373  -31.562  -36.897  15.186 0.8000000119
33361  -32.864  -36.952  16.106 0.8000000119
114105  -32.602  -36.108  14.317 0.8000000119
34212  -29.631  -35.582  11.998 0.8000000119
34202  -30.219  -36.156  12.901 0.8000000119
112719  -30.988  -35.898  13.116 0.8000000119
34203  -31.701  -35.754  13.221 0.8000000119
99201  -30.852  -35.628  12.618 0.8000000119
34232  -29.954  -35.342  10.301 0.6000000238
34221  -29.269  -35.494  11.315 0.8000000119
35019  -29.560  -34.025  9.749 0.6000000238
35004  -29.430  -34.826  10.820 0.6999999881
105254  -29.570  -33.541  9.799 0.6999999881
31693  -30.963  -38.698  26.010 0.6000000238
32497  -29.684  -37.259  24.662 0.3000000119
31709  -32.160  -38.315  24.862 0.6000000238
32517  -29.359  -36.825  24.052 0.3000000119
33271  -30.244  -36.744  24.286 0.3000000119
32499  -31.569  -37.472  24.663 0.5000000000
33284  -30.795  -36.286  23.850 0.3000000119
33285  -31.546  -36.425  23.872 0.5000000000
32518  -32.882  -37.698  23.543 0.6999999881
34128  -28.869  -35.762  22.480 0.3000000119
33299  -33.053  -36.504  22.680 0.4000000060
32532  -33.540  -37.637  22.084 0.6999999881
34920  -28.660  -34.655  21.474 0.3000000119
100088  -33.752  -37.203  21.268 0.6000000238
98535  -33.966  -36.751  19.715 0.6000000238
32551  -33.815  -37.293  20.359 0.6000000238
31770  -33.416  -37.720  18.448 0.8000000119
32560  -33.649  -37.686  19.504 0.6999999881
32580  -33.324  -37.389  17.606 0.8000000119
33328  -33.893  -36.946  18.869 0.6999999881
32590  -33.134  -37.174  16.848 0.8000000119
33348  -33.673  -36.720  17.243 0.6999999881
33337  -33.782  -36.893  18.043 0.6999999881
33338  -34.165  -36.312  18.401 0.6999999881
33362  -33.548  -36.574  16.425 0.8000000119
33363  -34.132  -36.128  16.813 0.6999999881
33349  -34.134  -36.267  17.633 0.6999999881
33387  -32.961  -36.258  14.901 0.8000000119
33374  -33.310  -36.435  15.621 0.8000000119
34179  -33.955  -35.987  15.925 0.6999999881
34180  -34.569  -35.358  16.368 0.6999999881
33400  -29.193  -36.138  12.393 0.8000000119
33393  -31.925  -36.238  13.942 0.8000000119
34186  -33.700  -35.928  15.079 0.8000000119
34223  -30.720  -35.110  11.831 0.8000000119
34204  -32.616  -35.751  13.718 0.8000000119
34211  -28.845  -35.987  11.857 0.8000000119
34213  -31.625  -35.367  12.532 0.8000000119
34996  -32.845  -34.796  12.316 0.8000000119
34222  -29.557  -35.019  11.331 0.8000000119
35813  -30.207  -33.526  10.400 0.6999999881
34240  -29.718  -34.699  10.004 0.6000000238
35820  -30.175  -33.730  9.211 0.6000000238
35012  -29.610  -34.022  10.281 0.6999999881
35812  -29.526  -33.370  9.892 0.6999999881
33283  -29.905  -36.252  23.671 0.3000000119
33274  -32.501  -37.115  23.692 0.5000000000
32519  -33.261  -37.761  22.828 0.6000000238
34912  -30.670  -34.741  22.450 0.3000000119
33287  -33.301  -37.169  22.533 0.5000000000
33300  -33.523  -36.788  22.024 0.6000000238
34923  -31.459  -34.524  22.308 0.3000000119
33312  -33.720  -36.204  21.438 0.6000000238
35712  -29.021  -33.845  21.175 0.3000000119
34922  -30.531  -34.154  21.876 0.3000000119
34924  -32.497  -34.380  22.017 0.3000000119
35713  -29.880  -33.621  21.317 0.3000000119
108221  -34.109  -36.027  19.829 0.6000000238
35728  -28.574  -33.470  20.622 0.3000000119
33329  -34.196  -36.221  19.154 0.6999999881
34205  -33.472  -35.236  13.624 0.8000000119
34197  -34.023  -35.425  14.483 0.6999999881
34187  -34.357  -35.457  15.336 0.6999999881
34215  -33.297  -34.823  12.875 0.8000000119
34987  -34.002  -34.511  13.199 0.6999999881
107662  -31.387  -34.605  11.464 0.8000000119
34995  -32.017  -34.972  12.076 0.6999999881
34997  -33.498  -34.222  12.320 0.6000000238
36690  -31.278  -32.021  8.167 0.6000000238
35005  -30.198  -34.464  11.026 0.6999999881
35802  -31.484  -34.068  10.913 0.6999999881
35811  -29.334  -32.862  9.363 0.6999999881
36677  -29.103  -32.483  9.107 0.6999999881
95701  -29.729  -32.957  9.862 0.6999999881
38605  -31.231  -30.014  9.117 0.5000000000
39512  -31.307  -28.966  8.648 0.5000000000
33323  -33.954  -36.322  20.581 0.6000000238
34161  -34.084  -35.316  20.287 0.6000000238
34168  -34.321  -35.523  19.442 0.6000000238
110912  -34.350  -35.782  18.013 0.6999999881
94910  -34.573  -35.011  18.112 0.6999999881
34174  -34.476  -35.605  17.335 0.6999999881
98780  -27.257  -32.434  19.397 0.3000000119
34206  -34.270  -34.830  13.966 0.6999999881
34979  -34.668  -34.918  14.732 0.6000000238
35006  -32.498  -34.333  11.615 0.6999999881
35804  -33.286  -33.472  11.530 0.6000000238
35814  -31.689  -33.297  10.619 0.6999999881
114341  -29.287  -32.419  8.796 0.6000000238
101841  -30.225  -32.644  8.561 0.5000000000
36679  -29.675  -32.287  9.501 0.6999999881
37680  -29.809  -31.455  9.299 0.6999999881
38604  -29.809  -30.398  8.693 0.6000000238
34160  -33.923  -35.552  21.053 0.5000000000
34939  -33.803  -34.638  21.136 0.4000000060
34940  -34.085  -34.312  20.263 0.5000000000
101512  -34.298  -34.871  19.688 0.6000000238
34954  -34.641  -34.184  18.670 0.6000000238
36592  -27.874  -32.572  19.758 0.3000000119
34958  -34.890  -34.845  17.219 0.6999999881
34970  -34.969  -34.830  15.605 0.6000000238
34964  -35.237  -34.583  16.420 0.6000000238
35794  -34.027  -33.392  12.151 0.6000000238
34988  -34.894  -34.326  14.137 0.6000000238
35803  -32.413  -33.676  11.069 0.6999999881
34998  -34.187  -33.902  12.715 0.6000000238
36658  -32.738  -33.031  10.848 0.6999999881
36659  -33.476  -32.669  11.178 0.6000000238
37657  -30.940  -31.976  9.870 0.6999999881
37679  -29.318  -31.350  8.681 0.6999999881
37678  -29.072  -31.868  8.891 0.6000000238
37695  -30.130  -30.980  7.891 0.5000000000
37707  -29.377  -30.873  8.464 0.6000000238
38634  -29.406  -30.041  7.890 0.6000000238
39544  -30.298  -29.132  7.624 0.5000000000
37658  -31.347  -31.148  9.617 0.6000000238
38619  -29.385  -30.241  8.205 0.5000000000
39529  -30.102  -28.844  8.036 0.5000000000
38620  -29.548  -29.555  7.954 0.5000000000
39530  -30.991  -28.408  8.118 0.5000000000
35732  -33.639  -33.640  20.867 0.4000000060
35733  -33.978  -33.325  19.978 0.4000000060
36582  -31.551  -32.685  20.470 0.4000000060
37550  -28.065  -32.029  19.228 0.3000000119
37551  -29.002  -31.726  18.896 0.3000000119
36595  -30.262  -32.190  19.630 0.3000000119
34959  -35.338  -34.116  17.052 0.6000000238
37583  -28.922  -31.184  17.258 0.3000000119
34971  -35.594  -34.175  15.805 0.6000000238
100291  -35.403  -33.881  14.524 0.5000000000
35795  -34.618  -33.315  12.692 0.6000000238
35796  -35.102  -33.287  13.226 0.6000000238
113423  -33.925  -32.883  11.657 0.6000000238
36651  -34.516  -32.626  12.084 0.6000000238
37639  -33.555  -31.976  10.884 0.6000000238
112965  -31.894  -31.860  9.968 0.6999999881
39511  -29.923  -29.486  8.328 0.5000000000
40395  -32.077  -28.085  8.784 0.5000000000
35731  -32.887  -33.250  21.127 0.4000000060
36598  -33.532  -32.587  19.879 0.4000000060
34948  -34.372  -34.177  19.466 0.5000000000
37556  -33.398  -32.013  19.408 0.4000000060
35751  -34.427  -33.424  19.090 0.4000000060
101923  -34.940  -34.183  17.863 0.5000000000
37568  -29.669  -31.412  18.173 0.3000000119
37569  -30.459  -31.422  18.247 0.3000000119
37553  -30.753  -31.658  19.022 0.4000000060
37585  -30.184  -31.179  17.495 0.3000000119
37570  -31.259  -31.387  18.350 0.4000000060
35780  -35.708  -33.636  15.202 0.5000000000
34965  -35.656  -33.983  16.396 0.6000000238
36644  -35.729  -32.879  13.602 0.5000000000
36652  -35.153  -32.701  12.781 0.6000000238
36645  -36.292  -32.137  13.861 0.5000000000
36660  -34.076  -32.279  11.448 0.6000000238
37627  -34.549  -31.938  11.740 0.6000000238
37659  -32.677  -31.693  10.260 0.6000000238
37660  -33.575  -31.164  10.579 0.6000000238
38594  -32.672  -30.699  9.782 0.5000000000
38606  -32.546  -29.664  9.475 0.5000000000
39513  -32.488  -28.767  9.271 0.5000000000
36597  -32.862  -32.309  19.964 0.4000000060
36599  -33.999  -32.662  19.332 0.4000000060
36609  -34.490  -32.767  18.637 0.4000000060
35758  -34.782  -33.460  18.311 0.4000000060
37557  -34.014  -32.027  18.801 0.4000000060
36617  -34.908  -32.775  17.937 0.4000000060
36618  -35.390  -32.714  17.224 0.4000000060
36627  -36.215  -32.635  15.869 0.4000000060
35764  -35.622  -33.433  16.773 0.5000000000
38528  -29.687  -30.722  15.939 0.3000000119
104462  -36.456  -32.076  14.697 0.4000000060
37616  -35.729  -32.124  13.061 0.5000000000
37606  -36.518  -31.386  14.203 0.4000000060
37628  -35.102  -31.901  12.322 0.6000000238
112558  -35.732  -31.521  12.717 0.5000000000
37617  -36.244  -31.467  13.340 0.5000000000
37640  -34.166  -31.570  11.251 0.6000000238
37641  -34.797  -31.285  11.716 0.5000000000
103124  -35.440  -31.102  12.245 0.5000000000
38582  -34.344  -30.745  11.104 0.6000000238
106418  -33.660  -30.096  10.298 0.6000000238
40396  -33.002  -28.238  9.699 0.5000000000
112662  -32.354  -27.531  8.628 0.5000000000
40345  -29.041  -29.304  14.858 0.3000000119
98252  -29.823  -29.245  15.189 0.4000000060
40335  -30.383  -28.719  15.526 0.4000000060
104508  -34.557  -29.812  11.083 0.5000000000
102534  -29.008  -27.384  15.111 0.4000000060
40361  -35.794  -28.974  12.212 0.5000000000
40362  -36.290  -29.300  12.785 0.5000000000
39500  -34.059  -29.145  10.539 0.5000000000
112956  -35.326  -28.674  11.679 0.5000000000
39499  -33.292  -29.086  9.899 0.5000000000
103780  -33.558  -28.497  10.287 0.6000000238
41230  -32.876  -26.980  8.875 0.5000000000
41221  -32.958  -27.482  9.522 0.6000000238
41212  -33.587  -27.098  10.334 0.5000000000
42108  -33.422  -26.772  9.701 0.6000000238
41159  -29.778  -27.138  15.480 0.4000000060
40324  -31.651  -28.555  16.045 0.4000000060
99955  -34.729  -28.895  11.171 0.5000000000
40385  -34.089  -28.281  10.767 0.5000000000
41213  -34.076  -27.479  10.854 0.5000000000
40371  -34.854  -27.956  11.378 0.5000000000
40384  -33.481  -27.810  10.312 0.5000000000
42109  -33.924  -26.270  9.752 0.4000000060
100193  -31.030  -27.227  16.011 0.4000000060
42061  -29.291  -26.361  15.147 0.4000000060
112707  -36.095  -28.609  12.732 0.4000000060
42101  -34.268  -26.778  10.850 0.4000000060
42102  -34.585  -26.090  10.723 0.4000000060
109440  -34.332  -25.947  10.142 0.5000000000
97799  -35.604  -28.078  12.199 0.4000000060
107907  -34.971  -25.359  10.255 0.5000000000
43846  -35.696  -24.895  10.795 0.4000000060
42092  -34.940  -26.419  11.442 0.4000000060
43863  -36.091  -23.920  9.591 0.4000000060
96705  -35.357  -25.823  11.785 0.4000000060
94808  -36.250  -24.184  10.381 0.4000000060
44666  -36.381  -23.222  9.958 0.4000000060
44682  -35.835  -23.059  8.911 0.4000000060
43018  -35.757  -25.102  11.713 0.4000000060
43847  -36.327  -24.405  11.280 0.4000000060
43003  -35.940  -24.882  12.572 0.4000000060
44653  -36.638  -23.621  10.921 0.4000000060
109531  -36.515  -22.249  10.058 0.4000000060
44642  -36.896  -23.800  11.876 0.4000000060
102455  -36.347  -24.519  12.032 0.4000000060
23765  -32.384  -49.691  21.107 0.6999999881
21429  -28.525  -52.660  21.626 0.6999999881
16686  -22.365  -58.123  24.123 0.6000000238
20592  -28.358  -53.218  24.272 0.6999999881
23052  -29.387  -49.897  21.990 0.8000000119
22249  -29.403  -51.575  23.774 0.8000000119
20589  -25.625  -53.621  25.255 0.6000000238
22220  -27.905  -51.509  25.562 0.6999999881
25213  -29.813  -47.161  23.049 0.8000000119
27200  -29.558  -44.377  15.798 0.8000000119
23681  -26.808  -49.483  26.302 0.6000000238
114231  -23.653  -50.032  21.159 0.5000000000
25848  -30.553  -46.350  25.414 0.8000000119
27137  -30.357  -44.952  23.329 0.8000000119
25154  -29.331  -47.700  26.951 0.8000000119
99134  -22.451  -46.834  24.297 0.4000000060
24488  -25.231  -48.447  25.074 0.6000000238
97253  -24.225  -45.942  23.682 0.5000000000
104084  -25.175  -46.195  25.693 0.6000000238
26456  -28.399  -45.359  27.703 0.6999999881
32598  -31.144  -37.509  15.570 0.8000000119
31760  -33.435  -38.540  19.920 0.6999999881
31751  -33.700  -37.855  20.836 0.6000000238
31676  -29.428  -38.843  26.295 0.6000000238
34120  -32.297  -36.330  23.436 0.5000000000
34980  -35.245  -34.338  14.996 0.6000000238
41201  -34.632  -27.138  11.328 0.4000000060
22281  -33.850  -51.837  20.712 0.5000000000
22301  -30.106  -51.673  18.974 0.6999999881
24555  -34.373  -48.831  16.483 0.5000000000
97301  -23.685  -58.742  22.956 0.5000000000
25268  -34.214  -48.056  16.938 0.6999999881
105429  -28.222  -52.356  20.692 0.6999999881
22277  -28.405  -50.645  20.275 0.6999999881
23752  -32.039  -48.695  21.208 0.6999999881
24536  -30.919  -48.219  20.786 0.6999999881
25907  -33.183  -46.299  20.428 0.6999999881
25933  -32.338  -47.247  15.153 0.6999999881
99843  -32.253  -46.067  13.501 0.5000000000
25938  -31.511  -46.761  13.979 0.6000000238
27221  -31.371  -44.518  13.534 0.5000000000
23750  -28.938  -48.766  20.614 0.6999999881
18209  -25.176  -56.356  24.608 0.6000000238
22260  -28.880  -51.796  21.859 0.8000000119
27930  -33.503  -43.392  14.428 0.4000000060
19005  -23.299  -55.738  24.577 0.6000000238
19021  -22.552  -55.750  24.075 0.6000000238
97049  -29.961  -49.937  23.507 0.6999999881
17463  -20.494  -57.329  22.415 0.5000000000
106400  -28.975  -50.984  25.337 0.6999999881
19793  -22.528  -54.767  23.699 0.6000000238
24504  -30.263  -48.503  23.677 0.8000000119
105499  -31.107  -45.568  21.316 0.8000000119
28665  -32.006  -42.894  14.192 0.6000000238
101281  -29.430  -49.763  25.517 0.6999999881
21412  -23.627  -52.771  23.857 0.6000000238
96850  -31.768  -42.146  14.457 0.6000000238
112616  -33.898  -41.257  14.424 0.4000000060
19823  -20.700  -53.841  20.627 0.3000000119
20599  -22.650  -53.956  23.447 0.5000000000
19803  -21.527  -54.785  22.377 0.5000000000
19813  -20.422  -54.706  20.933 0.4000000060
27173  -30.772  -44.088  21.052 0.8999999762
105150  -26.656  -50.600  25.730 0.6000000238
22990  -27.146  -50.077  26.059 0.6000000238
24461  -29.338  -48.405  26.522 0.8000000119
20607  -21.723  -53.927  22.135 0.4000000060
20617  -22.032  -53.100  21.818 0.5000000000
101870  -22.627  -52.701  22.376 0.5000000000
106253  -30.901  -41.265  14.467 0.6999999881
31068  -32.230  -39.210  13.715 0.6000000238
31811  -33.627  -38.805  13.096 0.4000000060
23004  -25.753  -50.325  25.401 0.6000000238
111040  -22.702  -51.477  21.196 0.5000000000
22248  -24.333  -51.243  23.624 0.5000000000
22258  -23.499  -51.385  22.404 0.5000000000
23748  -23.818  -47.585  20.416 0.5000000000
107628  -24.458  -48.700  22.632 0.6000000238
23749  -24.334  -47.908  21.485 0.6000000238
23050  -23.285  -49.631  20.353 0.5000000000
23022  -24.599  -50.510  23.907 0.5000000000
24501  -22.959  -47.535  22.099 0.6000000238
24512  -22.889  -47.531  20.797 0.6000000238
23041  -23.796  -50.340  22.043 0.5000000000
23714  -24.788  -49.663  24.188 0.5000000000
27111  -31.293  -44.752  25.306 0.6999999881
25873  -24.296  -46.094  22.805 0.5000000000
24502  -24.550  -47.619  22.565 0.6000000238
101902  -24.630  -48.724  23.517 0.6000000238
25847  -24.613  -45.643  25.055 0.5000000000
106613  -24.631  -45.038  25.452 0.5000000000
97233  -30.832  -42.316  22.065 0.6999999881
28653  -26.987  -42.794  16.952 0.8000000119
32630  -31.190  -37.739  12.140 0.6999999881
111569  -27.501  -46.630  27.484 0.6999999881
25833  -25.669  -46.763  26.393 0.6999999881
25834  -26.228  -46.390  27.041 0.6999999881
102207  -32.147  -42.679  25.398 0.6999999881
31065  -29.319  -39.315  13.201 0.8000000119
26473  -26.189  -45.437  27.197 0.6000000238
27092  -26.081  -44.537  27.299 0.6000000238
27081  -27.864  -44.684  27.758 0.6999999881
100620  -23.673  -42.356  26.525 0.3000000119
29372  -31.756  -41.741  22.272 0.6999999881
29362  -32.543  -41.204  23.763 0.6999999881
28547  -24.375  -42.113  26.883 0.3000000119
31063  -27.302  -39.305  13.707 0.8999999762
31806  -28.541  -38.381  12.912 0.8000000119
32628  -29.578  -37.522  11.988 0.6000000238
103017  -27.436  -43.994  27.723 0.6999999881
104367  -25.970  -42.078  27.476 0.4000000060
30185  -32.331  -40.420  20.692 0.6999999881
31805  -26.895  -38.646  13.904 0.8000000119
32627  -28.728  -37.214  11.958 0.8000000119
28549  -31.562  -42.321  26.880 0.6999999881
29337  -32.376  -40.908  25.386 0.6999999881
30940  -25.651  -39.397  26.065 0.3000000119
30173  -32.653  -40.392  21.520 0.6999999881
30159  -32.854  -39.972  22.915 0.6999999881
31005  -33.286  -39.173  20.416 0.6999999881
31041  -31.002  -39.073  16.897 0.8000000119
29329  -31.619  -41.474  26.862 0.6999999881
30122  -32.186  -40.351  26.081 0.6999999881
30925  -28.576  -39.341  26.618 0.5000000000
32485  -29.071  -37.691  25.028 0.3000000119
106880  -33.001  -38.882  23.717 0.6999999881
33282  -28.938  -36.401  23.258 0.3000000119
34239  -29.657  -34.477  10.367 0.6999999881
32486  -29.950  -37.745  25.321 0.6000000238
32487  -31.055  -38.019  25.440 0.6000000238
31725  -32.772  -38.306  24.022 0.6999999881
30969  -33.410  -38.520  22.421 0.6999999881
34196  -33.258  -35.785  14.351 0.8000000119
34214  -32.558  -35.274  12.901 0.8000000119
35819  -29.496  -33.123  9.396 0.6000000238
33273  -31.932  -36.920  24.082 0.5000000000
33286  -32.917  -37.090  23.122 0.5000000000
34145  -29.161  -35.065  21.998 0.3000000119
34130  -30.255  -35.218  22.771 0.3000000119
34133  -33.337  -35.938  22.168 0.5000000000
114773  -29.129  -31.807  9.111 0.6999999881
34131  -31.239  -35.204  22.903 0.3000000119
34911  -29.927  -34.742  22.273 0.3000000119
34913  -32.196  -35.042  22.627 0.3000000119
35714  -30.783  -33.455  21.272 0.3000000119
34171  -34.399  -35.643  18.696 0.6000000238
36669  -30.656  -32.701  10.228 0.6999999881
100313  -34.551  -34.926  19.033 0.6000000238
35786  -34.655  -33.926  13.347 0.6000000238
36670  -32.040  -32.441  10.355 0.6999999881
36689  -29.769  -31.778  8.461 0.5000000000
112769  -32.986  -32.394  10.668 0.6000000238
36584  -33.289  -32.870  20.493 0.4000000060
99876  -31.070  -32.040  19.564 0.4000000060
37552  -29.928  -31.656  18.969 0.3000000119
37567  -28.943  -31.324  18.008 0.3000000119
35771  -36.042  -33.423  15.997 0.5000000000
36636  -35.818  -33.297  14.458 0.5000000000
35759  -35.223  -33.456  17.559 0.4000000060
37586  -30.920  -31.151  17.616 0.4000000060
35772  -36.226  -32.824  15.202 0.5000000000
36628  -36.386  -32.023  15.473 0.4000000060
41161  -31.059  -28.182  15.866 0.4000000060
40372  -35.292  -29.428  11.657 0.5000000000
105594  -35.198  -25.601  11.142 0.4000000060
111415  -36.664  -22.816  10.620 0.4000000060
43833  -36.646  -24.219  12.777 0.4000000060
44667  -36.797  -21.890  10.595 0.3000000119
20654  -24.144  -53.254  16.595 0.5000000000
20662  -25.676  -52.727  15.847 0.5000000000
18283  -21.974  -56.167  17.113 0.4000000060
19847  -22.575  -54.328  17.287 0.5000000000
19856  -22.489  -54.420  16.784 0.5000000000
20653  -23.352  -53.378  16.698 0.5000000000
20660  -24.357  -52.609  16.651 0.6000000238
22312  -25.623  -51.706  16.118 0.6000000238
19838  -22.674  -54.946  18.036 0.5000000000
19060  -23.402  -55.287  19.213 0.5000000000
19848  -23.008  -53.711  17.636 0.5000000000
20649  -24.198  -52.833  17.882 0.5000000000
18269  -23.376  -56.161  19.643 0.5000000000
21458  -24.713  -52.193  17.266 0.6000000238
22298  -25.662  -51.577  17.150 0.6000000238
22297  -25.196  -51.876  16.570 0.6000000238
22305  -26.046  -51.378  16.559 0.6000000238
23082  -28.107  -50.639  17.644 0.6000000238
103469  -26.518  -51.258  17.201 0.6000000238
22308  -28.470  -51.109  17.322 0.6000000238
22300  -29.449  -50.845  18.305 0.6000000238
23083  -28.758  -50.516  17.950 0.6000000238
19824  -24.344  -54.907  19.833 0.5000000000
20638  -23.795  -53.449  18.442 0.5000000000
19047  -24.218  -55.747  20.265 0.5000000000
112456  -25.732  -52.041  17.934 0.6000000238
17486  -23.887  -57.526  21.035 0.5000000000
18254  -24.065  -56.609  20.695 0.5000000000
22299  -27.303  -50.958  17.769 0.6000000238
23075  -27.706  -50.691  17.693 0.6000000238
22291  -30.488  -51.235  19.877 0.6000000238
19840  -24.523  -54.067  19.506 0.5000000000
20639  -25.024  -53.339  19.222 0.5000000000
19048  -25.063  -55.423  20.704 0.5000000000
19825  -25.228  -54.665  20.324 0.5000000000
20626  -25.419  -54.087  19.983 0.5000000000
21449  -25.288  -52.572  18.444 0.6000000238
17477  -24.685  -57.177  21.742 0.5000000000
18255  -24.874  -56.222  21.179 0.5000000000
21459  -26.681  -51.617  18.007 0.6000000238
17476  -24.258  -58.076  21.920 0.5000000000
22290  -29.812  -50.530  19.044 0.6000000238
23077  -29.132  -49.984  18.510 0.6000000238
19049  -25.854  -55.142  21.083 0.5000000000
20628  -27.201  -53.444  20.327 0.5000000000
20627  -26.177  -53.826  20.093 0.6000000238
19039  -25.622  -55.836  21.569 0.5000000000
20640  -26.229  -53.106  19.436 0.6000000238
20641  -27.010  -52.758  19.591 0.6000000238
16716  -24.194  -58.372  22.633 0.5000000000
23076  -28.384  -50.051  18.358 0.6000000238
23070  -29.493  -49.691  19.216 0.6000000238
19040  -26.382  -55.539  21.896 0.5000000000
19815  -26.656  -54.896  21.406 0.5000000000
19827  -26.971  -54.273  20.874 0.5000000000
21428  -28.040  -53.130  20.958 0.6000000238
17466  -25.250  -57.300  22.766 0.5000000000
17449  -25.332  -57.095  23.490 0.6000000238
19805  -27.084  -55.203  22.258 0.6000000238
19816  -27.445  -54.586  21.764 0.5000000000
20618  -27.709  -53.877  21.321 0.5000000000
18238  -25.796  -56.774  23.000 0.6000000238
19031  -26.621  -55.684  22.817 0.6000000238
17438  -24.284  -57.323  24.280 0.5000000000
18224  -24.984  -57.002  24.181 0.5000000000
18225  -25.593  -56.585  23.844 0.6000000238
18226  -26.159  -56.168  23.369 0.6000000238
19806  -27.634  -54.698  22.733 0.6000000238
20609  -28.049  -54.111  22.236 0.5000000000
20619  -28.231  -53.484  21.754 0.6000000238
21437  -28.487  -51.686  20.922 0.6000000238
20610  -28.495  -53.405  22.659 0.6999999881
107501  -31.950  -40.445  14.473 0.5000000000
35020  -30.076  -34.405  9.615 0.5000000000
44654  -37.056  -22.870  11.285 0.4000000060
45560  -37.299  -21.692  11.371 0.3000000119
46500  -37.512  -20.858  11.801 0.3000000119
103987  -37.748  -20.137  12.141 0.3000000119
18294  -22.204  -56.669  17.415 0.4000000060
19084  -22.406  -54.794  17.043 0.5000000000
19857  -22.734  -54.087  16.695 0.5000000000
21475  -26.762  -51.807  15.488 0.5000000000
19059  -22.525  -55.818  18.200 0.4000000060
21469  -25.901  -51.978  15.734 0.6000000238
101474  -26.697  -51.205  16.362 0.6000000238
22314  -27.084  -51.364  15.835 0.5000000000
101185  -29.042  -51.809  17.295 0.5000000000
18267  -22.355  -57.002  18.348 0.4000000060
18253  -23.282  -57.035  20.054 0.5000000000
102492  -23.135  -57.906  20.424 0.5000000000
17475  -23.672  -58.424  21.308 0.3000000119
15971  -23.357  -59.362  22.397 0.4000000060
15970  -22.520  -59.906  22.701 0.4000000060
29453  -33.240  -41.520  14.558 0.4000000060
30249  -33.612  -40.642  14.293 0.4000000060
30248  -32.603  -40.865  14.554 0.4000000060
31692  -29.246  -38.217  25.695 0.4000000060
34241  -30.543  -35.053  9.745 0.5000000000
35027  -31.214  -33.725  8.839 0.5000000000
35827  -30.466  -33.279  8.769 0.5000000000
34146  -33.555  -35.360  21.630 0.4000000060
18282  -22.223  -56.808  17.414 0.4000000060
21450  -26.412  -52.385  18.796 0.6000000238
16687  -22.947  -58.142  24.202 0.5000000000
16700  -24.118  -58.135  23.435 0.5000000000
17448  -24.732  -57.541  23.573 0.6000000238
35021  -31.462  -34.511  9.219 0.5000000000
16715  -23.913  -58.805  22.120 0.4000000060
20661  -24.812  -52.833  16.337 0.6000000238
18295  -22.170  -55.815  17.265 0.4000000060
20647  -22.751  -53.853  16.753 0.5000000000
21457  -23.865  -52.804  17.044 0.6000000238
19839  -23.397  -54.320  18.667 0.5000000000
18268  -22.655  -56.646  18.959 0.5000000000
19826  -26.056  -54.485  20.639 0.5000000000
18246  -25.427  -56.591  22.117 0.5000000000
19030  -26.089  -56.158  22.439 0.5000000000
17498  -22.550  -57.531  19.275 0.4000000060
22316  -28.471  -51.652  16.468 0.4000000060
21460  -29.555  -51.795  18.052 0.4000000060
22287  -21.657  -50.115  19.107 0.4000000060
22275  -22.137  -50.616  19.763 0.3000000119
21435  -22.092  -51.574  20.474 0.4000000060
20616  -21.384  -53.474  21.243 0.4000000060
23770  -21.898  -49.086  18.746 0.4000000060
23058  -22.476  -49.676  19.596 0.4000000060
23040  -22.062  -50.172  22.721 0.4000000060
23747  -22.397  -48.400  20.846 0.4000000060
24531  -21.833  -48.307  19.343 0.4000000060
24533  -23.322  -47.454  19.915 0.4000000060
23021  -21.734  -50.682  24.687 0.3000000119
23032  -22.144  -50.379  23.777 0.3000000119
103524  -22.020  -49.995  24.439 0.4000000060
23033  -22.283  -49.524  22.977 0.5000000000
102873  -21.909  -49.149  24.515 0.4000000060
23713  -22.298  -48.773  23.844 0.4000000060
23730  -22.452  -48.702  23.118 0.5000000000
34132  -32.653  -35.726  22.735 0.3000000119
105745  -32.018  -35.563  23.132 0.3000000119
38583  -35.196  -30.381  11.729 0.4000000060
36583  -32.373  -32.725  20.526 0.3000000119
38572  -35.790  -30.476  12.358 0.4000000060
36596  -31.844  -32.223  19.886 0.3000000119
37629  -36.144  -30.902  12.782 0.4000000060
38573  -36.338  -30.125  12.813 0.3000000119
39489  -35.826  -29.775  12.259 0.4000000060
41202  -35.205  -27.202  11.860 0.3000000119
37555  -32.557  -31.732  19.336 0.3000000119
37554  -31.614  -31.663  19.160 0.3000000119
37572  -33.237  -31.395  18.631 0.3000000119
111944  -34.506  -32.271  18.201 0.3000000119
37571  -32.174  -31.325  18.527 0.3000000119
37588  -33.559  -30.975  17.759 0.3000000119
102959  -34.940  -31.960  17.599 0.3000000119
36621  -35.864  -32.724  16.466 0.3000000119
102051  -31.707  -31.022  17.732 0.3000000119
109644  -31.309  -30.811  17.124 0.3000000119
38530  -31.294  -30.448  16.392 0.3000000119
38512  -30.657  -30.849  16.926 0.3000000119
39453  -30.848  -30.076  15.736 0.3000000119
37600  -36.515  -31.341  15.016 0.3000000119
38558  -36.550  -30.641  14.620 0.3000000119
100121  -36.587  -29.874  14.341 0.3000000119
40334  -29.562  -28.232  15.331 0.3000000119
38564  -36.525  -30.588  13.621 0.3000000119
106648  -28.625  -26.795  14.788 0.3000000119
37573  -34.127  -31.608  18.104 0.3000000119
37587  -32.634  -30.908  17.845 0.3000000119
37590  -35.089  -31.319  16.961 0.3000000119
98916  -35.509  -32.000  16.799 0.3000000119
36622  -36.088  -31.996  16.152 0.3000000119
38514  -33.054  -30.527  17.192 0.3000000119
38515  -33.940  -30.642  17.073 0.3000000119
37596  -35.675  -31.297  16.385 0.3000000119
37597  -36.206  -31.199  15.725 0.3000000119
38513  -32.093  -30.574  17.000 0.3000000119
38531  -32.713  -30.128  16.623 0.3000000119
38532  -33.536  -30.130  16.692 0.3000000119
111081  -32.030  -30.176  16.352 0.3000000119
105931  -36.413  -30.694  15.242 0.3000000119
38548  -36.452  -30.010  15.114 0.3000000119
40336  -31.120  -29.219  15.744 0.3000000119
103798  -36.555  -29.192  14.146 0.3000000119
41160  -30.376  -27.729  15.670 0.3000000119
105819  -30.470  -26.912  15.719 0.3000000119
42050  -30.960  -26.291  15.950 0.3000000119
39487  -36.532  -29.625  13.508 0.3000000119
42049  -30.138  -26.285  15.521 0.3000000119
40356  -36.361  -28.731  13.510 0.3000000119
41187  -35.534  -27.187  12.673 0.3000000119
42077  -35.351  -26.414  12.209 0.3000000119
37589  -34.429  -31.192  17.441 0.3000000119
38516  -34.636  -30.812  16.929 0.3000000119
38534  -35.217  -30.571  16.566 0.3000000119
39455  -32.402  -29.513  16.298 0.3000000119
38533  -34.409  -30.266  16.692 0.3000000119
114200  -35.806  -30.669  16.093 0.3000000119
39454  -31.628  -29.851  15.964 0.3000000119
102265  -31.844  -29.184  16.034 0.3000000119
39479  -36.458  -29.245  14.870 0.3000000119
41149  -31.804  -27.624  16.251 0.3000000119
40346  -36.342  -28.582  14.467 0.3000000119
112979  -31.569  -26.737  16.248 0.3000000119
42979  -31.204  -25.534  15.890 0.3000000119
41179  -36.020  -27.937  14.007 0.3000000119
40355  -35.926  -27.956  13.098 0.3000000119
97484  -34.995  -29.705  16.524 0.3000000119
96494  -33.021  -28.901  16.393 0.3000000119
99727  -33.801  -28.818  16.429 0.3000000119
103584  -34.746  -28.860  16.467 0.3000000119
39459  -35.649  -29.954  16.117 0.3000000119
38535  -36.135  -30.313  15.647 0.3000000119
40325  -32.384  -28.493  16.283 0.3000000119
39458  -35.511  -29.085  16.227 0.3000000119
39469  -36.107  -29.371  15.629 0.3000000119
41150  -32.722  -27.507  16.407 0.3000000119
40326  -33.297  -28.136  16.419 0.3000000119
42969  -31.838  -25.899  16.336 0.3000000119
42970  -32.493  -25.133  16.388 0.3000000119
41171  -36.057  -27.873  14.857 0.3000000119
42980  -31.686  -25.010  16.033 0.3000000119
107711  -35.788  -27.325  14.394 0.3000000119
41178  -35.674  -27.190  13.613 0.3000000119
42069  -35.480  -26.257  13.186 0.3000000119
43002  -35.530  -25.603  12.431 0.3000000119
40328  -35.320  -28.228  16.229 0.3000000119
39468  -35.810  -28.593  15.812 0.3000000119
41151  -33.572  -27.278  16.471 0.3000000119
40327  -34.359  -27.904  16.435 0.3000000119
42041  -32.298  -26.752  16.410 0.3000000119
95811  -32.892  -26.002  16.520 0.3000000119
43804  -31.504  -24.315  15.567 0.3000000119
42971  -33.378  -25.197  16.457 0.3000000119
42062  -35.596  -26.503  14.275 0.3000000119
105977  -35.698  -25.308  13.212 0.3000000119
41152  -34.407  -26.929  16.395 0.3000000119
41153  -35.173  -27.353  16.169 0.3000000119
42043  -33.665  -26.485  16.491 0.3000000119
41162  -35.006  -26.639  16.123 0.3000000119
41163  -35.422  -26.878  15.654 0.3000000119
43789  -32.242  -24.364  15.999 0.3000000119
114338  -33.715  -25.824  16.470 0.3000000119
42052  -35.442  -26.271  15.107 0.3000000119
43790  -33.075  -24.427  16.311 0.3000000119
42044  -34.464  -26.106  16.285 0.3000000119
101351  -35.662  -25.738  13.868 0.3000000119
42997  -36.165  -24.681  13.272 0.3000000119
44612  -32.023  -23.649  15.503 0.3000000119
42051  -35.143  -26.117  15.790 0.3000000119
44594  -32.819  -23.741  15.865 0.3000000119
43791  -33.960  -24.534  16.318 0.3000000119
42981  -34.899  -25.531  16.029 0.3000000119
42990  -35.568  -25.597  14.521 0.3000000119
43817  -35.777  -24.698  14.693 0.3000000119
43818  -36.452  -24.084  14.283 0.3000000119
44628  -37.005  -23.511  13.887 0.3000000119
43826  -36.611  -24.168  13.631 0.3000000119
44627  -31.840  -22.944  14.885 0.3000000119
44613  -32.650  -23.066  15.360 0.3000000119
44614  -33.330  -23.240  15.658 0.3000000119
44615  -34.523  -23.877  16.086 0.3000000119
43805  -34.901  -24.726  16.005 0.3000000119
42982  -35.339  -25.364  15.360 0.3000000119
106280  -34.931  -23.339  15.734 0.3000000119
108815  -35.501  -24.521  15.367 0.3000000119
44617  -36.282  -23.062  15.047 0.3000000119
43807  -36.027  -23.860  15.026 0.3000000119
110110  -36.701  -23.292  14.500 0.3000000119
44637  -37.038  -23.710  13.291 0.3000000119
44643  -37.378  -22.901  12.170 0.3000000119
107327  -37.174  -23.561  12.688 0.3000000119
45528  -32.602  -22.401  14.783 0.3000000119
45512  -33.378  -22.526  15.248 0.3000000119
45513  -34.137  -23.077  15.732 0.3000000119
43806  -35.317  -23.936  15.682 0.3000000119
44616  -35.623  -23.211  15.430 0.3000000119
44638  -37.416  -22.966  13.223 0.3000000119
99183  -30.747  -52.021  19.783 0.4000000060
22233  -21.745  -51.305  24.052 0.3000000119
25233  -23.218  -47.354  20.012 0.4000000060
23761  -23.426  -48.244  19.841 0.4000000060
31675  -28.672  -38.613  26.061 0.3000000119
34914  -33.018  -35.131  22.262 0.3000000119
39467  -30.333  -29.667  15.402 0.3000000119
22256  -21.781  -50.966  22.988 0.4000000060
23048  -21.395  -50.326  21.666 0.4000000060
23049  -21.470  -49.551  20.574 0.4000000060
107233  -21.894  -48.611  20.127 0.4000000060
23020  -21.157  -50.800  25.291 0.3000000119
23729  -22.272  -49.526  23.853 0.4000000060
42978  -30.557  -25.553  15.558 0.3000000119
42977  -29.800  -25.557  15.219 0.3000000119
39456  -33.247  -29.527  16.481 0.3000000119
39457  -34.115  -29.585  16.512 0.3000000119
40338  -36.187  -28.554  15.257 0.3000000119
41170  -35.747  -27.106  15.036 0.3000000119
105786  -31.010  -24.913  15.577 0.3000000119
42042  -33.025  -26.802  16.488 0.3000000119
40337  -35.729  -27.791  15.592 0.3000000119
42972  -34.224  -25.318  16.316 0.3000000119
43825  -36.048  -24.906  13.963 0.3000000119
44595  -33.647  -23.791  16.110 0.3000000119
45514  -34.953  -22.537  15.530 0.3000000119
22246  -21.372  -51.864  23.153 0.4000000060
28666  -33.420  -42.406  14.531 0.4000000060
15254  -19.036  -60.192  22.235 0.3000000119
15237  -19.707  -60.595  22.839 0.3000000119
15988  -18.492  -59.749  21.088 0.3000000119
15229  -20.316  -60.240  23.210 0.3000000119
23712  -21.442  -49.949  25.036 0.3000000119
23056  -20.662  -49.942  19.236 0.3000000119
112935  -20.824  -50.745  21.218 0.3000000119
23057  -21.365  -49.341  19.847 0.3000000119
23737  -22.085  -49.352  21.574 0.3000000119
23067  -21.314  -49.685  18.963 0.3000000119
23769  -21.978  -48.771  19.377 0.3000000119
22255  -20.882  -51.287  21.933 0.3000000119
98186  -20.801  -50.214  20.385 0.3000000119
15238  -20.471  -60.904  22.993 0.4000000060
15989  -19.168  -59.191  21.919 0.3000000119
17447  -23.617  -57.763  24.166 0.5000000000
17465  -24.646  -57.856  22.697 0.5000000000
18991  -25.033  -55.125  25.215 0.6000000238
19022  -25.846  -55.951  24.253 0.6000000238
19072  -22.250  -55.153  16.965 0.4000000060
19858  -23.692  -53.796  16.629 0.5000000000
20601  -27.972  -53.991  24.083 0.6999999881
20648  -23.332  -53.245  17.278 0.5000000000
21382  -26.322  -51.979  25.388 0.6000000238
21384  -28.183  -52.083  25.144 0.6999999881
21468  -25.198  -52.205  16.160 0.6000000238
22306  -26.931  -51.045  17.009 0.6000000238
22307  -27.581  -51.121  16.733 0.6000000238
22313  -26.257  -51.445  15.928 0.6000000238
22315  -27.894  -51.638  15.753 0.4000000060
22320  -27.480  -51.792  15.451 0.5000000000
23053  -33.293  -49.947  20.921 0.6999999881
23060  -30.788  -49.830  20.475 0.6999999881
23682  -27.504  -49.500  26.373 0.8000000119
23759  -21.569  -49.456  19.194 0.3000000119
23760  -21.913  -48.765  19.419 0.3000000119
23762  -28.929  -48.628  20.141 0.6999999881
23763  -30.347  -48.778  20.341 0.6999999881
23771  -22.670  -48.126  19.539 0.4000000060
24442  -26.805  -47.651  27.209 0.8000000119
24460  -28.629  -48.714  26.617 0.8000000119
24518  -22.556  -47.843  19.999 0.4000000060
24532  -22.691  -48.082  19.553 0.4000000060
24537  -33.444  -48.525  20.766 0.6999999881
24543  -22.272  -48.446  19.452 0.4000000060
25171  -30.136  -47.526  26.141 0.8000000119
25234  -23.648  -47.179  20.354 0.6000000238
25251  -34.045  -47.896  20.005 0.6999999881
25274  -31.912  -47.099  13.837 0.5000000000
25860  -30.475  -46.732  24.633 0.8000000119
25927  -32.838  -46.508  16.053 0.6999999881
25949  -31.497  -46.534  13.726 0.6000000238
25950  -31.966  -46.753  13.611 0.5000000000
26554  -32.655  -45.605  20.444 0.6999999881
26589  -31.008  -46.259  14.092 0.6999999881
27094  -31.500  -43.804  26.171 0.6999999881
27190  -33.217  -44.928  18.838 0.8000000119
27201  -32.016  -44.993  16.680 0.8000000119
27921  -28.297  -44.323  15.000 0.8000000119
27924  -25.811  -43.340  15.388 0.8000000119
28542  -30.354  -43.015  27.542 0.6999999881
28634  -28.126  -42.147  18.488 0.8000000119
28650  -25.582  -42.531  15.694 0.8999999762
28651  -25.649  -42.903  15.991 1.0000000000
28652  -26.227  -42.826  16.430 0.8000000119
28658  -25.586  -43.039  15.515 0.8999999762
29373  -32.206  -41.598  22.973 0.6999999881
29446  -25.815  -42.053  14.945 0.8999999762
29447  -26.143  -41.791  14.675 0.8999999762
29451  -31.662  -41.260  14.572 0.6000000238
29460  -28.862  -40.851  13.831 0.8999999762
30105  -24.341  -40.802  26.648 0.3000000119
30236  -26.508  -40.285  15.419 0.8000000119
30255  -26.563  -39.954  14.492 0.8000000119
31790  -27.035  -38.701  14.540 0.8000000119
32608  -27.453  -37.928  13.808 0.8000000119
32629  -30.468  -37.757  12.203 0.6000000238
33418  -29.265  -35.626  11.305 0.6999999881
33421  -31.645  -36.396  10.482 0.6000000238
35787  -35.313  -33.652  13.854 0.6000000238
35826  -29.525  -32.994  8.893 0.6000000238
36637  -36.216  -32.663  14.369 0.5000000000
36678  -28.993  -32.124  9.041 0.6999999881
96676  -34.592  -50.249  19.806 0.6000000238
98412  -29.091  -51.175  17.768 0.6000000238
99758  -24.589  -55.945  25.047 0.6000000238
100104  -26.571  -42.580  27.590 0.6000000238
100529  -33.958  -26.495  10.289 0.5000000000
102624  -22.364  -56.413  18.078 0.4000000060
105231  -27.936  -46.043  27.616 0.6999999881
108020  -29.421  -29.843  8.209 0.5000000000
108438  -30.635  -45.440  13.675 0.6999999881
110154  -30.029  -48.488  25.376 0.6999999881
110182  -32.996  -37.976  17.813 0.8000000119
110262  -29.140  -51.155  21.956 0.8000000119
111818  -25.796  -41.765  15.418 0.8000000119
111898  -22.996  -48.942  19.566 0.4000000060
112634  -24.196  -57.708  23.891 0.5000000000
113367  -29.089  -41.896  19.958 0.8000000119
114119  -34.458  -34.414  13.659 0.6000000238
114878  -31.246  -46.404  13.810 0.6000000238
