#!ascii label  , from subject sub-v1s7x0051325_ses-1 vox2ras=TkReg
538
14644  -31.165  -61.653  19.303 0.6999999881
103756  -30.689  -60.997  17.860 0.6000000238
14667  -30.493  -61.633  17.157 0.6000000238
107156  -29.609  -62.068  15.748 0.4000000060
99496  -26.278  -59.937  21.498 0.6999999881
16742  -26.064  -58.609  20.651 0.6999999881
15256  -26.934  -59.855  22.024 0.6999999881
16730  -26.869  -58.239  21.253 0.6000000238
15972  -27.755  -59.696  22.378 0.6999999881
16731  -27.566  -58.490  21.657 0.6000000238
15973  -28.644  -59.572  22.402 0.6000000238
114290  -28.143  -58.456  21.749 0.6000000238
106825  -29.875  -59.269  21.402 0.6000000238
16733  -29.265  -58.549  21.326 0.6000000238
17502  -29.252  -57.499  19.687 0.5000000000
16744  -29.925  -58.797  19.792 0.5000000000
16753  -29.681  -58.189  19.220 0.5000000000
16765  -30.114  -58.901  18.767 0.6000000238
15286  -30.752  -60.226  19.116 0.6000000238
16028  -30.497  -59.727  18.310 0.6000000238
16038  -30.228  -59.853  17.178 0.6000000238
16043  -29.516  -60.118  16.290 0.6000000238
16741  -25.943  -57.987  20.005 0.6000000238
17500  -26.229  -57.261  19.825 0.6000000238
17478  -26.728  -57.602  20.678 0.6000000238
17487  -27.573  -56.965  20.734 0.6000000238
18258  -28.076  -56.493  20.400 0.6000000238
17488  -28.283  -57.278  20.957 0.6000000238
97128  -28.983  -57.609  20.566 0.6000000238
18274  -28.990  -56.744  19.214 0.6000000238
17513  -29.430  -57.534  18.595 0.6000000238
17522  -29.519  -57.684  17.458 0.6999999881
16764  -29.753  -58.324  18.151 0.6000000238
16774  -29.752  -58.455  17.055 0.6000000238
15313  -29.387  -60.894  15.968 0.5000000000
102662  -29.333  -61.033  15.386 0.5000000000
16752  -25.396  -58.636  19.487 0.6000000238
17499  -25.437  -57.716  19.242 0.6000000238
18271  -26.619  -56.349  19.617 0.6000000238
18272  -27.307  -55.861  19.718 0.6000000238
19050  -27.887  -55.885  19.890 0.6000000238
19063  -27.491  -55.388  19.314 0.6000000238
19064  -28.073  -55.503  19.295 0.6000000238
18286  -28.648  -55.930  18.792 0.6000000238
17501  -28.651  -56.901  20.208 0.6000000238
18297  -28.656  -55.687  17.448 0.6000000238
18287  -29.145  -56.734  17.825 0.6999999881
16037  -29.726  -59.270  16.650 0.6000000238
16042  -29.321  -59.514  15.892 0.6000000238
14678  -29.518  -61.282  14.992 0.4000000060
16763  -24.809  -58.127  18.417 0.6000000238
18270  -25.601  -56.837  19.063 0.6000000238
19062  -26.768  -55.463  19.242 0.6000000238
19851  -26.885  -54.391  18.263 0.5000000000
19076  -27.583  -54.870  18.616 0.6000000238
18308  -29.534  -56.327  15.543 0.6000000238
100117  -29.367  -57.145  16.769 0.6000000238
102292  -29.408  -57.847  16.426 0.6000000238
98857  -29.352  -57.984  15.795 0.6000000238
102512  -29.577  -58.114  15.393 0.6000000238
16793  -30.672  -58.603  14.784 0.6000000238
16050  -29.395  -59.635  15.305 0.6000000238
16060  -31.057  -59.916  14.896 0.4000000060
16059  -30.104  -59.791  14.565 0.5000000000
17511  -24.030  -57.616  17.517 0.5000000000
18284  -24.065  -56.675  17.523 0.6000000238
18285  -24.950  -56.506  18.239 0.6000000238
19074  -25.234  -54.935  17.760 0.6000000238
19061  -25.742  -55.826  18.647 0.5000000000
19850  -26.167  -54.429  18.099 0.5000000000
19852  -27.295  -54.193  17.544 0.6000000238
19867  -28.013  -53.658  15.562 0.6000000238
19868  -28.314  -54.416  15.854 0.6999999881
19091  -28.875  -55.177  15.664 0.6999999881
100918  -28.827  -55.682  16.280 0.6999999881
112342  -30.550  -55.245  15.736 0.6000000238
18303  -29.211  -55.987  15.748 0.6999999881
97005  -29.781  -55.817  15.319 0.6000000238
18310  -30.288  -56.304  15.358 0.6000000238
18309  -29.865  -56.724  15.324 0.6000000238
17541  -30.347  -57.094  15.190 0.6000000238
17534  -31.087  -57.278  15.321 0.6000000238
99119  -30.643  -59.278  14.716 0.5000000000
16051  -31.517  -59.135  15.137 0.4000000060
17521  -23.038  -56.968  17.243 0.6000000238
18296  -23.091  -55.753  17.167 0.6000000238
19073  -24.437  -55.736  17.593 0.5000000000
19849  -24.799  -54.143  16.851 0.5000000000
19859  -26.219  -53.897  17.195 0.6000000238
20662  -25.676  -52.727  15.847 0.5000000000
114611  -26.811  -53.799  16.816 0.6000000238
20656  -26.218  -53.353  16.172 0.5000000000
19860  -27.365  -53.785  16.227 0.5000000000
20673  -29.262  -53.628  15.287 0.5000000000
19872  -28.824  -54.467  15.401 0.6000000238
95739  -30.011  -53.783  15.896 0.5000000000
20665  -29.732  -54.020  15.329 0.5000000000
19873  -29.453  -54.385  15.248 0.6000000238
19862  -30.438  -54.374  16.756 0.4000000060
19874  -29.937  -54.709  15.262 0.6999999881
19863  -30.968  -54.924  17.447 0.4000000060
19087  -31.156  -55.594  16.892 0.5000000000
19099  -30.574  -55.892  15.605 0.6000000238
18299  -31.828  -56.250  17.828 0.5000000000
95030  -31.502  -56.316  16.849 0.6000000238
18288  -32.409  -56.523  18.648 0.5000000000
17528  -31.594  -57.068  15.848 0.6000000238
16786  -32.151  -58.662  15.755 0.5000000000
18304  -31.592  -56.687  16.283 0.6000000238
17529  -32.025  -57.365  16.491 0.6000000238
16785  -31.329  -58.163  15.182 0.6000000238
18295  -22.170  -55.815  17.265 0.5000000000
19085  -23.537  -54.692  16.827 0.5000000000
19858  -23.692  -53.796  16.629 0.5000000000
20655  -24.901  -53.394  16.292 0.4000000060
20670  -26.661  -52.451  15.468 0.4000000060
20671  -27.633  -52.946  15.337 0.5000000000
21478  -28.714  -52.955  15.333 0.5000000000
20629  -31.904  -54.004  20.025 0.4000000060
102854  -30.202  -53.740  17.313 0.4000000060
19842  -31.340  -54.245  19.177 0.4000000060
98409  -31.314  -54.808  18.438 0.5000000000
19078  -31.529  -55.453  18.150 0.5000000000
19065  -31.864  -55.099  19.313 0.5000000000
19079  -32.156  -55.947  18.932 0.5000000000
16766  -33.694  -58.042  18.225 0.5000000000
108574  -32.543  -58.359  16.829 0.5000000000
17523  -32.588  -57.375  17.978 0.6000000238
21477  -28.092  -52.250  15.349 0.4000000060
98930  -29.130  -52.437  16.473 0.5000000000
110543  -30.008  -53.134  17.734 0.5000000000
112125  -31.885  -54.539  19.742 0.4000000060
19066  -32.600  -55.613  19.758 0.5000000000
17515  -34.154  -57.582  18.722 0.5000000000
16775  -33.586  -58.614  17.653 0.3000000119
19051  -33.092  -55.292  20.250 0.5000000000
18275  -32.846  -56.423  19.343 0.5000000000
17514  -33.296  -57.557  18.506 0.5000000000
21461  -30.083  -52.564  18.372 0.4000000060
20643  -31.288  -53.366  19.630 0.4000000060
20642  -30.633  -52.658  19.308 0.4000000060
21440  -32.721  -52.995  20.727 0.4000000060
95074  -31.986  -53.195  20.348 0.4000000060
20631  -33.211  -53.548  20.666 0.4000000060
21442  -34.306  -52.741  20.434 0.4000000060
19829  -33.281  -54.401  20.504 0.5000000000
18290  -34.820  -57.189  18.842 0.4000000060
17516  -34.945  -57.784  18.412 0.4000000060
19067  -33.735  -55.606  19.949 0.5000000000
18276  -34.308  -56.795  19.207 0.5000000000
19068  -34.427  -55.032  19.930 0.5000000000
98571  -34.452  -55.963  19.582 0.5000000000
17503  -33.486  -57.012  19.086 0.5000000000
22282  -34.639  -51.968  20.196 0.4000000060
20632  -33.975  -53.654  20.520 0.4000000060
18277  -35.188  -56.437  19.099 0.4000000060
19843  -34.558  -54.144  20.088 0.5000000000
19844  -35.104  -54.576  19.618 0.5000000000
19080  -35.770  -55.676  18.864 0.4000000060
19865  -36.384  -54.643  17.625 0.3000000119
20644  -34.596  -53.405  20.180 0.5000000000
106818  -35.167  -55.452  19.453 0.5000000000
22302  -34.780  -51.253  19.629 0.4000000060
19854  -35.835  -54.228  18.628 0.3000000119
19864  -36.125  -54.253  17.991 0.3000000119
22292  -35.063  -52.169  19.250 0.4000000060
111068  -35.505  -54.186  19.238 0.5000000000
22303  -35.350  -51.957  18.219 0.4000000060
20645  -35.089  -53.670  19.639 0.5000000000
20651  -35.548  -53.552  18.914 0.5000000000
23078  -35.107  -50.159  17.817 0.4000000060
20666  -36.106  -53.127  17.061 0.3000000119
21472  -36.212  -52.914  16.191 0.3000000119
109340  -35.052  -51.426  18.769 0.4000000060
21466  -35.644  -52.580  17.605 0.4000000060
23079  -35.333  -51.100  18.002 0.4000000060
21462  -35.437  -52.789  18.522 0.4000000060
23784  -34.778  -49.420  17.123 0.5000000000
21471  -35.761  -52.381  16.707 0.3000000119
21479  -35.771  -52.233  15.786 0.4000000060
22330  -35.614  -51.266  14.519 0.4000000060
22322  -35.985  -51.969  14.917 0.4000000060
23084  -34.937  -50.180  16.612 0.4000000060
22309  -35.477  -51.767  17.319 0.5000000000
22317  -35.449  -51.627  16.358 0.4000000060
23085  -35.156  -50.979  17.030 0.5000000000
23090  -35.194  -50.843  15.997 0.5000000000
23096  -35.107  -50.793  15.018 0.4000000060
23101  -35.331  -50.479  14.260 0.4000000060
22331  -36.264  -51.673  14.070 0.3000000119
23788  -34.551  -49.539  16.043 0.5000000000
23801  -34.756  -49.097  13.950 0.4000000060
95496  -35.689  -48.847  13.730 0.3000000119
24559  -33.211  -48.622  15.071 0.5000000000
23796  -34.686  -49.680  14.345 0.4000000060
104468  -35.511  -49.802  13.784 0.4000000060
23802  -36.424  -49.531  13.567 0.3000000119
24560  -33.878  -49.115  15.474 0.5000000000
23089  -34.771  -50.200  15.576 0.5000000000
23095  -34.608  -50.117  14.802 0.5000000000
24572  -34.823  -48.429  13.827 0.4000000060
25287  -35.527  -48.087  13.882 0.4000000060
25271  -32.653  -47.846  14.638 0.5000000000
24573  -36.358  -48.037  14.011 0.3000000119
24563  -33.203  -48.446  14.626 0.5000000000
23791  -33.593  -49.157  14.930 0.5000000000
24571  -33.544  -48.228  13.988 0.5000000000
112533  -34.125  -49.535  14.751 0.5000000000
23792  -34.173  -49.653  15.187 0.5000000000
25953  -35.121  -46.986  14.149 0.4000000060
25939  -32.015  -47.272  14.274 0.5000000000
25951  -32.740  -46.777  13.578 0.5000000000
25941  -35.713  -46.353  14.617 0.3000000119
25277  -35.896  -47.275  14.388 0.3000000119
25275  -32.299  -47.511  14.062 0.5000000000
25284  -32.428  -47.311  13.768 0.5000000000
25276  -32.840  -47.836  14.089 0.5000000000
106223  -30.739  -60.436  18.378 0.6000000238
14025  -30.087  -62.290  16.508 0.5000000000
16009  -29.725  -58.681  20.675 0.6000000238
19077  -28.094  -54.779  17.700 0.6999999881
16791  -29.707  -58.781  14.994 0.6000000238
19086  -28.430  -55.049  16.550 0.6999999881
17535  -31.826  -57.779  15.845 0.6000000238
112783  -29.740  -55.084  15.243 0.6999999881
112341  -30.664  -54.915  16.393 0.5000000000
18311  -31.020  -56.550  15.643 0.6000000238
20664  -29.349  -53.195  15.553 0.5000000000
20650  -30.565  -53.477  18.585 0.5000000000
19869  -30.229  -54.454  15.621 0.4000000060
18289  -32.814  -57.029  18.729 0.5000000000
97213  -32.425  -57.602  17.252 0.5000000000
20630  -32.573  -53.836  20.488 0.4000000060
19828  -32.423  -54.761  20.189 0.5000000000
20657  -35.808  -53.499  17.971 0.4000000060
22321  -35.490  -51.481  15.394 0.4000000060
23103  -35.957  -50.534  13.638 0.3000000119
100525  -33.331  -47.464  13.681 0.5000000000
10871  -28.784  -67.876  25.917 0.5000000000
10320  -30.173  -68.032  24.629 0.5000000000
10306  -29.106  -68.242  25.327 0.5000000000
10354  -31.985  -68.102  22.684 0.5000000000
10336  -30.576  -68.322  23.113 0.5000000000
10335  -30.011  -68.420  23.795 0.4000000060
10865  -29.103  -67.235  26.244 0.5000000000
10881  -30.760  -67.434  24.653 0.6000000238
10872  -29.534  -67.685  25.744 0.6000000238
10337  -31.368  -67.926  23.230 0.5000000000
10894  -30.724  -67.920  23.911 0.5000000000
10367  -33.319  -67.995  21.122 0.4000000060
12023  -26.751  -65.123  25.959 0.6999999881
12025  -28.730  -65.056  26.114 0.6999999881
11427  -29.837  -65.882  26.216 0.6999999881
10882  -31.286  -66.835  24.613 0.5000000000
11436  -31.121  -66.175  25.069 0.6999999881
10911  -32.891  -67.225  22.752 0.5000000000
10896  -32.320  -67.039  23.559 0.5000000000
10883  -31.866  -66.816  24.114 0.5000000000
11492  -33.403  -66.798  20.619 0.5000000000
10923  -33.157  -67.638  21.889 0.5000000000
12050  -26.102  -65.549  24.060 0.5000000000
12040  -26.383  -65.022  25.108 0.6999999881
12673  -27.862  -64.531  24.578 0.6999999881
12674  -28.657  -64.305  24.927 0.6999999881
12011  -29.165  -65.569  26.313 0.6000000238
12043  -31.926  -65.774  24.120 0.6999999881
12028  -30.833  -65.348  25.309 0.6000000238
11466  -33.095  -66.360  22.564 0.5000000000
11457  -32.673  -66.455  23.271 0.6000000238
11444  -32.165  -66.395  23.865 0.6000000238
11479  -33.345  -66.536  21.311 0.5000000000
99157  -32.914  -66.442  19.274 0.5000000000
11456  -26.547  -65.657  23.228 0.5000000000
12051  -26.880  -65.224  24.063 0.6999999881
12662  -29.129  -64.627  25.594 0.6999999881
12687  -28.082  -64.052  24.277 0.6999999881
12027  -30.208  -65.218  25.803 0.8000000119
12676  -30.863  -64.160  24.896 0.6999999881
12689  -32.205  -64.921  23.250 0.6000000238
12053  -31.801  -65.072  23.949 0.6999999881
12068  -32.857  -65.570  22.122 0.6999999881
107030  -32.732  -65.622  22.939 0.6000000238
12103  -32.253  -65.923  19.623 0.6000000238
12086  -32.914  -65.661  21.220 0.6000000238
12115  -31.564  -65.830  18.449 0.6000000238
108833  -26.741  -65.906  21.919 0.5000000000
12704  -27.063  -64.686  22.176 0.6000000238
12066  -26.936  -65.387  22.484 0.5000000000
12705  -27.190  -64.641  22.938 0.6000000238
13290  -27.602  -63.784  23.505 0.6000000238
12686  -27.447  -64.546  23.749 0.6999999881
13934  -29.320  -62.870  24.376 0.6999999881
13291  -28.342  -63.166  24.092 0.6000000238
12675  -29.488  -64.146  25.108 0.6999999881
13935  -30.169  -62.800  24.394 0.6999999881
12677  -31.361  -64.509  24.482 0.6999999881
12717  -32.311  -64.988  21.589 0.6999999881
12102  -31.677  -65.574  19.138 0.6999999881
12725  -32.086  -65.114  20.729 0.6999999881
12715  -26.716  -64.672  21.517 0.5000000000
13304  -27.182  -63.839  22.626 0.6000000238
13952  -27.438  -62.823  23.086 0.6000000238
112743  -27.826  -63.051  23.606 0.6000000238
13292  -30.906  -63.007  24.221 0.8000000119
13941  -30.542  -62.338  23.832 0.5000000000
14594  -29.545  -61.234  23.375 0.6000000238
13305  -31.605  -63.418  23.168 0.6999999881
13954  -31.382  -62.691  22.673 0.6999999881
113309  -31.602  -63.866  20.491 0.6999999881
105942  -31.745  -63.284  21.044 0.6999999881
12743  -31.299  -65.187  18.426 0.5000000000
12732  -31.462  -64.706  19.312 0.6999999881
13365  -30.786  -63.822  17.553 0.5000000000
12723  -26.285  -64.757  20.831 0.5000000000
105820  -26.412  -63.001  21.420 0.5000000000
13964  -26.489  -61.956  21.809 0.6000000238
13303  -26.805  -63.844  21.826 0.6000000238
14606  -26.940  -61.327  22.328 0.6000000238
104609  -27.138  -62.023  22.571 0.6000000238
15241  -27.386  -60.591  22.482 0.6000000238
14607  -27.762  -61.829  23.162 0.6000000238
110006  -27.458  -61.343  22.721 0.6000000238
94898  -30.766  -61.217  21.936 0.6000000238
14609  -30.253  -60.660  22.451 0.5000000000
15242  -28.307  -60.259  22.731 0.5000000000
13977  -31.577  -62.415  20.750 0.6000000238
14621  -31.341  -61.746  21.330 0.6000000238
101014  -31.378  -63.179  19.381 0.6000000238
13989  -31.317  -62.402  19.834 0.6000000238
13353  -30.738  -63.076  17.704 0.5000000000
13323  -25.936  -63.134  20.659 0.5000000000
13976  -25.965  -62.287  20.897 0.6000000238
15255  -26.466  -60.776  21.810 0.6000000238
103430  -29.608  -60.624  22.915 0.5000000000
15994  -29.046  -59.003  21.936 0.5000000000
15276  -30.942  -60.656  20.478 0.4000000060
15995  -30.636  -60.022  21.083 0.5000000000
15257  -30.188  -60.001  21.909 0.5000000000
14657  -30.939  -61.820  18.224 0.6000000238
112990  -25.703  -63.222  20.112 0.5000000000
97108  -25.578  -61.727  20.322 0.6000000238
15274  -25.785  -60.423  21.041 0.6000000238
14635  -25.909  -61.363  21.066 0.6000000238
15275  -30.800  -60.013  20.066 0.5000000000
16010  -30.285  -59.325  20.422 0.4000000060
13322  -25.437  -63.307  19.488 0.5000000000
13975  -25.535  -62.507  19.970 0.5000000000
14634  -25.462  -60.940  20.233 0.6000000238
16008  -25.812  -59.539  20.950 0.6000000238
13352  -24.958  -63.172  18.435 0.5000000000
13988  -25.025  -62.360  18.826 0.5000000000
110206  -25.133  -61.494  19.236 0.6000000238
15273  -25.476  -60.064  20.156 0.6000000238
13351  -24.529  -62.774  17.370 0.5000000000
14656  -24.801  -61.568  17.937 0.5000000000
15298  -24.727  -60.809  17.842 0.5000000000
15284  -24.756  -60.151  18.436 0.6000000238
16016  -25.076  -59.622  19.222 0.6000000238
14655  -24.355  -61.300  16.689 0.5000000000
15309  -24.177  -60.730  16.761 0.5000000000
101318  -24.203  -61.453  16.086 0.5000000000
16015  -24.779  -58.985  18.413 0.5000000000
14666  -24.196  -60.989  16.231 0.5000000000
15297  -24.421  -60.117  17.521 0.5000000000
14012  -23.926  -61.839  15.990 0.5000000000
14665  -24.126  -61.009  16.174 0.5000000000
16036  -23.875  -60.131  17.159 0.5000000000
14664  -23.606  -61.349  16.936 0.5000000000
15308  -24.004  -60.646  16.659 0.5000000000
16773  -23.529  -59.110  17.285 0.4000000060
16026  -24.267  -59.382  17.517 0.4000000060
15307  -23.810  -60.428  17.008 0.4000000060
16034  -22.999  -58.926  17.282 0.4000000060
16772  -22.937  -58.316  17.282 0.4000000060
15287  -31.009  -60.820  19.677 0.6000000238
14002  -30.925  -62.621  18.162 0.5000000000
13364  -30.369  -63.191  16.717 0.4000000060
15232  -28.896  -60.733  23.154 0.6000000238
97096  -23.285  -58.003  17.270 0.4000000060
17520  -22.652  -57.472  17.372 0.4000000060
97013  -29.887  -64.597  25.582 0.6999999881
13293  -31.347  -63.366  23.878 0.6999999881
101384  -32.043  -64.396  21.989 0.6999999881
12706  -32.010  -64.199  22.808 0.6999999881
14595  -30.246  -61.628  23.410 0.6000000238
14593  -28.697  -61.604  23.532 0.6000000238
101678  -31.420  -63.857  19.058 0.6999999881
14611  -31.113  -61.942  22.256 0.6999999881
13314  -31.716  -63.579  22.067 0.6999999881
13354  -31.138  -63.316  18.476 0.6000000238
10288  -28.027  -67.973  26.077 0.5000000000
10307  -29.736  -68.053  25.181 0.5000000000
10355  -32.631  -67.933  22.391 0.5000000000
10864  -28.419  -67.498  26.263 0.5000000000
10873  -30.194  -67.541  25.345 0.6000000238
10874  -30.667  -66.868  25.288 0.5000000000
10895  -31.535  -67.354  23.930 0.5000000000
10910  -32.199  -67.595  23.112 0.5000000000
10912  -33.312  -66.962  22.010 0.5000000000
10924  -33.395  -67.319  21.289 0.5000000000
10938  -33.475  -67.576  20.471 0.4000000060
11435  -30.474  -66.086  25.691 0.6999999881
11443  -31.690  -66.263  24.437 0.6000000238
11465  -26.479  -66.183  22.509 0.5000000000
11491  -33.163  -66.148  20.703 0.6000000238
11501  -33.061  -66.264  20.053 0.6000000238
12010  -28.475  -65.722  26.390 0.6000000238
12024  -27.762  -65.144  26.109 0.6999999881
12026  -29.523  -65.093  26.063 0.6999999881
12041  -27.386  -64.830  25.126 0.6999999881
12042  -31.438  -65.402  24.660 0.6999999881
12049  -25.083  -65.609  24.091 0.5000000000
12052  -27.293  -64.830  24.082 0.6999999881
12054  -32.297  -65.704  23.582 0.6000000238
12067  -27.055  -65.103  23.330 0.5000000000
12069  -33.229  -66.222  21.879 0.5000000000
12095  -31.835  -65.328  19.926 0.6999999881
12096  -32.519  -65.711  20.368 0.6000000238
12116  -32.049  -66.157  18.855 0.5000000000
12661  -28.273  -64.686  25.454 0.6999999881
12663  -30.520  -64.659  25.314 0.8000000119
12664  -31.058  -64.763  25.012 0.6999999881
12688  -31.680  -64.140  23.729 0.6999999881
12707  -32.398  -64.921  22.461 0.6000000238
12716  -31.876  -64.281  21.143 0.6999999881
12722  -25.898  -63.913  20.257 0.5000000000
12724  -31.652  -64.572  20.242 0.6999999881
12755  -30.797  -64.881  17.404 0.5000000000
13269  -30.221  -64.066  25.094 0.6999999881
13279  -28.967  -63.684  24.645 0.6999999881
13280  -29.818  -63.477  24.767 0.6999999881
13281  -30.552  -63.506  24.662 0.8000000119
13282  -31.181  -63.724  24.384 0.6999999881
13313  -26.329  -63.879  21.089 0.5000000000
13336  -31.439  -63.914  19.810 0.6999999881
13938  -28.115  -62.442  23.616 0.6000000238
13939  -28.826  -62.373  23.971 0.6000000238
13940  -29.637  -62.055  23.922 0.6000000238
13942  -31.181  -62.762  23.552 0.6999999881
13953  -30.905  -62.065  23.142 0.5000000000
13965  -31.503  -62.615  21.670 0.6999999881
14001  -24.674  -62.156  17.560 0.5000000000
14003  -31.227  -62.476  18.897 0.6000000238
14014  -30.633  -62.438  17.418 0.5000000000
14024  -29.822  -62.823  15.759 0.4000000060
14608  -28.092  -61.017  23.011 0.6000000238
14610  -30.569  -61.391  22.752 0.5000000000
14636  -31.240  -61.505  20.360 0.6000000238
14643  -30.959  -60.969  18.763 0.6000000238
14672  -29.769  -61.533  16.304 0.6000000238
14675  -29.490  -61.739  15.314 0.4000000060
15243  -29.111  -60.129  22.701 0.6000000238
15258  -30.553  -60.565  21.716 0.5000000000
15259  -30.906  -60.958  21.144 0.4000000060
15285  -25.067  -60.524  19.233 0.6000000238
15299  -30.534  -60.343  17.707 0.6000000238
15310  -30.224  -60.745  16.856 0.6000000238
15312  -29.302  -60.308  15.607 0.6000000238
15317  -29.399  -60.448  15.114 0.5000000000
15326  -29.705  -60.488  14.745 0.4000000060
15974  -29.469  -59.650  22.183 0.6000000238
15992  -26.640  -59.104  21.492 0.6999999881
15993  -27.384  -59.201  21.967 0.6999999881
16007  -25.583  -59.299  20.111 0.6000000238
16017  -30.406  -59.478  19.415 0.5000000000
16027  -30.143  -59.053  17.650 0.6000000238
16035  -23.584  -59.766  17.257 0.5000000000
16058  -29.691  -59.715  14.821 0.6000000238
16717  -28.155  -58.933  22.063 0.6000000238
16732  -28.606  -58.471  21.653 0.6000000238
16743  -29.502  -58.136  20.149 0.5000000000
16762  -24.141  -58.524  17.521 0.5000000000
16767  -34.387  -58.252  18.140 0.3000000119
16779  -29.375  -58.665  16.154 0.6000000238
16784  -29.395  -58.798  15.591 0.6000000238
16792  -30.037  -59.059  14.595 0.6000000238
17479  -27.569  -57.680  21.244 0.6000000238
17480  -28.193  -58.002  21.477 0.6000000238
17489  -28.788  -57.960  21.205 0.6000000238
17512  -24.837  -57.272  18.298 0.6000000238
17524  -32.942  -57.993  17.800 0.5000000000
17527  -29.304  -57.025  15.911 0.6000000238
17533  -29.608  -57.297  15.527 0.6000000238
17540  -29.909  -57.731  15.084 0.6000000238
17542  -30.538  -57.839  14.928 0.6000000238
18256  -26.924  -56.848  20.325 0.6000000238
18257  -27.470  -56.361  20.187 0.6000000238
18273  -28.365  -56.143  19.788 0.6000000238
18298  -29.079  -56.405  16.541 0.6999999881
18300  -32.006  -56.933  17.238 0.6000000238
19052  -33.697  -54.979  20.247 0.5000000000
19075  -26.295  -55.058  18.586 0.5000000000
19092  -31.102  -56.022  16.093 0.6000000238
19097  -29.381  -55.317  15.387 0.6999999881
19098  -30.091  -55.444  15.300 0.6000000238
19830  -34.022  -54.448  20.322 0.5000000000
19841  -26.923  -54.822  18.825 0.6000000238
19853  -30.746  -54.296  18.038 0.4000000060
19855  -36.146  -54.972  18.364 0.3000000119
19861  -27.882  -54.455  16.740 0.6999999881
20658  -36.316  -53.961  17.324 0.3000000119
20663  -26.904  -53.074  15.698 0.5000000000
20672  -28.630  -53.530  15.294 0.6000000238
21439  -31.340  -52.576  20.063 0.4000000060
21441  -33.515  -52.820  20.717 0.4000000060
21452  -34.890  -52.821  19.935 0.5000000000
21453  -35.247  -52.993  19.287 0.5000000000
21464  -29.553  -52.543  17.495 0.5000000000
21465  -29.674  -53.173  16.747 0.5000000000
21470  -28.607  -52.345  15.668 0.4000000060
21476  -27.464  -52.312  15.304 0.4000000060
22333  -35.845  -51.067  13.890 0.3000000119
24564  -33.915  -48.995  14.355 0.5000000000
25286  -34.941  -47.706  13.858 0.4000000060
100707  -35.662  -54.866  19.115 0.5000000000
101507  -31.187  -64.290  18.394 0.6999999881
101729  -26.910  -62.919  22.219 0.6000000238
102107  -29.201  -66.381  26.387 0.6999999881
103607  -31.477  -63.188  20.223 0.6000000238
104146  -33.149  -55.885  19.833 0.5000000000
105426  -28.134  -52.773  15.249 0.5000000000
106537  -33.653  -56.324  19.553 0.5000000000
106996  -29.972  -66.875  26.027 0.5000000000
107412  -34.905  -50.664  18.801 0.4000000060
107437  -29.896  -61.149  14.748 0.4000000060
107658  -28.252  -55.274  18.502 0.6999999881
109865  -30.081  -61.050  23.041 0.5000000000
110332  -29.432  -61.451  15.663 0.5000000000
110724  -30.108  -58.398  14.773 0.6000000238
111172  -24.705  -59.640  18.226 0.6000000238
112101  -36.104  -50.103  13.493 0.3000000119
112434  -30.670  -56.802  15.360 0.6000000238
112559  -23.211  -59.066  17.273 0.4000000060
113565  -26.944  -65.290  21.880 0.5000000000
113831  -26.451  -66.414  22.019 0.5000000000
114210  -29.755  -60.177  22.465 0.6000000238
114585  -32.319  -56.833  18.083 0.5000000000
114798  -29.285  -58.154  20.819 0.5000000000
