#!ascii label  , from subject sub-v1s7x0051325_ses-1 vox2ras=TkReg
1645
26602  -33.749  -46.540  13.692 0.5000000000
25952  -34.303  -47.217  13.722 0.5000000000
26591  -34.264  -45.397  14.241 0.4000000060
27212  -34.020  -44.315  14.421 0.5000000000
27931  -34.611  -43.486  14.616 0.5000000000
108447  -32.858  -26.685  8.110 0.5000000000
42115  -33.664  -26.375  8.804 0.4000000060
43047  -34.172  -25.592  8.114 0.4000000060
43039  -34.442  -25.631  9.360 0.4000000060
43048  -34.872  -24.841  8.462 0.6000000238
43879  -35.478  -24.016  8.793 0.5000000000
43040  -35.105  -24.917  9.396 0.5000000000
43862  -35.712  -24.587  9.861 0.5000000000
43863  -36.091  -23.920  9.591 0.5000000000
44682  -35.835  -23.059  8.911 0.4000000060
108556  -34.188  -48.527  13.933 0.5000000000
25940  -34.757  -46.328  14.193 0.5000000000
26592  -35.424  -45.450  14.693 0.5000000000
27214  -36.212  -44.631  15.144 0.5000000000
27932  -35.567  -43.410  14.792 0.5000000000
28668  -35.195  -42.713  14.496 0.5000000000
29455  -34.928  -41.934  14.255 0.5000000000
41229  -32.342  -27.269  8.010 0.5000000000
43046  -33.281  -26.206  7.500 0.5000000000
47456  -37.272  -19.481  8.768 0.3000000119
44698  -35.191  -22.617  7.467 0.4000000060
46512  -36.739  -19.823  9.117 0.3000000119
45586  -36.126  -21.928  9.092 0.4000000060
46523  -36.244  -20.506  8.608 0.4000000060
25285  -34.127  -47.966  13.735 0.5000000000
27213  -35.166  -44.371  14.765 0.5000000000
28667  -34.290  -42.620  14.555 0.5000000000
43886  -34.424  -24.685  7.315 0.6000000238
47446  -37.279  -19.313  9.804 0.3000000119
19832  -41.056  -54.668  20.164 0.3000000119
19846  -41.630  -55.011  19.524 0.4000000060
100490  -40.930  -54.636  19.200 0.4000000060
19069  -41.138  -55.111  18.946 0.4000000060
105915  -40.597  -54.650  18.516 0.4000000060
19083  -40.585  -55.349  18.399 0.4000000060
19090  -40.222  -54.927  17.748 0.4000000060
20659  -39.844  -53.437  17.463 0.4000000060
19831  -40.048  -54.281  20.668 0.3000000119
20634  -39.487  -53.636  20.153 0.4000000060
19845  -40.258  -54.194  19.654 0.4000000060
111653  -40.338  -54.049  18.771 0.4000000060
96477  -40.212  -54.084  17.996 0.4000000060
21463  -39.600  -52.722  17.990 0.4000000060
21474  -40.091  -52.557  16.446 0.4000000060
21473  -39.865  -53.142  16.744 0.4000000060
22271  -37.958  -51.756  21.883 0.3000000119
21430  -38.353  -52.427  21.575 0.3000000119
97473  -38.380  -51.880  21.054 0.3000000119
21444  -39.096  -52.896  19.753 0.4000000060
20646  -39.663  -53.498  19.236 0.4000000060
21455  -39.319  -52.668  18.844 0.4000000060
111516  -39.540  -52.271  17.737 0.4000000060
108919  -39.884  -51.229  17.280 0.4000000060
21467  -39.711  -52.551  17.250 0.4000000060
23785  -40.478  -49.711  17.832 0.4000000060
23087  -40.163  -50.541  17.512 0.4000000060
22311  -39.973  -51.805  16.848 0.4000000060
22263  -37.929  -51.723  22.850 0.3000000119
21422  -38.370  -52.674  22.370 0.3000000119
22283  -38.504  -51.270  20.440 0.3000000119
21454  -38.953  -52.186  19.478 0.3000000119
22294  -39.200  -51.566  18.907 0.4000000060
23081  -39.852  -50.198  18.240 0.4000000060
23080  -39.482  -50.683  18.740 0.4000000060
109052  -40.274  -48.728  18.791 0.4000000060
23783  -40.790  -48.840  18.208 0.4000000060
22262  -37.571  -50.781  22.681 0.3000000119
23043  -37.574  -50.099  22.058 0.3000000119
22270  -37.718  -50.893  21.895 0.3000000119
23054  -38.031  -50.192  21.361 0.3000000119
23065  -38.436  -50.375  20.633 0.4000000060
23073  -38.743  -50.623  19.907 0.4000000060
111744  -39.127  -50.117  19.568 0.4000000060
23074  -39.179  -50.734  19.304 0.4000000060
25253  -39.139  -47.219  20.075 0.3000000119
101329  -39.408  -48.748  19.581 0.4000000060
25258  -39.661  -47.324  19.575 0.3000000119
23778  -39.800  -49.090  19.153 0.4000000060
23781  -39.612  -49.958  19.049 0.4000000060
23701  -36.676  -48.896  25.291 0.3000000119
23718  -36.848  -49.275  24.595 0.3000000119
25837  -36.494  -47.032  26.427 0.3000000119
23036  -37.334  -50.283  23.412 0.3000000119
107971  -36.879  -48.926  23.904 0.3000000119
111573  -37.369  -49.979  22.720 0.3000000119
24514  -37.424  -48.640  22.649 0.3000000119
25229  -37.482  -47.898  22.569 0.3000000119
23741  -37.512  -49.314  22.333 0.3000000119
24524  -37.726  -48.456  21.881 0.3000000119
100495  -38.296  -47.923  21.262 0.3000000119
24525  -38.238  -48.698  21.237 0.3000000119
25252  -38.709  -47.529  20.574 0.3000000119
23755  -38.444  -49.382  20.792 0.3000000119
24540  -39.164  -48.051  19.928 0.3000000119
23768  -38.917  -48.961  20.054 0.4000000060
25915  -39.402  -46.561  19.870 0.3000000119
25916  -40.076  -46.554  19.357 0.4000000060
25921  -40.720  -46.504  18.752 0.4000000060
25185  -36.496  -47.280  25.624 0.3000000119
24490  -36.692  -48.383  24.551 0.3000000119
25861  -36.629  -46.724  25.066 0.3000000119
113210  -36.845  -48.316  23.926 0.3000000119
24505  -37.186  -48.322  23.349 0.3000000119
25899  -37.769  -46.616  21.971 0.3000000119
98786  -37.536  -47.120  22.521 0.3000000119
25900  -38.209  -46.063  21.461 0.3000000119
25241  -38.343  -46.955  21.260 0.3000000119
25240  -37.795  -47.489  21.873 0.3000000119
26546  -38.376  -45.207  21.209 0.3000000119
25908  -38.808  -46.626  20.506 0.3000000119
26556  -38.639  -45.877  20.804 0.3000000119
26557  -39.138  -45.841  20.212 0.3000000119
26563  -39.741  -45.792  19.634 0.3000000119
27183  -40.110  -44.974  19.405 0.3000000119
26570  -41.098  -45.624  18.456 0.4000000060
25849  -36.547  -46.463  25.844 0.3000000119
26475  -36.617  -46.120  26.676 0.3000000119
25215  -36.855  -47.664  23.970 0.3000000119
25862  -36.888  -46.121  24.473 0.3000000119
27096  -37.571  -44.629  26.793 0.3000000119
27810  -37.986  -43.955  26.451 0.3000000119
25876  -37.093  -46.784  23.748 0.3000000119
26506  -37.131  -45.294  24.262 0.3000000119
27097  -38.383  -44.387  27.066 0.3000000119
27163  -37.662  -44.452  22.261 0.3000000119
26532  -37.514  -45.141  22.777 0.3000000119
114136  -37.556  -46.616  22.502 0.3000000119
26545  -37.787  -45.332  21.907 0.3000000119
112256  -37.795  -46.008  21.937 0.3000000119
27164  -38.061  -44.434  21.573 0.3000000119
27174  -38.563  -44.388  20.886 0.3000000119
105537  -39.093  -44.330  20.255 0.3000000119
26564  -40.437  -45.735  19.092 0.4000000060
27191  -40.743  -44.878  18.745 0.4000000060
26571  -41.814  -45.533  17.885 0.5000000000
106887  -36.710  -46.038  25.306 0.3000000119
27095  -36.995  -44.962  26.193 0.3000000119
26505  -36.921  -45.242  25.189 0.3000000119
110884  -37.460  -44.301  26.174 0.3000000119
97510  -37.284  -45.850  23.477 0.3000000119
26519  -37.355  -44.834  23.647 0.3000000119
103604  -38.831  -43.809  26.619 0.3000000119
27098  -39.677  -43.837  26.808 0.3000000119
27150  -37.515  -44.286  23.031 0.3000000119
27812  -40.185  -43.259  26.382 0.3000000119
27874  -37.792  -43.709  21.970 0.3000000119
27813  -40.946  -43.560  26.323 0.3000000119
27888  -38.799  -43.691  20.560 0.3000000119
27875  -38.347  -43.500  21.276 0.3000000119
28563  -41.975  -42.836  25.082 0.3000000119
107900  -38.878  -42.763  20.575 0.3000000119
27889  -39.383  -43.437  19.978 0.3000000119
113621  -40.016  -43.554  19.468 0.3000000119
104957  -41.010  -44.177  18.486 0.4000000060
27192  -41.536  -44.639  18.148 0.5000000000
100713  -37.471  -43.699  25.078 0.3000000119
27824  -37.660  -43.750  25.786 0.3000000119
27825  -38.386  -43.277  25.913 0.3000000119
27139  -37.433  -43.962  23.807 0.3000000119
27840  -37.467  -43.620  24.436 0.3000000119
28558  -37.828  -43.236  25.338 0.3000000119
27862  -37.625  -43.804  22.587 0.3000000119
27811  -39.351  -43.173  26.231 0.3000000119
28609  -37.940  -43.013  21.870 0.3000000119
27826  -40.689  -42.776  25.942 0.3000000119
111743  -40.483  -42.155  25.545 0.3000000119
28562  -41.202  -42.383  25.431 0.3000000119
29364  -43.131  -41.178  23.498 0.3000000119
110594  -42.190  -41.722  24.374 0.3000000119
29397  -38.783  -41.772  20.870 0.3000000119
109063  -39.493  -42.589  19.929 0.3000000119
104634  -40.447  -44.073  19.060 0.3000000119
99301  -37.730  -42.553  24.081 0.3000000119
29338  -38.754  -42.027  24.936 0.3000000119
103792  -37.944  -42.377  22.281 0.3000000119
110359  -37.833  -42.330  22.979 0.3000000119
28588  -37.677  -42.709  23.446 0.3000000119
28589  -38.022  -41.965  23.697 0.3000000119
29351  -39.328  -41.303  24.751 0.3000000119
29339  -39.402  -41.993  25.297 0.3000000119
28610  -38.345  -42.401  21.493 0.3000000119
103568  -38.189  -41.812  22.119 0.3000000119
28598  -38.135  -41.753  22.849 0.3000000119
29363  -38.599  -41.088  23.421 0.3000000119
112298  -39.733  -40.077  23.669 0.3000000119
29352  -40.153  -41.023  24.773 0.3000000119
29340  -39.985  -41.676  25.313 0.3000000119
29383  -38.488  -41.459  21.627 0.3000000119
30151  -40.995  -40.032  23.744 0.3000000119
30139  -41.338  -40.641  24.160 0.3000000119
30971  -41.518  -39.561  23.259 0.3000000119
30153  -42.633  -40.416  23.383 0.3000000119
30140  -42.225  -41.053  23.931 0.3000000119
30984  -43.045  -39.096  22.371 0.3000000119
30163  -42.867  -39.791  22.865 0.3000000119
107880  -39.368  -41.892  20.173 0.4000000060
30985  -43.686  -39.824  22.434 0.3000000119
28628  -39.986  -42.002  19.551 0.4000000060
95356  -45.271  -39.764  21.140 0.3000000119
28629  -40.532  -42.302  19.015 0.3000000119
28636  -40.974  -42.676  18.456 0.4000000060
31008  -45.644  -39.353  20.346 0.3000000119
28637  -41.473  -43.164  17.955 0.5000000000
27914  -41.822  -43.932  17.688 0.5000000000
30161  -38.904  -40.461  22.679 0.3000000119
30162  -39.473  -39.786  22.681 0.3000000119
30150  -39.905  -39.621  23.189 0.3000000119
30970  -40.662  -39.448  23.271 0.3000000119
112273  -39.206  -41.195  20.458 0.4000000060
30983  -42.162  -39.097  22.745 0.3000000119
31743  -43.254  -38.392  21.787 0.3000000119
29398  -39.803  -41.045  19.723 0.4000000060
29410  -40.448  -41.444  19.026 0.5000000000
30995  -43.667  -39.134  21.968 0.3000000119
31007  -44.903  -39.036  20.893 0.4000000060
31756  -45.137  -38.612  20.335 0.4000000060
29411  -40.748  -41.921  18.437 0.5000000000
28646  -41.140  -42.367  17.910 0.6000000238
113448  -41.662  -43.499  17.379 0.6000000238
102895  -38.708  -40.676  21.863 0.3000000119
30994  -39.635  -39.305  21.974 0.3000000119
31731  -40.183  -38.572  22.026 0.3000000119
30186  -38.834  -40.945  21.090 0.3000000119
30980  -39.919  -39.189  22.563 0.3000000119
31732  -40.893  -38.258  22.362 0.3000000119
30982  -41.216  -38.866  22.815 0.3000000119
31742  -42.461  -37.862  21.822 0.4000000060
30187  -39.289  -40.365  20.534 0.4000000060
31734  -42.549  -38.467  22.268 0.4000000060
32544  -43.041  -37.663  21.357 0.4000000060
100381  -40.183  -40.583  19.005 0.5000000000
31754  -43.749  -37.979  21.071 0.4000000060
32556  -44.145  -37.543  20.394 0.4000000060
31763  -44.889  -37.937  20.022 0.4000000060
29419  -40.338  -41.204  18.387 0.6000000238
31744  -44.155  -38.809  21.405 0.4000000060
31755  -44.500  -38.310  20.687 0.4000000060
32565  -45.273  -37.589  19.287 0.4000000060
29429  -40.586  -41.767  17.797 0.6000000238
31764  -45.650  -38.531  19.644 0.3000000119
31772  -46.010  -38.046  18.817 0.4000000060
96424  -40.749  -42.363  17.289 0.6000000238
28655  -40.808  -42.997  16.607 0.6000000238
27922  -41.016  -43.596  15.894 0.6999999881
97517  -39.345  -39.658  21.258 0.3000000119
32533  -40.712  -37.862  21.758 0.3000000119
31006  -39.502  -39.459  20.419 0.3000000119
32534  -41.250  -37.783  22.004 0.3000000119
32543  -41.261  -37.428  21.434 0.4000000060
30198  -39.651  -40.059  19.685 0.5000000000
32535  -41.791  -37.634  21.774 0.4000000060
32555  -43.312  -37.274  20.703 0.4000000060
31015  -39.610  -39.191  19.589 0.5000000000
32564  -44.480  -37.201  19.653 0.4000000060
103900  -39.712  -39.718  18.902 0.5000000000
32573  -45.573  -37.234  18.465 0.4000000060
29428  -39.705  -41.198  17.511 0.6000000238
32574  -46.265  -37.671  17.967 0.4000000060
32584  -46.475  -37.332  17.071 0.4000000060
28654  -40.062  -42.437  16.517 0.6999999881
27935  -40.893  -43.568  14.759 0.6999999881
31753  -40.033  -38.027  20.498 0.4000000060
31741  -40.237  -38.110  21.326 0.4000000060
32552  -40.597  -37.501  21.057 0.4000000060
32553  -41.239  -37.004  20.670 0.4000000060
95768  -39.682  -38.746  20.263 0.4000000060
31761  -39.772  -38.384  19.592 0.4000000060
32554  -42.247  -37.167  21.068 0.4000000060
33325  -42.872  -36.673  20.177 0.4000000060
32563  -43.701  -36.884  19.981 0.4000000060
33334  -43.965  -36.568  19.206 0.4000000060
32572  -44.791  -36.841  18.873 0.4000000060
33343  -44.984  -36.550  17.933 0.4000000060
30208  -39.724  -40.348  18.249 0.6000000238
32583  -45.787  -36.864  17.524 0.4000000060
30218  -39.136  -40.447  17.462 0.6000000238
29440  -39.267  -41.771  16.470 0.6999999881
109866  -46.517  -37.223  16.134 0.4000000060
28659  -39.487  -42.404  15.803 0.6999999881
95411  -40.576  -37.357  20.175 0.4000000060
31771  -39.536  -38.807  18.703 0.4000000060
31762  -40.135  -37.780  19.677 0.4000000060
33324  -41.973  -36.648  20.067 0.4000000060
33333  -43.276  -36.453  19.508 0.4000000060
31033  -39.164  -39.764  17.684 0.6999999881
106208  -44.131  -36.339  18.278 0.4000000060
114114  -38.760  -39.326  17.274 0.6999999881
33355  -44.202  -36.327  17.164 0.4000000060
30229  -38.843  -40.903  16.806 0.6999999881
33357  -45.813  -36.797  16.499 0.4000000060
33356  -45.042  -36.423  16.830 0.4000000060
29445  -38.922  -41.904  15.456 0.6999999881
33371  -45.572  -37.151  15.387 0.4000000060
28660  -40.241  -42.982  15.563 0.6999999881
28671  -40.192  -43.064  14.239 0.6999999881
32616  -46.260  -37.578  14.271 0.4000000060
32622  -46.363  -37.481  13.629 0.4000000060
32571  -40.340  -37.204  18.421 0.4000000060
32561  -40.526  -37.318  19.263 0.4000000060
32562  -41.164  -36.852  19.713 0.4000000060
31024  -39.473  -39.511  18.283 0.6999999881
103257  -39.427  -38.195  17.937 0.5000000000
33332  -42.573  -36.302  19.364 0.4000000060
33342  -43.217  -36.151  18.637 0.4000000060
31032  -38.443  -39.239  16.639 0.6999999881
101434  -43.399  -36.300  17.506 0.4000000060
33369  -43.906  -36.819  15.915 0.4000000060
30237  -38.203  -40.593  15.570 0.6999999881
29439  -38.508  -41.261  15.971 0.6999999881
33370  -44.667  -36.969  15.586 0.4000000060
33390  -44.940  -37.151  14.179 0.4000000060
28670  -39.535  -42.459  14.883 0.6999999881
32602  -45.393  -37.349  14.446 0.4000000060
32632  -46.602  -37.212  12.968 0.4000000060
33330  -40.983  -36.757  18.783 0.4000000060
33331  -41.732  -36.395  19.123 0.4000000060
32581  -39.776  -37.512  17.939 0.6000000238
33339  -40.724  -36.757  17.929 0.5000000000
33340  -41.445  -36.419  18.133 0.5000000000
33341  -42.289  -36.176  18.417 0.4000000060
30263  -35.150  -40.771  13.211 0.4000000060
96015  -39.405  -37.795  17.245 0.6000000238
33354  -42.671  -36.523  16.698 0.4000000060
104203  -43.303  -36.656  16.318 0.4000000060
96533  -38.269  -39.156  15.776 0.6000000238
33376  -43.416  -36.718  15.657 0.4000000060
31050  -38.042  -39.809  15.282 0.6999999881
33377  -43.928  -37.051  15.168 0.4000000060
30250  -38.176  -40.470  14.715 0.6999999881
33378  -44.625  -37.148  14.710 0.4000000060
28675  -39.687  -42.347  13.747 0.6999999881
33395  -45.287  -37.092  13.825 0.4000000060
34208  -45.751  -36.453  13.627 0.4000000060
33397  -46.478  -36.437  13.054 0.4000000060
33404  -47.709  -36.348  11.916 0.4000000060
33350  -39.874  -37.306  17.233 0.6000000238
32582  -40.204  -37.120  17.746 0.5000000000
33353  -41.965  -36.486  17.202 0.5000000000
30262  -34.375  -40.308  13.589 0.3000000119
30269  -34.859  -40.076  12.835 0.5000000000
31786  -38.546  -38.478  16.225 0.6000000238
104354  -39.478  -37.405  16.764 0.6000000238
33368  -42.768  -36.586  15.949 0.5000000000
31802  -38.319  -38.681  14.395 0.6999999881
104052  -38.061  -39.130  15.066 0.6000000238
31070  -38.542  -39.369  13.688 0.8000000119
31058  -38.184  -39.605  14.521 0.6999999881
104301  -43.675  -36.648  15.359 0.4000000060
33389  -44.374  -36.918  14.689 0.4000000060
34199  -45.000  -36.705  14.039 0.4000000060
34209  -46.522  -35.368  13.474 0.4000000060
34217  -47.243  -35.654  12.634 0.4000000060
34218  -48.148  -35.356  12.110 0.4000000060
33364  -39.871  -36.842  16.592 0.6000000238
33365  -40.740  -36.640  16.749 0.6000000238
33351  -40.465  -36.948  17.195 0.5000000000
33352  -41.166  -36.706  17.215 0.5000000000
31075  -34.131  -39.495  13.236 0.4000000060
31076  -34.537  -39.460  12.487 0.4000000060
32600  -38.644  -37.776  15.761 0.6000000238
96571  -39.099  -37.155  16.190 0.6000000238
33367  -42.140  -36.405  16.383 0.5000000000
31077  -35.190  -39.882  12.092 0.5000000000
32620  -38.555  -37.896  13.919 0.6999999881
32613  -38.529  -37.818  14.796 0.6999999881
31082  -35.441  -39.642  11.284 0.5000000000
32621  -39.203  -37.589  12.966 0.6999999881
34184  -42.359  -36.180  15.963 0.5000000000
31089  -35.788  -39.268  10.326 0.6999999881
31813  -39.578  -38.328  12.303 0.6999999881
31812  -38.787  -38.503  13.358 0.6999999881
110418  -43.364  -35.563  15.504 0.5000000000
33435  -35.917  -37.198  9.642 0.6999999881
112104  -35.936  -38.689  9.876 0.6999999881
31071  -39.239  -39.248  12.777 0.6999999881
34974  -44.117  -35.717  15.096 0.4000000060
31078  -39.955  -39.106  11.772 0.6999999881
34983  -44.837  -35.775  14.548 0.4000000060
34200  -45.649  -35.584  14.074 0.4000000060
34992  -47.236  -34.749  13.135 0.4000000060
35001  -47.843  -34.613  12.691 0.4000000060
34181  -40.087  -35.860  16.181 0.6000000238
34182  -40.857  -35.896  16.378 0.6000000238
34183  -41.604  -35.978  16.324 0.5000000000
108749  -34.122  -39.134  12.791 0.4000000060
31081  -34.749  -39.238  11.748 0.6999999881
34188  -39.652  -35.569  15.299 0.6999999881
33375  -39.422  -36.411  15.793 0.6000000238
102648  -41.107  -35.121  16.319 0.5000000000
31088  -35.017  -38.944  10.871 0.6999999881
33394  -39.223  -36.094  13.753 0.6999999881
33388  -39.205  -36.200  14.773 0.6999999881
32601  -38.885  -37.042  15.264 0.6999999881
102715  -41.900  -35.264  16.237 0.5000000000
34190  -42.629  -35.447  15.843 0.5000000000
32614  -38.772  -36.984  14.023 0.6999999881
32649  -35.340  -38.445  10.002 0.6999999881
33402  -39.207  -36.453  12.573 0.6999999881
95860  -39.308  -36.743  12.717 0.6999999881
99558  -43.942  -34.305  15.505 0.4000000060
33413  -39.601  -37.099  11.783 0.6999999881
32631  -39.739  -37.531  11.858 0.6999999881
113044  -38.846  -36.046  12.501 0.6000000238
33412  -38.871  -36.641  11.846 0.6000000238
32642  -40.105  -37.529  11.165 0.6999999881
34975  -44.796  -34.557  15.090 0.4000000060
34233  -36.032  -35.756  9.931 0.6999999881
33401  -37.961  -35.961  12.100 0.6000000238
34984  -45.519  -34.583  14.588 0.4000000060
34991  -46.935  -34.187  13.635 0.4000000060
35002  -48.526  -34.365  12.212 0.4000000060
110338  -40.526  -35.178  16.179 0.6000000238
103592  -33.618  -38.294  11.978 0.6000000238
31823  -34.055  -38.806  12.323 0.6000000238
31831  -34.277  -38.485  11.438 0.6999999881
34198  -39.562  -35.395  14.156 0.6000000238
103522  -39.339  -35.762  13.234 0.6000000238
31836  -34.670  -38.333  10.593 0.6999999881
34216  -39.213  -35.498  13.044 0.6000000238
34973  -43.077  -34.422  15.910 0.5000000000
32658  -35.382  -37.586  9.613 0.6999999881
32648  -34.690  -37.778  10.033 0.6999999881
33423  -35.734  -36.379  9.480 0.6999999881
34245  -35.547  -35.630  9.136 0.6999999881
35777  -44.654  -33.435  15.336 0.4000000060
36634  -45.085  -32.794  15.134 0.4000000060
35782  -45.322  -33.574  14.922 0.4000000060
33424  -36.391  -36.606  10.290 0.6999999881
34234  -36.465  -35.809  10.912 0.6999999881
33410  -36.876  -36.340  11.092 0.6999999881
33411  -37.699  -36.432  11.454 0.6000000238
35790  -46.649  -33.486  14.095 0.4000000060
35791  -47.218  -33.234  13.673 0.4000000060
105816  -47.583  -33.870  13.223 0.4000000060
35799  -47.771  -32.782  13.183 0.4000000060
35800  -48.220  -33.610  12.731 0.4000000060
36655  -48.383  -32.662  12.504 0.3000000119
31829  -32.918  -37.878  11.936 0.5000000000
102858  -39.569  -33.854  13.612 0.6000000238
34990  -39.834  -34.593  13.933 0.6000000238
34972  -39.840  -34.902  14.772 0.6000000238
34189  -40.167  -34.832  15.606 0.6000000238
34966  -40.713  -34.384  16.105 0.6000000238
31830  -33.599  -37.979  11.488 0.6000000238
31835  -34.058  -37.838  10.821 0.5000000000
34989  -39.350  -34.661  13.405 0.6000000238
34207  -39.525  -35.145  13.525 0.6000000238
35765  -41.636  -33.310  16.289 0.5000000000
106736  -41.468  -34.181  16.332 0.4000000060
34967  -42.318  -34.385  16.248 0.5000000000
35766  -42.061  -33.590  16.380 0.5000000000
35767  -42.681  -33.520  16.267 0.4000000060
35775  -43.409  -33.406  15.938 0.4000000060
32657  -34.796  -37.088  9.508 0.8000000119
104121  -38.681  -33.857  13.166 0.6000000238
36624  -42.937  -32.802  16.191 0.4000000060
35776  -44.041  -33.165  15.620 0.4000000060
100131  -35.369  -36.826  9.330 0.6999999881
109031  -38.277  -35.378  12.572 0.6000000238
34999  -37.745  -34.687  12.475 0.6000000238
106036  -35.745  -35.091  9.592 0.6999999881
100839  -37.475  -33.949  12.320 0.6000000238
36641  -45.661  -32.631  14.667 0.4000000060
36642  -46.324  -32.840  14.333 0.4000000060
35014  -36.114  -34.932  10.535 0.6999999881
105258  -36.418  -34.286  11.299 0.6999999881
35008  -36.981  -34.496  12.001 0.6999999881
37613  -46.295  -32.012  14.207 0.4000000060
36648  -46.811  -32.663  13.982 0.4000000060
37623  -46.610  -31.436  13.471 0.4000000060
37634  -47.210  -31.401  12.769 0.3000000119
36649  -47.236  -32.507  13.597 0.4000000060
103635  -47.620  -31.411  11.973 0.4000000060
34981  -40.011  -33.847  14.050 0.6000000238
34982  -40.044  -34.209  14.783 0.6000000238
36629  -40.847  -32.847  15.316 0.6000000238
35774  -41.501  -32.736  16.037 0.5000000000
32639  -33.031  -37.423  11.039 0.6000000238
114453  -33.880  -37.123  10.088 0.6000000238
35789  -39.926  -32.989  13.816 0.6000000238
33433  -34.371  -36.488  9.318 0.6999999881
35788  -39.068  -33.038  13.352 0.6000000238
105200  -42.024  -32.215  15.943 0.5000000000
36623  -42.215  -32.834  16.300 0.4000000060
103838  -35.017  -36.540  9.038 0.6999999881
33440  -34.932  -36.026  8.714 0.6999999881
109675  -38.093  -34.172  12.702 0.6000000238
110967  -38.530  -33.095  12.890 0.6000000238
36631  -42.720  -32.177  15.966 0.5000000000
36632  -43.559  -32.422  15.752 0.5000000000
33434  -35.252  -36.165  8.952 0.8000000119
34253  -35.139  -35.494  8.606 0.8000000119
37610  -43.827  -31.265  14.951 0.4000000060
36633  -44.471  -32.416  15.373 0.4000000060
37611  -44.612  -31.562  14.919 0.4000000060
100157  -44.824  -31.667  10.011 0.5000000000
37650  -44.515  -31.167  11.003 0.5000000000
38587  -45.043  -30.681  11.987 0.5000000000
38568  -44.426  -30.603  13.882 0.4000000060
37612  -45.433  -31.712  14.546 0.4000000060
35013  -35.692  -34.340  9.776 0.6999999881
35816  -36.000  -34.066  10.577 0.6999999881
35806  -36.882  -33.675  11.759 0.6999999881
37687  -44.561  -32.244  9.447 0.5000000000
37651  -45.347  -30.968  11.170 0.5000000000
38577  -45.604  -30.631  12.788 0.4000000060
37622  -45.787  -31.263  13.956 0.4000000060
37688  -45.553  -32.335  9.154 0.4000000060
37670  -45.538  -31.515  10.253 0.4000000060
105939  -45.829  -30.761  11.829 0.4000000060
38578  -46.463  -30.902  12.617 0.4000000060
36685  -46.508  -32.759  8.087 0.4000000060
38588  -46.004  -31.085  10.894 0.4000000060
38589  -46.525  -31.015  11.559 0.4000000060
38579  -47.015  -31.182  12.095 0.4000000060
35781  -40.298  -33.365  14.650 0.6000000238
33422  -32.734  -36.755  10.294 0.5000000000
36646  -39.487  -32.311  13.216 0.6000000238
36647  -40.178  -32.079  13.654 0.6000000238
36639  -40.978  -32.104  14.802 0.5000000000
37608  -41.482  -31.569  14.646 0.5000000000
36630  -41.490  -32.128  15.394 0.5000000000
33432  -33.413  -36.371  9.597 0.6000000238
101609  -38.805  -32.441  12.802 0.6000000238
34244  -34.046  -35.794  8.971 0.6000000238
36653  -38.182  -32.701  12.394 0.6000000238
38559  -43.028  -30.805  14.149 0.5000000000
37601  -42.300  -31.596  15.305 0.5000000000
35030  -34.770  -34.712  8.347 0.8000000119
38586  -43.548  -31.051  11.656 0.5000000000
38566  -42.646  -30.770  13.399 0.5000000000
38560  -43.708  -30.850  14.361 0.5000000000
37602  -43.245  -31.637  15.438 0.5000000000
35797  -37.513  -33.153  12.088 0.6000000238
37668  -43.664  -32.235  9.563 0.5000000000
37667  -42.828  -31.826  10.126 0.5000000000
38575  -43.427  -30.653  12.716 0.5000000000
38567  -43.553  -30.605  13.653 0.5000000000
35023  -35.377  -34.748  8.796 0.8000000119
37669  -44.202  -31.679  10.137 0.5000000000
100111  -44.226  -30.677  12.232 0.5000000000
98178  -44.089  -30.502  13.129 0.5000000000
35805  -36.309  -33.347  10.987 0.6999999881
36661  -36.989  -32.813  11.509 0.6999999881
36697  -44.100  -33.646  7.761 0.5000000000
36683  -44.263  -33.031  8.676 0.4000000060
114461  -45.058  -32.843  8.669 0.4000000060
36638  -40.512  -32.498  14.378 0.5000000000
33431  -32.322  -36.002  9.792 0.5000000000
36654  -39.207  -31.890  12.600 0.6000000238
37618  -39.871  -31.775  12.993 0.6000000238
37607  -40.783  -31.746  14.140 0.5000000000
98866  -33.158  -35.780  9.296 0.5000000000
37620  -41.381  -31.226  13.732 0.5000000000
102447  -31.603  -35.353  9.608 0.5000000000
34242  -32.542  -35.285  9.256 0.5000000000
34243  -33.401  -35.330  8.911 0.5000000000
36663  -38.510  -31.905  12.132 0.6000000238
37630  -39.085  -31.562  12.063 0.6000000238
37648  -42.220  -31.491  11.182 0.5000000000
38574  -42.599  -31.040  12.188 0.5000000000
112369  -42.010  -30.977  13.624 0.5000000000
37644  -38.783  -31.340  11.555 0.6000000238
36662  -37.712  -32.329  11.803 0.6000000238
37649  -43.613  -31.529  10.623 0.5000000000
35831  -34.964  -33.888  8.424 0.6999999881
114209  -43.032  -32.459  9.349 0.5000000000
36693  -35.030  -33.052  8.588 0.6999999881
35833  -44.142  -33.810  7.118 0.4000000060
35821  -35.371  -33.720  9.075 0.8000000119
36672  -35.932  -32.634  10.442 0.6999999881
113544  -44.554  -33.687  7.273 0.5000000000
36709  -45.113  -33.544  6.997 0.5000000000
35815  -35.672  -33.465  10.137 0.8000000119
103704  -45.026  -33.491  7.711 0.4000000060
36684  -45.918  -33.092  7.861 0.5000000000
38628  -47.107  -31.856  7.015 0.4000000060
38616  -47.528  -31.219  7.504 0.5000000000
39525  -46.948  -30.080  8.906 0.5000000000
38629  -48.198  -31.464  7.356 0.5000000000
39526  -47.771  -30.393  8.249 0.5000000000
39507  -47.402  -29.466  9.597 0.5000000000
37619  -40.568  -31.551  13.355 0.6000000238
37631  -39.648  -31.620  12.279 0.6000000238
37632  -40.330  -31.521  12.572 0.6000000238
96938  -41.066  -31.257  12.818 0.5000000000
38565  -41.853  -30.994  12.996 0.5000000000
35028  -32.311  -33.880  8.627 0.5000000000
35022  -33.077  -34.634  8.684 0.5000000000
35029  -33.987  -34.423  8.311 0.6999999881
37645  -39.455  -31.399  11.556 0.6000000238
37646  -40.140  -31.494  11.745 0.6000000238
37666  -41.864  -31.847  10.136 0.5000000000
37633  -41.653  -31.285  12.075 0.5000000000
35021  -31.462  -34.511  9.219 0.5000000000
102123  -33.409  -33.884  8.295 0.6000000238
37647  -41.356  -31.478  11.143 0.5000000000
95884  -34.280  -33.739  8.160 0.6999999881
37686  -42.398  -32.646  9.032 0.5000000000
35830  -34.516  -33.078  8.187 0.6999999881
38585  -38.489  -31.040  11.102 0.6000000238
36696  -43.378  -33.753  7.488 0.5000000000
35832  -43.419  -33.862  6.949 0.6000000238
36695  -42.600  -33.687  7.232 0.4000000060
35838  -43.417  -33.508  6.717 0.5000000000
108717  -36.573  -32.503  10.959 0.6999999881
37642  -37.168  -31.997  11.215 0.6999999881
35839  -44.314  -33.795  7.032 0.5000000000
38614  -45.325  -30.477  8.576 0.4000000060
106772  -45.522  -29.915  9.239 0.4000000060
37662  -36.465  -31.777  10.574 0.6999999881
38615  -46.376  -30.607  8.321 0.4000000060
37682  -35.860  -31.228  9.982 0.6999999881
110628  -35.036  -32.335  8.839 0.6999999881
109920  -48.658  -29.974  8.389 0.5000000000
39508  -48.169  -29.618  9.100 0.5000000000
97325  -40.858  -31.423  11.952 0.5000000000
97867  -40.024  -31.413  10.757 0.6000000238
100832  -32.804  -33.350  8.313 0.6000000238
37685  -41.448  -32.282  9.049 0.5000000000
35829  -33.602  -33.206  8.026 0.6000000238
37664  -39.173  -31.065  10.793 0.5000000000
36680  -41.893  -33.278  7.994 0.5000000000
35837  -34.123  -33.012  7.881 0.6999999881
36681  -42.666  -33.503  8.030 0.5000000000
36694  -41.673  -33.205  6.824 0.6000000238
36707  -42.568  -33.476  6.616 0.5000000000
36705  -34.226  -32.318  7.773 0.6999999881
37663  -37.383  -31.250  10.806 0.6999999881
104009  -43.126  -30.703  7.471 0.5000000000
98219  -43.428  -29.871  9.208 0.4000000060
38595  -36.788  -30.819  10.334 0.6999999881
37714  -43.392  -32.746  6.526 0.5000000000
37700  -44.086  -31.115  7.660 0.5000000000
38613  -44.258  -30.276  8.734 0.4000000060
39523  -44.757  -29.785  9.491 0.4000000060
37661  -35.667  -32.001  10.099 0.6999999881
106244  -45.335  -29.390  10.178 0.4000000060
111856  -45.941  -29.293  10.292 0.4000000060
36692  -34.677  -32.389  8.228 0.6999999881
38607  -35.201  -30.789  9.239 0.6999999881
39524  -46.087  -29.669  9.533 0.4000000060
39506  -46.566  -29.243  10.237 0.4000000060
37697  -34.860  -31.676  8.627 0.6999999881
40391  -47.175  -28.818  10.534 0.4000000060
40402  -48.839  -29.155  9.341 0.5000000000
96233  -47.895  -28.803  10.252 0.5000000000
113314  -40.287  -31.541  9.919 0.5000000000
95892  -40.875  -31.665  10.205 0.5000000000
37684  -40.529  -31.789  8.984 0.5000000000
37699  -41.143  -32.557  7.888 0.5000000000
36691  -32.704  -32.686  8.100 0.6000000238
36704  -33.622  -32.554  7.767 0.6000000238
37665  -39.750  -31.245  9.735 0.5000000000
38598  -39.109  -30.719  10.013 0.5000000000
36706  -41.850  -32.813  5.991 0.5000000000
38597  -38.474  -30.603  10.459 0.6000000238
38610  -38.726  -30.179  9.654 0.6999999881
37713  -42.586  -31.956  6.160 0.5000000000
38612  -43.352  -30.273  8.351 0.4000000060
38596  -37.697  -30.537  10.448 0.8000000119
114508  -42.543  -31.269  6.251 0.5000000000
39522  -43.895  -29.648  9.783 0.4000000060
39505  -44.428  -29.340  10.412 0.4000000060
39494  -44.893  -28.899  11.070 0.4000000060
37696  -34.537  -31.630  7.884 0.6999999881
39516  -37.710  -29.246  9.466 0.6000000238
40390  -45.802  -28.829  10.984 0.4000000060
38608  -36.206  -30.297  9.773 0.6999999881
39515  -36.746  -29.350  9.490 0.6000000238
40398  -37.968  -28.769  8.769 0.6000000238
40378  -46.625  -28.422  11.246 0.4000000060
38622  -34.815  -30.111  8.597 0.6999999881
39514  -35.585  -29.731  9.187 0.6000000238
39533  -36.256  -28.858  8.812 0.6000000238
40397  -37.295  -28.561  9.031 0.6000000238
40410  -36.796  -28.105  8.341 0.6000000238
40411  -37.483  -28.361  8.113 0.6000000238
40380  -48.065  -28.089  10.830 0.5000000000
41231  -37.164  -27.849  7.561 0.6000000238
112251  -48.372  -28.974  9.805 0.5000000000
40393  -49.217  -28.423  9.831 0.5000000000
37708  -31.613  -31.106  7.644 0.5000000000
37698  -40.503  -31.918  7.585 0.6000000238
114748  -40.964  -32.485  6.845 0.6000000238
37709  -33.013  -31.244  7.455 0.6000000238
97223  -33.639  -31.918  7.582 0.6000000238
37683  -39.888  -31.338  8.408 0.6000000238
37712  -41.122  -32.456  5.964 0.5000000000
37724  -41.540  -31.751  5.567 0.5000000000
37725  -42.061  -32.111  5.810 0.5000000000
38637  -33.318  -30.587  7.285 0.6000000238
38611  -39.349  -30.679  9.118 0.6000000238
38623  -39.498  -30.651  7.790 0.6000000238
38651  -42.083  -31.172  5.632 0.5000000000
39520  -41.856  -29.649  8.353 0.5000000000
39503  -42.960  -29.468  10.045 0.4000000060
38621  -34.472  -30.729  7.713 0.6999999881
38638  -33.962  -30.268  7.172 0.6000000238
39501  -38.102  -29.902  9.948 0.6999999881
39518  -38.950  -29.996  8.599 0.6000000238
38641  -42.438  -30.702  6.515 0.5000000000
38625  -42.550  -30.155  7.769 0.5000000000
39504  -43.640  -29.221  10.692 0.4000000060
40377  -45.279  -28.371  11.815 0.4000000060
38609  -37.249  -29.988  9.964 0.6999999881
39517  -38.346  -29.462  9.227 0.6999999881
39547  -38.849  -29.176  6.161 0.6999999881
38650  -41.302  -30.695  5.319 0.5000000000
39536  -41.864  -29.958  6.863 0.5000000000
98471  -45.959  -28.273  11.759 0.4000000060
39531  -34.544  -29.747  7.650 0.6000000238
40412  -38.173  -28.671  7.351 0.6000000238
39560  -39.336  -28.905  4.899 0.6999999881
40367  -46.332  -27.759  11.956 0.4000000060
39532  -35.173  -29.218  8.451 0.6000000238
40423  -38.648  -28.582  5.522 0.6000000238
40430  -39.184  -28.359  4.846 0.6000000238
41206  -47.028  -27.618  11.636 0.4000000060
40409  -35.748  -28.313  8.091 0.6000000238
40422  -38.464  -27.992  5.102 0.6000000238
41253  -39.386  -28.091  4.882 0.6000000238
41207  -47.806  -27.482  11.373 0.4000000060
41241  -37.415  -27.634  6.274 0.6000000238
41252  -38.808  -27.592  4.834 0.6000000238
41216  -48.520  -27.550  10.887 0.5000000000
41217  -49.179  -27.773  10.371 0.5000000000
41218  -49.658  -27.177  10.300 0.5000000000
38624  -40.214  -31.101  7.044 0.6000000238
37711  -40.649  -31.793  6.293 0.6000000238
37723  -40.911  -31.352  5.386 0.5000000000
38636  -32.161  -30.348  7.359 0.6000000238
38639  -39.788  -30.365  6.111 0.6000000238
111756  -32.835  -29.658  6.931 0.6000000238
39546  -33.909  -29.297  6.694 0.6000000238
39548  -39.524  -29.577  5.187 0.6000000238
39562  -40.345  -29.620  4.924 0.5000000000
40414  -40.474  -28.700  6.638 0.5000000000
39519  -41.076  -29.378  7.339 0.5000000000
40375  -43.520  -28.578  11.581 0.4000000060
40376  -44.444  -28.437  11.810 0.4000000060
39535  -39.215  -29.799  7.066 0.6999999881
39561  -39.865  -29.200  4.824 0.5000000000
39550  -41.041  -29.970  5.114 0.5000000000
114271  -41.373  -29.774  5.815 0.5000000000
40366  -45.638  -27.834  12.225 0.4000000060
40408  -34.805  -28.832  7.483 0.6000000238
41243  -39.563  -27.750  5.679 0.6000000238
41194  -46.639  -27.203  12.080 0.4000000060
40421  -35.239  -28.036  7.079 0.6000000238
98166  -35.711  -27.480  6.421 0.6000000238
41240  -36.445  -27.630  7.309 0.6000000238
42095  -48.311  -26.643  11.429 0.4000000060
42084  -47.299  -26.789  11.901 0.4000000060
41251  -37.995  -27.367  4.693 0.6000000238
42096  -49.020  -26.149  11.035 0.4000000060
113156  -49.488  -26.541  10.628 0.5000000000
42105  -50.077  -26.513  10.296 0.4000000060
38640  -40.421  -30.820  5.547 0.6000000238
40386  -40.714  -28.434  9.840 0.5000000000
40401  -41.202  -29.131  9.087 0.5000000000
39502  -42.004  -29.374  9.659 0.5000000000
40374  -42.589  -28.394  11.500 0.4000000060
39559  -33.404  -28.429  6.302 0.6000000238
40420  -34.263  -28.480  6.465 0.6000000238
38648  -40.115  -29.942  4.887 0.6000000238
40364  -43.942  -27.898  12.297 0.4000000060
40365  -44.836  -27.892  12.328 0.4000000060
40432  -40.125  -28.769  5.012 0.5000000000
41239  -34.629  -27.748  6.013 0.6000000238
41232  -39.115  -27.182  6.587 0.6000000238
43023  -47.728  -25.927  11.829 0.4000000060
41260  -38.160  -26.919  4.415 0.6000000238
41242  -39.134  -27.423  5.097 0.6000000238
43870  -49.819  -24.946  10.759 0.3000000119
43033  -49.673  -25.849  10.701 0.4000000060
43871  -50.542  -24.656  10.355 0.3000000119
40387  -41.460  -28.718  10.299 0.5000000000
41190  -43.458  -27.179  12.447 0.5000000000
40400  -40.531  -28.687  8.458 0.5000000000
41224  -39.989  -28.099  9.363 0.6000000238
40363  -43.025  -27.813  12.179 0.4000000060
41191  -44.368  -27.235  12.470 0.4000000060
41249  -35.455  -26.928  5.575 0.6000000238
40399  -39.970  -28.147  7.857 0.6000000238
41192  -45.253  -27.262  12.453 0.4000000060
42082  -45.693  -26.629  12.401 0.4000000060
42130  -36.479  -26.515  4.394 0.6000000238
41233  -39.512  -27.628  7.258 0.6999999881
43011  -46.882  -26.039  12.107 0.3000000119
42137  -37.215  -26.227  4.155 0.6000000238
41222  -38.935  -27.097  8.209 0.6000000238
101034  -47.138  -25.313  11.762 0.3000000119
41259  -37.562  -26.858  4.429 0.6000000238
42138  -38.130  -26.640  4.449 0.6000000238
105862  -38.665  -26.951  4.661 0.6000000238
42117  -38.522  -26.557  7.528 0.6000000238
43024  -48.452  -25.645  11.431 0.3000000119
43853  -49.119  -25.253  11.138 0.3000000119
43869  -49.046  -24.185  11.055 0.3000000119
99985  -49.892  -24.155  10.662 0.3000000119
44675  -50.483  -23.761  10.355 0.3000000119
41214  -40.263  -27.758  10.532 0.6000000238
41215  -40.963  -28.078  10.939 0.5000000000
41205  -42.164  -27.628  11.915 0.5000000000
41189  -42.589  -27.025  12.376 0.5000000000
42080  -43.836  -26.484  12.328 0.4000000060
42081  -44.829  -26.585  12.394 0.4000000060
42129  -35.104  -26.235  4.823 0.6000000238
42136  -35.516  -25.643  3.812 0.6000000238
41223  -39.468  -27.562  8.794 0.6000000238
43009  -45.313  -25.903  12.131 0.3000000119
43010  -46.136  -26.123  12.249 0.3000000119
43070  -36.700  -25.462  4.019 0.6000000238
43062  -37.655  -26.039  4.488 0.6000000238
104561  -37.604  -25.580  5.954 0.6000000238
95173  -47.895  -25.095  11.556 0.3000000119
42131  -38.327  -26.389  5.127 0.6000000238
42116  -38.122  -26.058  6.747 0.6000000238
44659  -48.068  -24.286  11.328 0.3000000119
112454  -48.917  -23.489  10.779 0.3000000119
111477  -49.571  -23.396  10.577 0.3000000119
44689  -50.370  -22.814  10.174 0.3000000119
95603  -40.592  -27.382  11.425 0.6000000238
41204  -41.343  -27.545  11.680 0.5000000000
41188  -41.698  -26.908  12.248 0.5000000000
42103  -39.329  -26.485  10.527 0.6000000238
41203  -39.908  -27.065  11.063 0.6000000238
43007  -43.739  -25.691  12.015 0.4000000060
98742  -44.447  -26.044  12.139 0.4000000060
42143  -36.011  -25.368  3.773 0.6000000238
107911  -38.691  -26.267  9.898 0.6000000238
100216  -45.974  -24.711  11.425 0.3000000119
43061  -36.828  -25.035  5.247 0.6000000238
101486  -38.539  -26.375  8.941 0.6000000238
43850  -46.638  -24.255  11.276 0.3000000119
43049  -37.978  -25.646  8.315 0.6000000238
43851  -47.302  -24.569  11.478 0.3000000119
97882  -37.548  -25.288  7.306 0.6000000238
45576  -48.002  -22.732  10.302 0.3000000119
45578  -49.463  -22.546  10.290 0.3000000119
42093  -40.356  -26.663  11.796 0.6000000238
42094  -40.962  -26.983  12.038 0.5000000000
43006  -42.141  -26.165  12.449 0.5000000000
42079  -42.989  -25.917  12.309 0.4000000060
114131  -39.780  -26.385  11.383 0.6000000238
43008  -44.494  -25.460  11.745 0.4000000060
43031  -38.815  -25.717  10.410 0.6000000238
43849  -45.271  -24.710  11.082 0.3000000119
43901  -35.947  -24.417  4.661 0.6000000238
101807  -38.356  -25.650  9.591 0.6000000238
107135  -46.030  -23.808  10.031 0.3000000119
43888  -37.413  -24.478  8.016 0.6000000238
43005  -40.554  -25.434  12.399 0.6000000238
108700  -41.422  -25.201  12.499 0.4000000060
103491  -42.350  -25.354  12.381 0.4000000060
101707  -43.007  -25.111  12.079 0.4000000060
97052  -39.439  -25.754  11.153 0.5000000000
43020  -40.001  -25.850  12.035 0.5000000000
43848  -44.472  -24.805  11.154 0.4000000060
43867  -44.788  -24.479  10.475 0.3000000119
43032  -39.072  -25.039  10.864 0.5000000000
44672  -45.108  -24.108  9.874 0.3000000119
43894  -35.912  -23.863  5.738 0.6000000238
43041  -38.003  -24.804  9.214 0.5000000000
43055  -36.837  -24.514  6.732 0.6000000238
112525  -36.857  -23.858  7.290 0.6000000238
44700  -37.047  -23.094  7.604 0.5000000000
43880  -37.733  -23.791  8.874 0.5000000000
43835  -40.493  -24.712  12.415 0.4000000060
101715  -41.163  -24.122  12.510 0.3000000119
43836  -42.245  -24.402  12.311 0.4000000060
43837  -43.126  -24.275  11.809 0.4000000060
43019  -39.578  -25.115  11.679 0.5000000000
43004  -39.999  -25.139  12.257 0.4000000060
95944  -43.736  -24.251  11.131 0.3000000119
43838  -43.729  -24.987  11.596 0.3000000119
43865  -39.312  -24.349  11.280 0.5000000000
44670  -43.892  -23.949  10.274 0.3000000119
43864  -38.744  -24.293  10.557 0.5000000000
44671  -44.348  -24.070  9.944 0.3000000119
99795  -38.277  -24.160  9.794 0.5000000000
44687  -45.467  -23.614  9.304 0.3000000119
44646  -41.780  -23.391  12.419 0.3000000119
44647  -42.663  -23.456  12.065 0.3000000119
44655  -39.627  -23.657  11.642 0.3000000119
43834  -39.810  -24.491  12.058 0.4000000060
44656  -43.283  -23.462  11.550 0.3000000119
97972  -43.630  -23.540  10.938 0.3000000119
44669  -38.994  -23.438  10.846 0.4000000060
114303  -38.529  -23.612  10.204 0.5000000000
44702  -44.993  -23.503  8.502 0.3000000119
44684  -38.172  -23.209  9.494 0.5000000000
44683  -37.653  -22.562  8.562 0.4000000060
45551  -41.377  -22.557  12.365 0.3000000119
45552  -42.254  -22.647  12.277 0.3000000119
111273  -40.660  -22.453  12.172 0.3000000119
44644  -40.276  -23.840  12.255 0.3000000119
45562  -40.071  -22.847  11.842 0.3000000119
45575  -43.750  -23.151  10.171 0.3000000119
45574  -39.000  -22.302  10.586 0.3000000119
101212  -39.443  -22.874  11.241 0.3000000119
45589  -43.959  -23.085  9.142 0.3000000119
44685  -44.134  -23.574  9.552 0.3000000119
44668  -38.548  -22.740  10.078 0.4000000060
113969  -44.118  -23.019  8.566 0.3000000119
45607  -44.731  -23.179  7.757 0.3000000119
45588  -38.138  -22.021  9.216 0.4000000060
45622  -44.997  -23.087  7.050 0.3000000119
45623  -45.815  -22.804  7.404 0.3000000119
44645  -40.840  -23.193  12.402 0.3000000119
46491  -41.840  -21.881  12.246 0.3000000119
45563  -42.982  -22.661  11.870 0.3000000119
45550  -40.951  -21.802  12.131 0.3000000119
46505  -43.200  -21.807  11.553 0.3000000119
98718  -43.630  -22.047  10.689 0.3000000119
45561  -39.554  -21.929  11.113 0.3000000119
97179  -43.807  -22.292  9.699 0.3000000119
95184  -43.907  -22.509  8.638 0.3000000119
45573  -38.568  -21.538  9.739 0.4000000060
45606  -43.875  -22.441  7.660 0.3000000119
102569  -44.262  -22.944  7.986 0.3000000119
46525  -38.058  -20.599  8.907 0.4000000060
45621  -44.341  -22.781  7.036 0.3000000119
46558  -43.981  -22.182  6.216 0.3000000119
45629  -44.661  -22.459  6.375 0.3000000119
46576  -45.367  -21.946  6.198 0.3000000119
46504  -42.421  -21.207  11.906 0.3000000119
105329  -42.598  -22.026  12.072 0.3000000119
46503  -41.364  -21.097  11.965 0.3000000119
105715  -43.114  -20.948  11.497 0.3000000119
108042  -43.492  -21.094  11.004 0.3000000119
46502  -40.506  -20.942  11.612 0.3000000119
108265  -43.759  -21.327  10.165 0.3000000119
46526  -43.833  -21.660  9.312 0.3000000119
46501  -39.606  -20.540  10.817 0.3000000119
47458  -43.865  -20.814  9.478 0.3000000119
47470  -43.841  -20.402  8.714 0.3000000119
46515  -39.045  -20.963  10.149 0.4000000060
46542  -43.747  -21.510  8.408 0.3000000119
46514  -38.473  -20.298  9.385 0.4000000060
46557  -43.637  -21.792  7.417 0.3000000119
112144  -44.247  -22.084  5.940 0.3000000119
102914  -37.945  -19.412  8.909 0.4000000060
46575  -44.618  -21.902  5.742 0.3000000119
106652  -44.432  -21.423  5.321 0.3000000119
47437  -41.773  -20.384  11.787 0.3000000119
47438  -42.647  -20.368  11.609 0.3000000119
47449  -43.759  -20.291  10.458 0.3000000119
48366  -44.016  -19.892  9.589 0.3000000119
47435  -39.959  -19.910  11.221 0.3000000119
48378  -43.686  -20.002  8.111 0.3000000119
47489  -43.567  -20.884  7.615 0.3000000119
112107  -43.428  -20.859  6.832 0.3000000119
102504  -43.548  -21.550  6.641 0.3000000119
46569  -43.598  -21.524  5.842 0.3000000119
46574  -43.960  -21.665  5.542 0.3000000119
47457  -37.918  -18.951  9.232 0.3000000119
47516  -44.766  -20.763  5.046 0.3000000119
48427  -45.145  -19.909  4.719 0.3000000119
48352  -42.128  -19.749  11.627 0.3000000119
47439  -43.311  -20.284  11.229 0.3000000119
106593  -43.924  -19.334  10.266 0.3000000119
101749  -41.207  -19.451  11.667 0.3000000119
48373  -43.973  -19.534  8.887 0.3000000119
48389  -43.489  -20.079  7.121 0.3000000119
47503  -43.275  -20.858  6.015 0.3000000119
47514  -43.402  -21.089  5.283 0.3000000119
96970  -43.138  -20.355  5.262 0.3000000119
47515  -43.875  -21.108  4.990 0.3000000119
47520  -43.359  -20.364  4.873 0.3000000119
103810  -44.575  -19.642  4.399 0.3000000119
104694  -42.058  -18.858  11.552 0.3000000119
48354  -43.495  -19.473  10.979 0.3000000119
49192  -42.454  -18.014  11.386 0.3000000119
49193  -43.041  -18.761  11.275 0.3000000119
49208  -43.638  -18.710  10.694 0.3000000119
104973  -44.057  -18.626  10.017 0.3000000119
104553  -41.114  -18.573  11.731 0.3000000119
96300  -40.199  -18.792  11.656 0.3000000119
113323  -43.114  -19.802  4.776 0.3000000119
48425  -43.134  -19.543  4.516 0.3000000119
50038  -42.007  -17.253  11.505 0.3000000119
50037  -41.339  -17.118  11.787 0.3000000119
49191  -41.458  -17.868  11.689 0.3000000119
50017  -40.677  -17.314  12.148 0.3000000119
49190  -40.564  -18.068  11.957 0.3000000119
40431  -39.574  -28.597  4.905 0.6999999881
39549  -40.740  -29.406  5.498 0.5000000000
40424  -39.730  -28.271  5.111 0.6000000238
19053  -42.894  -54.991  20.069 0.3000000119
19833  -42.159  -54.776  20.087 0.3000000119
19070  -42.432  -55.226  19.656 0.3000000119
105746  -41.686  -55.652  19.237 0.4000000060
106745  -40.994  -55.729  18.852 0.4000000060
18293  -40.351  -56.196  18.541 0.4000000060
19082  -39.908  -55.879  17.989 0.4000000060
114029  -39.822  -54.975  17.062 0.4000000060
20668  -39.919  -53.860  16.592 0.4000000060
22318  -40.581  -51.892  16.187 0.4000000060
20669  -40.096  -53.336  16.010 0.4000000060
23091  -40.585  -51.013  16.754 0.4000000060
25262  -41.051  -47.274  18.468 0.4000000060
25822  -36.858  -46.104  27.437 0.3000000119
27084  -37.891  -45.028  27.642 0.3000000119
107640  -39.158  -44.248  27.150 0.3000000119
25922  -41.438  -46.410  18.192 0.5000000000
27114  -41.589  -44.154  25.872 0.3000000119
27828  -42.150  -43.731  25.268 0.3000000119
26574  -42.420  -45.574  17.447 0.5000000000
31017  -46.730  -39.709  19.263 0.3000000119
31016  -46.190  -39.286  19.672 0.3000000119
31025  -46.979  -39.323  18.529 0.3000000119
27919  -41.503  -43.466  16.754 0.6000000238
31773  -46.600  -38.550  18.242 0.4000000060
100110  -41.680  -43.905  16.153 0.6000000238
32592  -47.053  -37.800  16.535 0.4000000060
32603  -46.400  -37.410  15.163 0.4000000060
106707  -46.985  -37.913  13.975 0.4000000060
32623  -47.018  -37.825  13.183 0.4000000060
29461  -35.416  -41.488  13.514 0.5000000000
28676  -40.539  -42.792  13.051 0.6999999881
33414  -47.467  -37.185  11.913 0.4000000060
28680  -40.089  -42.063  12.596 0.6999999881
30270  -35.503  -40.565  12.410 0.5000000000
30277  -35.790  -40.347  11.685 0.5000000000
30284  -36.101  -40.110  10.862 0.6000000238
31090  -36.551  -39.752  10.112 0.8000000119
30265  -39.134  -40.680  13.218 0.8000000119
29464  -39.372  -41.523  13.419 0.6999999881
30272  -39.679  -40.150  12.265 0.8000000119
33416  -48.478  -36.049  11.212 0.4000000060
31842  -36.109  -38.090  9.682 0.8000000119
31824  -40.278  -38.185  11.292 0.8000000119
30279  -40.442  -39.810  11.267 0.8000000119
34226  -48.748  -35.000  11.666 0.4000000060
111009  -40.294  -38.010  10.866 0.8000000119
33425  -37.238  -36.946  10.795 0.6999999881
32653  -40.044  -37.691  10.752 0.8000000119
34224  -37.125  -35.809  11.553 0.6999999881
32640  -38.442  -37.024  11.067 0.6000000238
36664  -48.888  -32.533  11.835 0.3000000119
38599  -46.358  -31.542  10.083 0.4000000060
37636  -48.319  -31.845  11.926 0.4000000060
94822  -46.479  -32.160  9.117 0.4000000060
37671  -47.259  -31.809  9.271 0.4000000060
38601  -47.488  -31.410  10.365 0.4000000060
38590  -47.223  -31.256  11.287 0.4000000060
36699  -46.612  -32.996  7.111 0.4000000060
37690  -48.086  -32.145  7.793 0.4000000060
37703  -47.711  -32.067  7.227 0.5000000000
37716  -46.359  -33.119  6.960 0.5000000000
37704  -48.382  -31.874  7.511 0.4000000060
39537  -48.364  -30.619  7.773 0.5000000000
37701  -45.100  -32.039  7.165 0.5000000000
38627  -46.109  -31.296  7.596 0.4000000060
41225  -49.807  -27.953  9.708 0.5000000000
110214  -50.419  -27.763  9.282 0.5000000000
37695  -30.130  -30.980  7.891 0.5000000000
41226  -50.305  -27.213  9.808 0.5000000000
43034  -50.519  -25.682  10.267 0.4000000060
38635  -30.471  -29.995  7.575 0.6000000238
39545  -31.382  -29.358  7.279 0.6000000238
43872  -51.200  -24.310  9.895 0.3000000119
39558  -32.721  -28.669  6.537 0.6000000238
41238  -33.488  -27.809  5.818 0.6000000238
44690  -51.157  -23.439  9.894 0.3000000119
45595  -51.229  -22.611  9.702 0.3000000119
42128  -33.902  -26.837  5.317 0.6000000238
43907  -35.712  -24.842  3.839 0.6000000238
44716  -35.197  -23.266  4.913 0.6000000238
43895  -36.152  -23.068  6.452 0.6000000238
44709  -35.146  -22.579  5.359 0.6000000238
45587  -37.552  -21.167  8.361 0.4000000060
46524  -37.327  -19.922  8.356 0.4000000060
48417  -42.991  -19.413  5.289 0.3000000119
49270  -42.805  -18.768  4.423 0.3000000119
48429  -43.437  -19.100  3.995 0.3000000119
49271  -44.406  -19.074  3.970 0.3000000119
49170  -40.040  -17.718  12.283 0.3000000119
32633  -47.194  -37.584  12.438 0.4000000060
39538  -48.845  -30.681  7.559 0.5000000000
20620  -38.707  -53.112  21.528 0.3000000119
20621  -39.307  -53.686  21.053 0.3000000119
20633  -38.888  -53.059  20.612 0.3000000119
20652  -39.796  -53.406  18.382 0.4000000060
95213  -38.147  -51.063  21.207 0.3000000119
21443  -38.677  -52.208  20.263 0.3000000119
25259  -40.354  -47.333  19.037 0.4000000060
23719  -37.135  -49.939  24.686 0.3000000119
23777  -39.277  -49.446  19.570 0.4000000060
25216  -37.299  -47.412  23.210 0.3000000119
27827  -41.439  -43.210  25.688 0.3000000119
28561  -39.873  -42.463  25.821 0.3000000119
106388  -40.860  -40.985  24.587 0.3000000119
30164  -43.410  -40.511  23.001 0.3000000119
30996  -44.222  -39.555  21.864 0.3000000119
30136  -39.001  -40.826  24.109 0.3000000119
30149  -39.297  -40.294  23.465 0.3000000119
30138  -40.505  -40.461  24.264 0.3000000119
102930  -40.174  -39.957  23.760 0.3000000119
31009  -46.422  -39.996  20.026 0.3000000119
30981  -40.423  -38.933  22.734 0.3000000119
31765  -46.410  -38.877  19.059 0.4000000060
29441  -40.105  -41.888  17.141 0.6000000238
31752  -39.728  -38.780  21.144 0.3000000119
114880  -47.043  -37.592  15.773 0.4000000060
32570  -39.903  -37.871  18.800 0.4000000060
31042  -38.293  -39.894  16.104 0.6999999881
29456  -38.399  -41.268  15.037 0.6999999881
104664  -42.735  -36.249  17.723 0.4000000060
31787  -38.909  -38.529  17.120 0.6000000238
32615  -45.528  -37.344  13.922 0.4000000060
29457  -39.040  -41.788  14.440 0.6999999881
33396  -45.931  -37.072  13.488 0.4000000060
33403  -47.075  -36.719  12.429 0.4000000060
29454  -34.538  -41.142  14.032 0.3000000119
32591  -38.950  -37.831  16.569 0.6000000238
29463  -38.684  -41.014  14.120 0.6999999881
34191  -42.997  -36.366  15.664 0.5000000000
30264  -38.509  -40.182  13.909 0.6999999881
101539  -38.951  -39.948  13.171 0.6999999881
34985  -46.287  -34.467  14.145 0.4000000060
35000  -38.537  -34.727  12.957 0.6000000238
32641  -39.606  -37.198  11.170 0.6999999881
32652  -39.079  -37.561  10.653 0.8000000119
34225  -37.388  -35.252  12.081 0.6000000238
35009  -49.124  -34.168  11.653 0.4000000060
35807  -48.821  -33.413  12.162 0.3000000119
100816  -40.493  -33.839  15.485 0.6999999881
35007  -36.649  -35.114  11.487 0.6999999881
35773  -41.026  -33.481  16.067 0.4000000060
36640  -45.097  -32.168  15.007 0.3000000119
103520  -46.892  -32.078  13.747 0.3000000119
37635  -47.821  -31.960  12.667 0.3000000119
34252  -34.734  -35.437  8.526 0.6999999881
38561  -44.318  -31.000  14.509 0.4000000060
38562  -45.012  -31.017  14.313 0.4000000060
38576  -44.799  -30.532  12.988 0.4000000060
38569  -45.297  -30.733  13.619 0.4000000060
38570  -45.978  -30.925  13.340 0.4000000060
38600  -46.750  -31.311  10.591 0.4000000060
37621  -42.238  -31.056  14.283 0.5000000000
34251  -34.060  -35.078  8.525 0.6999999881
108076  -42.973  -31.418  11.187 0.5000000000
36671  -35.361  -32.697  9.564 0.8000000119
37643  -37.995  -31.479  11.434 0.6999999881
36710  -45.734  -33.438  7.021 0.5000000000
37681  -35.278  -31.776  9.435 0.6999999881
35828  -31.620  -33.095  8.485 0.5000000000
111249  -40.649  -31.444  11.176 0.5000000000
96198  -44.323  -32.390  6.875 0.5000000000
38584  -37.998  -30.895  10.949 0.6999999881
38626  -45.180  -31.211  7.779 0.4000000060
38642  -43.210  -31.533  6.829 0.5000000000
40379  -47.446  -28.219  11.058 0.4000000060
40392  -48.613  -28.411  10.274 0.5000000000
36703  -32.729  -31.945  7.730 0.5000000000
37710  -34.040  -31.294  7.458 0.6999999881
106666  -37.829  -28.152  6.666 0.6000000238
39521  -42.683  -29.800  8.947 0.4000000060
39534  -38.516  -29.320  7.988 0.6999999881
42083  -46.471  -26.687  12.242 0.4000000060
40413  -40.003  -28.100  6.080 0.6999999881
41250  -36.740  -27.226  5.681 0.6000000238
40388  -42.262  -28.940  10.676 0.4000000060
42122  -38.781  -26.736  5.803 0.6000000238
40373  -41.766  -28.238  11.225 0.5000000000
109014  -42.998  -26.568  12.406 0.4000000060
109706  -46.652  -24.824  11.581 0.3000000119
42110  -39.028  -26.898  9.487 0.6000000238
95200  -39.594  -27.365  10.058 0.6000000238
44674  -48.227  -23.492  10.899 0.3000000119
43021  -45.296  -25.166  11.571 0.4000000060
44658  -47.377  -23.859  11.181 0.3000000119
44673  -47.417  -23.399  10.586 0.3000000119
42078  -40.993  -26.200  12.384 0.5000000000
95968  -38.438  -24.980  10.161 0.5000000000
43866  -44.164  -24.339  10.503 0.3000000119
44686  -44.652  -23.683  9.288 0.3000000119
45564  -43.454  -22.767  11.232 0.3000000119
44701  -44.410  -23.261  8.649 0.3000000119
45630  -45.529  -22.501  6.743 0.3000000119
98922  -40.231  -21.801  11.665 0.3000000119
108050  -43.825  -22.298  6.898 0.3000000119
47517  -45.355  -21.225  5.647 0.3000000119
47436  -40.850  -20.248  11.686 0.3000000119
48353  -42.858  -19.578  11.440 0.3000000119
111193  -40.345  -19.462  11.480 0.3000000119
47521  -44.161  -20.341  4.696 0.3000000119
109037  -44.076  -19.181  9.593 0.3000000119
49228  -43.517  -19.033  7.125 0.3000000119
48403  -43.233  -19.793  6.105 0.3000000119
48426  -43.740  -19.703  4.468 0.3000000119
50040  -43.256  -18.005  10.979 0.3000000119
49189  -39.698  -18.285  12.018 0.3000000119
48416  -42.870  -18.938  4.692 0.3000000119
19877  -40.234  -54.335  15.763 0.4000000060
31832  -40.426  -38.724  10.785 0.8000000119
45620  -36.284  -21.796  6.471 0.5000000000
37702  -46.917  -32.508  7.149 0.4000000060
40425  -50.736  -29.234  4.996 0.3000000119
40416  -50.590  -29.250  6.757 0.4000000060
40433  -51.038  -28.857  4.769 0.3000000119
40415  -50.006  -29.446  8.018 0.4000000060
39527  -49.218  -29.794  8.304 0.4000000060
41254  -51.746  -28.233  5.843 0.3000000119
110720  -50.513  -28.667  7.999 0.4000000060
40417  -50.975  -28.243  7.401 0.3000000119
40404  -50.192  -28.433  8.843 0.4000000060
41235  -51.326  -27.263  8.159 0.3000000119
41234  -50.727  -27.912  8.527 0.4000000060
42119  -52.208  -26.136  7.695 0.3000000119
41227  -50.955  -27.279  9.244 0.4000000060
43050  -52.147  -25.618  8.410 0.3000000119
43043  -51.663  -25.816  9.171 0.3000000119
43042  -51.193  -26.001  9.711 0.3000000119
43882  -51.854  -24.867  9.157 0.3000000119
39556  -30.963  -28.589  7.460 0.5000000000
40419  -31.448  -28.077  7.264 0.5000000000
40428  -31.890  -28.102  6.858 0.5000000000
111815  -32.374  -27.570  6.497 0.5000000000
40429  -32.600  -27.685  6.118 0.5000000000
44691  -51.880  -23.308  9.343 0.3000000119
43881  -51.195  -25.210  9.801 0.3000000119
41258  -32.769  -26.180  5.056 0.5000000000
103063  -34.150  -24.907  3.616 0.5000000000
43053  -32.598  -25.949  5.972 0.5000000000
43054  -33.088  -24.850  5.267 0.5000000000
43059  -32.700  -25.505  4.915 0.5000000000
43060  -33.156  -24.241  4.072 0.4000000060
111640  -33.926  -24.430  6.160 0.5000000000
43899  -33.787  -23.238  3.587 0.5000000000
44714  -34.174  -22.769  4.094 0.5000000000
43893  -34.295  -23.460  6.179 0.4000000060
44708  -34.745  -22.743  5.065 0.4000000060
43887  -34.889  -23.762  7.473 0.4000000060
100263  -34.699  -22.674  6.328 0.5000000000
105834  -35.637  -21.604  5.956 0.4000000060
45604  -35.319  -21.147  6.791 0.5000000000
95729  -35.627  -22.172  6.005 0.4000000060
45618  -35.618  -20.935  5.930 0.4000000060
44699  -35.470  -21.943  8.066 0.3000000119
46539  -35.579  -20.415  7.065 0.3000000119
46555  -35.908  -20.328  6.248 0.3000000119
46556  -36.354  -20.781  6.641 0.3000000119
47502  -35.819  -20.269  6.354 0.3000000119
46540  -35.618  -20.903  7.886 0.3000000119
46522  -35.916  -20.052  7.636 0.3000000119
45605  -37.003  -21.648  7.521 0.3000000119
47486  -35.826  -20.026  6.880 0.3000000119
47468  -36.208  -19.927  7.421 0.3000000119
47469  -36.643  -19.867  7.849 0.3000000119
46541  -36.844  -20.413  7.585 0.3000000119
47455  -36.549  -19.821  8.146 0.3000000119
110482  -36.598  -19.810  8.000 0.3000000119
41237  -32.036  -27.665  7.298 0.5000000000
38653  -51.208  -30.242  5.136 0.3000000119
39539  -49.445  -30.567  7.264 0.4000000060
40407  -31.583  -27.914  7.943 0.4000000060
42114  -32.644  -26.963  6.977 0.4000000060
97404  -33.695  -25.379  6.782 0.5000000000
37715  -45.533  -33.096  6.825 0.4000000060
110905  -35.038  -25.059  3.626 0.5000000000
37689  -47.261  -32.501  7.520 0.4000000060
105632  -46.322  -32.360  6.951 0.3000000119
38630  -48.683  -31.465  7.348 0.4000000060
40403  -49.555  -28.852  9.075 0.4000000060
42111  -50.790  -26.565  9.792 0.3000000119
39557  -31.862  -28.785  6.916 0.5000000000
41248  -32.806  -27.078  5.539 0.5000000000
42135  -33.902  -25.726  4.290 0.5000000000
43069  -34.296  -24.269  3.543 0.5000000000
43900  -34.939  -23.831  4.348 0.5000000000
44715  -34.452  -22.848  4.539 0.5000000000
108567  -50.976  -29.332  4.716 0.3000000119
39552  -50.459  -30.039  6.251 0.4000000060
39540  -50.025  -30.048  6.954 0.4000000060
39551  -49.931  -30.672  6.718 0.4000000060
38631  -49.184  -31.326  7.283 0.4000000060
40426  -51.216  -28.732  6.030 0.3000000119
42118  -51.800  -26.374  8.358 0.3000000119
42112  -51.413  -26.619  9.200 0.3000000119
43883  -52.367  -24.140  8.737 0.3000000119
108291  -30.029  -28.999  7.802 0.5000000000
40406  -30.708  -28.538  7.798 0.5000000000
41247  -32.506  -26.957  5.669 0.5000000000
42127  -32.582  -26.584  5.647 0.5000000000
43067  -33.202  -24.975  4.196 0.5000000000
43068  -33.614  -24.025  3.564 0.5000000000
43892  -33.687  -23.386  4.623 0.4000000060
45619  -35.771  -20.854  5.925 0.3000000119
31091  -37.311  -39.996  9.838 0.6999999881
31839  -40.156  -38.551  10.408 0.6999999881
31838  -39.379  -38.187  10.293 0.6999999881
31844  -38.660  -38.671  9.865 0.6999999881
30291  -38.213  -40.052  9.700 0.6999999881
31097  -37.129  -39.320  9.716 0.6999999881
31837  -38.477  -38.093  10.171 0.6999999881
31098  -37.944  -39.314  9.671 0.6999999881
32659  -36.916  -38.130  9.813 0.6999999881
31843  -36.545  -38.852  9.793 0.6999999881
37652  -48.074  -31.381  10.936 0.3000000119
37672  -48.135  -31.572  9.461 0.3000000119
37673  -48.870  -31.539  10.078 0.3000000119
37691  -48.788  -31.858  8.314 0.3000000119
32651  -37.746  -37.675  10.356 0.6999999881
106888  -37.607  -38.534  9.776 0.6999999881
37692  -49.510  -31.607  9.185 0.3000000119
37705  -50.125  -31.538  8.593 0.3000000119
32650  -36.696  -37.483  10.051 0.6000000238
104438  -49.077  -31.653  7.748 0.3000000119
37717  -49.798  -31.366  7.334 0.3000000119
38643  -49.722  -31.147  6.846 0.3000000119
31083  -40.492  -38.990  11.104 0.6999999881
30273  -40.517  -40.780  11.410 0.6999999881
31084  -40.535  -39.583  10.630 0.6999999881
29471  -37.363  -41.678  11.320 0.6999999881
31093  -40.370  -39.396  10.267 0.6999999881
30294  -40.381  -39.795  9.970 0.6999999881
31845  -39.563  -38.802  9.956 0.6999999881
30285  -36.884  -40.585  10.486 0.6999999881
31092  -40.036  -39.400  9.837 0.6999999881
37653  -48.830  -31.744  11.198 0.3000000119
37674  -49.449  -31.731  10.119 0.3000000119
110874  -50.869  -31.617  8.077 0.3000000119
37718  -50.463  -31.311  6.762 0.3000000119
38644  -50.392  -30.747  6.417 0.3000000119
24557  -43.895  -48.361  16.486 0.4000000060
25269  -44.432  -47.535  16.256 0.4000000060
25267  -43.530  -47.527  16.784 0.4000000060
24553  -42.851  -48.437  17.000 0.4000000060
24558  -44.878  -48.308  15.916 0.4000000060
27202  -42.109  -44.011  16.884 0.5000000000
26575  -42.840  -45.434  16.956 0.4000000060
104518  -42.797  -46.096  17.210 0.4000000060
25929  -43.369  -46.056  16.670 0.4000000060
25925  -42.521  -46.740  17.425 0.4000000060
26580  -43.826  -46.079  16.159 0.5000000000
25930  -44.015  -46.691  16.425 0.4000000060
25270  -45.073  -47.627  15.415 0.4000000060
27199  -42.305  -44.760  17.431 0.4000000060
27203  -42.609  -44.803  16.541 0.5000000000
99616  -44.323  -46.476  15.581 0.5000000000
25273  -45.480  -47.796  14.445 0.5000000000
27208  -42.706  -44.976  15.709 0.5000000000
26586  -43.768  -45.922  15.353 0.5000000000
25936  -44.950  -47.094  14.628 0.5000000000
24580  -45.397  -48.342  12.918 0.5000000000
99922  -44.920  -48.520  12.704 0.5000000000
25935  -44.298  -46.414  14.375 0.5000000000
27218  -42.547  -44.833  14.791 0.6000000238
25283  -45.394  -47.692  13.427 0.5000000000
25947  -44.331  -46.254  13.067 0.5000000000
25948  -44.948  -46.917  13.167 0.5000000000
25291  -44.382  -47.529  12.083 0.6000000238
25292  -44.933  -47.499  12.314 0.5000000000
25956  -43.153  -46.950  12.033 0.5000000000
27923  -41.523  -44.023  15.250 0.6000000238
26598  -43.692  -45.827  14.114 0.6000000238
100348  -41.982  -44.426  14.734 0.6000000238
25957  -44.569  -46.726  12.116 0.5000000000
25960  -43.797  -46.678  11.606 0.6000000238
25959  -42.976  -46.159  11.416 0.5000000000
26605  -40.877  -45.794  12.658 0.5000000000
25955  -41.371  -46.544  13.080 0.5000000000
25958  -41.948  -46.004  11.758 0.5000000000
111758  -37.058  -43.547  14.258 0.4000000060
27217  -42.399  -44.567  13.747 0.6000000238
28674  -37.220  -42.621  13.008 0.5000000000
27227  -42.245  -44.255  12.954 0.6000000238
99754  -43.864  -45.731  12.921 0.5000000000
27939  -37.499  -43.291  13.424 0.5000000000
27228  -43.017  -44.700  12.262 0.6000000238
27940  -38.258  -43.671  13.037 0.5000000000
107045  -43.699  -46.069  11.564 0.6000000238
26614  -42.379  -45.008  10.803 0.6000000238
26604  -39.852  -45.539  13.371 0.5000000000
26610  -42.319  -45.405  11.078 0.5000000000
26609  -41.416  -45.362  11.512 0.5000000000
26613  -41.892  -44.939  10.760 0.5000000000
27933  -36.375  -43.435  14.708 0.4000000060
27938  -36.781  -42.984  13.810 0.5000000000
28677  -36.831  -42.093  12.648 0.5000000000
27936  -41.578  -44.104  13.978 0.6000000238
27943  -37.845  -43.058  12.535 0.5000000000
27942  -41.810  -43.762  12.746 0.6000000238
28679  -38.178  -42.858  11.813 0.5000000000
27233  -42.781  -44.612  11.326 0.6000000238
26611  -43.023  -45.306  11.181 0.6000000238
26615  -42.577  -44.775  10.896 0.6000000238
26608  -40.355  -45.152  12.239 0.5000000000
27236  -42.126  -44.432  10.732 0.6000000238
27231  -40.906  -44.726  11.381 0.5000000000
27230  -39.852  -44.506  11.892 0.5000000000
28669  -36.059  -42.763  14.271 0.4000000060
28673  -36.499  -42.345  13.428 0.5000000000
95370  -36.086  -43.913  15.103 0.4000000060
29470  -36.698  -41.374  11.704 0.5000000000
29474  -36.943  -41.187  11.056 0.5000000000
28683  -37.766  -42.285  11.576 0.5000000000
28681  -41.077  -42.453  11.897 0.6000000238
27946  -41.386  -43.159  12.323 0.6000000238
27944  -38.580  -43.456  12.099 0.5000000000
28682  -41.742  -42.897  11.282 0.6000000238
27952  -41.938  -43.528  10.801 0.6000000238
27237  -41.676  -43.679  10.711 0.5000000000
27945  -39.415  -43.829  11.622 0.5000000000
27234  -40.382  -44.126  11.161 0.5000000000
29466  -36.454  -41.553  12.352 0.5000000000
29475  -37.683  -41.245  10.498 0.6000000238
29472  -38.164  -41.961  10.875 0.5000000000
29469  -40.822  -41.657  11.550 0.6000000238
28684  -38.568  -42.619  11.125 0.5000000000
28687  -41.676  -42.798  10.819 0.6000000238
27949  -38.969  -43.234  11.342 0.5000000000
27954  -41.296  -43.187  10.564 0.5000000000
27950  -39.899  -43.543  10.910 0.5000000000
27953  -40.573  -43.047  10.527 0.5000000000
28672  -35.741  -42.136  13.836 0.4000000060
30278  -36.400  -40.783  11.328 0.4000000060
30287  -38.482  -40.784  9.878 0.6000000238
29476  -38.833  -41.428  10.248 0.6000000238
29473  -41.060  -41.480  10.712 0.6000000238
28688  -39.220  -42.121  10.534 0.5000000000
28685  -39.553  -42.862  10.716 0.5000000000
99030  -40.652  -41.082  10.324 0.6000000238
28689  -40.429  -42.156  10.379 0.5000000000
29462  -36.188  -41.743  13.085 0.5000000000
30271  -36.103  -40.990  12.036 0.4000000060
29465  -35.805  -41.204  12.731 0.4000000060
30292  -39.268  -40.092  9.649 0.6000000238
29479  -39.600  -40.818  9.796 0.6000000238
29477  -39.968  -41.452  10.103 0.5000000000
30288  -40.431  -40.839  9.982 0.5000000000
27225  -38.627  -44.435  13.514 0.5000000000
27229  -39.010  -44.112  12.470 0.5000000000
27226  -39.494  -44.752  12.958 0.5000000000
25924  -42.118  -46.248  17.656 0.4000000060
27207  -42.159  -44.422  15.771 0.6000000238
27941  -41.004  -43.458  13.530 0.6000000238
29468  -39.815  -41.203  12.357 0.6000000238
30280  -40.676  -40.499  10.615 0.6000000238
30289  -40.507  -40.208  10.140 0.6000000238
30293  -40.218  -40.161  9.800 0.6000000238
99823  -44.856  -48.035  12.364 0.5000000000
26612  -44.172  -46.512  11.697 0.6000000238
26606  -43.707  -45.438  12.025 0.6000000238
29467  -37.094  -41.911  11.994 0.5000000000
27232  -42.504  -44.120  11.930 0.6000000238
27235  -41.464  -44.274  10.803 0.5000000000
27947  -42.094  -43.560  11.602 0.6000000238
27951  -40.922  -43.676  10.676 0.5000000000
27955  -41.578  -43.018  10.680 0.6000000238
28691  -41.356  -42.356  10.700 0.6000000238
28690  -41.187  -42.584  10.513 0.6000000238
106502  -40.600  -41.397  10.267 0.5000000000
31779  -46.850  -38.199  17.407 0.3000000119
31788  -47.499  -38.726  16.785 0.3000000119
32604  -47.504  -38.180  15.854 0.3000000119
110424  -48.018  -39.407  16.586 0.3000000119
31043  -47.949  -39.057  15.901 0.3000000119
31051  -48.351  -39.504  15.078 0.3000000119
32617  -47.208  -37.845  14.939 0.3000000119
31795  -47.808  -38.649  15.050 0.3000000119
109766  -48.125  -39.138  14.098 0.3000000119
109119  -47.525  -38.388  14.340 0.3000000119
33426  -48.480  -37.270  10.334 0.3000000119
33427  -49.223  -36.298  10.101 0.3000000119
34227  -49.350  -35.076  10.971 0.3000000119
100388  -49.741  -33.957  11.068 0.3000000119
24569  -45.832  -48.450  13.888 0.4000000060
31780  -47.218  -39.001  17.733 0.3000000119
24570  -46.016  -49.248  13.671 0.4000000060
103148  -48.404  -39.856  15.979 0.3000000119
31059  -48.685  -40.107  14.257 0.3000000119
31803  -47.517  -38.448  13.533 0.3000000119
31814  -47.521  -38.380  12.595 0.3000000119
33415  -47.877  -37.201  11.233 0.3000000119
32643  -48.125  -38.377  10.513 0.3000000119
32654  -49.193  -37.399  9.546 0.3000000119
34235  -49.810  -35.444  10.182 0.3000000119
31072  -48.544  -40.036  13.361 0.3000000119
17517  -35.457  -57.170  18.493 0.4000000060
19081  -36.217  -55.751  18.269 0.3000000119
19088  -36.491  -55.352  17.638 0.3000000119
20667  -36.547  -53.697  16.517 0.3000000119
24568  -39.871  -48.410  14.150 0.4000000060
25282  -40.586  -47.972  14.031 0.4000000060
24576  -40.381  -48.871  13.910 0.4000000060
102545  -40.940  -49.534  13.713 0.4000000060
25945  -39.598  -46.880  14.473 0.4000000060
25954  -40.228  -46.323  13.730 0.4000000060
25946  -40.550  -47.078  14.051 0.4000000060
25288  -41.413  -47.392  13.554 0.4000000060
25289  -42.406  -47.594  13.145 0.4000000060
24577  -41.464  -48.448  13.704 0.4000000060
24578  -42.733  -48.398  13.343 0.4000000060
25942  -36.679  -46.431  14.888 0.3000000119
26596  -39.261  -46.065  14.325 0.4000000060
98770  -42.357  -46.531  12.107 0.4000000060
100737  -37.002  -44.822  15.249 0.3000000119
26593  -36.417  -45.525  15.048 0.3000000119
25290  -43.510  -47.654  12.459 0.4000000060
96035  -42.142  -46.981  12.863 0.4000000060
27224  -37.767  -44.062  14.163 0.4000000060
23107  -40.516  -50.375  13.453 0.4000000060
25281  -39.784  -47.711  14.378 0.4000000060
19089  -39.764  -55.619  17.288 0.3000000119
19871  -39.873  -54.674  16.474 0.3000000119
20676  -40.787  -53.639  15.431 0.3000000119
21481  -40.614  -52.727  15.742 0.3000000119
22319  -41.323  -51.278  15.967 0.3000000119
22325  -43.084  -51.477  15.394 0.3000000119
21484  -44.301  -52.299  15.104 0.3000000119
21490  -45.245  -53.398  14.666 0.3000000119
111354  -44.032  -51.279  15.400 0.3000000119
22326  -45.141  -51.556  15.311 0.3000000119
21485  -45.800  -52.606  15.051 0.3000000119
23094  -43.853  -49.884  16.021 0.3000000119
23793  -44.981  -49.848  15.656 0.3000000119
23099  -45.618  -50.725  15.309 0.3000000119
23790  -44.379  -49.129  16.113 0.3000000119
109058  -46.359  -50.125  14.603 0.3000000119
24561  -45.655  -48.325  14.975 0.3000000119
23794  -45.405  -49.091  15.475 0.3000000119
21482  -41.400  -52.994  15.232 0.3000000119
18278  -40.899  -56.588  19.124 0.4000000060
18279  -41.769  -56.524  19.233 0.4000000060
18280  -42.586  -55.961  19.366 0.3000000119
18291  -35.926  -56.444  18.439 0.3000000119
19071  -43.397  -55.467  19.779 0.3000000119
19095  -39.844  -55.446  16.514 0.3000000119
19866  -39.931  -54.319  17.237 0.4000000060
21486  -46.263  -52.562  14.863 0.3000000119
22293  -38.820  -51.452  19.696 0.3000000119
22304  -39.367  -52.031  18.154 0.4000000060
22310  -39.598  -51.815  17.528 0.4000000060
22323  -41.235  -52.142  15.588 0.3000000119
22327  -46.165  -51.774  15.106 0.3000000119
23086  -39.528  -51.116  18.003 0.4000000060
23098  -44.499  -50.604  15.591 0.3000000119
23100  -46.290  -50.821  14.965 0.3000000119
23754  -37.876  -49.363  21.590 0.3000000119
23776  -38.767  -49.801  20.035 0.4000000060
23782  -40.143  -49.412  18.545 0.4000000060
23795  -45.939  -49.935  15.133 0.3000000119
24474  -36.519  -48.101  25.422 0.3000000119
24539  -38.623  -48.415  20.619 0.4000000060
24547  -39.903  -48.198  19.251 0.3000000119
24549  -40.618  -48.068  18.673 0.4000000060
25199  -36.608  -47.514  24.825 0.3000000119
25266  -42.669  -47.468  17.298 0.4000000060
25294  -44.298  -47.021  11.785 0.6000000238
25875  -36.773  -46.957  24.395 0.3000000119
25888  -37.403  -46.650  23.002 0.3000000119
25926  -43.196  -46.730  16.997 0.4000000060
25931  -44.626  -47.032  15.774 0.4000000060
26476  -37.055  -45.386  27.058 0.3000000119
26579  -43.222  -45.490  16.158 0.5000000000
26585  -43.136  -45.378  15.003 0.5000000000
26597  -43.189  -45.195  13.559 0.6000000238
26607  -44.232  -46.075  11.988 0.6000000238
27113  -37.267  -44.376  25.516 0.3000000119
27130  -37.274  -44.423  24.573 0.3000000119
27182  -39.414  -45.055  19.943 0.3000000119
27851  -37.563  -43.488  23.230 0.3000000119
27898  -39.997  -42.836  19.495 0.3000000119
27899  -40.527  -43.141  19.015 0.3000000119
27906  -40.998  -43.485  18.507 0.4000000060
27907  -41.465  -43.819  18.159 0.5000000000
27948  -42.451  -44.169  11.010 0.6000000238
28559  -38.248  -42.684  25.177 0.3000000119
28560  -38.996  -42.582  25.583 0.3000000119
28575  -37.705  -42.980  24.678 0.3000000119
28576  -38.124  -42.253  24.482 0.3000000119
28656  -41.281  -42.959  17.387 0.6000000238
28678  -37.476  -42.477  12.232 0.5000000000
28686  -41.468  -42.215  11.056 0.6000000238
29350  -38.584  -41.513  24.277 0.3000000119
29374  -38.453  -41.168  22.458 0.3000000119
29478  -40.974  -41.818  10.457 0.6000000238
30137  -39.661  -40.470  24.192 0.3000000119
30152  -41.825  -40.245  23.623 0.3000000119
30174  -39.163  -40.010  21.990 0.3000000119
30217  -38.507  -40.056  16.999 0.6999999881
30228  -38.437  -40.568  16.314 0.6999999881
30286  -37.649  -40.593  10.030 0.6000000238
30972  -42.222  -39.801  23.216 0.3000000119
31099  -38.962  -39.350  9.694 0.6999999881
31733  -41.755  -38.196  22.327 0.4000000060
31778  -39.274  -38.997  17.798 0.6999999881
31794  -38.347  -38.497  15.345 0.6000000238
33366  -41.441  -36.476  16.681 0.5000000000
33436  -49.815  -37.044  8.907 0.3000000119
35015  -50.094  -34.652  10.403 0.3000000119
35783  -45.989  -33.586  14.487 0.4000000060
35798  -38.069  -33.500  12.575 0.6000000238
35834  -45.014  -33.614  7.090 0.5000000000
36682  -43.330  -33.190  8.564 0.5000000000
36698  -45.899  -33.405  7.055 0.4000000060
36708  -44.424  -33.317  6.795 0.5000000000
36715  -42.538  -32.864  6.295 0.5000000000
37603  -43.974  -31.770  15.379 0.5000000000
37609  -43.052  -31.152  14.781 0.5000000000
37624  -47.332  -31.939  13.303 0.3000000119
38649  -40.703  -30.294  5.037 0.5000000000
38652  -50.772  -30.059  5.417 0.3000000119
39493  -44.170  -28.945  11.148 0.4000000060
39543  -29.740  -29.462  7.814 0.5000000000
40389  -42.967  -29.002  10.963 0.4000000060
41193  -46.039  -27.254  12.349 0.4000000060
42104  -49.037  -26.973  10.792 0.5000000000
43022  -46.201  -25.411  11.873 0.3000000119
43852  -48.527  -24.865  11.342 0.3000000119
43905  -34.067  -23.505  3.491 0.5000000000
43906  -34.660  -24.186  3.808 0.5000000000
43910  -34.218  -23.641  3.548 0.5000000000
44657  -46.678  -23.770  10.810 0.3000000119
44720  -34.180  -23.133  3.688 0.5000000000
45628  -35.736  -20.573  6.058 0.3000000119
46554  -35.632  -20.468  6.326 0.3000000119
47487  -35.962  -20.016  6.702 0.3000000119
47488  -36.289  -20.076  6.997 0.3000000119
98745  -37.529  -43.167  23.961 0.3000000119
102573  -34.766  -31.026  8.310 0.6999999881
102831  -38.575  -52.559  20.999 0.3000000119
103435  -39.017  -40.306  21.339 0.3000000119
104630  -39.711  -44.246  19.678 0.3000000119
105189  -37.217  -49.338  23.196 0.3000000119
105794  -36.692  -45.689  25.965 0.3000000119
106495  -38.849  -45.120  20.534 0.3000000119
109755  -41.672  -30.354  5.654 0.5000000000
110694  -44.673  -39.429  21.412 0.3000000119
111226  -37.566  -46.035  22.497 0.3000000119
111929  -37.713  -43.057  22.594 0.3000000119
113118  -38.513  -46.389  21.016 0.3000000119
113343  -35.173  -24.865  3.678 0.5000000000
114270  -37.738  -51.302  22.320 0.3000000119
114316  -36.796  -45.520  26.480 0.3000000119
