#!ascii label  , from subject sub-v1s7x0051325_ses-1 vox2ras=TkReg
1259
99278  -28.945  -81.497  15.832 0.5000000000
4546  -27.922  -81.304  14.601 0.6000000238
101023  -31.939  -78.365  22.684 0.3000000119
4152  -28.484  -81.759  13.726 0.5000000000
4893  -29.739  -79.749  21.628 0.4000000060
5253  -30.282  -78.563  22.804 0.4000000060
5243  -30.633  -77.792  23.278 0.4000000060
5254  -31.196  -78.485  22.811 0.3000000119
5242  -29.737  -77.904  23.172 0.4000000060
4525  -25.804  -80.274  16.536 0.5000000000
4532  -26.459  -80.579  15.877 0.5000000000
4540  -28.030  -81.223  15.550 0.5000000000
4531  -25.626  -80.320  15.433 0.6000000238
4538  -26.297  -80.562  14.898 0.5000000000
4539  -27.131  -80.949  15.230 0.6000000238
5648  -33.131  -77.133  23.107 0.3000000119
4144  -26.896  -81.143  13.835 0.5000000000
104194  -29.058  -79.773  21.518 0.5000000000
4487  -29.533  -80.250  20.942 0.5000000000
5647  -32.094  -77.170  23.385 0.3000000119
4544  -26.148  -80.689  14.187 0.6000000238
4145  -27.817  -81.361  13.977 0.5000000000
114336  -28.626  -78.793  22.315 0.5000000000
4875  -29.153  -79.314  22.094 0.4000000060
5645  -29.980  -77.206  23.535 0.4000000060
5646  -31.129  -77.176  23.539 0.3000000119
5273  -27.939  -78.503  22.150 0.4000000060
5241  -29.063  -77.896  23.091 0.4000000060
5644  -29.254  -77.298  23.321 0.4000000060
5643  -28.765  -77.496  23.056 0.4000000060
4956  -23.981  -79.200  17.910 0.6999999881
4943  -24.701  -79.053  18.508 0.6999999881
103931  -25.000  -79.893  17.520 0.6999999881
4534  -28.163  -81.226  16.580 0.5000000000
5321  -23.191  -78.569  17.723 0.6999999881
94903  -23.225  -79.349  17.358 0.6999999881
4965  -24.904  -80.116  16.127 0.6999999881
4516  -28.373  -81.036  18.392 0.5000000000
102979  -23.950  -79.765  16.961 0.6999999881
111732  -28.437  -80.756  19.383 0.4000000060
95489  -28.956  -80.492  20.228 0.5000000000
6080  -33.730  -76.444  23.290 0.3000000119
4974  -24.052  -80.398  14.629 0.6000000238
4486  -28.073  -80.170  20.300 0.5000000000
4892  -28.386  -79.287  21.695 0.5000000000
6079  -32.672  -76.414  23.588 0.3000000119
4975  -24.790  -80.479  14.475 0.5000000000
4891  -27.654  -78.881  21.542 0.5000000000
5676  -27.220  -77.295  21.781 0.4000000060
5250  -27.754  -77.733  22.324 0.4000000060
6075  -28.823  -76.908  23.149 0.4000000060
98734  -30.172  -75.730  23.607 0.4000000060
6077  -30.474  -76.553  23.675 0.4000000060
6092  -27.756  -76.982  22.286 0.3000000119
5659  -28.315  -77.310  22.725 0.4000000060
6161  -22.021  -77.002  16.148 0.5000000000
5716  -22.453  -77.201  16.363 0.6000000238
6143  -23.064  -77.242  17.001 0.6000000238
108171  -23.532  -77.950  18.237 0.6000000238
5312  -23.974  -78.381  18.457 0.6000000238
6632  -21.403  -76.234  17.316 0.5000000000
112871  -21.471  -76.742  16.715 0.5000000000
6141  -21.514  -77.218  16.526 0.6000000238
5320  -22.166  -78.241  16.994 0.6000000238
4955  -22.330  -79.167  16.996 0.6999999881
4957  -26.025  -80.270  17.664 0.6000000238
111623  -36.656  -77.278  23.437 0.3000000119
5698  -20.661  -77.433  19.092 0.6999999881
5708  -20.667  -77.520  17.896 0.6000000238
5715  -20.940  -77.711  16.892 0.6000000238
5722  -21.235  -77.876  16.666 0.6000000238
5329  -21.331  -78.646  16.639 0.6999999881
111416  -26.304  -80.183  18.513 0.6000000238
4500  -26.892  -80.308  18.999 0.6000000238
106347  -27.744  -80.853  18.000 0.5000000000
6125  -20.942  -76.627  19.375 0.6999999881
5697  -20.428  -78.319  18.776 0.6000000238
5311  -20.278  -79.205  18.422 0.6000000238
5319  -20.888  -78.699  16.788 0.6000000238
106879  -21.009  -79.591  16.470 0.6999999881
4970  -21.982  -80.410  15.423 0.6999999881
4501  -27.533  -80.272  19.583 0.5000000000
5649  -34.135  -77.020  22.775 0.3000000119
107466  -21.014  -76.680  20.214 0.6999999881
96427  -20.749  -77.376  20.103 0.6000000238
5686  -20.561  -78.212  19.831 0.6999999881
4953  -20.215  -80.182  17.485 0.6000000238
4962  -20.342  -80.265  16.868 0.6000000238
4971  -23.047  -80.348  14.941 0.6999999881
4911  -26.595  -79.200  20.169 0.5000000000
5291  -27.004  -78.882  21.012 0.5000000000
4908  -20.426  -79.029  19.469 0.6000000238
4511  -20.272  -80.369  18.074 0.6000000238
4135  -21.154  -81.093  15.369 0.6000000238
4141  -22.913  -80.877  14.463 0.6000000238
4541  -23.429  -80.633  14.477 0.6000000238
5290  -26.278  -78.373  20.632 0.5000000000
6553  -32.192  -75.612  23.988 0.3000000119
5287  -20.744  -78.598  20.156 0.6999999881
4909  -20.884  -79.093  20.162 0.6000000238
4930  -20.327  -79.760  18.816 0.6000000238
4524  -20.175  -80.792  17.117 0.6000000238
4124  -20.358  -81.252  16.878 0.5000000000
110078  -20.921  -81.372  15.705 0.5000000000
4137  -23.148  -81.149  14.354 0.5000000000
4542  -24.482  -80.675  14.263 0.5000000000
94796  -26.586  -78.131  21.195 0.5000000000
100247  -29.161  -75.734  20.941 0.3000000119
6574  -29.480  -75.481  21.750 0.3000000119
6562  -28.688  -76.135  22.384 0.3000000119
7044  -29.751  -74.888  22.982 0.4000000060
6551  -29.578  -75.601  23.248 0.4000000060
3787  -24.569  -81.736  14.350 0.5000000000
6572  -27.795  -76.100  21.243 0.3000000119
6107  -28.077  -76.357  22.023 0.3000000119
6550  -28.995  -76.222  22.999 0.4000000060
6634  -22.787  -75.704  15.879 0.5000000000
6654  -23.079  -76.227  15.353 0.5000000000
6655  -23.703  -76.167  15.063 0.5000000000
6163  -23.201  -76.672  15.790 0.5000000000
112073  -23.340  -74.427  17.600 0.5000000000
7107  -22.760  -74.956  17.132 0.5000000000
6633  -22.085  -75.739  16.739 0.5000000000
6162  -22.552  -76.508  15.848 0.5000000000
5709  -23.582  -77.443  18.077 0.6000000238
6131  -24.323  -76.944  18.799 0.6000000238
7090  -22.243  -74.992  18.109 0.5000000000
5699  -24.612  -77.458  19.255 0.6000000238
4944  -25.095  -78.830  19.051 0.8000000119
100530  -37.514  -77.488  23.838 0.3000000119
7070  -22.555  -74.644  19.258 0.6000000238
6595  -21.837  -75.298  19.194 0.6000000238
6610  -21.683  -75.535  17.982 0.6000000238
5700  -25.161  -77.057  19.760 0.4000000060
6066  -36.912  -76.768  24.032 0.3000000119
6583  -21.330  -76.305  20.726 0.6999999881
4932  -25.568  -79.012  19.302 0.5000000000
109135  -25.550  -79.638  18.547 0.6000000238
6082  -35.204  -76.435  23.253 0.3000000119
6555  -34.433  -75.972  23.440 0.3000000119
6105  -21.357  -76.717  21.714 0.6999999881
5688  -25.871  -77.035  20.486 0.4000000060
6538  -34.353  -75.303  23.837 0.3000000119
6115  -21.078  -77.186  20.899 0.6000000238
5687  -20.903  -78.044  20.699 0.6999999881
99274  -26.201  -77.620  20.859 0.4000000060
6552  -31.354  -75.515  23.941 0.3000000119
5674  -21.705  -77.813  21.990 0.6000000238
5268  -21.346  -78.216  21.208 0.6999999881
113985  -21.056  -80.109  19.602 0.6000000238
4112  -21.682  -81.583  18.241 0.5000000000
4111  -20.977  -81.648  17.412 0.5000000000
4132  -22.673  -81.679  14.994 0.6000000238
6117  -26.363  -76.572  20.631 0.4000000060
5271  -26.658  -77.525  21.335 0.4000000060
96258  -29.985  -76.144  19.670 0.3000000119
110443  -29.691  -75.837  20.388 0.3000000119
6588  -29.948  -75.566  21.044 0.3000000119
6589  -30.712  -75.205  21.007 0.3000000119
7050  -29.749  -75.019  22.379 0.4000000060
98678  -30.814  -75.826  23.801 0.3000000119
96235  -22.739  -80.266  20.225 0.6000000238
4100  -22.568  -81.291  19.074 0.5000000000
4113  -23.137  -82.014  18.414 0.5000000000
4125  -22.034  -82.065  17.406 0.5000000000
3779  -23.357  -82.437  16.049 0.5000000000
3784  -23.969  -82.098  15.079 0.6000000238
3785  -24.632  -82.658  15.173 0.5000000000
6118  -27.035  -76.258  20.867 0.3000000119
6587  -28.328  -75.814  20.770 0.3000000119
4498  -21.842  -80.557  19.564 0.5000000000
3755  -23.996  -82.478  18.187 0.5000000000
102453  -24.026  -82.798  16.915 0.5000000000
98278  -24.463  -83.802  17.706 0.5000000000
7092  -23.955  -74.139  17.531 0.5000000000
7109  -24.363  -74.333  16.350 0.5000000000
7116  -23.285  -75.777  15.320 0.5000000000
6666  -24.896  -75.550  14.489 0.5000000000
105967  -24.511  -76.077  14.853 0.5000000000
6635  -23.977  -76.370  15.633 0.5000000000
7071  -23.275  -74.200  19.341 0.5000000000
7108  -23.403  -74.906  16.316 0.5000000000
6636  -25.224  -76.088  17.063 0.4000000060
6132  -24.688  -76.347  18.057 0.4000000060
6084  -38.241  -77.585  24.204 0.3000000119
6067  -37.929  -77.021  24.361 0.3000000119
7060  -22.910  -74.387  20.192 0.6000000238
105755  -25.219  -76.393  19.188 0.4000000060
108382  -22.014  -75.155  20.876 0.6000000238
6557  -36.213  -75.892  24.166 0.3000000119
6556  -35.252  -75.699  23.755 0.3000000119
6570  -21.669  -75.797  21.237 0.6000000238
6116  -25.792  -76.439  20.001 0.4000000060
6091  -21.681  -76.545  22.547 0.6000000238
6585  -26.586  -75.942  20.030 0.4000000060
6554  -33.421  -75.643  23.771 0.3000000119
5673  -21.606  -77.192  22.307 0.6999999881
6586  -27.514  -75.885  20.426 0.3000000119
6599  -28.978  -75.886  20.020 0.3000000119
7117  -23.842  -75.433  15.172 0.5000000000
6656  -25.160  -75.784  14.619 0.4000000060
7072  -23.652  -74.085  18.497 0.5000000000
6657  -26.054  -75.620  14.825 0.4000000060
100857  -25.461  -76.028  15.580 0.4000000060
7538  -24.456  -73.803  18.637 0.6000000238
97319  -26.328  -75.751  17.503 0.4000000060
6596  -25.642  -75.928  18.461 0.4000000060
7033  -36.477  -75.200  24.867 0.3000000119
6540  -37.255  -76.242  24.597 0.3000000119
6571  -22.060  -75.225  21.622 0.6000000238
6597  -25.932  -75.990  19.400 0.4000000060
6611  -26.502  -75.761  18.945 0.4000000060
100870  -27.467  -75.745  19.417 0.4000000060
6598  -28.124  -75.773  20.033 0.3000000119
99514  -28.382  -75.907  19.388 0.3000000119
5657  -22.310  -77.464  22.803 0.6000000238
7578  -25.195  -73.883  15.890 0.5000000000
7118  -24.638  -74.936  14.784 0.5000000000
108497  -26.212  -74.837  13.984 0.4000000060
96769  -25.619  -75.279  14.347 0.4000000060
7568  -25.214  -73.645  17.272 0.5000000000
7569  -25.962  -73.282  16.935 0.5000000000
7537  -24.039  -73.908  19.380 0.6000000238
103867  -25.003  -73.495  19.292 0.6000000238
7558  -25.902  -73.284  18.061 0.6000000238
6658  -27.209  -75.694  14.991 0.4000000060
7520  -23.698  -73.971  20.204 0.6000000238
7521  -24.510  -73.532  20.045 0.6000000238
99935  -27.765  -75.943  16.233 0.4000000060
6637  -27.412  -75.873  17.394 0.4000000060
7049  -23.271  -74.106  21.037 0.6000000238
6612  -27.159  -75.741  18.403 0.4000000060
6639  -28.920  -76.318  17.891 0.4000000060
6613  -28.130  -75.991  18.420 0.4000000060
6133  -29.693  -76.596  17.926 0.4000000060
111998  -34.858  -75.075  24.151 0.3000000119
6539  -35.515  -75.123  24.394 0.3000000119
7048  -22.441  -74.616  22.024 0.6000000238
6614  -29.172  -76.268  18.909 0.4000000060
7030  -33.450  -74.180  24.376 0.3000000119
6561  -22.072  -75.292  22.484 0.6000000238
109870  -21.911  -76.422  23.034 0.6000000238
6549  -22.144  -75.369  23.328 0.6999999881
7495  -23.163  -73.360  22.968 0.6999999881
6074  -22.207  -76.161  23.600 0.6000000238
7037  -22.465  -74.696  23.915 0.6999999881
7486  -22.752  -73.835  24.173 0.6999999881
104562  -22.366  -75.537  24.225 0.6000000238
7980  -23.444  -72.683  23.510 0.6999999881
8513  -23.758  -71.923  23.811 0.6000000238
7026  -22.510  -74.408  24.828 0.6999999881
7968  -23.072  -72.898  24.377 0.6999999881
7597  -25.467  -74.218  14.954 0.5000000000
7612  -26.375  -74.202  14.140 0.5000000000
7580  -27.201  -72.737  15.948 0.5000000000
7579  -26.187  -73.378  15.676 0.5000000000
7142  -27.373  -74.509  13.828 0.5000000000
6676  -26.860  -74.861  13.901 0.4000000060
6667  -26.691  -75.191  14.253 0.4000000060
7539  -25.839  -73.226  19.141 0.6000000238
110000  -26.510  -73.004  18.614 0.6000000238
8065  -26.652  -72.968  17.787 0.6000000238
107931  -27.847  -72.379  16.330 0.6000000238
6659  -28.215  -75.992  15.141 0.4000000060
8066  -27.237  -72.521  18.444 0.6000000238
8611  -27.782  -72.086  17.720 0.6000000238
109480  -22.849  -74.138  21.663 0.6000000238
8027  -24.930  -73.136  20.829 0.6000000238
8028  -25.727  -72.921  20.659 0.6000000238
8030  -27.266  -72.127  19.994 0.6000000238
8051  -27.443  -72.139  19.195 0.6000000238
6638  -28.340  -76.153  17.219 0.4000000060
6146  -30.187  -76.912  16.709 0.4000000060
7503  -23.344  -73.638  21.761 0.6000000238
8010  -25.350  -72.716  21.412 0.6000000238
8011  -26.175  -72.441  21.159 0.6000000238
8575  -27.595  -71.462  20.479 0.6000000238
8591  -28.705  -70.922  19.511 0.6000000238
6145  -29.172  -76.552  16.749 0.4000000060
6147  -31.191  -76.981  17.162 0.4000000060
7502  -22.803  -73.901  22.414 0.6000000238
8009  -24.592  -72.911  21.669 0.5000000000
8574  -26.924  -71.989  20.832 0.6000000238
9162  -28.809  -70.561  20.126 0.6999999881
7043  -22.298  -74.570  22.904 0.6999999881
99141  -23.379  -73.360  22.347 0.6000000238
7995  -25.004  -72.463  22.142 0.6000000238
8554  -25.837  -72.251  21.918 0.6000000238
9153  -28.476  -70.396  20.774 0.6000000238
9154  -29.146  -70.096  20.505 0.6000000238
9156  -30.855  -69.855  20.168 0.6000000238
8535  -27.012  -71.309  22.104 0.6000000238
9125  -27.578  -70.812  21.884 0.6000000238
9141  -28.791  -69.843  21.319 0.6000000238
9749  -29.665  -69.539  21.102 0.6000000238
7981  -24.005  -72.296  23.108 0.6000000238
8533  -25.542  -71.985  22.672 0.6000000238
110748  -27.309  -70.788  22.518 0.5000000000
9126  -28.456  -69.774  22.149 0.6000000238
9127  -29.130  -69.372  21.902 0.6000000238
8516  -26.006  -71.265  23.057 0.5000000000
7478  -22.686  -73.508  25.025 0.6999999881
8500  -23.295  -72.028  24.852 0.6999999881
8502  -24.069  -71.318  24.211 0.5000000000
9109  -25.648  -70.880  23.741 0.6000000238
9110  -26.543  -70.652  23.471 0.5000000000
9112  -28.247  -69.780  22.866 0.5000000000
9094  -26.250  -70.265  24.212 0.6000000238
9123  -18.967  -69.905  22.188 0.6000000238
9107  -18.977  -69.639  23.067 0.6000000238
114742  -18.142  -70.659  23.503 0.6000000238
7599  -26.914  -73.295  14.798 0.5000000000
8103  -27.759  -72.719  15.503 0.5000000000
7614  -27.936  -73.949  13.985 0.5000000000
6678  -28.540  -75.436  13.984 0.5000000000
6668  -27.854  -75.503  14.333 0.4000000060
8598  -27.874  -71.785  18.536 0.5000000000
100882  -28.204  -71.967  17.117 0.5000000000
8073  -28.788  -71.950  17.077 0.5000000000
6669  -28.853  -76.031  14.261 0.4000000060
6180  -29.679  -76.592  14.375 0.4000000060
114598  -28.266  -71.678  17.930 0.5000000000
8613  -29.443  -71.544  17.760 0.5000000000
108203  -28.511  -76.232  16.194 0.4000000060
6165  -30.271  -77.108  15.045 0.4000000060
101723  -30.860  -77.272  15.995 0.4000000060
8592  -29.095  -70.811  19.001 0.5000000000
99534  -29.228  -71.122  18.429 0.5000000000
8612  -28.723  -71.539  17.813 0.5000000000
6164  -29.608  -76.810  15.584 0.4000000060
9163  -29.369  -70.440  19.670 0.6000000238
9174  -29.708  -70.683  18.981 0.6000000238
9164  -30.260  -70.258  19.563 0.6000000238
95766  -31.299  -69.379  20.763 0.4000000060
9760  -32.071  -69.700  20.128 0.4000000060
9166  -32.380  -70.153  19.305 0.4000000060
103456  -29.815  -69.108  21.795 0.6000000238
9750  -30.592  -69.078  21.361 0.6000000238
9752  -32.252  -69.113  20.834 0.5000000000
9761  -32.950  -69.119  20.321 0.4000000060
9769  -33.027  -69.538  19.601 0.4000000060
9762  -33.342  -68.931  19.762 0.4000000060
94855  -22.738  -74.976  26.010 0.6999999881
9736  -28.806  -69.353  22.722 0.6000000238
9751  -31.642  -68.911  21.354 0.5000000000
10378  -33.405  -68.363  20.260 0.4000000060
8501  -23.630  -71.595  24.508 0.6000000238
9095  -27.135  -69.995  23.873 0.5000000000
9720  -28.380  -69.413  23.516 0.5000000000
10353  -31.241  -68.359  22.505 0.5000000000
10366  -32.885  -68.252  21.648 0.5000000000
10377  -32.995  -68.619  20.955 0.4000000060
10951  -33.570  -67.774  19.505 0.4000000060
9108  -24.765  -71.095  23.972 0.6000000238
9721  -29.231  -68.884  23.436 0.5000000000
9139  -19.884  -69.950  20.808 0.6999999881
9746  -19.643  -69.595  21.658 0.6000000238
10362  -20.707  -68.508  21.562 0.6999999881
9734  -19.491  -69.303  22.490 0.6000000238
10363  -21.451  -68.137  21.203 0.6000000238
9718  -18.947  -69.191  24.031 0.6000000238
10334  -20.268  -67.972  23.192 0.6000000238
10906  -21.564  -67.199  22.442 0.6000000238
10907  -22.434  -66.999  22.175 0.6000000238
11462  -22.940  -66.561  22.770 0.6000000238
9091  -18.156  -70.646  24.299 0.5000000000
10317  -19.331  -68.461  24.741 0.6000000238
111784  -20.172  -67.718  23.881 0.6000000238
10893  -21.229  -66.865  23.228 0.6000000238
11461  -22.030  -66.577  22.947 0.6000000238
7143  -28.160  -74.812  13.822 0.5000000000
9078  -18.430  -70.629  25.207 0.5000000000
9704  -18.934  -69.144  25.096 0.5000000000
11450  -20.930  -66.639  23.984 0.5000000000
11451  -21.673  -66.158  23.730 0.5000000000
7581  -29.125  -73.026  15.465 0.5000000000
7145  -30.127  -75.714  13.683 0.5000000000
6190  -29.722  -76.100  13.835 0.4000000060
9691  -19.456  -69.253  25.873 0.5000000000
10868  -19.838  -68.032  25.337 0.5000000000
11442  -21.373  -66.212  24.910 0.5000000000
12035  -21.854  -65.887  24.396 0.5000000000
8088  -29.604  -72.809  16.365 0.5000000000
6181  -30.627  -76.894  13.891 0.4000000060
6182  -31.468  -77.259  13.829 0.4000000060
5735  -32.811  -77.900  14.272 0.4000000060
9677  -19.514  -69.994  26.322 0.5000000000
10300  -19.982  -68.584  26.023 0.5000000000
10869  -20.346  -67.182  25.192 0.6000000238
11432  -21.729  -66.559  25.617 0.6000000238
6166  -31.261  -77.413  14.761 0.4000000060
9679  -20.995  -69.145  27.227 0.6000000238
10281  -20.748  -68.543  26.696 0.6000000238
10857  -21.855  -67.261  26.348 0.6999999881
8600  -30.082  -71.136  18.372 0.4000000060
7442  -21.411  -73.564  28.657 0.6000000238
9175  -30.677  -70.661  18.921 0.5000000000
9177  -32.754  -70.598  18.662 0.4000000060
7443  -22.238  -73.668  28.288 0.6000000238
9176  -31.724  -70.680  18.885 0.4000000060
7456  -22.610  -73.952  27.658 0.6000000238
7461  -22.838  -73.413  26.828 0.6000000238
9782  -33.623  -69.599  18.174 0.4000000060
8487  -23.506  -71.227  25.265 0.6000000238
7958  -23.048  -72.645  25.325 0.6999999881
99845  -25.257  -70.438  24.425 0.6000000238
9706  -25.895  -69.853  24.966 0.6000000238
9707  -26.754  -69.623  24.688 0.5000000000
9719  -27.790  -69.616  23.882 0.5000000000
9758  -21.387  -69.061  19.945 0.6999999881
10373  -21.814  -68.402  20.392 0.6999999881
10374  -22.691  -68.090  20.132 0.6000000238
10919  -22.821  -67.395  21.441 0.6000000238
10920  -23.754  -67.422  21.297 0.6000000238
10908  -23.364  -66.950  21.981 0.6000000238
11463  -24.985  -66.890  22.719 0.6999999881
99110  -24.272  -66.495  23.304 0.6000000238
11453  -23.423  -66.219  23.397 0.6000000238
7601  -29.395  -73.862  14.647 0.5000000000
7615  -28.749  -74.384  14.011 0.5000000000
12047  -22.985  -65.611  23.978 0.6000000238
12048  -24.039  -65.768  23.985 0.5000000000
7130  -30.510  -75.263  13.945 0.5000000000
6679  -30.766  -76.447  13.680 0.5000000000
6192  -32.060  -77.355  13.762 0.4000000060
11434  -23.412  -65.772  26.001 0.6000000238
12019  -22.151  -65.904  25.099 0.6000000238
12038  -24.402  -65.272  24.771 0.5000000000
111130  -30.262  -72.902  16.795 0.5000000000
104110  -21.081  -72.787  28.693 0.6000000238
8455  -20.940  -71.133  28.176 0.4000000060
9047  -20.393  -70.701  27.533 0.6000000238
97102  -22.129  -67.954  26.835 0.6000000238
11420  -22.337  -66.733  26.155 0.6000000238
12020  -23.851  -65.385  25.524 0.6000000238
8614  -30.418  -71.753  17.796 0.4000000060
8075  -30.748  -72.560  17.344 0.4000000060
8456  -21.576  -71.367  28.298 0.5000000000
9048  -21.451  -70.471  27.939 0.5000000000
9664  -21.579  -69.578  27.510 0.6000000238
108805  -21.648  -68.696  27.141 0.6999999881
105250  -22.901  -68.073  26.728 0.6000000238
10859  -23.491  -67.361  26.518 0.6000000238
11422  -23.882  -66.349  26.413 0.6000000238
108534  -31.238  -71.289  18.359 0.5000000000
108259  -21.788  -72.968  28.517 0.6000000238
9049  -22.227  -70.106  27.694 0.6000000238
10282  -22.499  -68.659  27.066 0.6000000238
105210  -24.126  -67.949  26.472 0.6000000238
10860  -24.439  -67.151  26.549 0.6000000238
106164  -25.609  -66.196  26.461 0.6000000238
108192  -32.209  -71.121  18.486 0.4000000060
114640  -22.592  -71.444  27.663 0.5000000000
96384  -22.757  -70.719  27.377 0.6000000238
9681  -23.807  -69.279  26.212 0.6000000238
10286  -25.828  -68.107  26.421 0.6000000238
107570  -26.417  -67.587  26.489 0.6000000238
103833  -22.612  -73.200  27.791 0.6000000238
8474  -23.054  -71.547  26.915 0.6000000238
108427  -23.274  -70.713  26.338 0.6000000238
9693  -24.225  -69.636  25.696 0.6000000238
10301  -24.377  -68.813  26.249 0.6000000238
9705  -24.857  -69.952  25.174 0.6000000238
9092  -23.843  -70.929  24.886 0.6000000238
9708  -27.487  -69.380  24.459 0.5000000000
9710  -28.738  -68.942  24.082 0.5000000000
109311  -21.137  -69.685  19.671 0.6999999881
10385  -22.268  -68.695  19.597 0.6999999881
9173  -22.404  -70.257  17.878 0.6999999881
9780  -22.779  -69.696  18.155 0.6999999881
9767  -22.827  -69.175  18.807 0.6999999881
10386  -23.400  -68.422  19.430 0.6999999881
10935  -24.038  -67.673  20.578 0.6000000238
10922  -25.157  -67.401  20.953 0.6000000238
11477  -25.699  -67.037  21.105 0.5000000000
11476  -25.212  -67.235  21.707 0.6999999881
11464  -25.950  -66.859  22.194 0.5000000000
11455  -25.777  -66.317  23.215 0.5000000000
7602  -30.291  -74.369  14.817 0.4000000060
7146  -30.975  -75.994  13.577 0.5000000000
6670  -31.931  -76.090  13.734 0.5000000000
6680  -31.489  -76.723  13.599 0.5000000000
6193  -33.100  -77.576  13.777 0.4000000060
8089  -30.995  -73.250  16.806 0.4000000060
7131  -31.438  -75.397  14.219 0.4000000060
12039  -25.395  -65.172  24.873 0.6000000238
12006  -24.292  -65.667  26.168 0.6000000238
12022  -25.770  -65.229  25.765 0.6000000238
11424  -26.297  -66.666  26.526 0.6000000238
12008  -26.220  -65.691  26.296 0.6000000238
10303  -26.124  -68.726  26.004 0.6000000238
10287  -27.199  -67.997  26.313 0.6000000238
12009  -27.691  -65.943  26.465 0.6000000238
9694  -25.604  -69.331  25.616 0.6000000238
10863  -27.768  -67.408  26.400 0.5000000000
9696  -27.176  -69.020  25.187 0.6000000238
103067  -27.586  -68.478  25.683 0.5000000000
9697  -27.889  -68.846  24.975 0.5000000000
9190  -22.875  -70.690  16.929 0.6999999881
9796  -23.177  -69.941  17.378 0.6999999881
10398  -24.081  -68.758  17.535 0.6999999881
9768  -23.852  -68.720  18.591 0.6999999881
10387  -24.439  -68.158  18.521 0.6000000238
112851  -24.297  -68.337  19.157 0.6999999881
10936  -24.759  -67.593  20.301 0.4000000060
9204  -23.449  -71.142  15.675 0.6999999881
9191  -23.751  -70.344  16.262 0.6999999881
9798  -24.490  -69.129  16.311 0.6000000238
10409  -24.528  -68.277  17.122 0.6000000238
10937  -25.296  -67.333  20.336 0.5000000000
8652  -23.019  -72.315  13.749 0.6999999881
8645  -24.097  -71.318  13.971 0.6999999881
12094  -26.262  -65.690  20.677 0.5000000000
9217  -22.428  -71.857  13.715 0.6999999881
11478  -26.394  -66.396  21.433 0.5000000000
9212  -21.261  -71.243  14.365 0.6000000238
9203  -20.562  -70.344  15.380 0.6000000238
9202  -19.709  -70.439  16.224 0.6000000238
9778  -19.168  -69.658  17.972 0.5000000000
10397  -19.417  -68.801  18.306 0.5000000000
6671  -32.998  -76.008  14.068 0.4000000060
6682  -33.582  -76.879  13.764 0.4000000060
11426  -28.335  -66.749  26.465 0.6000000238
10960  -24.611  -67.652  18.165 0.5000000000
10949  -25.052  -67.770  19.124 0.5000000000
111861  -24.485  -70.117  14.817 0.6000000238
100034  -24.496  -69.501  15.317 0.6000000238
109757  -24.575  -68.121  16.550 0.6000000238
10971  -24.683  -67.651  17.243 0.6000000238
11500  -25.554  -66.733  19.270 0.5000000000
11489  -25.704  -66.908  20.153 0.5000000000
12101  -25.879  -65.994  19.843 0.5000000000
8654  -24.074  -70.918  13.810 0.6999999881
9814  -24.277  -70.067  14.266 0.6000000238
10428  -24.394  -68.919  15.098 0.6000000238
99593  -24.411  -68.130  15.759 0.6000000238
11535  -24.231  -66.577  16.326 0.6000000238
12722  -25.898  -63.913  20.257 0.5000000000
9213  -22.196  -70.856  14.223 0.6999999881
9813  -23.047  -69.396  14.613 0.6000000238
10989  -22.587  -67.882  15.248 0.6000000238
10991  -23.743  -67.522  15.206 0.6000000238
12135  -23.811  -66.186  16.056 0.6000000238
102916  -21.317  -70.296  14.871 0.6000000238
10425  -22.119  -68.604  15.294 0.6000000238
10981  -21.647  -67.587  15.663 0.6000000238
11542  -22.720  -67.102  15.372 0.6000000238
9803  -20.407  -69.716  16.250 0.6000000238
10416  -20.839  -68.961  16.230 0.6000000238
10980  -20.742  -67.925  16.398 0.6000000238
112534  -21.745  -66.694  15.749 0.6000000238
9795  -20.435  -69.297  16.683 0.5000000000
10407  -19.873  -68.810  17.653 0.5000000000
10970  -20.106  -67.926  17.201 0.5000000000
10979  -20.209  -67.076  16.753 0.6000000238
11533  -20.947  -66.927  16.234 0.6000000238
6672  -34.006  -75.731  14.136 0.4000000060
10395  -18.006  -69.278  19.088 0.5000000000
10959  -19.630  -67.969  17.944 0.5000000000
101412  -19.578  -67.111  17.292 0.6000000238
11531  -19.553  -66.282  16.880 0.6000000238
10383  -17.739  -68.567  19.624 0.5000000000
10958  -18.892  -67.426  19.243 0.5000000000
113583  -19.243  -68.173  18.750 0.4000000060
11520  -19.141  -67.077  18.125 0.5000000000
11521  -19.049  -66.404  17.287 0.6000000238
11512  -25.188  -66.567  18.388 0.6000000238
104659  -25.245  -65.077  18.542 0.5000000000
97270  -25.574  -65.048  19.261 0.5000000000
11523  -24.883  -66.466  17.526 0.6000000238
12125  -24.975  -65.617  17.951 0.5000000000
12730  -25.560  -64.189  19.490 0.5000000000
12766  -24.029  -64.501  16.447 0.6999999881
11543  -23.379  -66.633  15.610 0.6000000238
12134  -23.090  -65.731  16.048 0.6999999881
11534  -22.319  -66.077  15.809 0.6000000238
100741  -22.329  -65.290  16.217 0.6999999881
102784  -21.236  -66.094  16.194 0.6000000238
12133  -21.550  -65.304  16.303 0.6999999881
12132  -20.652  -65.397  16.471 0.6000000238
12763  -20.908  -64.539  16.521 0.6999999881
10931  -15.929  -67.293  20.662 0.5000000000
10933  -18.035  -67.013  20.465 0.5000000000
12113  -18.434  -66.125  17.616 0.6000000238
12131  -19.794  -65.455  16.684 0.6000000238
11488  -17.434  -66.488  20.899 0.5000000000
11499  -18.497  -66.802  19.809 0.4000000060
108277  -17.733  -65.749  18.048 0.5000000000
112801  -25.307  -63.726  19.058 0.5000000000
12742  -25.222  -64.211  18.633 0.5000000000
110698  -24.707  -64.965  17.248 0.6000000238
13374  -24.103  -63.730  16.601 0.5000000000
13362  -24.193  -62.979  16.643 0.5000000000
110906  -23.404  -64.396  16.400 0.6999999881
102134  -22.781  -63.953  16.480 0.6999999881
12764  -21.906  -64.456  16.490 0.6000000238
12762  -20.194  -64.750  16.621 0.6999999881
13371  -21.090  -63.824  16.770 0.6000000238
12123  -18.891  -65.477  17.033 0.6000000238
12750  -19.515  -64.528  16.785 0.6000000238
12093  -17.389  -65.730  20.731 0.5000000000
11510  -18.026  -66.035  19.215 0.4000000060
12122  -17.933  -65.205  17.566 0.6000000238
12092  -16.830  -65.106  20.288 0.4000000060
12100  -17.459  -65.562  19.765 0.4000000060
12112  -17.070  -65.336  18.383 0.5000000000
112418  -17.354  -65.310  17.885 0.5000000000
14023  -23.971  -62.879  16.245 0.6000000238
14013  -24.088  -62.177  16.071 0.5000000000
13373  -23.606  -63.520  16.431 0.6000000238
14022  -23.740  -62.562  16.210 0.5000000000
13372  -23.018  -63.070  16.515 0.6000000238
99484  -22.111  -63.578  16.768 0.6000000238
13361  -22.394  -63.167  16.880 0.5000000000
13360  -21.467  -63.471  16.990 0.6000000238
13348  -19.622  -63.706  17.101 0.6999999881
13349  -21.157  -63.513  18.057 0.5000000000
101516  -18.762  -64.379  17.171 0.6000000238
12741  -18.087  -64.358  17.621 0.5000000000
12099  -16.390  -65.090  18.944 0.4000000060
12740  -17.210  -64.855  17.934 0.5000000000
15951  -10.913  -58.910  23.265 0.4000000060
15952  -11.950  -58.836  23.410 0.3000000119
15966  -11.451  -58.462  22.715 0.4000000060
113023  -23.460  -62.042  17.056 0.5000000000
15250  -10.921  -59.828  22.022 0.3000000119
16707  -11.398  -58.536  22.020 0.4000000060
13350  -21.968  -63.321  17.985 0.5000000000
14654  -22.904  -61.689  17.752 0.5000000000
14616  -12.361  -60.912  21.331 0.3000000119
15986  -11.949  -59.101  21.289 0.4000000060
13334  -21.632  -63.365  19.101 0.5000000000
106683  -13.073  -61.791  21.519 0.3000000119
96583  -19.941  -63.266  17.683 0.6000000238
103353  -18.852  -63.525  17.640 0.6999999881
113136  -19.443  -63.184  18.417 0.6000000238
13346  -16.845  -64.286  18.353 0.5000000000
13347  -17.819  -63.951  18.078 0.5000000000
98280  -17.474  -63.353  18.759 0.4000000060
13331  -18.518  -63.050  19.592 0.4000000060
15220  -13.579  -60.803  24.138 0.3000000119
100074  -13.371  -59.688  23.709 0.3000000119
15953  -12.868  -58.686  23.312 0.3000000119
16690  -12.204  -58.072  22.999 0.3000000119
16708  -11.945  -58.044  22.291 0.4000000060
13999  -22.715  -62.363  18.601 0.5000000000
15252  -12.526  -60.118  20.927 0.4000000060
15987  -12.409  -58.371  21.021 0.4000000060
13335  -22.278  -62.991  18.877 0.5000000000
98999  -13.285  -60.938  20.994 0.4000000060
114064  -13.466  -59.520  20.413 0.4000000060
13986  -21.963  -63.035  19.799 0.5000000000
14617  -14.061  -61.559  21.010 0.4000000060
13333  -20.541  -63.520  19.314 0.5000000000
13332  -19.426  -63.245  19.543 0.5000000000
13320  -19.980  -63.530  20.521 0.5000000000
12729  -15.782  -64.261  19.194 0.3000000119
13329  -15.934  -63.534  19.139 0.4000000060
112512  -17.838  -62.792  19.629 0.4000000060
13319  -19.190  -63.252  20.509 0.4000000060
14585  -14.746  -61.896  24.224 0.3000000119
107299  -13.853  -59.161  23.394 0.3000000119
16691  -13.205  -57.999  23.018 0.4000000060
16709  -13.048  -57.100  22.253 0.4000000060
98751  -23.006  -59.629  17.377 0.4000000060
104249  -12.941  -57.045  21.526 0.4000000060
15296  -22.847  -60.622  17.753 0.4000000060
104174  -12.758  -59.356  20.640 0.4000000060
16736  -13.761  -57.966  20.447 0.4000000060
14642  -22.953  -61.624  18.920 0.4000000060
16002  -14.208  -59.211  20.271 0.4000000060
99926  -21.302  -63.356  19.946 0.5000000000
14628  -14.184  -60.887  20.551 0.4000000060
14629  -14.985  -62.182  20.093 0.3000000119
13321  -20.721  -63.438  20.597 0.5000000000
14641  -16.973  -62.010  19.660 0.3000000119
15954  -14.846  -59.895  23.415 0.3000000119
16711  -15.357  -58.465  22.788 0.3000000119
16692  -14.553  -58.816  23.102 0.3000000119
17459  -14.929  -57.356  22.332 0.4000000060
17458  -13.882  -56.766  22.105 0.4000000060
18243  -14.646  -55.929  21.212 0.3000000119
18241  -13.691  -56.504  21.292 0.4000000060
16025  -22.564  -58.875  17.791 0.4000000060
16771  -22.714  -58.294  17.457 0.4000000060
17482  -13.492  -56.922  21.020 0.4000000060
15283  -22.571  -60.565  19.144 0.4000000060
13987  -22.524  -62.421  19.507 0.4000000060
13974  -22.115  -62.318  20.403 0.4000000060
99653  -14.933  -61.364  20.075 0.3000000119
15269  -14.843  -60.307  20.083 0.3000000119
107230  -16.338  -61.533  19.613 0.3000000119
13309  -18.439  -62.841  20.408 0.4000000060
15228  -16.833  -60.747  23.708 0.3000000119
17460  -15.709  -56.970  22.048 0.4000000060
18233  -14.587  -56.400  21.837 0.4000000060
17519  -22.541  -57.517  17.469 0.4000000060
16761  -22.416  -58.202  18.106 0.4000000060
18249  -14.139  -56.394  20.956 0.4000000060
95056  -22.373  -59.707  19.532 0.4000000060
14633  -22.503  -61.492  19.910 0.4000000060
100542  -14.920  -58.355  20.039 0.3000000119
14620  -22.205  -61.240  20.945 0.4000000060
15281  -16.701  -59.837  19.543 0.3000000119
13973  -21.450  -62.965  20.629 0.5000000000
104690  -15.603  -60.974  19.740 0.3000000119
108354  -16.352  -60.622  19.634 0.3000000119
13963  -20.925  -62.919  21.527 0.5000000000
13972  -17.780  -62.253  20.178 0.3000000119
13311  -19.609  -63.375  21.188 0.4000000060
13985  -16.893  -62.827  19.247 0.4000000060
16693  -17.228  -58.808  23.011 0.3000000119
18244  -15.282  -55.515  21.151 0.3000000119
19054  -15.937  -55.668  20.193 0.3000000119
17497  -22.361  -57.534  18.223 0.4000000060
17484  -14.878  -56.555  20.424 0.3000000119
16014  -22.293  -58.897  18.850 0.4000000060
16737  -15.185  -57.421  20.068 0.3000000119
15272  -22.499  -60.133  20.630 0.4000000060
16739  -22.374  -59.070  19.881 0.4000000060
16013  -16.914  -58.871  19.434 0.3000000119
16004  -17.601  -59.548  19.555 0.3000000119
14605  -21.729  -61.283  22.018 0.4000000060
112497  -17.051  -61.422  19.705 0.3000000119
14632  -17.996  -61.692  21.073 0.3000000119
14618  -18.722  -61.776  21.757 0.3000000119
13950  -20.015  -62.219  22.333 0.3000000119
18263  -16.392  -56.170  19.742 0.3000000119
19055  -16.648  -55.498  19.729 0.3000000119
17493  -15.965  -56.999  19.823 0.3000000119
17498  -22.550  -57.531  19.275 0.3000000119
16751  -22.586  -58.309  19.869 0.4000000060
16749  -18.108  -58.796  19.536 0.3000000119
16006  -22.849  -59.502  20.885 0.4000000060
15270  -17.736  -60.411  19.822 0.3000000119
15271  -17.958  -60.681  20.566 0.3000000119
14604  -21.193  -61.990  22.186 0.3000000119
96088  -18.087  -57.885  19.357 0.3000000119
100672  -18.412  -59.018  20.169 0.3000000119
15990  -22.948  -59.907  21.704 0.3000000119
15991  -23.425  -59.240  21.551 0.3000000119
15988  -18.492  -59.749  21.088 0.3000000119
15240  -21.864  -60.583  22.567 0.3000000119
15253  -18.487  -60.888  21.583 0.3000000119
14603  -20.611  -61.658  22.546 0.3000000119
17485  -19.076  -57.148  20.042 0.3000000119
18245  -19.741  -56.588  20.864 0.3000000119
16728  -18.876  -58.722  20.834 0.3000000119
15970  -22.520  -59.906  22.701 0.3000000119
16738  -19.138  -57.964  20.608 0.3000000119
17473  -19.582  -57.500  21.095 0.3000000119
13984  -16.184  -62.468  19.441 0.3000000119
14631  -17.565  -61.369  20.025 0.3000000119
4526  -26.653  -80.612  16.932 0.5000000000
4533  -27.292  -80.911  16.251 0.5000000000
4527  -27.480  -80.935  17.249 0.5000000000
5301  -24.560  -78.208  19.024 0.6999999881
4964  -22.742  -79.886  16.383 0.6999999881
4972  -23.882  -80.112  15.650 0.6999999881
96761  -29.220  -81.193  18.692 0.4000000060
109421  -27.307  -79.686  20.324 0.5000000000
106013  -32.748  -74.890  24.239 0.3000000119
5272  -27.189  -78.163  21.706 0.5000000000
6106  -27.420  -76.587  21.592 0.3000000119
6144  -23.771  -76.794  17.200 0.6000000238
103639  -22.956  -77.856  17.549 0.6000000238
107841  -24.454  -76.376  16.739 0.5000000000
6130  -20.892  -76.671  18.226 0.6000000238
4954  -21.572  -79.765  16.313 0.6999999881
6095  -35.875  -77.081  22.977 0.3000000119
4942  -20.204  -79.833  18.068 0.6000000238
5328  -20.671  -79.677  16.722 0.6000000238
4969  -21.220  -80.370  15.895 0.6999999881
5303  -25.885  -78.683  19.905 0.5000000000
4934  -26.910  -79.848  19.677 0.6000000238
4514  -26.937  -80.615  18.033 0.5000000000
4530  -20.852  -80.823  15.819 0.6000000238
4136  -22.036  -81.046  14.648 0.6999999881
4497  -20.685  -80.397  18.950 0.5000000000
4131  -21.612  -81.588  15.409 0.5000000000
7029  -32.290  -74.087  24.449 0.3000000119
4888  -21.617  -79.002  20.916 0.6000000238
3768  -22.257  -82.200  16.367 0.5000000000
6575  -30.172  -74.985  21.762 0.3000000119
5302  -25.124  -78.092  19.625 0.5000000000
7028  -31.571  -74.001  24.326 0.3000000119
3769  -23.388  -82.485  17.375 0.5000000000
100394  -26.736  -75.749  16.110 0.4000000060
7522  -25.322  -73.235  20.010 0.6000000238
7993  -23.695  -72.856  22.681 0.6000000238
8515  -25.160  -71.545  23.330 0.6000000238
8049  -26.066  -73.048  19.969 0.6000000238
8087  -28.279  -72.344  16.280 0.5000000000
6179  -28.987  -76.435  15.295 0.4000000060
8590  -27.942  -71.469  19.492 0.6000000238
8599  -28.562  -71.295  18.650 0.5000000000
8556  -27.277  -71.399  21.322 0.6000000238
9165  -31.310  -70.233  19.504 0.4000000060
100496  -22.730  -74.171  25.770 0.6000000238
101349  -23.232  -71.735  25.784 0.6999999881
103554  -19.395  -69.047  23.215 0.6000000238
101167  -28.541  -73.408  14.566 0.4000000060
9167  -33.253  -69.918  18.842 0.4000000060
9737  -29.509  -68.988  22.499 0.4000000060
6513  -22.740  -75.238  26.955 0.6000000238
10351  -20.459  -68.226  22.375 0.6000000238
10879  -19.892  -67.770  24.562 0.6000000238
9678  -20.201  -69.338  26.683 0.5000000000
12037  -23.436  -65.381  24.706 0.6000000238
9065  -20.059  -70.114  26.956 0.4000000060
9079  -23.657  -70.458  25.610 0.5000000000
8076  -31.757  -72.796  17.304 0.5000000000
10284  -23.637  -68.399  26.521 0.6000000238
9067  -23.429  -69.755  26.415 0.5000000000
8642  -20.655  -71.840  14.237 0.6000000238
10384  -18.613  -68.439  19.375 0.5000000000
10982  -24.486  -67.356  16.541 0.5000000000
10427  -24.020  -68.461  14.834 0.6000000238
99995  -24.182  -68.059  15.208 0.6000000238
11522  -24.635  -66.482  16.845 0.6000000238
10424  -21.370  -69.003  15.560 0.6000000238
10947  -17.459  -67.857  20.170 0.5000000000
13363  -24.695  -63.636  17.690 0.5000000000
13359  -20.494  -63.520  17.052 0.6000000238
11498  -18.002  -66.218  20.273 0.5000000000
15965  -10.871  -59.048  22.527 0.3000000119
14021  -23.270  -62.585  16.527 0.5000000000
13345  -16.204  -64.364  18.722 0.3000000119
13330  -16.575  -63.729  18.755 0.4000000060
13312  -20.261  -63.490  21.194 0.5000000000
97436  -22.530  -59.664  18.404 0.4000000060
15955  -15.953  -59.799  23.092 0.3000000119
16012  -15.955  -59.131  19.750 0.3000000119
13960  -18.474  -62.380  21.131 0.3000000119
16746  -16.010  -58.122  19.782 0.3000000119
13951  -20.661  -62.388  22.142 0.4000000060
16694  -17.956  -58.371  23.444 0.3000000119
16748  -17.683  -58.453  19.400 0.3000000119
103071  -22.289  -60.580  21.804 0.4000000060
109535  -18.550  -58.096  19.852 0.3000000119
2893  -21.595  -84.245  19.398 0.5000000000
2907  -22.269  -84.643  18.787 0.5000000000
2908  -23.751  -84.661  18.335 0.5000000000
2909  -24.273  -84.287  18.086 0.4000000060
2884  -20.913  -83.794  20.078 0.5000000000
3315  -22.100  -83.863  19.995 0.5000000000
3316  -23.175  -84.030  19.921 0.5000000000
2895  -24.208  -84.189  18.945 0.5000000000
3330  -24.446  -83.570  18.539 0.5000000000
3770  -24.340  -82.975  17.717 0.4000000060
3300  -21.677  -83.449  20.664 0.4000000060
3301  -22.746  -83.530  20.536 0.5000000000
3303  -24.293  -83.260  20.067 0.5000000000
3286  -22.304  -83.019  21.127 0.5000000000
3287  -23.283  -83.035  20.954 0.5000000000
3302  -23.685  -83.503  20.337 0.5000000000
3708  -23.721  -82.430  21.270 0.5000000000
3723  -24.351  -82.528  20.311 0.5000000000
3709  -24.274  -82.128  20.984 0.5000000000
4089  -24.181  -81.334  20.212 0.5000000000
4101  -23.833  -81.618  19.359 0.4000000060
3707  -22.879  -82.568  21.533 0.5000000000
4078  -24.318  -81.282  21.314 0.5000000000
4485  -24.344  -81.065  20.850 0.5000000000
4499  -23.327  -80.888  19.839 0.5000000000
4431  -22.104  -80.231  24.287 0.5000000000
3690  -22.546  -82.062  22.094 0.5000000000
4042  -23.071  -81.070  23.076 0.5000000000
4460  -23.892  -80.791  22.686 0.5000000000
4446  -24.175  -80.152  22.933 0.5000000000
113952  -24.321  -80.842  21.764 0.5000000000
4461  -24.290  -80.407  22.208 0.5000000000
4475  -24.289  -80.557  21.450 0.5000000000
4484  -23.924  -80.501  20.657 0.5000000000
4432  -23.220  -79.921  24.105 0.5000000000
4842  -23.505  -79.082  24.607 0.5000000000
5215  -22.950  -78.313  25.859 0.5000000000
4864  -24.000  -79.506  23.578 0.5000000000
5227  -23.630  -78.279  24.680 0.5000000000
5622  -23.292  -77.751  25.399 0.5000000000
4874  -24.254  -79.776  22.716 0.5000000000
5240  -24.061  -78.748  23.567 0.5000000000
110106  -23.840  -78.050  24.029 0.5000000000
4873  -24.136  -79.321  22.405 0.5000000000
5249  -23.864  -78.674  22.802 0.5000000000
4890  -24.309  -79.902  21.963 0.5000000000
4910  -22.936  -79.683  20.870 0.5000000000
4483  -21.537  -79.770  20.162 0.5000000000
6027  -22.242  -76.043  27.951 0.5000000000
109609  -22.829  -75.654  26.082 0.6000000238
110038  -23.118  -77.089  25.896 0.5000000000
5635  -23.387  -77.477  24.540 0.5000000000
6055  -22.841  -76.241  25.590 0.5000000000
5642  -23.089  -77.346  23.715 0.5000000000
5641  -22.628  -76.649  24.126 0.5000000000
5269  -22.109  -78.444  21.624 0.5000000000
4889  -22.714  -79.059  21.394 0.5000000000
6480  -21.524  -74.973  28.572 0.5000000000
6012  -22.164  -75.295  28.186 0.5000000000
96868  -22.484  -75.506  25.109 0.6000000238
8552  -18.194  -71.559  21.459 0.5000000000
9122  -18.476  -70.743  21.963 0.6000000238
8025  -18.408  -72.277  20.221 0.5000000000
8553  -18.856  -71.003  20.984 0.5000000000
9138  -19.204  -70.289  21.321 0.6000000238
9151  -19.540  -70.694  20.512 0.6000000238
8026  -19.080  -71.765  19.947 0.5000000000
8589  -19.835  -71.201  19.677 0.6000000238
8597  -20.537  -71.179  18.835 0.5000000000
9160  -20.728  -70.119  19.721 0.6000000238
9161  -21.284  -70.157  19.153 0.6000000238
8064  -20.679  -71.778  18.007 0.5000000000
9172  -21.651  -70.499  18.387 0.6000000238
9779  -22.077  -69.824  18.585 0.6000000238
8609  -21.566  -71.827  16.991 0.5000000000
9189  -21.982  -70.924  17.486 0.5000000000
8086  -22.092  -73.114  14.446 0.5000000000
8102  -22.221  -73.010  13.876 0.6000000238
8641  -19.703  -71.816  14.683 0.6000000238
8650  -20.555  -72.619  14.005 0.5000000000
8629  -23.265  -72.009  14.911 0.6000000238
8610  -22.579  -71.511  16.334 0.5000000000
8651  -21.773  -72.497  13.790 0.5000000000
112065  -19.074  -70.791  16.472 0.6000000238
9211  -20.139  -71.102  15.099 0.6000000238
9794  -19.897  -69.648  17.054 0.6000000238
7479  -31.288  -73.558  24.103 0.3000000119
7982  -31.576  -72.536  23.293 0.3000000119
7045  -30.356  -74.401  23.235 0.3000000119
8013  -33.426  -72.253  21.419 0.3000000119
7051  -30.306  -74.399  22.533 0.3000000119
7038  -30.166  -75.006  23.445 0.3000000119
6535  -30.797  -75.062  23.828 0.3000000119
4114  -24.200  -82.316  18.905 0.4000000060
5658  -23.463  -78.013  23.254 0.5000000000
6065  -22.461  -76.086  24.618 0.5000000000
9106  -18.515  -70.305  22.867 0.5000000000
3741  -24.475  -82.890  19.158 0.4000000060
4102  -24.354  -82.207  19.770 0.5000000000
3691  -23.315  -82.087  21.779 0.5000000000
4443  -21.675  -80.835  23.849 0.5000000000
4444  -22.671  -80.612  23.677 0.5000000000
4851  -22.528  -79.589  24.854 0.5000000000
4841  -22.810  -78.973  25.423 0.5000000000
5239  -23.926  -78.765  24.132 0.5000000000
5634  -23.020  -76.823  25.096 0.5000000000
7489  -31.171  -73.255  23.522 0.3000000119
7506  -31.450  -73.440  21.921 0.3000000119
7996  -31.879  -72.609  22.330 0.3000000119
7497  -31.238  -73.190  22.734 0.3000000119
7505  -30.887  -73.776  22.374 0.3000000119
7507  -32.227  -73.164  21.490 0.3000000119
16740  -22.985  -58.765  20.673 0.3000000119
2894  -23.369  -84.437  19.117 0.5000000000
3317  -24.029  -83.950  19.706 0.5000000000
3318  -24.376  -83.502  19.401 0.4000000060
3722  -24.050  -82.856  20.687 0.5000000000
3756  -24.393  -82.870  18.519 0.4000000060
4056  -22.366  -81.606  22.729 0.5000000000
4057  -23.390  -81.537  22.328 0.5000000000
4058  -24.196  -81.122  22.017 0.5000000000
4077  -23.981  -81.766  21.616 0.5000000000
4090  -24.337  -81.734  20.588 0.5000000000
4123  -20.259  -81.003  16.597 0.5000000000
4130  -20.543  -81.136  16.092 0.6000000238
4142  -23.809  -80.840  14.201 0.5000000000
4445  -23.634  -80.381  23.395 0.5000000000
4512  -20.535  -81.114  17.962 0.6000000238
4513  -21.327  -81.077  18.833 0.5000000000
4515  -27.633  -80.695  18.751 0.5000000000
4528  -28.297  -81.166  17.527 0.5000000000
4529  -20.403  -80.832  16.462 0.6000000238
4535  -21.562  -80.847  15.192 0.6000000238
4536  -22.486  -80.759  14.723 0.6000000238
4545  -27.019  -81.000  14.395 0.5000000000
4876  -29.964  -79.238  22.255 0.4000000060
4912  -27.810  -79.528  21.026 0.5000000000
4913  -28.596  -79.993  21.008 0.5000000000
4931  -20.675  -79.666  19.528 0.6000000238
4933  -26.241  -79.598  19.302 0.5000000000
4963  -20.730  -80.301  16.355 0.6999999881
4973  -24.794  -80.226  14.984 0.6999999881
5216  -23.277  -78.501  25.207 0.5000000000
5244  -31.592  -77.854  23.160 0.3000000119
5248  -22.795  -78.145  22.418 0.5000000000
5251  -28.491  -78.073  22.707 0.4000000060
5252  -29.310  -78.587  22.706 0.4000000060
5270  -23.322  -78.788  22.011 0.5000000000
5288  -21.074  -78.577  20.610 0.6999999881
5289  -25.676  -77.734  20.305 0.4000000060
5318  -20.386  -79.475  17.349 0.6000000238
5675  -26.754  -76.824  21.267 0.4000000060
5689  -26.310  -77.082  20.976 0.4000000060
5707  -20.525  -78.435  17.601 0.6000000238
5710  -24.092  -77.668  18.716 0.6000000238
5723  -21.653  -77.574  16.649 0.6000000238
5741  -32.148  -77.641  14.028 0.4000000060
6044  -22.699  -76.019  27.187 0.5000000000
6076  -29.549  -76.491  23.423 0.4000000060
6078  -31.508  -76.336  23.753 0.3000000119
6081  -34.525  -76.556  23.103 0.3000000119
6083  -36.009  -76.476  23.554 0.3000000119
6093  -28.433  -76.677  22.635 0.4000000060
6142  -21.840  -76.642  16.302 0.5000000000
6191  -31.271  -77.002  13.697 0.4000000060
6534  -22.399  -75.055  24.717 0.6999999881
6536  -31.650  -74.769  24.207 0.3000000119
6541  -38.385  -76.560  24.777 0.3000000119
6548  -21.884  -75.970  22.859 0.6000000238
6560  -21.738  -75.951  22.095 0.6000000238
6563  -29.273  -75.590  22.510 0.3000000119
6573  -28.672  -75.896  21.687 0.3000000119
6584  -21.747  -75.531  20.336 0.6999999881
6594  -21.334  -76.008  19.762 0.6000000238
6609  -21.246  -75.940  18.638 0.6000000238
6665  -24.305  -75.777  14.747 0.5000000000
6677  -27.528  -75.058  13.952 0.4000000060
6681  -32.450  -76.912  13.627 0.5000000000
6975  -21.042  -74.269  28.843 0.6000000238
6976  -22.181  -74.524  28.261 0.6000000238
6992  -22.526  -74.760  27.746 0.5000000000
7005  -22.731  -74.435  26.832 0.6000000238
7027  -31.062  -74.290  24.046 0.3000000119
7032  -35.560  -74.372  24.874 0.3000000119
7039  -30.631  -74.536  23.653 0.3000000119
7059  -22.278  -74.923  20.170 0.6000000238
7091  -22.953  -74.466  18.359 0.5000000000
7128  -25.530  -74.796  14.296 0.4000000060
7129  -29.616  -74.871  13.912 0.5000000000
7144  -29.133  -75.249  13.824 0.5000000000
7471  -22.905  -73.248  25.843 0.6999999881
7487  -23.028  -73.363  23.652 0.6999999881
7488  -30.842  -73.949  23.626 0.3000000119
7494  -22.668  -73.942  23.300 0.6999999881
7496  -30.702  -73.762  23.042 0.3000000119
7504  -24.083  -73.524  21.104 0.6000000238
7556  -24.632  -73.808  17.678 0.5000000000
7557  -25.187  -73.523  18.382 0.6000000238
7598  -26.026  -73.942  14.615 0.5000000000
7600  -27.769  -73.184  14.571 0.4000000060
7603  -31.078  -74.817  15.031 0.4000000060
7613  -27.149  -73.815  14.024 0.5000000000
7928  -20.811  -71.921  28.444 0.4000000060
7929  -21.659  -72.207  28.483 0.5000000000
7930  -22.314  -72.673  28.237 0.6000000238
7940  -22.714  -72.342  27.502 0.6000000238
7949  -23.020  -72.477  26.385 0.6000000238
7969  -23.425  -72.203  24.189 0.6999999881
7994  -24.303  -72.620  22.389 0.6000000238
8007  -17.898  -72.287  21.052 0.5000000000
8008  -23.900  -73.107  21.986 0.5000000000
8012  -32.645  -72.440  21.755 0.3000000119
8029  -26.499  -72.573  20.362 0.6000000238
8050  -26.741  -72.726  19.421 0.6000000238
8071  -26.801  -72.871  16.816 0.5000000000
8072  -27.555  -72.380  16.889 0.6000000238
8074  -29.692  -72.247  17.103 0.4000000060
8104  -28.365  -72.776  15.390 0.5000000000
8460  -22.203  -70.940  28.022 0.6000000238
8461  -22.256  -71.777  28.196 0.5000000000
8486  -19.015  -70.683  25.997 0.5000000000
8514  -24.373  -71.729  23.558 0.6000000238
8532  -24.746  -72.205  22.912 0.6000000238
8534  -26.328  -71.652  22.376 0.6000000238
8555  -26.600  -71.845  21.611 0.6000000238
8557  -27.876  -70.875  21.036 0.6000000238
8572  -18.621  -71.665  20.628 0.5000000000
8573  -20.584  -70.630  19.405 0.6000000238
8576  -28.277  -70.985  20.245 0.6000000238
8630  -23.885  -71.521  14.459 0.6999999881
8643  -22.909  -72.622  14.078 0.5000000000
8644  -23.623  -72.049  13.926 0.6999999881
8653  -23.684  -71.722  13.815 0.6999999881
9046  -19.606  -70.727  26.744 0.4000000060
9066  -22.883  -69.914  27.152 0.6000000238
9080  -24.085  -70.278  25.264 0.6000000238
9093  -24.406  -70.667  24.629 0.6000000238
9111  -27.778  -69.954  23.310 0.5000000000
9124  -26.777  -71.032  22.801 0.5000000000
9140  -28.134  -70.275  21.612 0.6000000238
9152  -20.211  -70.403  20.083 0.6000000238
9155  -29.913  -69.918  20.257 0.6000000238
9171  -21.039  -70.716  18.820 0.6000000238
9205  -24.273  -70.707  14.814 0.6000000238
9206  -24.432  -69.811  14.632 0.6000000238
9214  -24.311  -70.501  14.257 0.6000000238
9218  -23.293  -71.550  13.664 0.6999999881
9663  -20.772  -69.849  27.410 0.6000000238
9665  -22.299  -69.319  27.383 0.6000000238
9680  -22.956  -69.265  27.051 0.6000000238
9690  -18.941  -69.917  25.547 0.5000000000
9692  -23.815  -69.886  25.770 0.6000000238
9695  -26.428  -69.214  25.415 0.6000000238
9703  -18.541  -69.893  24.652 0.5000000000
9709  -28.150  -69.171  24.268 0.5000000000
9722  -29.917  -68.667  23.020 0.4000000060
9735  -20.058  -68.932  22.003 0.6000000238
9738  -30.369  -68.728  22.277 0.5000000000
9747  -20.327  -69.266  21.191 0.6999999881
9748  -21.005  -68.826  20.754 0.6999999881
9757  -20.636  -69.631  20.311 0.6999999881
9759  -30.437  -69.541  20.715 0.6000000238
9766  -21.792  -69.401  19.258 0.6999999881
9781  -23.454  -69.290  17.918 0.6999999881
9797  -23.924  -69.526  16.841 0.6000000238
9804  -24.395  -69.899  15.618 0.6999999881
9811  -21.011  -69.613  15.523 0.6000000238
9812  -21.936  -69.691  14.868 0.6000000238
9818  -23.148  -70.453  14.110 0.6999999881
9819  -23.891  -70.049  14.137 0.6000000238
9820  -24.279  -69.393  14.632 0.6000000238
10283  -23.265  -68.897  26.748 0.6000000238
10285  -24.927  -68.016  26.517 0.6000000238
10299  -19.449  -68.663  25.418 0.5000000000
10302  -25.312  -68.752  26.182 0.6000000238
10304  -26.858  -68.621  25.859 0.6000000238
10305  -28.340  -68.362  25.490 0.5000000000
10318  -28.603  -68.685  24.775 0.5000000000
10319  -29.385  -68.491  24.481 0.5000000000
10333  -19.691  -68.396  23.767 0.6000000238
10350  -19.894  -68.649  22.834 0.6000000238
10352  -21.104  -67.802  21.962 0.6000000238
10364  -22.294  -67.867  20.934 0.6000000238
10365  -32.092  -68.498  22.026 0.5000000000
10375  -24.145  -67.880  19.762 0.6999999881
10376  -24.775  -67.933  19.437 0.6999999881
10388  -33.528  -68.506  19.491 0.4000000060
10396  -18.858  -69.141  18.784 0.5000000000
10399  -33.643  -68.359  18.842 0.4000000060
10408  -20.416  -68.776  16.959 0.5000000000
10417  -21.275  -68.370  15.800 0.6000000238
10418  -24.595  -68.749  15.969 0.6000000238
10426  -23.280  -68.484  14.829 0.6000000238
10431  -23.958  -69.285  14.473 0.6000000238
10856  -21.329  -67.890  26.580 0.6999999881
10858  -22.617  -67.332  26.509 0.6000000238
10861  -25.492  -67.140  26.561 0.6000000238
10862  -27.041  -67.150  26.535 0.6000000238
10870  -21.059  -67.185  25.846 0.6999999881
10880  -20.402  -67.140  24.346 0.6000000238
10892  -20.611  -67.305  23.565 0.6000000238
10905  -20.842  -67.548  22.779 0.6000000238
10909  -24.346  -67.109  21.902 0.6999999881
10918  -21.916  -67.530  21.661 0.6000000238
10921  -24.648  -67.467  21.138 0.6000000238
10932  -17.036  -67.256  20.714 0.5000000000
10934  -23.167  -67.709  20.732 0.6000000238
10948  -18.387  -67.649  19.915 0.5000000000
10950  -25.319  -67.315  19.610 0.5000000000
10961  -25.186  -67.307  18.770 0.5000000000
10972  -24.845  -67.134  17.896 0.6000000238
10990  -23.404  -67.811  15.031 0.6000000238
10992  -24.050  -67.224  15.698 0.6000000238
11421  -23.022  -66.545  26.297 0.6000000238
11423  -24.813  -66.250  26.468 0.6000000238
11425  -27.560  -66.732  26.520 0.6000000238
11431  -20.941  -66.648  25.266 0.5000000000
11433  -22.595  -66.118  25.758 0.6000000238
11441  -20.793  -66.596  24.705 0.5000000000
11452  -22.516  -66.078  23.472 0.6000000238
11454  -24.859  -66.259  23.502 0.5000000000
11490  -26.103  -66.506  20.645 0.5000000000
11511  -18.564  -66.552  18.717 0.4000000060
11532  -20.356  -66.231  16.550 0.6000000238
12007  -25.207  -65.652  26.220 0.6000000238
12021  -24.793  -65.264  25.620 0.6000000238
12036  -22.608  -65.600  24.548 0.5000000000
12046  -22.279  -65.722  23.983 0.5000000000
12085  -26.636  -65.502  21.377 0.5000000000
12111  -16.468  -64.867  18.415 0.5000000000
12114  -25.476  -65.864  18.875 0.5000000000
12124  -24.731  -65.643  17.041 0.6000000238
12136  -24.282  -65.599  16.511 0.6000000238
12731  -25.919  -64.927  20.069 0.5000000000
12751  -20.252  -63.977  16.759 0.6999999881
12752  -24.488  -64.115  17.045 0.5000000000
12753  -24.839  -64.612  17.886 0.5000000000
12765  -22.851  -64.847  16.327 0.6999999881
12767  -24.419  -64.758  16.767 0.6000000238
13310  -18.953  -63.028  21.073 0.4000000060
13961  -19.280  -62.575  21.706 0.3000000119
13962  -20.159  -62.948  21.784 0.4000000060
14000  -24.351  -62.008  16.408 0.5000000000
14011  -22.608  -62.658  17.560 0.5000000000
14601  -19.113  -61.136  22.354 0.3000000119
14619  -21.623  -62.161  21.348 0.5000000000
14630  -15.492  -61.854  19.757 0.3000000119
15221  -14.634  -60.711  23.798 0.3000000119
15267  -13.349  -60.173  20.614 0.4000000060
15268  -14.041  -60.054  20.413 0.4000000060
15280  -15.787  -60.061  19.734 0.3000000119
15282  -17.137  -60.690  19.683 0.3000000119
15956  -17.137  -59.812  23.349 0.3000000119
15985  -11.250  -59.191  21.824 0.3000000119
16001  -13.178  -58.691  20.497 0.4000000060
16003  -15.168  -59.433  20.010 0.3000000119
16005  -18.109  -59.733  19.894 0.3000000119
16710  -14.123  -57.695  22.646 0.4000000060
16726  -11.973  -58.245  21.718 0.4000000060
16727  -12.407  -57.575  21.751 0.4000000060
16735  -12.896  -57.660  20.957 0.4000000060
16750  -22.261  -58.263  19.047 0.4000000060
17472  -13.422  -56.657  21.633 0.4000000060
17474  -20.042  -57.151  21.647 0.3000000119
17483  -14.287  -57.170  20.428 0.4000000060
17494  -17.129  -57.017  19.478 0.3000000119
18242  -13.940  -56.334  21.525 0.3000000119
18250  -14.786  -55.991  20.729 0.4000000060
18262  -15.433  -56.038  20.321 0.3000000119
19034  -15.292  -55.533  20.768 0.3000000119
96426  -22.409  -60.557  20.058 0.4000000060
96465  -21.270  -77.603  21.532 0.6000000238
96502  -24.458  -82.860  19.735 0.5000000000
96792  -27.234  -72.575  17.562 0.6000000238
96934  -21.048  -81.741  16.405 0.5000000000
98508  -23.934  -66.793  22.744 0.6000000238
98516  -26.965  -66.248  26.511 0.6000000238
99363  -23.656  -65.201  16.267 0.6999999881
99440  -27.051  -65.511  26.294 0.6000000238
99554  -23.460  -67.861  20.062 0.6000000238
99591  -18.544  -63.157  18.507 0.5000000000
99859  -22.515  -84.282  19.457 0.5000000000
100044  -22.985  -65.564  25.327 0.6000000238
100190  -22.067  -76.801  23.148 0.6000000238
100679  -27.265  -70.488  23.120 0.5000000000
101372  -21.260  -71.178  18.176 0.6000000238
101568  -18.510  -70.032  23.699 0.6000000238
103172  -12.490  -57.666  22.485 0.3000000119
103560  -20.492  -67.866  25.970 0.5000000000
104090  -27.822  -70.271  22.519 0.5000000000
104648  -22.513  -74.615  21.073 0.6000000238
105058  -28.897  -72.431  16.254 0.5000000000
105519  -23.749  -79.419  21.631 0.5000000000
105559  -24.838  -69.351  25.807 0.6000000238
106222  -34.286  -74.681  24.220 0.3000000119
106914  -21.105  -76.953  17.164 0.6000000238
107289  -28.713  -81.611  14.134 0.5000000000
107518  -25.061  -67.581  19.778 0.4000000060
107984  -24.039  -79.986  21.309 0.5000000000
108080  -16.115  -64.687  18.803 0.4000000060
108364  -22.508  -74.961  25.273 0.6999999881
109510  -31.161  -68.698  21.870 0.5000000000
109606  -19.372  -61.849  22.260 0.3000000119
110143  -22.414  -82.087  15.650 0.5000000000
110279  -26.756  -74.467  13.920 0.4000000060
111331  -21.276  -66.245  24.337 0.5000000000
111505  -19.222  -71.284  20.343 0.5000000000
111775  -22.494  -75.496  27.646 0.5000000000
111996  -26.513  -68.229  26.271 0.6000000238
112863  -24.206  -79.240  23.073 0.5000000000
113356  -24.780  -67.100  17.222 0.5000000000
113506  -30.536  -77.183  23.553 0.4000000060
113681  -24.530  -73.711  19.364 0.6000000238
114085  -24.698  -76.239  15.850 0.4000000060
114417  -14.206  -59.872  23.620 0.3000000119
114504  -21.702  -74.206  28.532 0.6000000238
114683  -22.629  -75.259  25.495 0.6000000238
114706  -22.448  -74.233  28.069 0.6000000238
114864  -32.411  -68.703  21.364 0.4000000060
