#!ascii label  , from subject sub-v1s7x0051325_ses-1 vox2ras=TkReg
1035
114072  19.128  -27.419  82.545 0.0000000000
47316  31.622  -21.020  85.249 0.0000000000
57017  36.115  -11.528  61.529 0.0000000000
54149  28.708  -16.119  72.187 0.0000000000
51322  34.442  -18.072  78.064 0.0000000000
61427  43.217  -6.770  51.832 0.0000000000
56036  36.846  -11.590  64.533 0.0000000000
56042  31.084  -12.243  65.051 0.0000000000
115196  15.763  -28.661  81.791 0.0000000000
96289  25.575  -24.534  84.226 0.0000000000
43927  27.915  -23.835  81.085 0.0000000000
43963  21.031  -25.237  79.236 0.0000000000
61371  40.395  -6.907  57.305 0.0000000000
97518  22.370  -26.049  87.243 0.0000000000
40966  18.469  -27.522  87.214 0.0000000000
114938  40.961  -9.301  60.098 0.0000000000
41967  14.140  -27.159  87.134 0.0000000000
40103  9.794  -29.986  87.116 0.0000000000
55969  30.955  -12.288  70.290 0.0000000000
54120  32.324  -16.324  74.685 0.0000000000
48497  29.976  -20.008  74.220 0.0000000000
46440  29.355  -21.820  78.344 0.0000000000
56929  36.992  -10.761  65.972 0.0000000000
56039  34.286  -11.459  64.740 0.0000000000
56933  33.219  -11.335  66.549 0.0000000000
56926  39.965  -10.260  65.647 0.0000000000
41099  17.884  -28.906  80.153 0.0000000000
40199  16.049  -30.168  80.049 0.0000000000
41058  17.456  -28.000  81.881 0.0000000000
107763  21.943  -25.168  83.082 0.0000000000
43919  23.328  -24.695  81.821 0.0000000000
43014  19.757  -26.565  81.202 0.0000000000
43023  18.582  -27.575  78.898 0.0000000000
113072  35.752  -10.961  59.279 0.0000000000
57002  38.885  -11.153  62.040 0.0000000000
58896  38.951  -10.484  60.701 0.0000000000
59713  37.794  -9.787  59.045 0.0000000000
40938  17.628  -27.037  89.443 0.0000000000
40968  16.604  -27.535  87.157 0.0000000000
41937  15.520  -26.504  89.929 0.0000000000
40927  10.318  -28.297  92.388 0.0000000000
40949  11.249  -28.216  89.936 0.0000000000
40080  9.294  -30.378  90.326 0.0000000000
38245  7.702  -32.112  89.776 0.0000000000
38200  7.457  -32.431  92.904 0.0000000000
55038  32.760  -14.917  77.640 0.0000000000
53192  33.850  -17.119  76.817 0.0000000000
50381  32.380  -18.832  74.817 0.0000000000
49458  32.368  -19.368  76.682 0.0000000000
43978  25.127  -23.886  78.432 0.0000000000
45584  28.723  -23.093  80.192 0.0000000000
44809  26.063  -23.425  76.855 0.0000000000
46460  27.106  -22.450  75.581 0.0000000000
95892  28.450  -13.466  71.326 0.0000000000
55995  28.304  -13.257  68.490 0.0000000000
54166  26.739  -15.533  69.958 0.0000000000
109912  43.630  -4.307  50.037 0.0000000000
61430  43.037  -7.637  50.428 0.0000000000
56092  37.065  -11.907  63.022 0.0000000000
56080  34.448  -12.060  63.288 0.0000000000
56056  39.553  -12.008  63.554 0.0000000000
44721  28.797  -24.141  85.613 0.0000000000
44741  29.763  -23.490  83.801 0.0000000000
96286  26.690  -24.480  83.094 0.0000000000
111507  24.082  -24.417  80.442 0.0000000000
116419  22.337  -24.807  78.015 0.0000000000
103448  43.201  -6.602  58.168 0.0000000000
62317  42.026  -6.329  55.816 0.0000000000
61404  41.704  -6.775  54.054 0.0000000000
60516  41.074  -8.265  51.780 0.0000000000
41984  20.511  -26.722  84.732 0.0000000000
41020  19.040  -27.307  84.796 0.0000000000
41972  20.503  -27.002  86.722 0.0000000000
111019  24.272  -25.323  85.495 0.0000000000
60488  40.579  -8.294  58.813 0.0000000000
112870  17.115  -27.658  84.266 0.0000000000
41005  14.647  -27.802  84.740 0.0000000000
41987  12.397  -28.368  84.527 0.0000000000
41940  12.843  -27.261  89.685 0.0000000000
98451  11.459  -28.210  86.910 0.0000000000
36106  4.831  -34.088  94.492 0.0000000000
56891  33.219  -10.568  69.033 0.0000000000
55923  29.142  -13.977  74.271 0.0000000000
55049  30.688  -14.291  75.868 0.0000000000
54140  30.184  -16.106  73.324 0.0000000000
52333  31.603  -18.112  73.095 0.0000000000
49485  30.392  -20.086  72.684 0.0000000000
47486  28.611  -21.828  71.521 0.0000000000
46409  31.154  -22.015  82.257 0.0000000000
47403  31.946  -21.041  80.045 0.0000000000
48460  32.756  -19.914  78.168 0.0000000000
47437  29.592  -20.937  75.968 0.0000000000
47463  27.194  -21.803  73.213 0.0000000000
56921  31.358  -11.760  67.732 0.0000000000
55146  28.149  -14.040  65.354 0.0000000000
56901  37.080  -9.907  67.484 0.0000000000
56931  35.003  -10.761  66.040 0.0000000000
56917  35.379  -10.372  66.874 0.0000000000
57911  38.244  -10.070  67.219 0.0000000000
41077  18.360  -27.888  81.409 0.0000000000
103254  17.833  -28.358  80.832 0.0000000000
41056  18.603  -27.655  82.334 0.0000000000
42999  20.444  -26.533  83.377 0.0000000000
43909  20.502  -26.241  82.533 0.0000000000
43007  19.266  -27.340  81.644 0.0000000000
99221  18.690  -27.724  81.120 0.0000000000
57966  36.207  -11.333  60.761 0.0000000000
57004  37.686  -11.387  61.911 0.0000000000
57958  38.753  -10.895  61.643 0.0000000000
57965  37.072  -11.055  60.930 0.0000000000
57969  37.251  -10.701  60.362 0.0000000000
40928  9.566  -29.002  92.387 0.0000000000
40932  9.694  -29.479  91.451 0.0000000000
40074  9.299  -30.239  91.171 0.0000000000
38229  8.259  -31.508  90.318 0.0000000000
39220  8.306  -31.457  91.238 0.0000000000
39221  7.757  -31.893  91.715 0.0000000000
53173  34.115  -16.892  77.387 0.0000000000
103181  34.305  -17.473  77.063 0.0000000000
99404  33.262  -18.332  76.358 0.0000000000
50364  33.483  -18.592  76.997 0.0000000000
47327  32.703  -20.685  84.292 0.0000000000
44793  24.219  -25.068  77.752 0.0000000000
44791  25.674  -23.711  77.932 0.0000000000
97934  24.907  -24.028  76.393 0.0000000000
44824  25.414  -23.517  76.194 0.0000000000
55080  27.895  -14.253  72.068 0.0000000000
55089  27.490  -14.256  70.626 0.0000000000
61421  43.360  -6.532  52.566 0.0000000000
102732  44.705  -6.071  52.210 0.0000000000
62343  44.202  -6.116  51.728 0.0000000000
62346  43.738  -6.279  50.731 0.0000000000
62344  43.338  -6.697  51.257 0.0000000000
56078  36.709  -12.106  63.598 0.0000000000
56094  35.335  -11.959  63.207 0.0000000000
109479  34.994  -11.881  63.585 0.0000000000
56041  32.206  -11.803  65.279 0.0000000000
101693  31.904  -12.297  64.078 0.0000000000
56064  31.238  -12.471  64.294 0.0000000000
56945  38.135  -11.162  65.089 0.0000000000
56058  38.018  -11.964  63.832 0.0000000000
56076  38.304  -12.140  63.228 0.0000000000
40185  16.137  -29.338  80.926 0.0000000000
41060  14.304  -29.124  82.255 0.0000000000
43873  26.923  -24.527  84.576 0.0000000000
43889  28.099  -24.304  83.861 0.0000000000
43891  25.918  -24.519  83.635 0.0000000000
110055  21.992  -24.605  80.623 0.0000000000
43932  23.564  -24.580  81.011 0.0000000000
43962  22.441  -24.374  79.608 0.0000000000
43961  23.344  -24.077  79.215 0.0000000000
44779  21.202  -25.007  78.524 0.0000000000
43964  20.313  -25.605  78.661 0.0000000000
50413  30.968  -19.557  71.015 0.0000000000
62300  41.190  -6.731  57.252 0.0000000000
110972  43.646  -6.200  57.178 0.0000000000
62308  41.473  -6.416  56.469 0.0000000000
61405  40.743  -7.054  53.995 0.0000000000
61416  40.333  -7.534  53.208 0.0000000000
61414  42.210  -6.800  53.250 0.0000000000
42983  21.197  -26.598  86.063 0.0000000000
41978  20.431  -27.018  86.192 0.0000000000
41963  21.357  -26.579  87.062 0.0000000000
42980  22.654  -25.957  86.380 0.0000000000
42982  21.991  -26.060  85.745 0.0000000000
60486  42.398  -7.829  59.393 0.0000000000
60478  41.224  -8.783  59.649 0.0000000000
59717  38.006  -9.006  58.602 0.0000000000
41000  18.978  -27.606  85.693 0.0000000000
40137  18.156  -27.540  84.272 0.0000000000
40114  17.705  -27.583  85.695 0.0000000000
40957  15.573  -27.253  87.529 0.0000000000
40984  15.646  -27.613  86.113 0.0000000000
40985  14.862  -27.670  85.737 0.0000000000
41024  13.871  -27.957  84.126 0.0000000000
41974  13.284  -27.626  85.806 0.0000000000
41928  13.383  -26.638  90.981 0.0000000000
112887  10.116  -29.203  88.828 0.0000000000
40959  11.178  -28.213  88.471 0.0000000000
40972  10.304  -29.204  87.505 0.0000000000
40986  10.892  -28.975  86.234 0.0000000000
55932  30.719  -13.033  73.463 0.0000000000
101696  32.995  -16.054  75.915 0.0000000000
55047  32.005  -14.701  76.785 0.0000000000
54111  31.603  -15.357  75.564 0.0000000000
54122  30.058  -15.385  74.766 0.0000000000
54130  31.790  -16.223  74.223 0.0000000000
53240  30.800  -17.220  73.084 0.0000000000
53230  32.122  -17.256  74.120 0.0000000000
49475  31.200  -19.577  74.558 0.0000000000
49484  30.931  -19.621  73.516 0.0000000000
48509  29.952  -20.356  73.045 0.0000000000
112230  29.848  -21.298  71.807 0.0000000000
48499  29.191  -20.898  72.992 0.0000000000
44749  29.044  -23.791  82.062 0.0000000000
45563  30.587  -22.688  82.768 0.0000000000
45572  29.316  -23.410  81.736 0.0000000000
46432  28.920  -22.414  78.905 0.0000000000
46423  30.006  -21.782  80.452 0.0000000000
47413  30.635  -20.966  78.921 0.0000000000
48440  32.309  -20.313  79.353 0.0000000000
47420  30.539  -20.716  77.982 0.0000000000
48471  31.068  -20.306  76.661 0.0000000000
47429  29.763  -21.085  76.820 0.0000000000
45650  25.458  -23.333  74.071 0.0000000000
46473  27.609  -21.885  75.118 0.0000000000
102763  32.254  -11.332  69.674 0.0000000000
104453  32.437  -11.232  68.721 0.0000000000
55982  30.502  -11.932  68.868 0.0000000000
55124  27.055  -14.455  67.357 0.0000000000
55123  27.726  -13.710  67.011 0.0000000000
63215  43.293  -5.321  48.819 0.0000000000
56015  36.475  -11.095  65.200 0.0000000000
56038  35.237  -11.464  64.656 0.0000000000
56016  35.603  -11.164  65.305 0.0000000000
56018  33.697  -11.353  65.579 0.0000000000
56020  31.888  -11.551  66.100 0.0000000000
57909  39.542  -9.909  66.407 0.0000000000
103184  37.828  -10.779  65.864 0.0000000000
41100  17.373  -29.107  80.365 0.0000000000
40184  16.793  -28.464  81.310 0.0000000000
40170  16.288  -28.460  81.726 0.0000000000
96198  23.064  -24.931  83.368 0.0000000000
96285  24.704  -24.617  83.248 0.0000000000
43920  22.029  -24.928  82.247 0.0000000000
43921  21.724  -24.979  81.506 0.0000000000
43934  20.311  -25.940  80.735 0.0000000000
43949  19.574  -26.149  79.219 0.0000000000
43022  19.153  -27.068  79.615 0.0000000000
102689  18.239  -28.582  79.908 0.0000000000
61386  38.400  -7.310  56.321 0.0000000000
42972  22.224  -26.260  88.402 0.0000000000
57957  40.061  -11.079  61.725 0.0000000000
57962  40.099  -10.703  61.291 0.0000000000
58902  39.335  -10.066  60.101 0.0000000000
59711  39.568  -9.455  59.500 0.0000000000
58903  38.509  -10.258  59.987 0.0000000000
58905  36.503  -10.492  59.376 0.0000000000
40946  18.323  -27.210  88.764 0.0000000000
40967  17.809  -27.517  87.203 0.0000000000
40947  17.441  -27.284  88.608 0.0000000000
41957  16.241  -26.930  88.711 0.0000000000
96298  14.853  -26.680  88.623 0.0000000000
41930  11.485  -27.706  91.391 0.0000000000
40930  10.840  -28.168  91.732 0.0000000000
112485  10.042  -29.385  90.264 0.0000000000
40084  9.715  -29.816  89.053 0.0000000000
39234  8.817  -31.048  88.948 0.0000000000
54101  33.434  -16.390  76.667 0.0000000000
53205  32.792  -16.960  75.495 0.0000000000
52310  32.630  -17.761  74.372 0.0000000000
51341  33.105  -17.970  75.323 0.0000000000
50371  32.483  -18.959  75.332 0.0000000000
48487  31.242  -19.853  75.646 0.0000000000
43942  26.589  -24.255  79.773 0.0000000000
44764  28.424  -23.661  80.535 0.0000000000
112198  27.536  -23.740  79.336 0.0000000000
44790  27.541  -23.379  78.843 0.0000000000
99653  27.817  -22.845  77.600 0.0000000000
46451  28.048  -22.472  76.854 0.0000000000
45627  26.883  -22.811  76.332 0.0000000000
45639  25.714  -23.278  75.010 0.0000000000
55970  30.061  -12.917  70.613 0.0000000000
55983  29.597  -12.909  69.786 0.0000000000
55972  28.098  -13.562  70.473 0.0000000000
105116  26.743  -15.031  69.178 0.0000000000
64021  44.267  -4.760  50.517 0.0000000000
96725  43.303  -6.240  49.905 0.0000000000
112232  36.128  -11.690  62.144 0.0000000000
57007  34.444  -12.031  61.178 0.0000000000
56991  34.813  -12.026  62.001 0.0000000000
56061  34.220  -11.910  63.756 0.0000000000
99352  32.014  -12.510  63.282 0.0000000000
58880  41.221  -9.811  64.886 0.0000000000
57943  41.110  -10.717  63.914 0.0000000000
57949  41.197  -10.955  63.336 0.0000000000
56973  39.453  -12.157  62.855 0.0000000000
56988  37.404  -11.713  62.482 0.0000000000
45544  30.346  -22.973  85.536 0.0000000000
46389  31.149  -22.190  84.547 0.0000000000
44732  29.622  -23.582  84.789 0.0000000000
111422  28.671  -23.881  82.884 0.0000000000
97411  27.212  -23.936  81.692 0.0000000000
96283  24.731  -24.573  82.518 0.0000000000
96741  24.967  -24.431  81.717 0.0000000000
43929  26.650  -24.212  80.548 0.0000000000
43943  25.122  -24.052  79.606 0.0000000000
43980  23.675  -24.549  78.486 0.0000000000
44812  22.651  -25.210  76.491 0.0000000000
112137  44.338  -6.043  55.483 0.0000000000
62318  41.255  -6.516  55.559 0.0000000000
62326  41.966  -6.515  54.974 0.0000000000
61402  44.283  -6.213  54.588 0.0000000000
61413  43.115  -6.430  53.278 0.0000000000
61422  42.578  -6.931  52.424 0.0000000000
61428  42.780  -7.064  51.739 0.0000000000
115168  42.585  -7.710  51.057 0.0000000000
42992  20.090  -26.944  83.925 0.0000000000
42002  19.097  -27.251  83.149 0.0000000000
41985  20.056  -26.945  84.785 0.0000000000
98765  20.004  -27.268  86.195 0.0000000000
40979  19.951  -27.231  86.925 0.0000000000
41943  21.464  -26.611  88.387 0.0000000000
40953  19.338  -27.421  88.053 0.0000000000
113328  19.067  -27.141  89.791 0.0000000000
47317  30.896  -21.777  85.587 0.0000000000
44715  29.290  -23.766  86.124 0.0000000000
43854  28.690  -24.189  85.862 0.0000000000
96694  26.374  -24.560  85.130 0.0000000000
96695  25.382  -25.007  86.241 0.0000000000
96291  24.501  -25.162  84.977 0.0000000000
43877  22.626  -25.423  85.013 0.0000000000
43879  20.997  -26.325  84.562 0.0000000000
61353  43.699  -6.851  58.662 0.0000000000
61355  41.930  -7.298  58.743 0.0000000000
61357  40.324  -7.489  57.960 0.0000000000
107614  38.899  -9.066  58.958 0.0000000000
101178  38.704  -8.409  58.369 0.0000000000
60500  38.572  -7.688  57.646 0.0000000000
40152  17.989  -27.665  83.423 0.0000000000
40153  17.379  -27.851  83.120 0.0000000000
40154  16.386  -27.857  83.228 0.0000000000
41002  16.970  -27.563  85.642 0.0000000000
41021  15.927  -27.738  84.537 0.0000000000
41041  14.976  -28.331  82.731 0.0000000000
41042  14.093  -28.193  83.017 0.0000000000
41043  13.124  -28.453  83.246 0.0000000000
41938  14.708  -26.477  90.170 0.0000000000
41959  13.933  -26.943  88.305 0.0000000000
41951  12.469  -27.551  88.986 0.0000000000
41969  12.438  -27.625  87.344 0.0000000000
98627  11.584  -28.456  85.851 0.0000000000
37089  6.279  -33.380  93.721 0.0000000000
57902  34.859  -9.488  69.030 0.0000000000
56870  31.576  -12.359  71.618 0.0000000000
55957  29.910  -13.067  71.738 0.0000000000
55945  29.078  -13.483  72.979 0.0000000000
54133  28.574  -14.801  73.190 0.0000000000
55922  29.806  -13.856  74.931 0.0000000000
54132  29.585  -15.304  74.031 0.0000000000
54141  29.498  -16.293  72.551 0.0000000000
53241  30.212  -17.098  72.610 0.0000000000
51367  30.662  -18.483  71.847 0.0000000000
50403  31.110  -19.341  72.106 0.0000000000
51354  32.305  -18.382  74.061 0.0000000000
50391  31.438  -19.373  73.121 0.0000000000
49496  30.680  -20.372  71.591 0.0000000000
48522  30.127  -21.359  71.194 0.0000000000
47497  29.104  -22.128  70.527 0.0000000000
50335  34.988  -18.431  79.038 0.0000000000
46396  31.703  -21.668  83.994 0.0000000000
46403  32.183  -21.361  82.906 0.0000000000
48413  32.945  -20.431  82.057 0.0000000000
45577  29.483  -22.480  80.841 0.0000000000
47394  31.602  -21.104  81.107 0.0000000000
103706  32.844  -20.201  81.231 0.0000000000
48438  33.378  -19.966  79.934 0.0000000000
49435  33.542  -19.480  78.915 0.0000000000
49444  33.641  -19.166  78.043 0.0000000000
49452  32.628  -19.465  77.424 0.0000000000
48477  31.537  -19.864  76.317 0.0000000000
48479  30.021  -20.507  75.513 0.0000000000
46459  28.480  -21.840  76.353 0.0000000000
47448  28.851  -20.992  74.731 0.0000000000
47461  28.718  -20.965  73.700 0.0000000000
47475  27.825  -21.631  72.385 0.0000000000
56904  33.374  -10.761  68.102 0.0000000000
56920  32.024  -11.331  67.487 0.0000000000
56021  31.147  -11.819  66.346 0.0000000000
55994  29.109  -12.533  67.969 0.0000000000
115870  29.792  -12.561  66.817 0.0000000000
56044  29.469  -12.906  65.566 0.0000000000
60527  42.756  -8.899  50.159 0.0000000000
56902  36.183  -9.975  67.597 0.0000000000
57912  37.716  -9.850  67.518 0.0000000000
42007  18.919  -27.697  81.939 0.0000000000
43000  19.957  -26.944  82.845 0.0000000000
42001  19.401  -27.329  82.403 0.0000000000
57018  35.099  -11.620  60.625 0.0000000000
57959  36.967  -11.341  61.489 0.0000000000
57016  37.604  -11.155  61.427 0.0000000000
40066  8.919  -29.630  92.897 0.0000000000
40070  8.961  -29.783  91.971 0.0000000000
40075  8.653  -30.664  91.633 0.0000000000
39212  8.110  -31.161  92.078 0.0000000000
52269  34.444  -17.278  78.129 0.0000000000
52270  34.302  -17.091  77.393 0.0000000000
52281  34.425  -17.684  77.577 0.0000000000
51323  34.543  -18.165  77.073 0.0000000000
50358  34.398  -18.230  77.651 0.0000000000
48356  33.000  -20.042  85.381 0.0000000000
48368  32.423  -20.526  85.005 0.0000000000
44811  24.428  -25.071  76.634 0.0000000000
44792  24.998  -24.212  77.546 0.0000000000
44826  24.325  -25.033  75.461 0.0000000000
54150  27.902  -15.305  72.097 0.0000000000
54157  27.612  -15.729  71.248 0.0000000000
61426  43.763  -6.432  52.233 0.0000000000
62339  44.506  -6.285  52.518 0.0000000000
109135  42.843  -7.215  51.102 0.0000000000
56059  37.196  -12.106  64.009 0.0000000000
56079  35.812  -12.047  63.745 0.0000000000
56060  36.395  -12.059  64.123 0.0000000000
56063  31.778  -12.166  64.817 0.0000000000
56084  30.617  -12.990  63.652 0.0000000000
56065  30.479  -12.673  64.494 0.0000000000
56035  37.689  -11.590  64.445 0.0000000000
56034  38.539  -11.615  64.413 0.0000000000
40186  15.616  -29.332  81.332 0.0000000000
41059  15.102  -29.010  81.861 0.0000000000
43874  26.114  -24.501  84.375 0.0000000000
43892  25.243  -24.542  83.781 0.0000000000
43947  21.379  -24.806  79.910 0.0000000000
109438  21.625  -24.652  79.195 0.0000000000
62299  42.013  -6.393  57.311 0.0000000000
62301  40.709  -6.607  56.771 0.0000000000
110680  40.882  -7.471  52.765 0.0000000000
42981  21.756  -26.323  86.682 0.0000000000
109856  21.151  -26.666  86.621 0.0000000000
101249  21.876  -26.330  87.342 0.0000000000
58900  41.084  -9.584  60.617 0.0000000000
59709  41.589  -9.124  60.254 0.0000000000
40980  18.791  -27.595  86.428 0.0000000000
41001  18.380  -27.606  85.683 0.0000000000
40981  18.088  -27.567  86.467 0.0000000000
40969  15.066  -27.409  86.800 0.0000000000
41973  14.180  -27.489  86.268 0.0000000000
41968  13.301  -27.390  86.795 0.0000000000
41915  12.728  -26.746  91.853 0.0000000000
40092  9.876  -29.745  88.137 0.0000000000
40960  10.498  -28.887  88.299 0.0000000000
40987  10.286  -29.470  86.631 0.0000000000
54119  32.705  -16.518  75.368 0.0000000000
101098  32.423  -15.923  75.288 0.0000000000
101011  31.870  -15.834  74.684 0.0000000000
53220  31.484  -16.477  73.960 0.0000000000
53219  32.119  -16.651  74.343 0.0000000000
48496  30.810  -19.825  74.899 0.0000000000
48508  30.390  -19.779  73.869 0.0000000000
48498  29.489  -20.511  73.501 0.0000000000
43915  28.446  -23.719  81.404 0.0000000000
44757  28.536  -23.692  81.138 0.0000000000
46431  29.349  -22.011  79.251 0.0000000000
46439  29.929  -21.398  78.618 0.0000000000
47421  29.783  -21.081  77.729 0.0000000000
46449  29.254  -21.666  77.457 0.0000000000
107517  31.649  -11.751  69.964 0.0000000000
56893  31.828  -11.614  69.086 0.0000000000
56894  31.096  -11.881  69.423 0.0000000000
56930  36.039  -10.813  66.038 0.0000000000
115276  34.474  -10.758  66.749 0.0000000000
56932  34.074  -11.069  66.268 0.0000000000
56019  32.751  -11.572  65.879 0.0000000000
108830  39.910  -9.426  66.820 0.0000000000
56915  37.589  -10.308  66.770 0.0000000000
56914  38.381  -10.435  66.426 0.0000000000
41078  17.962  -27.971  81.646 0.0000000000
41079  17.306  -28.393  81.022 0.0000000000
40169  17.053  -28.030  82.210 0.0000000000
43894  22.341  -25.417  84.072 0.0000000000
43922  20.605  -25.862  81.584 0.0000000000
43933  21.106  -25.361  80.697 0.0000000000
43935  19.693  -26.389  80.256 0.0000000000
43015  19.178  -27.208  80.691 0.0000000000
42014  18.270  -28.259  80.599 0.0000000000
42013  18.765  -28.048  80.025 0.0000000000
57001  39.630  -11.354  62.055 0.0000000000
102006  39.427  -10.939  61.680 0.0000000000
103503  38.528  -10.776  61.204 0.0000000000
57963  39.266  -10.707  61.260 0.0000000000
58895  39.790  -10.368  60.761 0.0000000000
57968  38.138  -10.598  60.567 0.0000000000
57970  36.373  -11.026  60.108 0.0000000000
97300  16.221  -26.630  89.563 0.0000000000
41958  15.604  -26.942  88.236 0.0000000000
41948  15.586  -26.652  89.100 0.0000000000
40941  9.776  -29.805  90.700 0.0000000000
40940  10.248  -29.190  90.858 0.0000000000
40079  9.664  -29.838  89.902 0.0000000000
40085  9.271  -30.422  89.445 0.0000000000
40093  9.333  -30.465  88.531 0.0000000000
39235  8.307  -31.595  89.374 0.0000000000
106396  7.427  -32.293  92.180 0.0000000000
37101  6.995  -32.958  92.270 0.0000000000
53185  33.866  -16.918  76.972 0.0000000000
53193  33.567  -16.845  76.534 0.0000000000
53194  33.022  -16.655  75.951 0.0000000000
52288  33.218  -17.083  76.212 0.0000000000
109573  32.852  -17.299  75.485 0.0000000000
52295  32.973  -17.567  75.911 0.0000000000
49457  32.795  -18.925  76.518 0.0000000000
50370  32.805  -18.714  75.800 0.0000000000
49466  32.308  -19.364  75.818 0.0000000000
49467  31.549  -19.637  75.416 0.0000000000
49459  31.860  -19.664  76.109 0.0000000000
43959  25.924  -24.237  79.352 0.0000000000
43957  27.147  -24.010  79.484 0.0000000000
43958  26.520  -23.999  79.053 0.0000000000
102687  26.105  -23.558  77.535 0.0000000000
109933  27.021  -23.444  78.305 0.0000000000
44808  26.669  -23.378  77.570 0.0000000000
45601  27.806  -23.061  78.437 0.0000000000
45612  27.128  -23.099  77.210 0.0000000000
45613  26.545  -23.208  76.808 0.0000000000
45629  25.321  -23.571  75.380 0.0000000000
98086  29.232  -13.151  71.286 0.0000000000
55971  29.020  -13.165  70.554 0.0000000000
54158  27.128  -15.126  70.658 0.0000000000
55101  27.071  -14.599  69.927 0.0000000000
62347  43.258  -7.006  50.254 0.0000000000
61436  43.392  -7.831  49.588 0.0000000000
60526  43.135  -8.625  49.780 0.0000000000
56989  36.586  -11.775  62.600 0.0000000000
56990  35.609  -11.859  62.533 0.0000000000
56095  34.666  -12.090  62.644 0.0000000000
56096  33.728  -12.300  62.783 0.0000000000
56082  32.836  -12.466  63.055 0.0000000000
104636  34.922  -11.712  64.060 0.0000000000
111530  33.980  -11.699  64.233 0.0000000000
101937  32.669  -12.220  63.798 0.0000000000
56097  32.078  -12.774  62.426 0.0000000000
58873  40.981  -9.478  65.582 0.0000000000
57918  40.694  -10.054  65.299 0.0000000000
56960  39.458  -11.576  64.362 0.0000000000
56943  40.237  -11.102  64.522 0.0000000000
56959  40.194  -11.593  63.899 0.0000000000
56972  40.208  -11.935  63.208 0.0000000000
56091  37.858  -11.963  62.825 0.0000000000
44723  29.540  -23.606  85.461 0.0000000000
44724  29.022  -23.951  85.197 0.0000000000
43890  27.511  -24.317  83.275 0.0000000000
43888  28.630  -24.053  83.625 0.0000000000
43904  27.356  -24.128  82.485 0.0000000000
43903  27.961  -23.936  82.561 0.0000000000
116459  26.719  -24.290  82.429 0.0000000000
96098  23.873  -24.702  82.662 0.0000000000
43931  24.467  -24.481  81.060 0.0000000000
43930  25.201  -24.339  80.963 0.0000000000
96282  25.903  -24.331  81.298 0.0000000000
97745  24.812  -24.246  80.341 0.0000000000
97190  25.795  -24.255  80.255 0.0000000000
43944  24.190  -24.073  79.679 0.0000000000
44777  22.862  -24.458  78.553 0.0000000000
44794  23.086  -25.172  77.669 0.0000000000
44795  22.070  -25.021  77.147 0.0000000000
97731  19.105  -26.871  78.442 0.0000000000
115430  18.834  -27.504  78.240 0.0000000000
61352  44.431  -6.859  58.320 0.0000000000
61384  43.334  -6.054  56.614 0.0000000000
61383  44.149  -6.196  56.984 0.0000000000
61393  43.780  -5.923  56.023 0.0000000000
62320  39.686  -6.918  55.053 0.0000000000
62309  40.572  -6.528  56.113 0.0000000000
99729  43.624  -6.016  54.973 0.0000000000
97258  42.743  -6.269  54.265 0.0000000000
61403  43.694  -6.271  54.017 0.0000000000
61423  41.549  -7.436  52.421 0.0000000000
60515  42.126  -7.813  51.564 0.0000000000
41993  19.629  -27.022  83.942 0.0000000000
98303  19.442  -27.508  86.323 0.0000000000
41944  21.122  -26.936  88.877 0.0000000000
40944  19.710  -27.228  88.651 0.0000000000
40945  19.030  -27.004  89.117 0.0000000000
46384  30.182  -23.014  86.065 0.0000000000
112520  27.484  -24.539  85.978 0.0000000000
43868  24.532  -25.271  86.098 0.0000000000
43867  25.046  -25.011  85.366 0.0000000000
96451  23.687  -25.362  85.148 0.0000000000
42986  21.093  -26.446  85.281 0.0000000000
43878  21.654  -25.834  84.788 0.0000000000
42991  20.601  -26.519  84.111 0.0000000000
60487  41.550  -8.065  59.205 0.0000000000
61356  41.155  -7.577  58.405 0.0000000000
59712  38.626  -9.704  59.378 0.0000000000
60491  37.371  -8.787  58.079 0.0000000000
60490  37.835  -8.241  57.912 0.0000000000
41039  18.841  -27.128  84.142 0.0000000000
41040  18.535  -27.444  83.229 0.0000000000
40136  18.536  -27.355  84.097 0.0000000000
40124  17.997  -27.574  84.913 0.0000000000
40138  17.618  -27.643  84.057 0.0000000000
99754  17.030  -27.813  83.571 0.0000000000
40139  16.511  -27.746  83.995 0.0000000000
40982  17.257  -27.546  86.621 0.0000000000
40983  16.427  -27.575  86.363 0.0000000000
41004  15.407  -27.750  85.152 0.0000000000
41003  16.189  -27.643  85.453 0.0000000000
41022  15.135  -27.821  84.238 0.0000000000
40155  15.656  -27.834  83.507 0.0000000000
96721  14.797  -27.890  83.464 0.0000000000
41023  14.508  -27.880  83.919 0.0000000000
41986  13.019  -28.132  84.042 0.0000000000
41994  12.428  -28.584  83.721 0.0000000000
41025  11.770  -28.879  84.123 0.0000000000
112973  13.902  -26.604  90.387 0.0000000000
41939  13.852  -26.781  89.746 0.0000000000
41949  14.156  -26.736  89.051 0.0000000000
41950  13.361  -27.081  89.043 0.0000000000
41941  11.742  -27.762  90.525 0.0000000000
40970  11.703  -27.906  87.891 0.0000000000
40958  11.891  -27.813  88.561 0.0000000000
41961  12.507  -27.577  88.189 0.0000000000
41975  12.371  -27.787  86.344 0.0000000000
37088  6.601  -32.680  94.100 0.0000000000
37082  5.279  -33.258  94.899 0.0000000000
36105  5.529  -33.720  94.157 0.0000000000
56880  32.651  -11.012  70.454 0.0000000000
106605  30.815  -12.862  71.896 0.0000000000
55943  31.188  -12.740  72.470 0.0000000000
55933  29.560  -13.530  73.887 0.0000000000
55934  28.796  -13.864  73.595 0.0000000000
54134  28.559  -14.212  73.250 0.0000000000
55048  31.286  -14.617  76.298 0.0000000000
55914  30.457  -13.909  75.655 0.0000000000
100111  30.540  -15.805  73.929 0.0000000000
97429  29.158  -15.446  73.278 0.0000000000
53233  30.102  -16.656  72.804 0.0000000000
52323  31.523  -17.488  73.424 0.0000000000
52334  31.067  -17.882  72.634 0.0000000000
51366  31.292  -18.665  72.483 0.0000000000
51342  32.793  -18.273  74.674 0.0000000000
101655  32.285  -18.754  74.311 0.0000000000
49495  30.832  -19.743  72.377 0.0000000000
48521  30.233  -20.829  71.898 0.0000000000
48511  29.325  -21.352  72.104 0.0000000000
109097  29.545  -21.732  71.346 0.0000000000
47487  28.023  -22.357  70.283 0.0000000000
45550  30.761  -22.713  84.542 0.0000000000
45557  30.792  -22.652  83.740 0.0000000000
46404  31.409  -22.005  83.061 0.0000000000
47372  31.807  -21.348  82.445 0.0000000000
47371  32.563  -20.887  82.491 0.0000000000
47383  31.486  -21.374  81.885 0.0000000000
44773  28.353  -23.558  79.859 0.0000000000
44763  28.757  -23.476  80.849 0.0000000000
102918  29.051  -22.964  80.619 0.0000000000
47404  30.729  -21.066  79.915 0.0000000000
47395  30.895  -21.436  80.746 0.0000000000
47402  32.404  -20.542  80.666 0.0000000000
48427  32.984  -20.141  80.414 0.0000000000
48439  32.798  -20.248  79.779 0.0000000000
48453  32.234  -20.248  78.558 0.0000000000
48452  32.866  -20.038  78.889 0.0000000000
48459  33.160  -19.749  78.526 0.0000000000
103058  33.388  -19.498  78.287 0.0000000000
49445  32.981  -19.682  77.970 0.0000000000
104398  33.173  -19.416  77.790 0.0000000000
48469  32.472  -19.727  77.560 0.0000000000
47436  30.270  -20.595  76.332 0.0000000000
48478  30.803  -20.185  75.922 0.0000000000
109784  27.691  -22.234  76.121 0.0000000000
47450  27.430  -21.780  74.188 0.0000000000
47439  28.332  -21.507  75.430 0.0000000000
47449  28.207  -21.350  74.446 0.0000000000
47462  28.048  -21.387  73.452 0.0000000000
56890  34.144  -10.279  68.508 0.0000000000
56906  31.884  -11.478  68.259 0.0000000000
110660  32.411  -11.180  67.947 0.0000000000
56004  31.541  -11.566  66.951 0.0000000000
56005  30.861  -12.004  67.181 0.0000000000
100562  29.143  -12.843  69.027 0.0000000000
114007  29.864  -12.388  69.213 0.0000000000
55132  27.951  -13.778  66.172 0.0000000000
56024  28.583  -13.206  66.661 0.0000000000
56045  28.738  -13.351  65.862 0.0000000000
115045  29.879  -12.567  65.989 0.0000000000
64035  43.384  -4.448  48.716 0.0000000000
63223  43.545  -4.984  47.991 0.0000000000
60520  42.806  -8.131  50.534 0.0000000000
59745  42.350  -9.692  50.230 0.0000000000
56916  36.564  -10.269  66.744 0.0000000000
41057  18.044  -27.782  82.535 0.0000000000
43908  21.105  -25.897  83.002 0.0000000000
43006  19.877  -26.780  82.078 0.0000000000
57971  35.459  -11.354  59.763 0.0000000000
57003  38.344  -11.177  61.896 0.0000000000
57015  38.150  -11.046  61.547 0.0000000000
57964  37.829  -10.892  61.086 0.0000000000
41935  17.810  -26.859  90.344 0.0000000000
41936  16.892  -26.644  90.055 0.0000000000
39227  8.772  -30.946  89.871 0.0000000000
40081  8.886  -30.960  90.801 0.0000000000
39213  7.774  -31.789  92.534 0.0000000000
53172  34.276  -16.751  77.887 0.0000000000
53184  34.069  -16.996  77.078 0.0000000000
52287  33.724  -17.418  76.567 0.0000000000
51328  34.158  -17.738  76.781 0.0000000000
49451  32.892  -19.096  77.287 0.0000000000
43977  25.873  -23.977  78.658 0.0000000000
44810  25.541  -23.700  77.061 0.0000000000
44825  24.895  -23.959  75.507 0.0000000000
55959  28.203  -13.749  71.939 0.0000000000
55088  27.838  -13.928  71.352 0.0000000000
54151  27.547  -14.703  71.361 0.0000000000
61420  44.230  -6.389  53.061 0.0000000000
62338  44.987  -6.589  53.050 0.0000000000
63200  44.411  -5.629  50.962 0.0000000000
56093  36.217  -11.933  63.154 0.0000000000
56040  33.203  -11.586  64.848 0.0000000000
99164  32.447  -11.986  64.499 0.0000000000
56083  31.304  -12.688  63.477 0.0000000000
56944  38.947  -11.193  65.124 0.0000000000
105217  39.708  -10.964  65.126 0.0000000000
56057  38.829  -11.978  63.738 0.0000000000
110681  38.985  -12.250  63.176 0.0000000000
56077  37.523  -12.061  63.400 0.0000000000
41080  14.379  -29.677  81.624 0.0000000000
43872  27.904  -24.477  84.727 0.0000000000
43871  28.602  -24.208  84.465 0.0000000000
98426  27.417  -24.492  84.060 0.0000000000
96290  26.715  -24.529  83.845 0.0000000000
102091  22.677  -24.629  81.225 0.0000000000
43946  22.874  -24.518  80.516 0.0000000000
43945  23.402  -24.375  80.105 0.0000000000
44778  21.954  -24.373  78.635 0.0000000000
109401  21.585  -24.832  77.774 0.0000000000
44780  20.593  -25.339  77.566 0.0000000000
108839  19.924  -25.876  77.766 0.0000000000
104888  42.424  -6.650  58.112 0.0000000000
61369  43.029  -6.282  57.384 0.0000000000
62307  42.462  -6.203  56.526 0.0000000000
110309  40.314  -6.868  54.640 0.0000000000
96000  39.803  -7.297  54.157 0.0000000000
61415  41.242  -7.191  53.255 0.0000000000
61424  40.608  -7.894  52.448 0.0000000000
41977  20.556  -26.854  85.586 0.0000000000
105607  20.788  -26.820  86.279 0.0000000000
41971  20.863  -26.825  86.705 0.0000000000
41964  21.025  -26.761  87.225 0.0000000000
43869  23.652  -25.682  86.003 0.0000000000
106488  22.980  -25.768  85.671 0.0000000000
60477  42.004  -8.549  59.838 0.0000000000
114865  19.033  -27.478  85.262 0.0000000000
40123  18.600  -27.488  84.956 0.0000000000
40125  17.393  -27.572  84.889 0.0000000000
103622  15.914  -27.529  87.024 0.0000000000
41979  14.063  -27.698  85.253 0.0000000000
41980  13.231  -28.009  84.881 0.0000000000
104470  13.117  -26.976  90.329 0.0000000000
40950  10.696  -28.588  89.196 0.0000000000
106474  11.580  -27.981  89.157 0.0000000000
40971  10.936  -28.495  87.715 0.0000000000
113466  10.691  -28.778  86.994 0.0000000000
98636  30.481  -13.299  74.490 0.0000000000
54102  32.752  -15.455  76.857 0.0000000000
55039  32.252  -14.271  77.403 0.0000000000
54110  32.279  -15.390  76.086 0.0000000000
55056  30.799  -14.824  75.756 0.0000000000
54121  30.855  -15.361  75.154 0.0000000000
100618  31.195  -15.839  74.278 0.0000000000
54131  31.136  -16.244  73.807 0.0000000000
53232  30.759  -16.638  73.395 0.0000000000
53231  31.473  -16.871  73.774 0.0000000000
49474  31.924  -19.292  75.070 0.0000000000
49483  31.747  -19.239  74.191 0.0000000000
48510  29.691  -20.919  72.474 0.0000000000
47474  28.700  -21.291  72.649 0.0000000000
44742  29.255  -23.699  82.976 0.0000000000
102457  30.308  -23.151  83.520 0.0000000000
45565  29.422  -23.498  82.353 0.0000000000
99798  29.860  -23.012  82.178 0.0000000000
46410  30.417  -22.325  81.939 0.0000000000
45590  28.845  -22.454  79.673 0.0000000000
45583  29.178  -22.210  80.175 0.0000000000
46430  29.956  -21.626  79.547 0.0000000000
47412  31.514  -20.591  79.213 0.0000000000
47419  31.404  -20.514  78.255 0.0000000000
48461  32.081  -20.187  77.780 0.0000000000
48462  31.250  -20.387  77.443 0.0000000000
47428  30.460  -20.693  77.119 0.0000000000
45638  26.413  -22.800  75.425 0.0000000000
46474  26.878  -22.360  74.805 0.0000000000
46475  26.101  -22.771  74.511 0.0000000000
46485  26.598  -22.240  73.903 0.0000000000
47464  26.406  -22.291  72.954 0.0000000000
56892  32.717  -10.940  69.431 0.0000000000
111098  32.843  -10.911  68.640 0.0000000000
56907  31.261  -11.787  68.531 0.0000000000
55113  27.609  -13.856  67.955 0.0000000000
56008  28.407  -13.142  67.518 0.0000000000
63209  43.323  -5.567  49.521 0.0000000000
102822  43.386  -4.818  49.494 0.0000000000
102989  35.731  -11.863  64.203 0.0000000000
56037  36.051  -11.583  64.628 0.0000000000
56017  34.673  -11.198  65.409 0.0000000000
101397  31.514  -11.886  65.527 0.0000000000
57908  40.267  -9.623  65.973 0.0000000000
56927  39.105  -10.433  65.868 0.0000000000
57910  38.893  -10.186  66.883 0.0000000000
56928  38.478  -10.779  65.683 0.0000000000
56946  37.321  -11.069  65.107 0.0000000000
40209  16.965  -30.029  79.878 0.0000000000
40198  16.760  -29.269  80.584 0.0000000000
96288  24.707  -24.642  83.917 0.0000000000
43893  24.020  -24.757  83.639 0.0000000000
43907  22.844  -24.790  82.468 0.0000000000
100815  21.280  -25.480  82.309 0.0000000000
116390  22.558  -24.742  81.844 0.0000000000
43948  20.376  -25.508  79.869 0.0000000000
61385  39.049  -6.796  56.567 0.0000000000
62302  39.918  -6.653  56.688 0.0000000000
42977  22.405  -26.280  87.758 0.0000000000
42971  23.085  -26.053  88.219 0.0000000000
57956  40.650  -10.794  61.675 0.0000000000
58894  40.580  -10.135  60.902 0.0000000000
58901  40.291  -9.736  60.257 0.0000000000
114313  38.163  -10.047  59.503 0.0000000000
58904  37.625  -10.273  59.684 0.0000000000
58907  36.986  -9.999  58.850 0.0000000000
40954  18.752  -27.520  87.988 0.0000000000
100040  17.998  -27.501  87.943 0.0000000000
40955  17.160  -27.503  87.724 0.0000000000
40948  16.764  -27.265  88.444 0.0000000000
41947  16.865  -26.891  89.135 0.0000000000
40956  16.268  -27.356  87.868 0.0000000000
41966  14.797  -26.939  87.700 0.0000000000
40939  10.920  -28.402  90.873 0.0000000000
97278  10.558  -28.864  90.124 0.0000000000
105019  10.090  -29.241  89.551 0.0000000000
39243  8.835  -31.150  87.993 0.0000000000
54089  33.220  -15.728  77.516 0.0000000000
53206  32.563  -16.738  74.898 0.0000000000
53218  32.664  -17.170  74.795 0.0000000000
52309  33.001  -17.667  74.985 0.0000000000
108687  33.002  -18.138  75.753 0.0000000000
50380  32.857  -18.482  75.213 0.0000000000
48488  30.462  -20.133  75.153 0.0000000000
43940  27.902  -24.056  80.402 0.0000000000
44758  28.262  -23.788  80.773 0.0000000000
44766  27.772  -24.092  79.823 0.0000000000
44765  28.162  -23.939  80.162 0.0000000000
44774  27.957  -23.724  79.556 0.0000000000
44776  26.428  -23.641  78.278 0.0000000000
45592  28.060  -23.197  79.172 0.0000000000
101140  28.332  -22.674  78.471 0.0000000000
46441  28.903  -22.221  78.100 0.0000000000
46450  28.571  -22.223  77.335 0.0000000000
109730  27.514  -22.746  76.858 0.0000000000
45628  26.002  -23.160  76.024 0.0000000000
113069  30.299  -12.283  69.725 0.0000000000
55984  28.828  -13.225  69.831 0.0000000000
55985  28.198  -13.450  69.457 0.0000000000
55973  27.598  -13.913  69.912 0.0000000000
55114  27.411  -14.066  69.035 0.0000000000
99507  26.868  -14.648  68.274 0.0000000000
63201  43.628  -5.381  50.198 0.0000000000
57006  35.360  -11.763  61.711 0.0000000000
56081  33.549  -12.177  63.509 0.0000000000
56062  33.302  -11.925  64.084 0.0000000000
57932  40.365  -10.632  65.073 0.0000000000
57931  40.867  -10.479  64.569 0.0000000000
56984  40.765  -11.553  62.921 0.0000000000
56985  39.999  -11.808  62.532 0.0000000000
56986  39.117  -11.665  62.397 0.0000000000
56090  38.646  -12.012  62.741 0.0000000000
56987  38.263  -11.567  62.330 0.0000000000
57005  36.862  -11.620  62.071 0.0000000000
99779  30.790  -22.376  85.221 0.0000000000
47329  31.250  -21.724  84.966 0.0000000000
45547  30.657  -22.792  85.046 0.0000000000
45551  30.166  -23.267  85.037 0.0000000000
44733  29.253  -23.763  84.039 0.0000000000
44734  28.938  -23.978  84.245 0.0000000000
43887  28.927  -23.899  83.341 0.0000000000
44743  28.847  -23.846  82.461 0.0000000000
43902  28.505  -23.815  82.211 0.0000000000
43906  25.349  -24.566  83.089 0.0000000000
43905  26.064  -24.513  82.793 0.0000000000
43918  24.144  -24.639  81.824 0.0000000000
96284  25.528  -24.451  82.293 0.0000000000
43917  26.342  -24.257  81.982 0.0000000000
112958  26.703  -24.057  81.243 0.0000000000
43928  27.341  -23.982  80.796 0.0000000000
112624  25.348  -23.954  79.014 0.0000000000
105180  23.973  -23.894  78.960 0.0000000000
43979  24.448  -24.146  78.420 0.0000000000
108154  23.580  -25.274  76.874 0.0000000000
105189  19.602  -26.175  78.285 0.0000000000
53243  29.236  -16.779  71.887 0.0000000000
110748  44.783  -6.264  55.041 0.0000000000
62327  41.055  -6.720  54.736 0.0000000000
61394  42.841  -6.107  55.580 0.0000000000
61412  44.310  -6.367  53.826 0.0000000000
110401  43.779  -6.337  53.344 0.0000000000
99151  19.613  -27.139  83.146 0.0000000000
41019  19.560  -27.106  84.805 0.0000000000
98625  20.021  -27.118  85.560 0.0000000000
40999  19.462  -27.392  85.542 0.0000000000
40965  19.253  -27.464  87.247 0.0000000000
41954  21.633  -26.480  87.688 0.0000000000
41955  21.008  -26.729  88.030 0.0000000000
41965  20.509  -26.986  87.494 0.0000000000
40964  19.883  -27.237  87.794 0.0000000000
103821  19.034  -27.303  88.521 0.0000000000
40937  18.428  -27.194  89.657 0.0000000000
41934  18.727  -26.962  90.382 0.0000000000
48357  32.226  -20.403  85.612 0.0000000000
113946  30.509  -22.520  85.694 0.0000000000
45545  29.956  -23.210  86.054 0.0000000000
44720  29.254  -23.807  85.747 0.0000000000
44716  28.918  -24.122  85.833 0.0000000000
43864  28.075  -24.432  85.576 0.0000000000
96292  25.646  -24.659  84.851 0.0000000000
43866  25.852  -24.741  85.656 0.0000000000
43875  25.031  -24.773  84.497 0.0000000000
43876  24.254  -24.938  84.431 0.0000000000
96287  23.363  -25.169  84.283 0.0000000000
43895  21.263  -25.930  83.859 0.0000000000
111386  20.162  -26.915  83.198 0.0000000000
61354  42.816  -7.042  58.849 0.0000000000
61370  41.564  -6.928  57.953 0.0000000000
113361  40.956  -7.185  57.730 0.0000000000
59710  40.412  -9.103  59.516 0.0000000000
59716  39.640  -8.754  58.856 0.0000000000
60489  39.521  -7.929  58.164 0.0000000000
61372  39.371  -7.078  57.371 0.0000000000
61373  38.461  -7.040  57.069 0.0000000000
40168  17.596  -27.853  82.652 0.0000000000
98971  16.726  -27.986  82.683 0.0000000000
40171  15.861  -28.181  82.437 0.0000000000
40126  16.721  -27.625  84.804 0.0000000000
41061  13.382  -29.273  82.423 0.0000000000
96739  14.815  -26.589  89.484 0.0000000000
116177  14.034  -27.023  87.675 0.0000000000
41929  12.362  -27.166  91.010 0.0000000000
112047  12.423  -27.416  90.252 0.0000000000
41960  13.088  -27.321  88.454 0.0000000000
101339  13.327  -27.299  87.714 0.0000000000
41981  12.409  -28.122  85.385 0.0000000000
41006  11.674  -28.692  84.938 0.0000000000
37094  6.959  -32.972  93.266 0.0000000000
37095  6.562  -33.657  92.834 0.0000000000
36119  5.981  -34.157  93.325 0.0000000000
37081  6.056  -33.069  94.583 0.0000000000
57901  35.935  -9.576  68.576 0.0000000000
56881  32.041  -11.454  70.523 0.0000000000
56882  31.531  -12.056  70.793 0.0000000000
55956  30.910  -12.749  71.135 0.0000000000
55958  28.860  -13.381  72.102 0.0000000000
55944  30.091  -13.144  72.716 0.0000000000
115582  29.420  -13.259  72.418 0.0000000000
55946  28.460  -13.865  72.701 0.0000000000
54143  28.222  -14.574  72.716 0.0000000000
54142  28.585  -15.444  72.691 0.0000000000
55057  30.149  -14.565  75.368 0.0000000000
55058  29.479  -14.512  74.624 0.0000000000
55067  28.867  -14.466  73.855 0.0000000000
53242  29.744  -16.977  72.198 0.0000000000
52335  30.366  -17.750  72.249 0.0000000000
51378  30.965  -19.045  71.567 0.0000000000
49508  31.000  -19.929  71.332 0.0000000000
52322  32.063  -17.918  73.734 0.0000000000
51365  31.854  -18.582  73.333 0.0000000000
50390  31.950  -18.955  73.653 0.0000000000
111641  31.633  -19.078  72.914 0.0000000000
48535  30.605  -20.894  70.935 0.0000000000
48523  29.785  -21.795  70.618 0.0000000000
50347  34.557  -18.089  78.375 0.0000000000
46386  31.493  -21.713  84.499 0.0000000000
47340  32.198  -21.267  84.044 0.0000000000
47339  32.921  -20.795  83.530 0.0000000000
115681  31.802  -21.626  83.458 0.0000000000
47354  33.065  -20.816  82.866 0.0000000000
104085  33.335  -20.218  82.211 0.0000000000
45578  29.185  -23.224  81.111 0.0000000000
108606  30.166  -21.980  81.237 0.0000000000
46416  30.976  -21.776  81.539 0.0000000000
47393  32.159  -20.655  81.787 0.0000000000
48412  33.267  -20.044  81.637 0.0000000000
48411  33.642  -19.688  81.248 0.0000000000
48451  33.284  -19.839  79.234 0.0000000000
49422  34.107  -19.213  79.187 0.0000000000
50336  34.410  -18.684  78.827 0.0000000000
50348  34.068  -18.515  78.121 0.0000000000
50360  33.582  -18.884  77.611 0.0000000000
48470  31.750  -19.881  77.101 0.0000000000
48476  32.091  -19.571  76.854 0.0000000000
48489  29.696  -20.439  74.601 0.0000000000
47430  29.138  -21.511  76.568 0.0000000000
47438  29.008  -21.239  75.673 0.0000000000
47447  29.387  -20.790  75.074 0.0000000000
47460  29.172  -20.657  74.066 0.0000000000
47476  26.899  -22.030  72.166 0.0000000000
47488  27.418  -22.045  71.262 0.0000000000
56903  35.207  -10.215  68.004 0.0000000000
56918  34.340  -10.578  67.524 0.0000000000
56919  33.549  -11.038  67.209 0.0000000000
56905  32.893  -11.047  67.971 0.0000000000
108538  32.761  -11.179  67.309 0.0000000000
56003  32.360  -11.373  66.719 0.0000000000
116105  30.883  -12.063  65.746 0.0000000000
55993  29.865  -12.101  68.405 0.0000000000
55992  30.709  -11.976  67.968 0.0000000000
56007  29.252  -12.699  67.071 0.0000000000
56006  30.020  -12.276  67.364 0.0000000000
56022  30.312  -12.328  66.447 0.0000000000
56043  30.275  -12.463  65.434 0.0000000000
43863  28.646  -24.229  85.225 0.0000000000
43865  27.238  -24.532  85.341 0.0000000000
43916  27.752  -23.847  81.984 0.0000000000
43941  27.319  -24.272  80.098 0.0000000000
43960  24.659  -23.841  79.026 0.0000000000
44719  29.469  -23.654  85.730 0.0000000000
44725  28.929  -23.975  85.032 0.0000000000
44750  28.717  -23.751  81.717 0.0000000000
44756  29.023  -23.547  81.357 0.0000000000
44775  27.042  -23.635  78.892 0.0000000000
45548  30.155  -23.188  85.410 0.0000000000
45558  30.299  -23.214  84.317 0.0000000000
45564  29.872  -23.321  82.919 0.0000000000
45571  29.673  -22.725  81.492 0.0000000000
45591  28.554  -22.949  79.425 0.0000000000
45602  27.341  -23.234  77.991 0.0000000000
46380  30.479  -22.400  86.208 0.0000000000
46387  31.040  -22.194  84.830 0.0000000000
46397  31.308  -22.143  83.958 0.0000000000
47328  31.928  -21.163  84.671 0.0000000000
47355  32.405  -21.259  83.323 0.0000000000
48426  33.318  -19.950  80.739 0.0000000000
49423  33.769  -19.674  79.493 0.0000000000
49434  33.810  -19.062  78.624 0.0000000000
50359  34.179  -18.339  77.342 0.0000000000
50363  34.071  -18.166  76.722 0.0000000000
50369  33.400  -17.802  76.285 0.0000000000
51310  34.501  -17.765  78.181 0.0000000000
55041  30.954  -13.937  76.230 0.0000000000
56023  29.454  -12.777  66.374 0.0000000000
56958  40.659  -11.029  64.061 0.0000000000
56971  40.764  -11.352  63.551 0.0000000000
104606  32.728  -21.032  82.770 0.0000000000
104880  25.803  -22.900  72.549 0.0000000000
105320  28.271  -23.993  83.050 0.0000000000
108908  33.527  -19.886  81.998 0.0000000000
111940  26.058  -24.854  86.350 0.0000000000
112376  29.163  -23.825  84.795 0.0000000000
