#!ascii label  , from subject sub-v1s7x0051325_ses-1 vox2ras=TkReg
1461
54162  45.638  -15.164  69.411 0.0000000000
42025  37.825  -29.291  78.075 0.0000000000
36257  24.595  -34.513  79.505 0.0000000000
33639  19.832  -36.694  83.353 0.0000000000
36197  34.527  -34.007  83.477 0.0000000000
107498  29.378  -32.490  73.685 0.0000000000
49479  48.257  -19.765  72.495 0.0000000000
96722  51.374  -15.231  63.512 0.0000000000
54108  43.963  -15.337  75.944 0.0000000000
45665  39.143  -23.788  72.413 0.0000000000
43164  31.874  -27.914  68.184 0.0000000000
36192  27.766  -34.548  85.178 0.0000000000
34544  22.363  -36.670  81.280 0.0000000000
34510  24.439  -36.316  86.634 0.0000000000
98896  30.164  -33.467  81.870 0.0000000000
56820  46.337  -12.093  75.759 0.0000000000
41998  39.955  -28.718  82.546 0.0000000000
44753  42.003  -25.889  80.412 0.0000000000
47423  42.590  -22.546  76.742 0.0000000000
44006  37.965  -25.913  75.094 0.0000000000
44872  35.802  -25.650  70.498 0.0000000000
42122  34.275  -28.424  72.479 0.0000000000
38451  23.654  -32.734  71.048 0.0000000000
39431  25.464  -31.532  67.613 0.0000000000
54212  47.517  -14.998  65.765 0.0000000000
52448  46.567  -17.387  62.504 0.0000000000
35403  21.176  -35.330  73.650 0.0000000000
33723  19.203  -37.027  75.155 0.0000000000
37255  37.374  -33.262  79.973 0.0000000000
38378  34.043  -31.674  75.175 0.0000000000
37277  32.649  -32.968  78.721 0.0000000000
37314  26.419  -33.049  76.358 0.0000000000
53247  48.478  -17.158  71.159 0.0000000000
34456  22.269  -35.924  90.367 0.0000000000
107040  17.382  -36.413  86.955 0.0000000000
56910  49.408  -11.818  67.556 0.0000000000
56874  47.680  -11.789  70.755 0.0000000000
55063  48.250  -14.955  73.965 0.0000000000
100595  46.709  -17.083  73.896 0.0000000000
52330  42.947  -17.820  71.703 0.0000000000
112495  43.614  -17.668  79.561 0.0000000000
49470  41.747  -20.449  73.921 0.0000000000
48548  39.974  -21.898  69.350 0.0000000000
46575  36.817  -23.866  66.460 0.0000000000
40298  30.403  -30.721  70.225 0.0000000000
36161  27.832  -34.060  87.071 0.0000000000
35346  25.662  -35.476  85.994 0.0000000000
36156  26.350  -34.439  88.494 0.0000000000
37178  29.606  -33.568  85.783 0.0000000000
42011  40.392  -29.051  80.355 0.0000000000
43029  39.720  -27.491  78.833 0.0000000000
43972  40.102  -25.887  78.017 0.0000000000
43046  37.972  -27.183  76.866 0.0000000000
43076  36.091  -27.090  73.767 0.0000000000
42075  36.221  -28.307  75.501 0.0000000000
35455  20.926  -35.035  69.005 0.0000000000
37425  21.802  -33.885  67.910 0.0000000000
111426  45.813  -15.348  67.335 0.0000000000
54213  45.990  -15.848  65.799 0.0000000000
100852  45.104  -16.722  67.626 0.0000000000
36276  22.533  -34.723  76.240 0.0000000000
34593  20.224  -36.355  74.598 0.0000000000
35383  21.692  -36.203  77.246 0.0000000000
33653  20.814  -36.636  81.287 0.0000000000
34568  19.065  -36.545  78.924 0.0000000000
34555  17.713  -36.524  80.041 0.0000000000
106962  16.638  -37.176  81.053 0.0000000000
38312  38.635  -32.750  82.539 0.0000000000
36222  36.950  -34.206  81.811 0.0000000000
98081  34.894  -33.443  78.967 0.0000000000
36241  33.642  -34.141  81.096 0.0000000000
37248  27.462  -33.539  80.612 0.0000000000
37264  28.695  -33.039  79.686 0.0000000000
37283  25.867  -33.597  78.410 0.0000000000
37332  23.770  -33.596  75.175 0.0000000000
100332  49.705  -18.544  72.150 0.0000000000
106703  50.784  -18.711  70.300 0.0000000000
49488  49.576  -19.873  71.509 0.0000000000
34507  15.733  -36.682  87.766 0.0000000000
112611  47.714  -12.975  72.780 0.0000000000
56839  47.683  -11.742  73.164 0.0000000000
55036  45.712  -14.105  76.859 0.0000000000
54095  46.725  -14.972  76.014 0.0000000000
114081  45.351  -15.604  75.139 0.0000000000
52316  44.626  -17.158  72.385 0.0000000000
53213  43.496  -16.496  73.649 0.0000000000
46468  40.823  -23.228  74.530 0.0000000000
48473  42.429  -21.496  75.687 0.0000000000
47471  40.768  -22.206  72.794 0.0000000000
48516  40.978  -21.057  71.877 0.0000000000
47494  39.599  -22.736  70.509 0.0000000000
47540  38.704  -22.885  67.545 0.0000000000
46528  38.142  -23.767  69.504 0.0000000000
44919  33.927  -25.548  67.007 0.0000000000
38392  31.662  -32.365  74.369 0.0000000000
39386  32.433  -31.381  72.652 0.0000000000
38444  30.276  -31.925  72.113 0.0000000000
39446  27.076  -30.800  66.377 0.0000000000
53364  52.683  -16.526  60.737 0.0000000000
53353  50.645  -16.517  61.580 0.0000000000
36219  25.899  -34.484  82.342 0.0000000000
35368  23.505  -35.940  80.409 0.0000000000
35354  24.670  -35.647  83.413 0.0000000000
106462  23.629  -36.504  84.351 0.0000000000
33621  22.425  -37.018  85.024 0.0000000000
106532  32.813  -33.207  85.164 0.0000000000
36212  32.980  -34.104  82.872 0.0000000000
36188  31.373  -33.751  84.423 0.0000000000
104633  28.473  -34.031  83.363 0.0000000000
109259  46.682  -10.491  73.902 0.0000000000
55882  44.607  -13.341  78.353 0.0000000000
45586  42.311  -24.145  78.702 0.0000000000
45608  40.665  -24.262  76.253 0.0000000000
45646  38.910  -24.488  73.459 0.0000000000
44870  37.032  -24.973  71.025 0.0000000000
44025  37.001  -25.809  73.064 0.0000000000
43108  35.033  -27.029  71.792 0.0000000000
42170  33.082  -28.019  70.032 0.0000000000
98383  26.070  -32.583  72.197 0.0000000000
38460  27.386  -31.999  70.472 0.0000000000
102062  24.966  -32.257  69.876 0.0000000000
99710  49.685  -14.944  64.532 0.0000000000
53331  49.053  -16.185  62.996 0.0000000000
53319  46.995  -16.204  64.261 0.0000000000
33688  21.104  -36.736  78.040 0.0000000000
39313  39.779  -31.479  81.457 0.0000000000
40215  37.566  -30.959  78.645 0.0000000000
40237  36.174  -30.753  76.982 0.0000000000
113493  35.768  -32.270  77.880 0.0000000000
37307  33.602  -32.738  76.952 0.0000000000
37325  30.464  -32.621  76.083 0.0000000000
37244  31.198  -33.096  80.577 0.0000000000
102154  29.529  -32.503  78.116 0.0000000000
38384  28.253  -32.555  75.134 0.0000000000
37346  25.033  -32.954  74.063 0.0000000000
36316  21.884  -34.012  71.860 0.0000000000
53249  46.714  -16.105  70.492 0.0000000000
52362  46.403  -17.715  68.732 0.0000000000
52348  48.867  -18.008  70.034 0.0000000000
34487  23.651  -36.296  88.541 0.0000000000
33613  20.990  -36.979  86.715 0.0000000000
34491  19.754  -36.306  88.502 0.0000000000
34519  18.399  -36.523  85.305 0.0000000000
55140  49.995  -13.893  65.543 0.0000000000
55116  48.779  -13.418  67.042 0.0000000000
55117  47.268  -13.808  67.815 0.0000000000
55092  45.909  -14.008  70.118 0.0000000000
54148  46.851  -14.892  71.504 0.0000000000
54146  48.524  -16.020  72.307 0.0000000000
53209  48.764  -17.281  73.702 0.0000000000
55918  47.476  -13.353  74.710 0.0000000000
53198  47.972  -16.753  74.736 0.0000000000
51338  47.543  -18.272  73.677 0.0000000000
51359  45.859  -18.308  71.622 0.0000000000
50409  44.705  -18.931  69.875 0.0000000000
54086  43.636  -15.699  77.919 0.0000000000
49431  43.494  -20.740  78.280 0.0000000000
51320  42.739  -18.693  76.579 0.0000000000
106836  42.505  -17.695  74.929 0.0000000000
111326  41.925  -18.708  72.303 0.0000000000
110565  41.243  -19.591  69.859 0.0000000000
45706  36.518  -24.626  68.774 0.0000000000
40260  33.915  -30.508  73.802 0.0000000000
41212  32.869  -29.693  71.655 0.0000000000
96921  31.134  -29.326  68.830 0.0000000000
39422  28.362  -31.263  69.235 0.0000000000
40322  29.312  -30.365  68.134 0.0000000000
36162  27.390  -33.998  87.648 0.0000000000
37125  27.225  -32.967  88.835 0.0000000000
42017  39.019  -28.985  78.877 0.0000000000
112004  40.170  -28.560  79.802 0.0000000000
42023  38.874  -28.089  78.428 0.0000000000
43038  39.110  -27.116  78.087 0.0000000000
43040  37.585  -27.952  77.163 0.0000000000
43048  36.711  -27.877  75.946 0.0000000000
42041  36.578  -29.157  76.564 0.0000000000
54169  45.550  -15.452  68.436 0.0000000000
110895  45.326  -16.010  67.635 0.0000000000
53266  45.381  -16.341  68.356 0.0000000000
36265  23.627  -34.830  78.287 0.0000000000
35386  22.068  -35.485  76.744 0.0000000000
35377  23.130  -35.565  78.739 0.0000000000
33638  20.618  -36.818  83.070 0.0000000000
33663  19.572  -36.457  80.589 0.0000000000
33664  18.624  -36.360  81.268 0.0000000000
33656  17.166  -36.758  80.539 0.0000000000
34545  17.683  -36.454  81.892 0.0000000000
38290  34.942  -32.877  84.582 0.0000000000
37208  35.821  -33.745  83.790 0.0000000000
36194  37.041  -33.907  83.043 0.0000000000
36209  35.751  -34.301  82.701 0.0000000000
102889  35.229  -34.306  81.058 0.0000000000
36224  34.216  -34.352  82.026 0.0000000000
36255  26.186  -33.994  80.258 0.0000000000
37266  26.246  -33.729  79.331 0.0000000000
36263  25.273  -34.045  78.982 0.0000000000
36274  24.051  -34.038  77.035 0.0000000000
51347  48.834  -19.190  72.915 0.0000000000
50395  49.961  -19.114  71.701 0.0000000000
50396  49.177  -19.614  72.269 0.0000000000
59649  47.665  -9.845  71.757 0.0000000000
58823  47.684  -10.460  72.285 0.0000000000
58811  47.475  -10.006  72.790 0.0000000000
54096  45.395  -14.567  76.531 0.0000000000
112090  46.053  -14.972  76.141 0.0000000000
54116  44.385  -15.533  75.103 0.0000000000
53201  43.835  -15.859  74.279 0.0000000000
53189  43.432  -15.995  75.219 0.0000000000
46482  39.977  -23.525  73.372 0.0000000000
47443  41.209  -22.724  74.202 0.0000000000
46492  40.289  -22.877  72.894 0.0000000000
47481  40.372  -22.439  71.956 0.0000000000
99468  39.398  -23.221  71.048 0.0000000000
101992  38.662  -23.390  69.892 0.0000000000
46514  38.341  -23.837  70.384 0.0000000000
38407  30.203  -32.408  73.662 0.0000000000
38423  30.551  -32.143  72.813 0.0000000000
38424  29.744  -32.159  72.483 0.0000000000
53343  51.241  -16.102  62.261 0.0000000000
54251  50.848  -15.722  62.886 0.0000000000
36204  26.745  -34.377  83.624 0.0000000000
35356  25.255  -35.086  82.908 0.0000000000
35352  26.179  -34.762  84.323 0.0000000000
34509  24.994  -35.868  86.379 0.0000000000
34522  24.439  -36.167  84.903 0.0000000000
104971  23.783  -36.592  85.214 0.0000000000
107560  23.077  -36.782  84.681 0.0000000000
33620  23.199  -36.855  85.522 0.0000000000
37175  32.079  -33.155  85.253 0.0000000000
36187  32.236  -33.693  84.313 0.0000000000
37176  31.221  -33.194  85.373 0.0000000000
36180  28.452  -34.333  85.680 0.0000000000
36190  29.408  -34.209  84.661 0.0000000000
109102  28.138  -34.348  84.207 0.0000000000
36218  26.852  -34.119  82.704 0.0000000000
43924  41.868  -26.714  80.766 0.0000000000
44745  42.209  -25.487  81.391 0.0000000000
45568  42.628  -24.317  80.961 0.0000000000
46419  42.817  -23.722  79.705 0.0000000000
44768  42.046  -24.833  79.127 0.0000000000
44804  38.613  -25.863  76.277 0.0000000000
44802  40.104  -24.836  76.810 0.0000000000
44819  39.329  -24.818  75.290 0.0000000000
44832  39.085  -24.627  74.299 0.0000000000
101478  38.550  -25.277  74.739 0.0000000000
102428  37.573  -25.269  72.689 0.0000000000
44016  37.131  -26.060  73.868 0.0000000000
43064  35.700  -27.721  74.107 0.0000000000
44018  35.898  -26.856  72.968 0.0000000000
43092  34.651  -27.675  72.158 0.0000000000
43109  34.345  -27.501  71.299 0.0000000000
42138  33.662  -28.250  71.281 0.0000000000
38450  24.551  -32.603  71.332 0.0000000000
38462  25.218  -32.429  70.707 0.0000000000
38463  24.296  -32.472  70.421 0.0000000000
54211  48.479  -14.924  65.386 0.0000000000
54225  48.812  -15.321  64.522 0.0000000000
54226  47.620  -15.615  64.948 0.0000000000
53301  45.609  -16.427  65.241 0.0000000000
35410  21.046  -35.272  72.810 0.0000000000
34620  19.857  -36.676  72.438 0.0000000000
34551  22.949  -36.504  80.833 0.0000000000
34559  22.233  -36.796  79.561 0.0000000000
33670  21.553  -36.812  79.303 0.0000000000
34576  18.023  -36.741  78.011 0.0000000000
33691  18.374  -36.890  77.334 0.0000000000
37227  38.246  -33.297  81.381 0.0000000000
38311  39.239  -32.271  82.160 0.0000000000
107078  38.907  -32.076  80.751 0.0000000000
105770  38.750  -31.329  79.795 0.0000000000
39330  37.654  -31.771  79.133 0.0000000000
39331  36.977  -31.690  78.533 0.0000000000
38350  36.546  -32.787  78.802 0.0000000000
37276  33.571  -33.071  78.591 0.0000000000
37291  33.998  -32.947  77.758 0.0000000000
37292  33.065  -32.908  77.850 0.0000000000
37323  32.265  -32.559  76.220 0.0000000000
37293  31.644  -32.599  77.505 0.0000000000
36213  31.457  -33.884  82.253 0.0000000000
36227  31.613  -33.683  81.325 0.0000000000
36242  30.641  -33.231  81.189 0.0000000000
115571  27.132  -33.064  77.929 0.0000000000
37281  28.719  -32.715  78.621 0.0000000000
37313  27.792  -32.756  76.663 0.0000000000
37311  29.234  -32.602  76.774 0.0000000000
37328  27.623  -32.644  75.802 0.0000000000
38397  26.544  -32.756  74.644 0.0000000000
37337  25.945  -33.024  75.137 0.0000000000
36291  22.269  -34.287  74.426 0.0000000000
37341  22.795  -33.698  73.945 0.0000000000
36305  21.464  -34.638  72.348 0.0000000000
53248  47.733  -16.592  70.869 0.0000000000
53256  47.286  -16.942  70.182 0.0000000000
52338  49.023  -17.872  70.670 0.0000000000
51381  51.040  -18.689  69.741 0.0000000000
34471  22.722  -36.146  89.503 0.0000000000
33595  22.127  -36.829  87.890 0.0000000000
34489  21.248  -36.438  88.866 0.0000000000
96212  18.077  -36.020  89.017 0.0000000000
111058  18.478  -36.310  87.539 0.0000000000
33605  19.149  -36.531  87.119 0.0000000000
34520  17.675  -36.547  85.546 0.0000000000
34525  16.973  -36.692  84.115 0.0000000000
110080  16.376  -37.190  84.383 0.0000000000
56053  51.199  -13.605  64.871 0.0000000000
56011  49.954  -12.735  66.578 0.0000000000
55998  49.255  -12.582  67.397 0.0000000000
55999  48.452  -13.113  67.657 0.0000000000
56885  48.118  -11.727  69.685 0.0000000000
55976  47.578  -12.628  69.418 0.0000000000
55963  46.544  -13.492  70.634 0.0000000000
55082  46.256  -14.403  70.813 0.0000000000
55950  46.775  -13.893  71.520 0.0000000000
55937  47.952  -13.602  73.254 0.0000000000
54137  48.204  -15.129  72.614 0.0000000000
54136  48.771  -15.652  72.916 0.0000000000
53225  49.013  -16.642  72.772 0.0000000000
96726  48.670  -16.290  73.574 0.0000000000
57826  46.348  -11.374  75.266 0.0000000000
57839  46.795  -11.276  74.401 0.0000000000
56819  46.751  -12.374  75.128 0.0000000000
110983  46.811  -16.074  75.082 0.0000000000
54105  47.097  -15.701  75.363 0.0000000000
52292  47.475  -17.190  74.421 0.0000000000
52302  47.898  -17.903  74.343 0.0000000000
52303  47.341  -17.659  73.966 0.0000000000
51348  47.071  -18.483  72.848 0.0000000000
51349  46.239  -17.972  72.359 0.0000000000
52329  43.625  -17.694  71.481 0.0000000000
52340  44.214  -17.915  70.946 0.0000000000
51373  43.987  -18.272  70.229 0.0000000000
51374  42.893  -18.479  70.262 0.0000000000
53169  43.499  -16.599  78.299 0.0000000000
47415  43.155  -22.095  77.899 0.0000000000
48447  43.512  -21.471  78.494 0.0000000000
48456  42.873  -21.948  77.039 0.0000000000
49461  41.913  -20.989  74.532 0.0000000000
49448  42.605  -20.793  75.968 0.0000000000
100060  42.355  -19.508  75.346 0.0000000000
116195  42.621  -18.108  76.203 0.0000000000
51331  42.174  -18.742  74.584 0.0000000000
52293  42.368  -17.681  74.031 0.0000000000
106892  41.825  -19.430  73.824 0.0000000000
48532  40.440  -21.474  70.533 0.0000000000
49492  41.095  -20.360  71.209 0.0000000000
49505  40.494  -20.914  69.805 0.0000000000
49516  40.842  -20.044  69.241 0.0000000000
48561  40.275  -21.061  68.048 0.0000000000
48578  39.768  -21.822  67.891 0.0000000000
46544  38.090  -23.382  67.786 0.0000000000
46573  38.180  -23.109  65.928 0.0000000000
44871  36.450  -25.146  70.217 0.0000000000
45690  36.886  -24.691  69.585 0.0000000000
45691  36.140  -25.079  69.377 0.0000000000
44931  34.321  -25.079  66.291 0.0000000000
39359  34.979  -31.473  76.163 0.0000000000
41161  35.545  -30.204  75.705 0.0000000000
39366  34.095  -31.304  74.730 0.0000000000
39399  32.088  -31.135  72.039 0.0000000000
40270  32.615  -30.883  72.413 0.0000000000
40296  31.957  -30.242  70.865 0.0000000000
41227  32.207  -29.549  70.520 0.0000000000
40312  30.933  -30.145  69.816 0.0000000000
38490  26.308  -31.615  68.804 0.0000000000
38474  27.612  -31.610  69.536 0.0000000000
96801  26.920  -31.398  68.153 0.0000000000
40332  28.298  -30.600  67.569 0.0000000000
41274  29.290  -29.824  66.763 0.0000000000
52447  47.593  -16.650  62.833 0.0000000000
52459  48.774  -16.737  61.671 0.0000000000
52369  45.939  -17.994  67.948 0.0000000000
36181  27.712  -34.557  86.059 0.0000000000
35345  26.464  -34.985  85.902 0.0000000000
35334  26.860  -34.802  87.009 0.0000000000
35335  26.201  -35.140  87.314 0.0000000000
35336  25.505  -35.494  87.624 0.0000000000
37157  28.509  -33.624  86.834 0.0000000000
41064  40.589  -29.412  81.534 0.0000000000
41996  41.002  -27.948  81.807 0.0000000000
42010  40.958  -28.759  80.951 0.0000000000
43018  41.022  -27.476  80.135 0.0000000000
43937  41.472  -26.573  80.012 0.0000000000
43954  41.090  -25.975  79.157 0.0000000000
43955  39.882  -26.654  78.430 0.0000000000
43974  38.654  -26.764  77.304 0.0000000000
43997  38.001  -26.116  75.903 0.0000000000
44007  37.309  -26.326  74.647 0.0000000000
43055  37.053  -27.199  75.696 0.0000000000
42094  35.956  -28.001  74.817 0.0000000000
42095  35.384  -28.448  74.401 0.0000000000
37392  21.949  -33.646  70.212 0.0000000000
37402  22.300  -33.226  69.016 0.0000000000
36348  21.280  -34.525  68.291 0.0000000000
54194  46.522  -15.199  66.373 0.0000000000
104145  46.787  -15.503  65.556 0.0000000000
54195  45.637  -15.833  66.604 0.0000000000
53271  45.141  -16.440  66.969 0.0000000000
36284  21.789  -34.934  74.872 0.0000000000
35398  20.696  -35.831  74.150 0.0000000000
113568  21.431  -35.503  75.179 0.0000000000
34585  20.987  -36.359  75.994 0.0000000000
34580  20.490  -36.679  76.408 0.0000000000
33652  21.517  -36.704  80.833 0.0000000000
33671  20.928  -36.754  79.449 0.0000000000
33662  20.730  -36.654  80.385 0.0000000000
34562  18.244  -36.427  79.487 0.0000000000
32861  16.474  -38.150  79.853 0.0000000000
37218  37.694  -33.657  82.673 0.0000000000
37241  36.844  -33.900  80.419 0.0000000000
37256  36.558  -33.385  79.449 0.0000000000
36239  36.036  -34.197  80.706 0.0000000000
36252  34.447  -33.849  79.896 0.0000000000
37259  33.192  -33.198  79.411 0.0000000000
37231  28.726  -33.240  81.256 0.0000000000
37246  29.144  -33.042  80.521 0.0000000000
37265  27.754  -33.302  79.877 0.0000000000
37282  26.738  -33.298  78.551 0.0000000000
99000  26.056  -33.284  77.004 0.0000000000
37315  25.669  -33.220  76.313 0.0000000000
113255  24.629  -33.714  76.712 0.0000000000
36282  23.107  -34.048  75.744 0.0000000000
52325  49.559  -18.013  71.654 0.0000000000
52337  49.856  -18.121  70.780 0.0000000000
51357  50.108  -18.498  71.284 0.0000000000
50406  50.417  -19.383  70.886 0.0000000000
34476  17.139  -35.860  89.199 0.0000000000
34506  16.694  -36.376  87.454 0.0000000000
33634  15.804  -37.684  84.961 0.0000000000
33617  15.597  -37.539  86.516 0.0000000000
57876  47.888  -11.124  71.012 0.0000000000
56862  47.667  -12.094  71.881 0.0000000000
56861  47.745  -10.955  71.855 0.0000000000
114392  47.790  -12.847  73.064 0.0000000000
55928  47.932  -13.443  73.885 0.0000000000
109761  46.165  -13.054  76.527 0.0000000000
55901  46.453  -13.642  76.225 0.0000000000
102758  46.357  -14.225  76.369 0.0000000000
54106  46.250  -15.462  75.501 0.0000000000
53211  45.670  -16.512  73.956 0.0000000000
111042  45.983  -17.017  73.342 0.0000000000
53212  44.384  -16.214  73.650 0.0000000000
53226  43.987  -16.800  72.963 0.0000000000
52318  42.762  -17.656  72.437 0.0000000000
46455  41.676  -23.104  75.768 0.0000000000
47432  42.521  -22.159  76.130 0.0000000000
47442  41.645  -22.175  74.794 0.0000000000
47456  41.462  -22.185  73.912 0.0000000000
48493  41.500  -21.610  73.601 0.0000000000
49480  41.379  -20.535  72.530 0.0000000000
48505  40.767  -21.807  72.174 0.0000000000
47493  40.170  -22.268  71.003 0.0000000000
47508  39.601  -22.467  69.612 0.0000000000
47524  39.237  -22.550  68.179 0.0000000000
47509  39.241  -22.810  69.008 0.0000000000
96067  38.113  -23.634  68.650 0.0000000000
46545  37.450  -23.868  68.039 0.0000000000
44883  34.665  -25.995  69.173 0.0000000000
44900  34.922  -25.496  68.343 0.0000000000
44901  34.149  -26.044  68.465 0.0000000000
44103  33.147  -25.876  66.770 0.0000000000
44947  32.778  -25.849  65.183 0.0000000000
38390  33.421  -31.861  74.651 0.0000000000
39367  33.592  -31.450  74.355 0.0000000000
38405  32.226  -32.042  73.511 0.0000000000
39388  31.039  -31.728  72.108 0.0000000000
39413  30.309  -31.280  70.901 0.0000000000
39447  26.338  -31.095  66.567 0.0000000000
39469  25.870  -31.615  64.973 0.0000000000
53351  52.483  -16.230  61.482 0.0000000000
53366  51.000  -16.779  60.865 0.0000000000
53367  50.042  -16.886  60.926 0.0000000000
36245  25.516  -34.307  80.683 0.0000000000
35372  24.016  -35.162  79.981 0.0000000000
35367  24.217  -35.321  80.807 0.0000000000
35363  23.654  -36.003  81.267 0.0000000000
34543  23.076  -36.439  81.753 0.0000000000
35350  24.857  -35.669  84.302 0.0000000000
34527  24.151  -36.130  83.914 0.0000000000
34536  22.599  -36.594  82.297 0.0000000000
33636  22.267  -36.705  82.883 0.0000000000
98429  22.028  -36.849  83.546 0.0000000000
96335  20.983  -37.067  84.492 0.0000000000
36185  34.071  -33.635  84.037 0.0000000000
36211  33.918  -34.275  82.845 0.0000000000
36186  33.129  -33.661  84.216 0.0000000000
36200  31.749  -33.904  83.747 0.0000000000
103168  30.293  -34.012  83.196 0.0000000000
36178  30.113  -33.702  85.178 0.0000000000
36202  29.928  -34.061  84.074 0.0000000000
36216  28.852  -33.762  82.594 0.0000000000
36231  27.481  -33.909  81.862 0.0000000000
36232  26.575  -34.093  81.615 0.0000000000
50397  47.490  -19.865  72.162 0.0000000000
49490  47.784  -20.426  71.838 0.0000000000
49502  47.370  -20.941  71.259 0.0000000000
58812  46.848  -10.038  73.398 0.0000000000
56813  45.566  -11.906  76.772 0.0000000000
55892  45.738  -12.697  76.975 0.0000000000
55025  45.151  -13.648  77.544 0.0000000000
112777  44.754  -14.286  77.405 0.0000000000
46425  43.158  -23.099  79.051 0.0000000000
46434  42.523  -23.207  77.657 0.0000000000
44785  41.216  -24.813  77.995 0.0000000000
45597  41.630  -24.163  77.591 0.0000000000
46444  41.884  -23.355  76.504 0.0000000000
45633  40.431  -23.745  74.935 0.0000000000
45645  39.581  -24.073  73.813 0.0000000000
45656  38.744  -24.340  72.684 0.0000000000
45666  38.623  -24.076  71.836 0.0000000000
44853  38.101  -24.746  72.267 0.0000000000
100480  37.351  -25.137  71.912 0.0000000000
44862  35.857  -25.861  71.209 0.0000000000
44017  36.525  -26.476  73.397 0.0000000000
44027  35.665  -26.652  72.191 0.0000000000
44047  35.324  -26.193  70.760 0.0000000000
43131  34.313  -27.024  70.493 0.0000000000
43149  33.014  -27.625  69.400 0.0000000000
112171  32.044  -28.296  68.798 0.0000000000
38426  27.596  -32.504  72.477 0.0000000000
100240  28.274  -32.318  71.870 0.0000000000
110255  26.775  -32.302  70.972 0.0000000000
100041  25.848  -32.128  70.181 0.0000000000
38491  25.340  -31.688  68.500 0.0000000000
38494  22.742  -32.936  68.372 0.0000000000
38504  23.889  -31.986  67.518 0.0000000000
54224  50.365  -14.959  64.268 0.0000000000
54252  49.931  -15.945  62.900 0.0000000000
54241  48.839  -15.735  63.629 0.0000000000
53332  48.169  -16.258  63.203 0.0000000000
53333  47.332  -16.446  63.474 0.0000000000
54227  46.506  -16.023  65.037 0.0000000000
53320  46.103  -16.534  64.495 0.0000000000
35374  22.693  -36.311  79.168 0.0000000000
34573  21.373  -36.604  77.705 0.0000000000
33706  19.699  -36.850  76.406 0.0000000000
33680  20.221  -36.771  78.779 0.0000000000
33707  18.711  -37.020  76.389 0.0000000000
40160  40.238  -30.156  82.113 0.0000000000
40190  40.184  -30.369  80.909 0.0000000000
40203  38.970  -30.628  79.626 0.0000000000
41122  37.744  -30.093  78.375 0.0000000000
41143  36.660  -29.896  77.136 0.0000000000
40227  36.732  -30.587  77.616 0.0000000000
39351  35.566  -31.541  76.978 0.0000000000
38369  34.951  -31.864  76.714 0.0000000000
38351  35.962  -32.647  78.277 0.0000000000
38362  34.872  -32.283  77.107 0.0000000000
103831  34.097  -32.046  76.109 0.0000000000
100650  32.994  -32.379  75.717 0.0000000000
38381  31.053  -32.543  75.234 0.0000000000
38394  29.709  -32.529  74.445 0.0000000000
36225  33.275  -34.260  82.019 0.0000000000
103358  32.965  -33.727  80.586 0.0000000000
37260  32.326  -33.038  79.568 0.0000000000
37263  29.620  -32.854  79.876 0.0000000000
37279  30.740  -32.604  79.011 0.0000000000
102676  31.237  -32.695  78.164 0.0000000000
37310  30.399  -32.525  76.811 0.0000000000
37326  29.566  -32.590  76.017 0.0000000000
38395  28.840  -32.553  74.394 0.0000000000
107044  27.155  -32.557  74.031 0.0000000000
113906  25.552  -32.710  73.058 0.0000000000
38430  23.854  -32.748  71.967 0.0000000000
37339  24.401  -33.215  74.608 0.0000000000
37356  23.235  -33.110  72.552 0.0000000000
37374  22.382  -33.476  71.365 0.0000000000
36327  21.760  -33.972  70.921 0.0000000000
54161  45.899  -15.606  69.973 0.0000000000
53265  45.849  -16.840  68.977 0.0000000000
53257  46.260  -16.467  69.729 0.0000000000
52347  49.709  -18.263  70.085 0.0000000000
51383  49.494  -18.363  69.518 0.0000000000
49501  49.000  -20.534  71.182 0.0000000000
37113  26.646  -32.831  89.373 0.0000000000
36147  26.004  -34.220  89.227 0.0000000000
35327  25.294  -35.438  88.360 0.0000000000
35319  24.402  -35.652  89.408 0.0000000000
34486  24.255  -36.162  88.272 0.0000000000
33601  23.207  -36.773  87.139 0.0000000000
33612  21.946  -37.096  86.472 0.0000000000
33632  20.037  -36.884  84.719 0.0000000000
34473  21.020  -36.157  89.566 0.0000000000
34490  20.565  -36.543  88.291 0.0000000000
33624  19.783  -36.819  85.547 0.0000000000
33640  19.291  -36.653  84.060 0.0000000000
34538  17.066  -36.568  82.737 0.0000000000
55170  51.671  -14.598  64.007 0.0000000000
55154  50.995  -14.423  64.545 0.0000000000
55155  50.186  -14.456  64.821 0.0000000000
55141  49.151  -14.260  65.838 0.0000000000
56010  50.351  -12.495  66.132 0.0000000000
55126  49.630  -13.513  66.259 0.0000000000
55142  48.329  -14.445  66.090 0.0000000000
101486  47.861  -13.898  67.109 0.0000000000
55118  46.219  -14.614  68.041 0.0000000000
55104  45.829  -14.611  68.935 0.0000000000
55988  47.849  -12.973  68.509 0.0000000000
101913  46.186  -13.949  69.386 0.0000000000
55093  45.779  -14.539  69.636 0.0000000000
54154  46.336  -15.268  70.731 0.0000000000
54153  47.247  -15.770  71.224 0.0000000000
53237  48.127  -16.328  71.596 0.0000000000
55076  47.429  -14.485  72.202 0.0000000000
54147  47.770  -15.454  71.952 0.0000000000
53236  48.628  -16.941  71.919 0.0000000000
53235  49.095  -17.463  72.192 0.0000000000
52300  49.076  -18.073  73.424 0.0000000000
51336  48.623  -18.671  73.492 0.0000000000
115486  47.106  -10.805  73.614 0.0000000000
55929  47.594  -12.516  73.843 0.0000000000
55917  47.973  -14.237  74.355 0.0000000000
99126  47.282  -14.142  75.377 0.0000000000
55052  47.837  -15.101  74.701 0.0000000000
54114  48.194  -15.938  74.302 0.0000000000
52291  48.164  -17.465  74.457 0.0000000000
51337  48.058  -18.555  73.796 0.0000000000
50385  47.804  -19.416  72.728 0.0000000000
50386  47.319  -19.200  72.445 0.0000000000
50399  46.273  -19.078  71.281 0.0000000000
52327  45.297  -17.649  71.952 0.0000000000
51372  44.902  -18.416  70.543 0.0000000000
95988  44.225  -14.423  78.365 0.0000000000
54098  43.676  -15.456  76.916 0.0000000000
50345  43.506  -19.255  78.581 0.0000000000
48465  42.738  -21.415  76.430 0.0000000000
108122  42.947  -20.145  77.165 0.0000000000
51308  43.319  -18.424  78.211 0.0000000000
52267  43.218  -17.451  77.566 0.0000000000
52278  42.983  -16.928  76.566 0.0000000000
53188  43.336  -16.072  76.264 0.0000000000
109977  42.678  -17.051  74.377 0.0000000000
52306  42.546  -17.646  73.220 0.0000000000
103578  42.346  -18.184  71.969 0.0000000000
112785  41.272  -20.221  71.854 0.0000000000
50401  41.469  -19.590  71.417 0.0000000000
50400  41.963  -18.912  70.836 0.0000000000
50422  41.659  -19.267  69.122 0.0000000000
47539  39.281  -22.348  67.268 0.0000000000
47567  38.905  -22.727  65.648 0.0000000000
45689  37.620  -24.300  69.888 0.0000000000
45705  37.368  -24.161  68.964 0.0000000000
46563  36.820  -24.095  67.407 0.0000000000
44917  35.415  -24.999  67.841 0.0000000000
45720  35.506  -24.715  67.044 0.0000000000
41160  36.110  -30.045  76.410 0.0000000000
41178  35.107  -29.304  74.677 0.0000000000
41187  34.185  -29.642  73.510 0.0000000000
40261  33.373  -30.888  73.426 0.0000000000
41188  33.648  -30.225  73.078 0.0000000000
41196  33.876  -29.317  72.785 0.0000000000
41226  32.672  -29.206  70.939 0.0000000000
112838  31.735  -28.887  69.162 0.0000000000
42189  31.482  -28.649  68.506 0.0000000000
38446  28.954  -32.011  71.420 0.0000000000
101271  29.142  -31.508  70.391 0.0000000000
39414  29.689  -31.210  70.310 0.0000000000
39436  27.646  -30.923  67.869 0.0000000000
110048  29.019  -30.763  68.861 0.0000000000
97479  29.722  -30.411  68.783 0.0000000000
40321  30.227  -30.035  68.649 0.0000000000
41255  30.826  -29.113  68.212 0.0000000000
53345  49.336  -16.372  62.310 0.0000000000
53354  49.695  -16.603  61.604 0.0000000000
52476  49.391  -17.201  60.355 0.0000000000
52363  45.522  -17.192  68.224 0.0000000000
42024  38.414  -28.860  78.389 0.0000000000
42039  38.022  -28.427  77.851 0.0000000000
42059  36.963  -28.315  76.597 0.0000000000
42040  37.266  -28.982  77.305 0.0000000000
53258  45.580  -15.960  69.176 0.0000000000
36258  23.781  -34.959  79.148 0.0000000000
33646  19.823  -36.591  82.612 0.0000000000
33655  18.807  -36.403  82.244 0.0000000000
33647  18.990  -36.468  83.153 0.0000000000
36184  35.015  -33.721  83.891 0.0000000000
37190  35.381  -33.445  84.150 0.0000000000
36195  36.235  -34.016  83.254 0.0000000000
36196  35.419  -34.038  83.422 0.0000000000
36210  34.847  -34.314  82.810 0.0000000000
36256  25.430  -34.175  79.857 0.0000000000
36264  24.390  -34.363  78.656 0.0000000000
59639  47.530  -9.862  72.332 0.0000000000
54097  44.393  -14.831  76.665 0.0000000000
54107  45.076  -15.018  75.779 0.0000000000
46493  39.687  -23.414  72.608 0.0000000000
46502  39.921  -22.985  72.121 0.0000000000
46503  39.369  -23.408  71.788 0.0000000000
46504  38.866  -23.652  71.104 0.0000000000
113233  29.802  -32.343  73.112 0.0000000000
38408  29.159  -32.390  72.952 0.0000000000
54250  51.751  -15.515  62.844 0.0000000000
95960  27.178  -34.448  84.351 0.0000000000
34499  24.977  -35.890  87.174 0.0000000000
34517  24.424  -36.307  85.803 0.0000000000
34518  23.868  -36.666  86.056 0.0000000000
38269  32.213  -31.835  86.189 0.0000000000
36191  28.723  -34.391  84.867 0.0000000000
43911  42.206  -26.088  81.088 0.0000000000
44752  42.393  -25.205  80.801 0.0000000000
44759  42.267  -25.105  79.913 0.0000000000
45573  42.565  -24.420  80.221 0.0000000000
44820  38.632  -25.549  75.591 0.0000000000
44803  39.308  -25.328  76.304 0.0000000000
44833  37.809  -25.661  74.303 0.0000000000
42121  34.876  -27.907  72.921 0.0000000000
42137  34.105  -28.133  71.824 0.0000000000
38464  23.385  -32.714  70.139 0.0000000000
35404  20.622  -35.816  73.294 0.0000000000
34552  22.295  -36.776  80.336 0.0000000000
34553  21.897  -36.867  79.818 0.0000000000
96425  17.461  -37.783  76.803 0.0000000000
37239  38.076  -33.017  80.460 0.0000000000
103921  38.638  -32.623  81.027 0.0000000000
38338  38.453  -32.340  80.249 0.0000000000
38339  37.759  -32.537  79.639 0.0000000000
38349  37.085  -32.363  78.925 0.0000000000
38340  37.110  -32.900  79.301 0.0000000000
37308  32.469  -32.646  77.113 0.0000000000
105658  32.121  -32.810  78.035 0.0000000000
36214  30.635  -33.799  82.442 0.0000000000
36228  30.921  -33.597  81.791 0.0000000000
37298  26.984  -33.041  77.101 0.0000000000
37297  27.956  -32.825  77.628 0.0000000000
103457  27.100  -32.847  76.313 0.0000000000
37329  26.707  -32.840  75.576 0.0000000000
100036  26.018  -33.060  75.803 0.0000000000
36292  21.702  -34.804  74.025 0.0000000000
36297  22.147  -34.165  73.562 0.0000000000
36298  21.579  -34.705  73.186 0.0000000000
35419  20.953  -35.195  71.980 0.0000000000
52339  48.262  -17.384  70.479 0.0000000000
35306  22.839  -35.550  90.748 0.0000000000
34488  22.219  -36.518  88.685 0.0000000000
34472  21.845  -36.219  89.526 0.0000000000
34505  17.715  -36.251  87.555 0.0000000000
97422  18.259  -36.157  88.193 0.0000000000
34504  18.195  -36.397  86.849 0.0000000000
34513  17.535  -36.510  86.298 0.0000000000
100263  17.084  -36.721  84.910 0.0000000000
34521  16.940  -36.791  85.806 0.0000000000
56954  51.209  -12.625  64.948 0.0000000000
104791  50.929  -11.837  64.855 0.0000000000
55997  49.738  -12.247  67.075 0.0000000000
55962  47.192  -12.600  70.310 0.0000000000
55949  47.093  -12.831  71.243 0.0000000000
55070  48.347  -14.733  73.194 0.0000000000
54127  48.503  -15.501  73.552 0.0000000000
53210  46.726  -16.557  74.520 0.0000000000
52314  46.681  -17.694  73.272 0.0000000000
51361  43.344  -18.071  70.956 0.0000000000
53158  43.614  -16.709  79.448 0.0000000000
47416  42.767  -22.624  77.389 0.0000000000
50362  42.401  -20.247  75.516 0.0000000000
50366  42.090  -20.063  74.723 0.0000000000
48547  40.235  -21.532  69.797 0.0000000000
49517  40.330  -21.056  69.011 0.0000000000
113377  39.996  -21.659  68.646 0.0000000000
46562  37.451  -23.647  67.119 0.0000000000
46574  37.475  -23.502  66.165 0.0000000000
44881  35.804  -25.476  69.860 0.0000000000
39360  34.489  -31.393  75.438 0.0000000000
39412  30.880  -30.931  70.923 0.0000000000
40285  31.567  -30.846  71.361 0.0000000000
40297  31.233  -30.479  70.560 0.0000000000
39438  26.093  -31.506  68.097 0.0000000000
39423  27.070  -31.547  68.970 0.0000000000
52434  46.903  -16.953  62.971 0.0000000000
104680  47.322  -17.056  62.205 0.0000000000
36171  27.484  -34.487  86.708 0.0000000000
36163  26.712  -34.567  87.704 0.0000000000
35326  25.955  -35.014  88.025 0.0000000000
37139  28.036  -33.340  87.567 0.0000000000
36170  28.154  -34.200  86.420 0.0000000000
41082  40.483  -29.609  80.932 0.0000000000
42015  40.303  -27.840  79.599 0.0000000000
43028  40.559  -26.882  79.283 0.0000000000
111056  40.483  -26.183  78.664 0.0000000000
43988  38.296  -26.465  76.570 0.0000000000
43989  37.638  -26.814  76.163 0.0000000000
42076  35.678  -28.758  75.092 0.0000000000
36339  21.351  -34.306  69.246 0.0000000000
37403  21.858  -33.671  69.520 0.0000000000
55129  46.814  -14.561  67.178 0.0000000000
114272  45.444  -15.880  67.107 0.0000000000
52371  44.812  -17.062  67.080 0.0000000000
100325  21.819  -35.245  75.791 0.0000000000
35382  22.291  -35.778  77.592 0.0000000000
35387  21.487  -35.972  76.398 0.0000000000
34579  21.168  -36.550  76.848 0.0000000000
97678  21.508  -36.674  81.704 0.0000000000
34554  18.409  -36.383  80.344 0.0000000000
34561  18.992  -36.459  79.800 0.0000000000
34570  17.631  -36.903  78.465 0.0000000000
34563  17.654  -36.656  79.232 0.0000000000
33673  17.145  -37.207  79.040 0.0000000000
111519  17.160  -36.645  81.262 0.0000000000
33666  16.667  -37.371  80.237 0.0000000000
32853  16.284  -38.177  80.757 0.0000000000
38301  36.820  -32.888  83.783 0.0000000000
36208  36.599  -34.205  82.572 0.0000000000
36207  37.227  -34.018  82.425 0.0000000000
37228  37.675  -33.851  81.807 0.0000000000
37229  37.223  -34.108  81.175 0.0000000000
111556  34.515  -34.311  81.337 0.0000000000
36240  34.432  -34.106  80.581 0.0000000000
36253  33.647  -33.728  80.114 0.0000000000
37232  27.906  -33.523  81.238 0.0000000000
37247  28.269  -33.258  80.529 0.0000000000
97609  27.203  -33.298  79.260 0.0000000000
99824  26.383  -33.260  77.779 0.0000000000
37299  25.564  -33.538  77.601 0.0000000000
107333  25.280  -33.506  76.863 0.0000000000
36275  23.287  -34.329  76.637 0.0000000000
36283  22.380  -34.471  75.323 0.0000000000
49500  49.993  -20.130  70.774 0.0000000000
111147  16.460  -36.044  88.716 0.0000000000
34492  17.244  -36.098  88.331 0.0000000000
34493  16.279  -36.255  88.164 0.0000000000
33606  15.963  -36.865  86.936 0.0000000000
57859  47.728  -11.096  72.662 0.0000000000
96452  47.760  -12.728  73.307 0.0000000000
55902  45.904  -13.508  76.897 0.0000000000
53199  46.002  -15.984  74.745 0.0000000000
53200  44.924  -15.926  74.462 0.0000000000
52317  43.564  -17.321  72.195 0.0000000000
52305  43.147  -17.127  73.019 0.0000000000
46467  41.315  -22.783  75.056 0.0000000000
47457  40.926  -22.542  73.491 0.0000000000
48483  41.717  -21.634  74.286 0.0000000000
47470  41.211  -22.039  73.327 0.0000000000
48504  41.181  -21.482  72.809 0.0000000000
47482  39.812  -22.840  71.408 0.0000000000
47507  40.001  -22.097  70.147 0.0000000000
46526  39.118  -22.946  69.802 0.0000000000
46527  38.713  -23.309  69.206 0.0000000000
44069  33.980  -26.554  69.133 0.0000000000
112936  33.587  -26.497  68.527 0.0000000000
98371  32.355  -26.269  66.463 0.0000000000
44933  32.861  -25.700  65.881 0.0000000000
108018  32.354  -26.069  65.656 0.0000000000
38391  32.638  -32.124  74.413 0.0000000000
38404  33.037  -31.687  73.918 0.0000000000
38422  31.565  -31.978  72.809 0.0000000000
39400  30.946  -31.308  71.464 0.0000000000
39401  30.319  -31.638  71.534 0.0000000000
53352  51.585  -16.409  61.566 0.0000000000
36233  25.677  -34.397  81.473 0.0000000000
36234  24.922  -34.760  81.175 0.0000000000
35361  25.065  -34.878  82.037 0.0000000000
35357  24.515  -35.559  82.542 0.0000000000
35358  23.782  -36.028  82.160 0.0000000000
34534  23.948  -36.085  83.038 0.0000000000
35348  25.939  -35.127  85.223 0.0000000000
35349  25.232  -35.641  85.124 0.0000000000
34528  23.437  -36.460  83.503 0.0000000000
34529  22.809  -36.628  83.140 0.0000000000
33629  22.967  -36.692  83.894 0.0000000000
33630  22.481  -36.828  84.158 0.0000000000
33631  21.841  -37.001  84.314 0.0000000000
96333  21.280  -36.924  83.669 0.0000000000
37174  33.321  -32.768  85.354 0.0000000000
38268  33.111  -31.848  85.783 0.0000000000
37173  34.120  -32.877  85.069 0.0000000000
37192  33.521  -33.373  84.767 0.0000000000
103016  31.189  -34.045  83.095 0.0000000000
36201  30.863  -33.967  83.875 0.0000000000
37177  30.379  -33.326  85.523 0.0000000000
99305  29.030  -34.204  84.069 0.0000000000
105665  29.391  -33.990  83.276 0.0000000000
36217  27.909  -33.904  82.641 0.0000000000
113188  26.146  -34.140  80.958 0.0000000000
49491  47.090  -20.382  71.407 0.0000000000
56805  45.160  -12.250  77.490 0.0000000000
56794  44.678  -12.598  78.170 0.0000000000
55893  45.259  -13.000  77.604 0.0000000000
55026  44.623  -13.883  78.165 0.0000000000
43003  41.335  -27.373  81.555 0.0000000000
113154  42.668  -23.766  79.036 0.0000000000
46426  42.646  -23.474  78.401 0.0000000000
45596  42.183  -23.829  77.977 0.0000000000
44770  40.807  -25.521  78.388 0.0000000000
44769  41.491  -25.194  78.784 0.0000000000
44786  40.483  -25.180  77.601 0.0000000000
45622  39.871  -24.650  76.039 0.0000000000
45598  40.937  -24.510  77.171 0.0000000000
45607  41.425  -23.916  76.796 0.0000000000
46445  41.270  -23.680  76.021 0.0000000000
113966  40.692  -23.861  75.595 0.0000000000
45634  39.818  -24.206  74.625 0.0000000000
44843  38.258  -24.899  73.065 0.0000000000
44854  36.949  -25.588  72.372 0.0000000000
44855  36.537  -25.602  71.688 0.0000000000
44008  36.683  -26.707  74.206 0.0000000000
44037  35.448  -26.438  71.464 0.0000000000
44038  34.866  -26.757  71.038 0.0000000000
44048  34.829  -26.502  70.412 0.0000000000
43110  33.709  -27.728  70.598 0.0000000000
38427  26.763  -32.567  72.300 0.0000000000
38448  26.433  -32.471  71.579 0.0000000000
111958  24.822  -31.916  69.159 0.0000000000
38476  25.642  -31.856  69.394 0.0000000000
37411  22.194  -33.429  68.326 0.0000000000
38478  23.026  -32.701  69.223 0.0000000000
37423  22.809  -32.986  66.968 0.0000000000
97520  23.352  -32.536  66.780 0.0000000000
95876  49.622  -15.336  63.964 0.0000000000
53318  47.937  -15.856  63.951 0.0000000000
34619  20.220  -36.326  73.027 0.0000000000
34605  19.730  -36.773  73.291 0.0000000000
35373  23.326  -35.779  79.570 0.0000000000
34567  21.583  -36.744  78.580 0.0000000000
34574  20.853  -36.762  77.310 0.0000000000
33705  20.271  -36.801  77.027 0.0000000000
105228  19.608  -36.780  78.162 0.0000000000
33708  17.887  -37.535  75.997 0.0000000000
38299  38.210  -32.558  83.266 0.0000000000
39296  38.855  -32.012  82.796 0.0000000000
39305  39.704  -31.739  81.948 0.0000000000
115801  39.403  -31.695  82.438 0.0000000000
114168  39.968  -31.357  81.819 0.0000000000
40177  40.176  -30.884  81.565 0.0000000000
40176  40.389  -30.118  81.409 0.0000000000
101629  39.823  -31.047  80.866 0.0000000000
40204  38.236  -31.142  79.329 0.0000000000
40214  38.283  -30.345  78.990 0.0000000000
40226  37.234  -30.534  78.097 0.0000000000
100978  36.352  -32.213  78.316 0.0000000000
39341  36.434  -31.668  78.061 0.0000000000
38360  35.890  -31.919  77.713 0.0000000000
98934  35.372  -32.076  77.384 0.0000000000
37257  35.599  -33.572  79.275 0.0000000000
37273  36.067  -33.129  78.783 0.0000000000
37274  35.358  -33.016  78.428 0.0000000000
37306  34.374  -32.648  77.183 0.0000000000
37290  34.800  -32.753  77.738 0.0000000000
38370  34.287  -32.302  76.610 0.0000000000
37322  33.665  -32.322  76.148 0.0000000000
38379  33.624  -32.057  75.402 0.0000000000
37324  31.393  -32.625  76.037 0.0000000000
38382  30.088  -32.576  75.245 0.0000000000
98417  32.631  -33.963  81.215 0.0000000000
37243  32.144  -33.417  80.470 0.0000000000
37261  31.457  -32.858  79.764 0.0000000000
37245  30.035  -32.921  80.569 0.0000000000
37280  29.784  -32.574  78.794 0.0000000000
102155  30.333  -32.520  78.141 0.0000000000
37294  30.851  -32.518  77.351 0.0000000000
37295  29.883  -32.518  77.347 0.0000000000
37327  28.583  -32.577  76.099 0.0000000000
38383  29.163  -32.542  75.237 0.0000000000
38396  27.990  -32.544  74.246 0.0000000000
38398  25.786  -32.892  74.351 0.0000000000
101280  26.358  -32.670  73.788 0.0000000000
110511  25.634  -32.771  73.569 0.0000000000
38429  24.737  -32.675  72.251 0.0000000000
38412  24.945  -32.740  73.174 0.0000000000
37331  24.621  -33.367  75.425 0.0000000000
37330  25.376  -33.160  75.625 0.0000000000
37349  22.659  -33.590  73.076 0.0000000000
37348  23.403  -33.240  73.423 0.0000000000
37357  22.520  -33.512  72.219 0.0000000000
52349  47.987  -17.613  69.800 0.0000000000
52360  48.634  -18.144  69.533 0.0000000000
51370  50.407  -18.503  70.635 0.0000000000
105772  50.425  -18.441  70.127 0.0000000000
51382  50.424  -18.504  69.518 0.0000000000
51393  50.120  -18.577  68.923 0.0000000000
48515  48.124  -20.872  71.376 0.0000000000
49489  48.641  -20.278  71.875 0.0000000000
38232  26.998  -32.133  89.330 0.0000000000
36148  25.390  -34.676  89.438 0.0000000000
36157  25.699  -34.922  88.752 0.0000000000
35318  25.062  -35.346  89.065 0.0000000000
34469  24.037  -35.938  89.012 0.0000000000
34501  23.780  -36.541  87.757 0.0000000000
34502  22.967  -36.695  88.034 0.0000000000
33603  21.594  -36.963  87.332 0.0000000000
110262  21.252  -37.101  85.894 0.0000000000
98181  20.375  -36.929  86.124 0.0000000000
96118  18.950  -36.145  88.761 0.0000000000
34458  19.817  -35.910  90.190 0.0000000000
34474  19.685  -36.109  89.285 0.0000000000
34457  20.772  -35.943  90.232 0.0000000000
96653  20.426  -36.258  89.018 0.0000000000
33625  18.992  -36.596  85.776 0.0000000000
33614  19.532  -36.693  86.325 0.0000000000
33633  19.152  -36.665  84.995 0.0000000000
34523  18.430  -36.527  84.553 0.0000000000
34530  18.272  -36.459  83.746 0.0000000000
34531  17.385  -36.525  83.533 0.0000000000
34539  16.513  -36.961  82.741 0.0000000000
55169  52.264  -14.196  63.669 0.0000000000
55139  50.651  -13.934  65.089 0.0000000000
55156  49.394  -14.657  65.110 0.0000000000
111771  50.687  -12.223  65.534 0.0000000000
56012  49.439  -13.061  66.860 0.0000000000
55127  48.967  -13.838  66.487 0.0000000000
111614  48.315  -14.051  66.645 0.0000000000
55103  46.660  -13.895  68.624 0.0000000000
55987  48.977  -12.200  68.029 0.0000000000
56897  48.583  -11.892  68.799 0.0000000000
55977  46.579  -13.300  69.860 0.0000000000
116005  46.953  -13.356  69.161 0.0000000000
54155  45.796  -14.803  70.138 0.0000000000
55938  47.407  -13.360  72.160 0.0000000000
53224  49.224  -17.458  72.973 0.0000000000
58796  47.224  -10.287  73.263 0.0000000000
56829  47.212  -12.191  74.376 0.0000000000
55044  46.875  -14.320  75.905 0.0000000000
110668  47.325  -15.001  75.434 0.0000000000
54115  47.624  -15.893  74.925 0.0000000000
53197  48.345  -16.805  74.240 0.0000000000
50376  47.722  -18.889  73.171 0.0000000000
51358  46.659  -18.800  72.053 0.0000000000
51371  45.589  -18.547  70.973 0.0000000000
52304  45.016  -16.785  73.123 0.0000000000
52315  45.634  -17.326  72.701 0.0000000000
51360  45.075  -17.951  71.199 0.0000000000
54075  43.660  -15.855  78.947 0.0000000000
54074  43.885  -15.120  78.606 0.0000000000
54085  43.930  -14.878  77.621 0.0000000000
49419  43.790  -20.801  79.070 0.0000000000
103278  43.713  -20.059  78.852 0.0000000000
102307  43.717  -19.282  79.410 0.0000000000
100918  43.294  -19.945  77.941 0.0000000000
47441  42.155  -22.014  75.432 0.0000000000
50355  42.607  -19.789  76.300 0.0000000000
50354  42.967  -19.394  77.228 0.0000000000
111262  43.200  -19.138  77.874 0.0000000000
51319  43.060  -18.512  77.364 0.0000000000
52279  42.654  -17.461  75.857 0.0000000000
52283  42.944  -16.588  75.796 0.0000000000
52284  42.788  -16.780  75.077 0.0000000000
51339  42.109  -18.439  73.552 0.0000000000
51350  42.243  -18.253  72.728 0.0000000000
49504  40.808  -20.410  70.357 0.0000000000
50411  41.358  -19.606  70.624 0.0000000000
50410  41.962  -18.929  69.876 0.0000000000
49528  40.875  -20.172  68.093 0.0000000000
46587  38.361  -23.250  65.130 0.0000000000
45667  37.890  -24.612  71.456 0.0000000000
45677  37.734  -24.449  70.669 0.0000000000
46546  36.860  -24.271  68.222 0.0000000000
45719  36.144  -24.569  67.831 0.0000000000
44902  34.254  -25.679  67.783 0.0000000000
44918  34.767  -25.197  67.268 0.0000000000
45737  34.794  -24.758  65.589 0.0000000000
45721  34.969  -24.782  66.443 0.0000000000
45736  35.562  -24.408  65.977 0.0000000000
40251  34.912  -30.291  74.993 0.0000000000
41179  34.512  -29.957  74.238 0.0000000000
39375  33.206  -31.308  73.682 0.0000000000
39385  32.912  -31.155  73.048 0.0000000000
40283  32.851  -30.368  72.176 0.0000000000
40269  33.134  -30.645  72.750 0.0000000000
41197  33.327  -29.925  72.378 0.0000000000
99006  33.135  -28.894  71.319 0.0000000000
41242  31.348  -29.551  69.491 0.0000000000
41241  31.982  -29.163  69.842 0.0000000000
38459  28.228  -32.060  71.018 0.0000000000
39415  28.398  -31.638  70.166 0.0000000000
96595  29.060  -31.218  69.754 0.0000000000
39437  26.976  -30.896  67.270 0.0000000000
40339  28.320  -30.470  66.707 0.0000000000
40323  28.777  -30.563  68.061 0.0000000000
113175  29.797  -30.109  68.223 0.0000000000
99582  30.174  -29.639  67.988 0.0000000000
42207  30.479  -28.911  67.477 0.0000000000
53378  52.853  -16.918  60.033 0.0000000000
52458  49.100  -17.012  61.018 0.0000000000
37140  27.480  -33.415  88.093 0.0000000000
36155  26.974  -33.889  88.290 0.0000000000
103633  39.685  -29.217  79.630 0.0000000000
42016  39.624  -28.357  79.190 0.0000000000
43039  38.341  -27.560  77.634 0.0000000000
43047  37.299  -27.532  76.415 0.0000000000
42060  36.495  -28.555  76.083 0.0000000000
36269  23.460  -34.614  77.469 0.0000000000
36270  22.718  -34.994  77.123 0.0000000000
35381  22.952  -35.330  77.921 0.0000000000
33645  20.729  -36.674  82.176 0.0000000000
113731  20.269  -36.546  80.980 0.0000000000
33654  19.827  -36.492  81.614 0.0000000000
95801  17.750  -36.432  80.891 0.0000000000
37189  36.154  -33.284  84.092 0.0000000000
37207  36.565  -33.557  83.517 0.0000000000
36223  36.078  -34.378  81.725 0.0000000000
106964  35.111  -34.430  81.966 0.0000000000
36244  26.766  -33.906  80.769 0.0000000000
37249  26.918  -33.579  80.024 0.0000000000
37284  25.008  -33.888  78.149 0.0000000000
37300  24.799  -33.819  77.361 0.0000000000
36268  24.212  -34.235  77.825 0.0000000000
112081  49.439  -19.060  72.483 0.0000000000
34494  15.508  -36.450  88.659 0.0000000000
58832  47.849  -10.141  71.439 0.0000000000
58824  47.631  -10.058  72.285 0.0000000000
57860  47.628  -10.622  72.951 0.0000000000
114578  46.153  -14.559  76.369 0.0000000000
46481  40.628  -23.129  73.748 0.0000000000
46513  39.030  -23.302  70.463 0.0000000000
38406  31.160  -32.280  73.561 0.0000000000
38445  29.660  -31.943  71.766 0.0000000000
54261  52.142  -15.873  62.179 0.0000000000
53344  50.285  -16.228  62.278 0.0000000000
36205  26.039  -34.622  83.283 0.0000000000
35353  25.395  -35.185  83.800 0.0000000000
34516  24.925  -35.864  85.653 0.0000000000
38279  32.523  -32.592  85.600 0.0000000000
37193  32.610  -33.474  84.791 0.0000000000
36176  31.765  -33.482  84.868 0.0000000000
36177  30.928  -33.554  85.007 0.0000000000
36179  29.323  -34.088  85.329 0.0000000000
36203  27.534  -34.141  83.480 0.0000000000
43912  41.784  -26.726  81.328 0.0000000000
44746  41.866  -25.956  81.612 0.0000000000
44737  41.949  -25.184  81.804 0.0000000000
112787  42.811  -23.690  81.082 0.0000000000
46412  42.896  -23.700  80.488 0.0000000000
45580  42.445  -24.367  79.430 0.0000000000
44787  39.681  -25.550  77.252 0.0000000000
45621  40.141  -24.261  75.440 0.0000000000
100762  38.347  -25.001  73.905 0.0000000000
44844  37.687  -25.437  73.478 0.0000000000
43077  35.493  -27.487  73.343 0.0000000000
43091  35.283  -27.269  72.566 0.0000000000
38449  25.516  -32.549  71.637 0.0000000000
38477  23.973  -32.190  69.419 0.0000000000
54214  45.322  -16.467  66.119 0.0000000000
34594  19.665  -36.771  74.090 0.0000000000
34558  22.836  -36.472  79.978 0.0000000000
34560  21.868  -36.872  79.230 0.0000000000
33679  21.041  -36.786  78.688 0.0000000000
34575  18.707  -36.700  78.047 0.0000000000
98633  17.954  -37.203  76.783 0.0000000000
38322  38.842  -32.845  81.820 0.0000000000
38321  39.263  -32.119  81.474 0.0000000000
39314  39.342  -31.610  80.834 0.0000000000
39320  38.851  -31.742  80.232 0.0000000000
39321  38.311  -31.845  79.702 0.0000000000
37275  34.462  -33.106  78.455 0.0000000000
114413  33.026  -32.559  76.406 0.0000000000
37309  31.582  -32.514  76.822 0.0000000000
106558  32.072  -33.985  82.963 0.0000000000
36226  32.324  -34.087  82.076 0.0000000000
102308  27.624  -33.040  78.533 0.0000000000
37296  28.970  -32.594  77.585 0.0000000000
37312  28.508  -32.680  76.954 0.0000000000
38385  27.373  -32.637  74.917 0.0000000000
36290  22.925  -33.824  74.839 0.0000000000
37340  23.566  -33.394  74.300 0.0000000000
36304  22.011  -34.067  72.716 0.0000000000
36317  21.343  -34.587  71.523 0.0000000000
34455  23.182  -35.944  90.076 0.0000000000
98545  23.042  -36.291  88.808 0.0000000000
33596  21.410  -36.733  88.106 0.0000000000
34460  17.975  -35.770  89.953 0.0000000000
95866  19.071  -36.346  87.975 0.0000000000
34512  18.273  -36.465  86.034 0.0000000000
115200  17.842  -36.528  84.921 0.0000000000
34524  17.645  -36.535  84.294 0.0000000000
55153  51.578  -14.034  64.458 0.0000000000
56030  50.681  -13.162  65.534 0.0000000000
56923  50.118  -12.010  66.665 0.0000000000
55071  47.862  -14.076  72.801 0.0000000000
57840  46.327  -10.623  74.717 0.0000000000
53187  47.463  -16.503  74.798 0.0000000000
112589  47.859  -17.269  74.667 0.0000000000
52328  44.379  -17.532  71.645 0.0000000000
51384  43.714  -18.749  69.600 0.0000000000
51385  42.860  -18.777  69.525 0.0000000000
47407  43.394  -22.244  78.715 0.0000000000
48435  43.675  -21.567  79.268 0.0000000000
48455  43.207  -21.379  77.709 0.0000000000
48482  41.966  -21.527  75.026 0.0000000000
49454  42.257  -20.878  75.246 0.0000000000
51325  42.463  -18.563  75.682 0.0000000000
50387  41.906  -19.062  72.957 0.0000000000
48531  40.777  -21.051  71.093 0.0000000000
48593  39.875  -21.777  66.837 0.0000000000
46561  38.112  -23.201  66.869 0.0000000000
45678  37.154  -24.734  70.260 0.0000000000
45707  35.757  -25.040  68.580 0.0000000000
44932  33.588  -25.401  66.110 0.0000000000
40238  35.554  -30.888  76.304 0.0000000000
40244  34.996  -30.958  75.582 0.0000000000
40245  34.530  -30.866  74.938 0.0000000000
40252  34.262  -30.793  74.469 0.0000000000
40284  32.366  -30.492  71.640 0.0000000000
41213  32.419  -29.883  71.107 0.0000000000
41228  31.585  -29.841  70.202 0.0000000000
41243  30.747  -29.851  69.115 0.0000000000
38475  26.649  -31.818  69.691 0.0000000000
39430  27.672  -31.300  68.700 0.0000000000
39457  27.166  -30.914  65.503 0.0000000000
40340  27.692  -30.628  67.012 0.0000000000
40331  28.945  -30.329  67.302 0.0000000000
41263  29.566  -29.989  67.596 0.0000000000
52446  48.302  -16.579  62.407 0.0000000000
52361  47.698  -18.149  69.133 0.0000000000
51395  46.959  -18.545  68.399 0.0000000000
36193  26.765  -34.731  85.163 0.0000000000
36182  27.150  -34.699  85.779 0.0000000000
35342  26.998  -34.761  86.377 0.0000000000
35343  26.317  -35.138  86.609 0.0000000000
113508  27.267  -34.411  87.239 0.0000000000
111418  25.648  -35.536  86.872 0.0000000000
37156  29.252  -33.303  86.468 0.0000000000
36169  28.858  -33.859  86.087 0.0000000000
41048  40.361  -29.114  82.164 0.0000000000
42005  40.818  -28.587  81.669 0.0000000000
42004  41.287  -28.042  81.272 0.0000000000
97664  40.718  -28.275  80.298 0.0000000000
42009  41.285  -27.896  80.761 0.0000000000
43010  41.645  -27.401  81.023 0.0000000000
43017  41.519  -27.243  80.605 0.0000000000
44760  41.740  -25.594  79.591 0.0000000000
43973  39.391  -26.327  77.674 0.0000000000
43987  38.959  -26.016  76.921 0.0000000000
43998  37.456  -26.557  75.411 0.0000000000
43999  36.855  -26.935  74.967 0.0000000000
43056  36.517  -27.604  75.237 0.0000000000
43063  36.311  -27.350  74.512 0.0000000000
42110  35.115  -28.167  73.678 0.0000000000
37390  22.865  -33.040  70.796 0.0000000000
108594  22.514  -33.183  69.928 0.0000000000
37412  21.764  -33.797  68.715 0.0000000000
107668  20.839  -35.271  68.269 0.0000000000
35473  21.123  -35.230  67.471 0.0000000000
35397  21.300  -35.424  74.484 0.0000000000
35393  20.901  -35.986  75.089 0.0000000000
35392  21.317  -35.830  75.694 0.0000000000
34586  20.356  -36.496  75.473 0.0000000000
34581  19.821  -36.775  75.698 0.0000000000
111684  21.931  -36.717  81.247 0.0000000000
113178  21.531  -36.780  80.019 0.0000000000
33672  19.954  -36.612  79.643 0.0000000000
34569  18.130  -36.540  78.669 0.0000000000
33665  17.165  -36.921  79.770 0.0000000000
32871  16.712  -38.146  79.002 0.0000000000
37206  37.489  -33.293  83.300 0.0000000000
109970  38.147  -33.220  82.900 0.0000000000
37217  38.280  -33.348  82.214 0.0000000000
37240  37.636  -33.671  80.840 0.0000000000
37242  36.078  -33.886  79.943 0.0000000000
36251  35.234  -34.020  80.105 0.0000000000
100651  34.857  -33.729  79.488 0.0000000000
37258  34.148  -33.470  79.278 0.0000000000
36229  29.246  -33.455  81.931 0.0000000000
37230  29.654  -33.116  81.256 0.0000000000
97192  27.994  -33.063  79.195 0.0000000000
37316  24.918  -33.397  76.185 0.0000000000
37317  24.051  -33.792  76.123 0.0000000000
52326  49.055  -17.659  71.383 0.0000000000
50394  50.557  -18.854  70.846 0.0000000000
50405  51.048  -19.001  70.249 0.0000000000
34514  16.759  -36.653  86.595 0.0000000000
33616  16.236  -37.104  86.157 0.0000000000
33627  15.752  -37.630  85.743 0.0000000000
32824  15.355  -38.251  86.174 0.0000000000
56850  47.755  -12.041  72.745 0.0000000000
105428  48.160  -14.204  73.706 0.0000000000
56812  46.068  -12.374  76.374 0.0000000000
55909  46.414  -12.867  75.909 0.0000000000
47424  42.256  -22.826  76.254 0.0000000000
47433  41.963  -22.521  75.571 0.0000000000
49462  41.698  -21.163  73.934 0.0000000000
49471  41.552  -20.905  73.315 0.0000000000
48517  40.606  -21.737  71.431 0.0000000000
48562  39.644  -22.232  68.810 0.0000000000
47525  38.717  -23.115  68.402 0.0000000000
44067  35.183  -25.978  69.969 0.0000000000
44882  35.403  -25.495  69.227 0.0000000000
44088  33.530  -26.108  67.757 0.0000000000
39376  32.726  -31.565  73.240 0.0000000000
39377  32.232  -31.769  72.853 0.0000000000
39387  31.866  -31.595  72.349 0.0000000000
110314  31.529  -31.347  71.866 0.0000000000
39448  25.562  -31.420  66.761 0.0000000000
105387  26.237  -31.259  67.435 0.0000000000
39459  25.710  -31.478  65.859 0.0000000000
39458  26.487  -31.202  65.687 0.0000000000
38533  26.177  -31.944  64.174 0.0000000000
39468  26.632  -31.389  64.833 0.0000000000
53365  51.886  -16.660  60.843 0.0000000000
52475  50.405  -17.176  60.224 0.0000000000
36246  24.785  -34.657  80.341 0.0000000000
35362  24.363  -35.418  81.664 0.0000000000
112987  25.515  -35.307  84.579 0.0000000000
34535  23.253  -36.437  82.659 0.0000000000
33644  22.060  -36.665  82.013 0.0000000000
33637  21.557  -36.781  82.723 0.0000000000
110049  22.503  -36.718  83.534 0.0000000000
98428  20.354  -36.871  83.896 0.0000000000
37191  34.493  -33.369  84.366 0.0000000000
36198  33.575  -33.926  83.542 0.0000000000
36199  32.643  -33.873  83.639 0.0000000000
36189  30.541  -33.854  84.587 0.0000000000
108153  29.894  -34.021  84.807 0.0000000000
36215  29.772  -33.737  82.537 0.0000000000
36230  28.344  -33.666  81.912 0.0000000000
36243  27.240  -33.814  81.213 0.0000000000
58797  46.331  -10.150  74.287 0.0000000000
58782  45.999  -10.306  74.871 0.0000000000
109538  45.785  -10.805  75.495 0.0000000000
109353  45.936  -11.576  76.029 0.0000000000
57812  45.346  -11.153  76.404 0.0000000000
47398  43.475  -22.363  79.542 0.0000000000
47408  42.981  -22.801  78.152 0.0000000000
46443  42.408  -23.043  76.944 0.0000000000
45587  41.818  -24.470  78.375 0.0000000000
46435  42.020  -23.547  77.249 0.0000000000
46456  41.011  -23.372  75.321 0.0000000000
46469  40.239  -23.667  74.141 0.0000000000
45655  39.358  -23.934  73.061 0.0000000000
102862  36.303  -25.404  70.935 0.0000000000
44026  36.368  -26.182  72.496 0.0000000000
44036  35.953  -26.124  71.826 0.0000000000
44068  34.449  -26.546  69.828 0.0000000000
43148  33.691  -27.202  69.790 0.0000000000
43162  33.282  -27.011  68.997 0.0000000000
43163  32.574  -27.604  68.707 0.0000000000
107497  28.589  -32.515  73.563 0.0000000000
104635  28.406  -32.436  72.729 0.0000000000
38447  27.365  -32.376  71.508 0.0000000000
109242  26.062  -32.339  70.913 0.0000000000
38461  26.558  -32.115  70.442 0.0000000000
38493  23.479  -32.333  68.443 0.0000000000
37424  22.413  -33.331  67.572 0.0000000000
38505  23.097  -32.656  67.610 0.0000000000
38492  24.325  -31.880  68.494 0.0000000000
38503  24.729  -31.725  67.844 0.0000000000
39439  24.726  -31.682  67.042 0.0000000000
54240  50.420  -15.422  63.573 0.0000000000
109910  49.576  -15.720  63.386 0.0000000000
53334  46.439  -16.811  63.750 0.0000000000
35378  22.501  -36.065  78.385 0.0000000000
34566  22.141  -36.706  78.817 0.0000000000
34572  21.921  -36.444  78.068 0.0000000000
33689  20.446  -36.809  77.880 0.0000000000
33690  19.442  -36.802  77.285 0.0000000000
112107  19.224  -36.970  75.796 0.0000000000
101921  18.572  -37.520  74.737 0.0000000000
41049  39.728  -29.514  82.554 0.0000000000
41083  40.003  -29.794  80.319 0.0000000000
40191  39.270  -31.169  80.232 0.0000000000
40202  39.656  -30.515  80.270 0.0000000000
41102  39.468  -29.988  79.793 0.0000000000
41103  38.941  -29.767  79.269 0.0000000000
41121  38.363  -29.548  78.659 0.0000000000
41142  37.253  -29.904  77.761 0.0000000000
40216  36.861  -31.120  78.094 0.0000000000
39350  36.276  -31.321  77.557 0.0000000000
38377  34.515  -31.685  76.009 0.0000000000
38361  35.402  -32.468  77.770 0.0000000000
108957  34.570  -31.950  76.508 0.0000000000
98728  33.032  -32.243  75.033 0.0000000000
38380  32.146  -32.419  75.278 0.0000000000
38393  30.640  -32.482  74.414 0.0000000000
36254  32.847  -33.357  80.069 0.0000000000
37278  31.741  -32.783  78.867 0.0000000000
116170  30.621  -32.955  80.588 0.0000000000
37262  30.536  -32.777  79.960 0.0000000000
97418  29.360  -32.718  79.289 0.0000000000
98756  30.017  -32.657  79.386 0.0000000000
105015  30.930  -32.536  76.630 0.0000000000
38409  27.778  -32.527  73.368 0.0000000000
38410  26.960  -32.590  73.149 0.0000000000
38411  26.122  -32.669  72.940 0.0000000000
38428  25.495  -32.663  72.539 0.0000000000
37338  25.199  -33.114  74.867 0.0000000000
37347  24.205  -32.972  73.766 0.0000000000
37355  24.035  -32.818  72.876 0.0000000000
37373  23.047  -33.012  71.680 0.0000000000
37391  22.303  -33.436  70.633 0.0000000000
36328  21.483  -34.155  70.073 0.0000000000
35439  20.984  -34.829  69.865 0.0000000000
108176  21.159  -34.655  70.712 0.0000000000
35440  20.653  -35.612  69.623 0.0000000000
52350  46.821  -17.347  69.495 0.0000000000
51394  48.958  -18.472  69.004 0.0000000000
37126  26.592  -33.651  89.016 0.0000000000
34485  24.851  -35.861  87.955 0.0000000000
36149  24.778  -35.070  89.769 0.0000000000
35328  24.637  -35.760  88.690 0.0000000000
34500  24.392  -36.280  87.471 0.0000000000
34511  23.869  -36.608  86.895 0.0000000000
33610  23.288  -36.844  86.328 0.0000000000
108133  22.625  -37.037  85.908 0.0000000000
33602  22.430  -36.942  87.245 0.0000000000
33611  22.721  -36.966  86.596 0.0000000000
114950  21.987  -37.137  85.659 0.0000000000
33622  21.555  -37.152  85.099 0.0000000000
111276  21.476  -36.020  90.122 0.0000000000
33604  20.743  -36.793  87.523 0.0000000000
34503  19.884  -36.572  87.728 0.0000000000
97203  20.107  -36.739  86.923 0.0000000000
34537  17.992  -36.408  82.881 0.0000000000
34546  16.674  -36.848  81.972 0.0000000000
33626  16.371  -37.180  85.324 0.0000000000
33642  15.763  -37.777  84.287 0.0000000000
54239  51.036  -14.978  64.031 0.0000000000
56031  50.167  -13.185  66.074 0.0000000000
55128  47.551  -14.534  66.512 0.0000000000
52313  49.384  -18.026  72.595 0.0000000000
51346  49.255  -18.650  72.964 0.0000000000
56840  47.327  -11.526  73.691 0.0000000000
55908  46.859  -13.485  75.544 0.0000000000
55053  47.603  -14.387  74.958 0.0000000000
52301  48.440  -18.104  74.041 0.0000000000
50375  48.200  -19.087  73.157 0.0000000000
50398  46.915  -19.604  71.749 0.0000000000
104759  43.585  -18.450  79.123 0.0000000000
48464  42.944  -21.246  77.084 0.0000000000
49441  43.135  -20.716  77.489 0.0000000000
49447  42.830  -20.716  76.741 0.0000000000
52255  43.485  -17.544  78.706 0.0000000000
102575  42.863  -17.837  76.680 0.0000000000
53181  43.354  -16.361  77.242 0.0000000000
53202  43.163  -16.453  74.347 0.0000000000
53214  42.823  -16.992  73.724 0.0000000000
51362  42.539  -18.369  71.227 0.0000000000
50377  41.733  -20.007  73.111 0.0000000000
50388  41.575  -19.511  72.254 0.0000000000
51351  41.868  -18.819  71.669 0.0000000000
47556  39.420  -22.265  66.284 0.0000000000
47557  38.755  -22.719  66.603 0.0000000000
45676  38.302  -24.130  71.089 0.0000000000
41171  36.014  -29.213  75.810 0.0000000000
41172  35.463  -29.541  75.258 0.0000000000
41186  34.763  -28.994  73.986 0.0000000000
42111  34.496  -28.707  73.238 0.0000000000
39374  33.678  -31.093  74.100 0.0000000000
42123  33.563  -28.938  71.973 0.0000000000
42152  33.137  -28.472  70.720 0.0000000000
42153  32.563  -28.780  70.256 0.0000000000
42171  32.443  -28.351  69.444 0.0000000000
42206  31.172  -28.341  67.805 0.0000000000
38425  29.036  -32.231  72.188 0.0000000000
39403  28.875  -31.777  70.789 0.0000000000
39402  29.585  -31.648  70.991 0.0000000000
39429  28.292  -30.869  68.400 0.0000000000
40314  29.673  -30.763  69.562 0.0000000000
40313  30.287  -30.339  69.351 0.0000000000
109854  30.610  -29.617  68.567 0.0000000000
42222  30.747  -28.026  67.010 0.0000000000
52461  46.576  -17.665  61.736 0.0000000000
33615  18.823  -36.534  86.430 0.0000000000
33623  20.660  -37.057  85.314 0.0000000000
33651  21.942  -36.793  80.552 0.0000000000
33674  16.769  -37.497  79.564 0.0000000000
33692  17.640  -37.235  77.590 0.0000000000
34470  23.481  -36.037  89.328 0.0000000000
34532  16.608  -36.907  83.456 0.0000000000
34587  19.717  -36.733  74.924 0.0000000000
34604  20.184  -36.301  73.742 0.0000000000
36238  36.677  -34.273  81.137 0.0000000000
98594  20.336  -36.086  89.658 0.0000000000
102738  39.857  -31.141  82.257 0.0000000000
105017  29.902  -32.575  76.610 0.0000000000
108620  42.311  -24.793  81.440 0.0000000000
