#!ascii label  , from subject sub-v1s7x0051325_ses-1 vox2ras=TkReg
615
73933  34.790  9.154  55.292 0.0000000000
73998  39.526  8.509  45.439 0.0000000000
76407  44.581  13.558  47.565 0.0000000000
71905  38.743  5.507  36.198 0.0000000000
72544  34.726  6.681  49.061 0.0000000000
75759  45.485  12.445  53.966 0.0000000000
74673  40.962  9.899  39.417 0.0000000000
75818  35.396  11.905  44.172 0.0000000000
75207  40.806  10.406  52.353 0.0000000000
73959  37.263  8.983  51.465 0.0000000000
71822  37.622  5.602  44.842 0.0000000000
97120  40.039  12.527  49.157 0.0000000000
75835  38.556  11.789  42.360 0.0000000000
75247  43.051  10.808  46.398 0.0000000000
75849  40.949  11.717  40.090 0.0000000000
100237  35.902  13.138  46.253 0.0000000000
74556  37.916  9.651  55.336 0.0000000000
73950  36.271  8.391  53.539 0.0000000000
72564  36.752  6.257  46.828 0.0000000000
76352  44.602  12.770  51.263 0.0000000000
107515  41.943  13.077  51.831 0.0000000000
101002  42.247  13.074  47.994 0.0000000000
76438  39.567  12.691  45.193 0.0000000000
76437  41.594  13.116  44.666 0.0000000000
74592  40.255  10.019  48.918 0.0000000000
75225  41.886  10.286  49.210 0.0000000000
74617  41.478  9.973  46.226 0.0000000000
74059  40.093  9.203  35.618 0.0000000000
75297  41.516  10.927  39.196 0.0000000000
74687  39.682  10.299  36.835 0.0000000000
74674  38.970  9.625  38.848 0.0000000000
71894  37.475  5.535  37.422 0.0000000000
69500  37.809  2.514  39.843 0.0000000000
73276  33.403  7.973  54.569 0.0000000000
73287  34.858  7.790  52.163 0.0000000000
76360  46.233  12.424  50.789 0.0000000000
73351  39.317  7.703  42.230 0.0000000000
74020  40.295  8.835  42.144 0.0000000000
73373  40.165  7.816  38.784 0.0000000000
74057  41.259  8.768  35.249 0.0000000000
111482  40.858  11.849  56.074 0.0000000000
75179  39.178  10.493  55.421 0.0000000000
74578  39.239  9.686  52.055 0.0000000000
74599  38.856  9.412  48.675 0.0000000000
73969  35.707  8.112  49.976 0.0000000000
73983  36.883  8.191  47.866 0.0000000000
72575  38.252  7.403  45.248 0.0000000000
71842  38.811  5.796  42.445 0.0000000000
73937  31.670  8.520  55.515 0.0000000000
76347  40.108  13.173  52.166 0.0000000000
97415  38.227  12.307  49.266 0.0000000000
76425  38.167  12.694  45.950 0.0000000000
75827  37.359  11.837  43.392 0.0000000000
74022  37.223  9.084  42.052 0.0000000000
75198  42.483  10.894  52.817 0.0000000000
75217  44.587  11.280  50.210 0.0000000000
75792  45.713  12.899  47.135 0.0000000000
75270  42.119  10.598  43.239 0.0000000000
75825  43.876  11.857  42.917 0.0000000000
77055  43.504  13.149  43.453 0.0000000000
75843  39.865  11.853  41.026 0.0000000000
74668  38.073  9.052  40.794 0.0000000000
76415  35.344  13.215  46.582 0.0000000000
76396  36.512  12.411  48.297 0.0000000000
74558  36.249  9.758  55.521 0.0000000000
73943  35.178  8.678  54.608 0.0000000000
76373  44.047  13.010  49.237 0.0000000000
76374  42.650  12.796  49.626 0.0000000000
76408  43.179  13.382  47.412 0.0000000000
76424  41.992  13.010  46.049 0.0000000000
76436  42.894  13.450  45.626 0.0000000000
74609  39.808  9.403  47.562 0.0000000000
74608  40.550  9.669  47.310 0.0000000000
74618  40.702  9.579  46.498 0.0000000000
73411  39.265  7.300  35.691 0.0000000000
74060  39.667  9.654  36.303 0.0000000000
73402  38.563  7.504  36.580 0.0000000000
73390  38.347  8.045  37.239 0.0000000000
71906  38.009  5.757  36.838 0.0000000000
70291  37.903  4.224  37.705 0.0000000000
70290  38.683  3.663  37.385 0.0000000000
73289  32.937  7.068  53.265 0.0000000000
76343  46.021  12.748  52.307 0.0000000000
75769  45.849  11.922  52.363 0.0000000000
72629  39.487  6.450  40.676 0.0000000000
73367  39.640  7.160  40.238 0.0000000000
72650  39.980  6.932  38.723 0.0000000000
73399  41.795  8.237  35.454 0.0000000000
72682  41.920  7.701  34.743 0.0000000000
72683  41.086  7.342  34.518 0.0000000000
74580  37.738  8.987  52.839 0.0000000000
74573  38.338  9.288  53.416 0.0000000000
74590  37.822  9.343  51.020 0.0000000000
74594  38.718  9.478  49.614 0.0000000000
74595  37.906  9.285  50.009 0.0000000000
73295  34.603  7.217  50.712 0.0000000000
73291  35.129  7.686  51.253 0.0000000000
73300  35.175  7.493  49.423 0.0000000000
103546  37.261  6.333  46.272 0.0000000000
112595  36.597  7.562  47.606 0.0000000000
73319  37.511  7.301  46.438 0.0000000000
73993  37.875  8.129  46.765 0.0000000000
72586  37.739  6.445  44.707 0.0000000000
72608  38.581  6.419  42.905 0.0000000000
71831  38.461  5.619  43.209 0.0000000000
71023  41.098  4.617  41.409 0.0000000000
76364  41.244  12.721  50.635 0.0000000000
76346  40.903  13.237  52.209 0.0000000000
99514  40.318  12.698  50.855 0.0000000000
76365  39.384  12.614  50.652 0.0000000000
97119  39.105  12.343  49.157 0.0000000000
102198  38.077  12.427  47.545 0.0000000000
102199  39.063  12.449  47.541 0.0000000000
76452  39.090  12.643  44.537 0.0000000000
76453  38.206  12.602  44.605 0.0000000000
75826  38.181  12.041  43.209 0.0000000000
75279  36.759  10.462  42.648 0.0000000000
75278  37.380  10.856  42.228 0.0000000000
75763  40.865  11.024  54.664 0.0000000000
75762  42.057  11.214  54.354 0.0000000000
75199  41.433  10.658  52.998 0.0000000000
75229  42.821  10.528  48.130 0.0000000000
102765  42.919  10.605  49.889 0.0000000000
75228  43.925  11.128  47.879 0.0000000000
75784  45.216  11.788  48.598 0.0000000000
75801  44.959  12.215  46.484 0.0000000000
74035  40.493  8.807  40.135 0.0000000000
74652  40.822  9.448  42.544 0.0000000000
74658  41.404  10.367  40.931 0.0000000000
75848  41.438  11.420  39.939 0.0000000000
75283  42.021  11.508  40.937 0.0000000000
76477  42.931  12.287  42.029 0.0000000000
76460  43.967  12.715  43.186 0.0000000000
76470  42.817  12.551  42.078 0.0000000000
76462  42.131  12.883  42.594 0.0000000000
75842  40.857  12.032  40.684 0.0000000000
73382  37.563  7.380  38.644 0.0000000000
74667  38.609  9.538  39.965 0.0000000000
73375  37.390  7.323  39.445 0.0000000000
73369  36.853  6.978  40.845 0.0000000000
76320  44.030  12.406  55.312 0.0000000000
76428  35.190  13.398  45.989 0.0000000000
76441  36.197  12.884  45.362 0.0000000000
75181  37.659  10.080  56.054 0.0000000000
74557  37.097  9.692  55.462 0.0000000000
74575  36.792  8.852  54.082 0.0000000000
73954  37.148  8.743  52.254 0.0000000000
72556  35.616  6.294  47.877 0.0000000000
76353  43.063  12.865  51.189 0.0000000000
96243  41.578  12.741  49.984 0.0000000000
76392  40.566  12.608  48.409 0.0000000000
102200  40.148  12.513  47.513 0.0000000000
76410  40.899  12.598  47.083 0.0000000000
96802  40.511  12.787  45.007 0.0000000000
76464  39.742  12.573  43.709 0.0000000000
75221  39.948  9.971  50.619 0.0000000000
75213  41.288  10.414  51.513 0.0000000000
75226  40.957  10.224  49.499 0.0000000000
75239  41.979  10.276  47.592 0.0000000000
75248  42.111  10.299  46.770 0.0000000000
74685  40.705  10.157  36.855 0.0000000000
74672  41.381  10.779  38.890 0.0000000000
75308  40.461  10.443  37.016 0.0000000000
75305  40.364  10.572  37.710 0.0000000000
75298  39.895  11.100  38.623 0.0000000000
75292  39.777  11.252  39.574 0.0000000000
74681  39.367  9.818  37.826 0.0000000000
73391  37.876  7.589  37.916 0.0000000000
71895  36.989  5.601  37.958 0.0000000000
102334  38.390  2.425  39.335 0.0000000000
73945  33.636  8.435  55.062 0.0000000000
73952  34.613  8.210  54.089 0.0000000000
73282  33.893  7.828  54.021 0.0000000000
73292  34.041  7.290  51.867 0.0000000000
103009  34.155  6.598  50.348 0.0000000000
76344  45.038  13.020  51.990 0.0000000000
76361  45.579  12.825  50.458 0.0000000000
110236  46.153  13.042  49.215 0.0000000000
74006  39.595  8.404  44.505 0.0000000000
74005  40.214  8.891  44.044 0.0000000000
74021  39.678  8.341  42.639 0.0000000000
74036  39.775  7.949  40.808 0.0000000000
111838  40.537  8.592  38.069 0.0000000000
72663  40.752  7.419  37.108 0.0000000000
73389  40.799  8.360  36.719 0.0000000000
74052  40.660  9.055  37.051 0.0000000000
74063  40.866  8.976  35.170 0.0000000000
73417  40.385  8.156  34.682 0.0000000000
106361  39.836  5.933  35.110 0.0000000000
70297  39.809  3.949  36.739 0.0000000000
75748  39.691  11.057  55.846 0.0000000000
75194  40.261  10.502  54.137 0.0000000000
75196  38.677  9.896  54.947 0.0000000000
75202  38.898  9.717  53.964 0.0000000000
75208  39.903  10.041  52.620 0.0000000000
74588  39.374  9.695  50.164 0.0000000000
74598  39.639  9.613  48.376 0.0000000000
73980  39.235  8.927  47.042 0.0000000000
73956  35.646  8.126  52.879 0.0000000000
73961  35.747  8.069  51.894 0.0000000000
73964  36.248  8.490  50.522 0.0000000000
73309  36.089  7.056  47.719 0.0000000000
73974  36.591  8.469  48.682 0.0000000000
73967  37.207  8.963  49.352 0.0000000000
73982  37.642  8.447  47.543 0.0000000000
73992  38.667  8.393  46.527 0.0000000000
74007  38.941  7.908  44.897 0.0000000000
73345  38.626  7.127  43.401 0.0000000000
72620  38.856  6.472  42.152 0.0000000000
71865  39.755  5.822  40.377 0.0000000000
113701  39.543  5.015  42.255 0.0000000000
71851  40.022  5.240  40.917 0.0000000000
73935  33.181  8.784  55.451 0.0000000000
73271  32.095  8.111  55.316 0.0000000000
73273  30.507  7.744  55.538 0.0000000000
76987  41.011  13.811  53.276 0.0000000000
76348  39.246  13.106  52.126 0.0000000000
76395  37.553  12.341  48.529 0.0000000000
76414  36.719  12.764  46.523 0.0000000000
104127  36.943  12.782  45.345 0.0000000000
97117  39.092  12.630  45.933 0.0000000000
76454  37.374  12.551  44.687 0.0000000000
75817  36.196  12.036  44.147 0.0000000000
75771  43.756  11.106  52.597 0.0000000000
75212  42.251  10.552  51.617 0.0000000000
75211  43.275  10.738  51.408 0.0000000000
75770  44.910  11.417  52.318 0.0000000000
75776  46.070  11.930  50.508 0.0000000000
75778  46.134  12.751  49.101 0.0000000000
77035  45.526  13.119  46.933 0.0000000000
74637  40.872  9.401  44.464 0.0000000000
74627  41.586  9.939  44.709 0.0000000000
105051  42.526  10.624  44.768 0.0000000000
75284  41.982  10.949  41.310 0.0000000000
75269  42.816  11.423  42.654 0.0000000000
75816  43.820  11.603  44.161 0.0000000000
98951  44.565  12.378  44.578 0.0000000000
76448  44.868  12.971  44.901 0.0000000000
77043  44.602  13.310  45.362 0.0000000000
77051  42.602  13.334  44.020 0.0000000000
76463  40.870  12.833  43.132 0.0000000000
75834  39.437  12.043  41.961 0.0000000000
75293  39.071  10.562  40.282 0.0000000000
75285  38.644  10.874  41.140 0.0000000000
75286  37.911  10.420  41.631 0.0000000000
74030  37.519  8.644  41.349 0.0000000000
68678  36.957  2.236  40.960 0.0000000000
102631  36.038  12.384  49.107 0.0000000000
76379  36.362  12.386  49.923 0.0000000000
74570  35.681  9.221  55.069 0.0000000000
76389  45.419  13.529  48.159 0.0000000000
76390  43.886  13.340  48.344 0.0000000000
76422  43.924  13.570  46.872 0.0000000000
74619  39.963  9.237  46.794 0.0000000000
74629  40.129  9.075  45.965 0.0000000000
71913  39.242  6.176  35.549 0.0000000000
72670  38.584  6.434  36.261 0.0000000000
71053  38.474  4.405  36.962 0.0000000000
71066  38.927  4.741  36.409 0.0000000000
75765  45.776  12.281  53.024 0.0000000000
111680  46.131  12.467  52.409 0.0000000000
72638  39.782  6.480  39.710 0.0000000000
72637  40.156  6.157  38.948 0.0000000000
73408  42.716  7.754  35.119 0.0000000000
72677  42.611  7.171  34.870 0.0000000000
72678  41.689  6.782  34.695 0.0000000000
75829  35.860  11.378  43.696 0.0000000000
74585  37.822  9.143  51.951 0.0000000000
73301  34.606  6.994  49.879 0.0000000000
72576  37.443  5.988  45.453 0.0000000000
73327  37.667  6.885  45.701 0.0000000000
71821  37.907  5.408  44.071 0.0000000000
76375  40.444  12.661  50.031 0.0000000000
76376  39.518  12.531  49.785 0.0000000000
76393  39.562  12.452  48.369 0.0000000000
76465  38.650  12.451  43.838 0.0000000000
75836  37.750  11.488  42.670 0.0000000000
75200  40.523  10.384  53.245 0.0000000000
75193  41.174  10.767  53.811 0.0000000000
75238  42.889  10.648  47.312 0.0000000000
75237  43.935  11.360  46.951 0.0000000000
74666  40.877  9.695  40.526 0.0000000000
75290  41.900  11.661  40.770 0.0000000000
76483  41.532  12.003  40.686 0.0000000000
76478  42.311  12.244  41.385 0.0000000000
76479  41.516  12.373  41.234 0.0000000000
73383  37.014  6.755  38.871 0.0000000000
102375  36.468  6.078  39.156 0.0000000000
72639  36.789  6.637  39.884 0.0000000000
104925  36.007  12.705  47.201 0.0000000000
102988  35.848  13.172  45.815 0.0000000000
75182  36.850  10.210  55.951 0.0000000000
75183  36.057  10.373  55.799 0.0000000000
73942  36.063  8.587  54.401 0.0000000000
74569  36.532  9.238  54.872 0.0000000000
73949  36.959  8.768  53.174 0.0000000000
73955  36.408  8.382  52.549 0.0000000000
76345  43.436  13.004  51.872 0.0000000000
111292  44.101  12.818  50.668 0.0000000000
76391  42.512  12.868  48.829 0.0000000000
97121  41.257  12.702  49.205 0.0000000000
115409  41.474  12.782  48.437 0.0000000000
102201  41.159  12.720  47.750 0.0000000000
97407  41.212  12.837  45.535 0.0000000000
76451  40.677  12.929  44.155 0.0000000000
74587  40.131  10.014  49.823 0.0000000000
74607  41.305  9.957  47.052 0.0000000000
75240  41.180  10.066  47.832 0.0000000000
74691  40.482  10.015  36.338 0.0000000000
100624  40.797  10.253  37.826 0.0000000000
74692  39.945  10.008  36.188 0.0000000000
74686  40.079  10.634  37.001 0.0000000000
75860  40.737  11.140  38.481 0.0000000000
74680  39.800  10.444  37.494 0.0000000000
74053  38.896  9.196  37.168 0.0000000000
73403  37.845  7.138  37.359 0.0000000000
72664  37.418  6.267  37.527 0.0000000000
72651  37.357  6.885  38.075 0.0000000000
71055  37.326  4.969  37.749 0.0000000000
69523  38.764  2.616  38.606 0.0000000000
70274  38.278  3.377  38.151 0.0000000000
110621  33.994  8.231  54.545 0.0000000000
72523  33.378  6.972  52.458 0.0000000000
72531  33.481  6.593  51.506 0.0000000000
72530  34.069  6.917  51.078 0.0000000000
72538  33.659  6.248  50.751 0.0000000000
76351  45.865  12.642  51.378 0.0000000000
76372  45.609  13.142  49.642 0.0000000000
73344  39.132  7.782  43.052 0.0000000000
74014  39.615  8.381  43.554 0.0000000000
73374  39.816  7.191  39.421 0.0000000000
73366  40.112  7.918  39.756 0.0000000000
72662  41.339  7.000  36.939 0.0000000000
72668  42.126  7.705  36.104 0.0000000000
72669  41.398  7.972  36.380 0.0000000000
73400  41.288  8.841  35.811 0.0000000000
108692  41.040  9.036  36.141 0.0000000000
74058  40.833  9.350  35.818 0.0000000000
74069  41.212  8.656  34.888 0.0000000000
71916  40.973  6.434  34.714 0.0000000000
72684  40.484  7.467  34.592 0.0000000000
71917  40.398  6.620  34.713 0.0000000000
71074  40.020  5.256  35.496 0.0000000000
71065  40.051  4.586  36.084 0.0000000000
75168  38.937  10.841  56.195 0.0000000000
75733  39.443  11.531  56.364 0.0000000000
75178  39.987  10.724  55.042 0.0000000000
75195  39.437  10.222  54.506 0.0000000000
75180  38.426  10.201  55.852 0.0000000000
74579  38.464  9.340  52.482 0.0000000000
74572  39.105  9.608  53.016 0.0000000000
74583  39.295  9.739  51.079 0.0000000000
74610  39.058  9.152  47.824 0.0000000000
73957  34.875  7.950  53.206 0.0000000000
73951  35.495  8.260  53.808 0.0000000000
73965  35.699  8.152  50.920 0.0000000000
73960  36.505  8.529  51.466 0.0000000000
72555  36.270  6.276  47.357 0.0000000000
73304  35.429  7.152  48.471 0.0000000000
73307  37.168  7.665  47.145 0.0000000000
73973  37.422  8.750  48.395 0.0000000000
73318  38.151  7.708  46.083 0.0000000000
73999  38.826  8.114  45.761 0.0000000000
73335  38.387  7.200  44.312 0.0000000000
71853  39.045  5.941  41.849 0.0000000000
72619  39.171  6.460  41.459 0.0000000000
71852  39.451  5.723  41.267 0.0000000000
95940  39.912  4.596  42.503 0.0000000000
113601  40.422  4.853  41.340 0.0000000000
71024  40.775  4.958  40.764 0.0000000000
106640  32.753  9.267  55.597 0.0000000000
109461  31.876  8.941  55.615 0.0000000000
73936  32.367  8.711  55.503 0.0000000000
73272  31.373  7.805  55.347 0.0000000000
76993  40.482  13.455  52.817 0.0000000000
77556  40.662  14.495  53.595 0.0000000000
76988  40.165  13.838  53.193 0.0000000000
105991  39.572  13.880  52.947 0.0000000000
76994  39.733  13.498  52.663 0.0000000000
76377  38.724  12.488  49.956 0.0000000000
76378  37.877  12.407  50.074 0.0000000000
116456  37.519  12.328  49.458 0.0000000000
76413  37.645  12.567  46.666 0.0000000000
76426  37.283  12.811  45.924 0.0000000000
76411  39.562  12.492  46.708 0.0000000000
76466  37.776  12.342  43.960 0.0000000000
76467  36.981  12.145  44.095 0.0000000000
75828  36.593  11.620  43.551 0.0000000000
74654  36.708  9.565  42.595 0.0000000000
76322  41.815  12.110  55.892 0.0000000000
75768  42.052  10.939  53.501 0.0000000000
75746  42.421  11.753  55.155 0.0000000000
75767  43.289  11.255  53.492 0.0000000000
75761  43.340  11.590  54.428 0.0000000000
113481  41.701  10.381  49.978 0.0000000000
75219  42.195  10.481  50.809 0.0000000000
75224  44.164  11.205  49.326 0.0000000000
75218  43.490  10.812  50.702 0.0000000000
75204  44.225  11.073  51.901 0.0000000000
75210  44.873  11.265  51.110 0.0000000000
75773  45.608  11.632  51.762 0.0000000000
75779  45.779  11.968  49.655 0.0000000000
75793  45.142  11.962  47.528 0.0000000000
75783  46.080  12.737  48.105 0.0000000000
76406  46.136  13.166  47.773 0.0000000000
76421  45.494  12.954  46.574 0.0000000000
74013  40.191  8.916  43.080 0.0000000000
74645  40.817  9.411  43.502 0.0000000000
74644  41.425  10.041  42.913 0.0000000000
74636  41.451  9.938  43.842 0.0000000000
75263  42.076  10.431  44.056 0.0000000000
74665  41.529  10.684  39.832 0.0000000000
103620  41.824  10.948  40.486 0.0000000000
75833  43.242  12.144  42.299 0.0000000000
75276  42.537  11.589  41.748 0.0000000000
75254  44.236  11.745  45.056 0.0000000000
75815  44.213  12.454  43.625 0.0000000000
76449  44.347  12.804  44.125 0.0000000000
77049  44.462  13.180  44.678 0.0000000000
77048  44.938  13.101  45.325 0.0000000000
77044  43.785  13.496  45.094 0.0000000000
77050  43.590  13.357  44.305 0.0000000000
76471  41.207  12.623  42.093 0.0000000000
76480  40.493  12.228  41.569 0.0000000000
76472  40.120  12.326  42.607 0.0000000000
75299  39.330  10.487  39.245 0.0000000000
115619  38.129  8.645  40.132 0.0000000000
74660  38.356  9.982  40.913 0.0000000000
74661  37.723  9.541  41.475 0.0000000000
72630  36.352  6.343  40.614 0.0000000000
70264  37.058  3.643  39.095 0.0000000000
100358  37.221  2.545  40.353 0.0000000000
111560  35.074  13.023  47.374 0.0000000000
76362  44.234  13.033  50.047 0.0000000000
76409  41.885  12.892  47.030 0.0000000000
76423  42.939  13.367  46.497 0.0000000000
103860  42.056  13.155  45.326 0.0000000000
74597  40.413  9.842  48.085 0.0000000000
73410  39.892  8.316  35.068 0.0000000000
73401  39.517  8.442  36.024 0.0000000000
98200  38.926  8.637  36.641 0.0000000000
72671  38.007  6.610  36.903 0.0000000000
71054  37.892  4.985  37.185 0.0000000000
70273  38.941  3.042  37.847 0.0000000000
95963  32.810  7.702  54.536 0.0000000000
73283  33.177  7.581  53.930 0.0000000000
76342  46.072  12.668  52.786 0.0000000000
76350  46.154  12.335  51.691 0.0000000000
73358  39.070  7.101  41.805 0.0000000000
109130  39.447  7.612  41.538 0.0000000000
73357  39.360  7.130  41.069 0.0000000000
73398  42.746  7.820  35.413 0.0000000000
73409  41.835  8.220  35.011 0.0000000000
73415  41.304  8.229  34.660 0.0000000000
71911  41.287  5.986  34.957 0.0000000000
74574  37.554  9.069  53.763 0.0000000000
74567  38.155  9.378  54.393 0.0000000000
74584  38.532  9.469  51.545 0.0000000000
74589  38.600  9.506  50.582 0.0000000000
74600  38.004  9.324  48.975 0.0000000000
116183  34.552  7.390  51.407 0.0000000000
73294  35.138  7.628  50.368 0.0000000000
73308  36.651  6.966  47.209 0.0000000000
73320  37.052  6.917  46.755 0.0000000000
72596  38.130  6.382  43.715 0.0000000000
71014  40.513  4.598  41.929 0.0000000000
71030  41.770  4.839  40.747 0.0000000000
76354  40.846  12.918  51.453 0.0000000000
76355  39.739  12.852  51.497 0.0000000000
76394  38.587  12.373  48.401 0.0000000000
76412  38.585  12.495  46.715 0.0000000000
75837  36.973  11.230  42.910 0.0000000000
74653  37.272  10.014  42.084 0.0000000000
96161  41.384  11.547  55.293 0.0000000000
75230  41.927  10.275  48.385 0.0000000000
105550  42.835  10.567  48.937 0.0000000000
108111  43.721  11.007  48.598 0.0000000000
74028  40.304  8.817  41.175 0.0000000000
74659  40.802  9.549  41.561 0.0000000000
74651  41.420  10.171  41.928 0.0000000000
75855  41.426  11.250  39.334 0.0000000000
75291  41.645  11.226  40.012 0.0000000000
75841  42.588  12.002  41.503 0.0000000000
75824  43.851  12.353  42.847 0.0000000000
76469  43.402  12.446  42.539 0.0000000000
76461  43.276  12.822  42.693 0.0000000000
77056  42.712  13.146  43.199 0.0000000000
113146  42.086  12.640  41.746 0.0000000000
74041  38.320  8.603  39.276 0.0000000000
74042  37.854  7.823  39.160 0.0000000000
74037  37.797  7.987  39.835 0.0000000000
113323  37.665  8.261  40.592 0.0000000000
73368  37.338  7.450  40.307 0.0000000000
75760  44.370  12.063  54.566 0.0000000000
76442  35.466  12.915  45.401 0.0000000000
76456  35.801  12.482  44.761 0.0000000000
74568  37.337  9.289  54.665 0.0000000000
72550  34.985  6.175  48.446 0.0000000000
71800  37.012  5.443  46.548 0.0000000000
71799  37.430  5.379  46.021 0.0000000000
71812  37.623  5.171  45.366 0.0000000000
76363  42.651  12.773  50.460 0.0000000000
98432  41.890  12.797  51.101 0.0000000000
115392  40.356  12.534  46.719 0.0000000000
97118  40.196  12.597  45.906 0.0000000000
111970  41.063  12.681  46.387 0.0000000000
111804  39.912  12.700  44.557 0.0000000000
76473  39.074  12.227  42.951 0.0000000000
75214  40.153  10.116  51.533 0.0000000000
75220  40.873  10.238  50.532 0.0000000000
75231  41.078  10.174  48.631 0.0000000000
74046  40.783  9.680  37.752 0.0000000000
74679  41.018  9.990  38.431 0.0000000000
74678  41.041  10.636  38.336 0.0000000000
75304  40.706  10.475  38.037 0.0000000000
75311  40.121  10.380  36.477 0.0000000000
75303  41.284  11.038  38.687 0.0000000000
75856  41.150  11.430  39.140 0.0000000000
75857  40.537  11.510  39.168 0.0000000000
109685  39.586  10.406  38.364 0.0000000000
74047  38.626  8.919  38.237 0.0000000000
74054  38.345  8.301  37.798 0.0000000000
74048  38.108  8.038  38.513 0.0000000000
72652  36.879  6.216  38.341 0.0000000000
71042  36.804  4.919  38.345 0.0000000000
69512  37.816  3.076  39.049 0.0000000000
73934  33.983  8.942  55.446 0.0000000000
73944  34.376  8.611  54.906 0.0000000000
104827  34.289  7.760  53.505 0.0000000000
100372  33.662  7.433  53.327 0.0000000000
73288  34.194  7.532  52.766 0.0000000000
72545  34.232  6.137  49.610 0.0000000000
76990  45.154  13.230  52.728 0.0000000000
96843  45.422  13.290  48.835 0.0000000000
73997  40.246  8.908  45.036 0.0000000000
74029  39.773  8.216  41.757 0.0000000000
74040  40.542  8.977  38.912 0.0000000000
72649  40.598  6.683  37.942 0.0000000000
109070  40.452  7.740  37.778 0.0000000000
104366  40.695  9.629  36.260 0.0000000000
74696  40.461  9.344  35.759 0.0000000000
74070  40.863  8.604  34.723 0.0000000000
74064  40.419  8.876  35.014 0.0000000000
71918  39.879  7.131  34.909 0.0000000000
71904  39.440  5.193  35.812 0.0000000000
101438  39.474  4.504  36.355 0.0000000000
75747  40.463  11.317  55.523 0.0000000000
75169  38.155  10.697  56.409 0.0000000000
75201  39.681  10.060  53.561 0.0000000000
74593  39.482  9.739  49.246 0.0000000000
73991  39.411  8.689  46.285 0.0000000000
73963  37.046  8.941  50.510 0.0000000000
73299  35.773  8.090  48.987 0.0000000000
73303  36.185  7.825  48.171 0.0000000000
73968  36.404  8.532  49.665 0.0000000000
73972  38.254  8.968  48.095 0.0000000000
73981  38.443  8.697  47.265 0.0000000000
73334  39.058  7.796  43.968 0.0000000000
73352  38.835  7.125  42.561 0.0000000000
71877  40.007  5.844  39.690 0.0000000000
71830  39.109  5.049  42.736 0.0000000000
71841  39.291  5.416  42.046 0.0000000000
71015  39.837  5.021  41.728 0.0000000000
71864  40.342  5.411  40.199 0.0000000000
74559  34.289  9.635  55.623 0.0000000000
73946  32.829  8.134  55.110 0.0000000000
73938  30.908  8.437  55.606 0.0000000000
73278  31.286  7.201  54.804 0.0000000000
76995  38.989  13.633  52.517 0.0000000000
76356  38.784  12.770  51.502 0.0000000000
76998  38.426  13.161  52.011 0.0000000000
98755  36.845  12.333  49.262 0.0000000000
102197  37.076  12.470  47.441 0.0000000000
76427  36.458  12.998  45.864 0.0000000000
76455  36.580  12.521  44.737 0.0000000000
76439  38.632  12.703  45.257 0.0000000000
76440  37.771  12.697  45.310 0.0000000000
75745  43.341  12.009  55.024 0.0000000000
104868  44.641  11.756  53.758 0.0000000000
75206  41.804  10.608  52.238 0.0000000000
75205  42.944  10.677  52.114 0.0000000000
75766  44.842  11.555  52.932 0.0000000000
113436  46.158  11.914  51.152 0.0000000000
75775  46.375  12.729  49.937 0.0000000000
76388  46.197  13.230  48.392 0.0000000000
77016  45.792  13.413  47.633 0.0000000000
74628  40.952  9.541  45.513 0.0000000000
115418  41.735  10.076  45.462 0.0000000000
75256  42.320  10.427  45.872 0.0000000000
75255  43.310  11.084  45.383 0.0000000000
75277  42.089  10.794  42.276 0.0000000000
75262  42.949  11.097  43.579 0.0000000000
75246  44.116  11.498  45.941 0.0000000000
75808  44.845  12.329  45.475 0.0000000000
75800  45.312  12.851  46.065 0.0000000000
75807  45.001  12.782  45.173 0.0000000000
77042  45.113  13.119  46.048 0.0000000000
108562  44.915  13.374  46.856 0.0000000000
77036  44.071  13.496  46.013 0.0000000000
77045  42.727  13.451  44.842 0.0000000000
76450  41.710  13.129  43.638 0.0000000000
75850  40.283  11.566  40.167 0.0000000000
75851  39.421  11.350  40.596 0.0000000000
75844  38.937  11.624  41.445 0.0000000000
75845  38.163  11.195  41.903 0.0000000000
73359  37.253  7.777  41.129 0.0000000000
70298  39.128  4.044  36.798 0.0000000000
70289  39.501  3.351  37.383 0.0000000000
71067  38.386  5.047  36.676 0.0000000000
73416  40.819  8.031  34.515 0.0000000000
75171  36.585  10.912  56.099 0.0000000000
75814  44.564  12.727  44.469 0.0000000000
76435  45.150  12.933  45.720 0.0000000000
77054  44.135  13.041  43.884 0.0000000000
107646  45.857  13.104  47.323 0.0000000000
