#!ascii label  , from subject sub-v1s7x0051325_ses-1 vox2ras=TkReg
1317
103025  38.382  -53.071  12.770 0.6000000238
21711  39.044  -53.087  12.825 0.5000000000
23502  38.806  -51.196  12.953 0.6999999881
106471  37.910  -51.389  13.701 0.6000000238
24329  38.193  -50.583  14.370 0.6000000238
22626  38.786  -52.624  12.734 0.6999999881
23503  38.215  -52.032  12.974 0.6000000238
23497  37.506  -52.064  13.525 0.5000000000
23487  37.208  -52.001  14.308 0.5000000000
23486  37.550  -51.226  14.787 0.6000000238
22625  39.401  -51.939  12.901 0.5000000000
21712  38.780  -53.403  12.690 0.5000000000
22627  38.111  -52.676  12.900 0.6000000238
23474  37.413  -51.078  15.688 0.6000000238
20824  39.168  -54.441  13.347 0.5000000000
19929  39.324  -55.327  13.594 0.5000000000
96368  39.311  -49.053  14.492 0.6000000238
101972  38.722  -49.074  15.287 0.6999999881
24334  39.950  -50.509  12.457 0.6000000238
24335  39.378  -50.298  12.931 0.6999999881
24328  38.927  -49.907  13.909 0.6000000238
24317  38.512  -49.769  14.867 0.6000000238
24318  37.892  -50.487  15.334 0.6000000238
23505  40.002  -51.196  12.446 0.6000000238
23506  39.244  -51.699  12.756 0.6999999881
22622  39.360  -52.350  13.083 0.5000000000
23501  40.090  -51.361  12.756 0.5000000000
24307  37.540  -50.409  16.322 0.6000000238
21708  39.164  -53.690  12.907 0.5000000000
24308  37.071  -50.516  17.132 0.6000000238
24298  36.706  -50.383  17.946 0.6999999881
23464  36.607  -51.134  17.526 0.6000000238
24286  36.070  -50.185  18.748 0.6999999881
23450  36.275  -50.901  18.247 0.6000000238
23451  35.740  -51.022  18.814 0.6000000238
23438  35.163  -51.252  19.502 0.6000000238
24270  35.353  -50.444  19.490 0.6000000238
25034  31.968  -49.531  19.876 0.5000000000
25835  31.614  -48.579  18.592 0.6999999881
25817  32.005  -48.724  19.491 0.6000000238
26603  31.744  -47.814  18.246 0.8000000119
25866  39.179  -48.454  15.410 0.6000000238
25072  38.511  -48.896  16.063 0.6999999881
25099  39.941  -49.816  12.747 0.6999999881
25091  39.689  -49.470  13.452 0.6999999881
99217  39.889  -48.975  13.966 0.6000000238
25073  38.192  -49.727  15.804 0.6999999881
23504  40.412  -51.018  12.615 0.6000000238
99673  40.733  -50.136  12.997 0.6000000238
25060  38.278  -48.783  16.818 0.8000000119
23496  40.097  -51.472  13.283 0.5000000000
23495  40.668  -51.052  13.152 0.5000000000
25061  37.754  -49.018  17.451 0.8000000119
114522  37.387  -50.059  16.922 0.6000000238
22617  39.092  -52.532  14.097 0.5000000000
25047  37.332  -49.220  18.083 0.8000000119
110375  37.245  -49.777  17.514 0.6000000238
20817  38.510  -53.975  14.634 0.5000000000
25048  36.781  -49.665  18.350 0.8000000119
25032  35.554  -49.644  19.581 0.6999999881
25031  36.290  -49.347  19.097 0.6999999881
25018  35.021  -49.123  20.192 0.6999999881
25019  34.212  -49.412  20.356 0.6000000238
25033  34.809  -49.910  20.072 0.6000000238
105567  33.643  -49.001  20.357 0.6999999881
24258  34.065  -50.218  20.425 0.6999999881
25816  32.678  -48.163  19.671 0.6999999881
25020  33.357  -49.731  20.500 0.6000000238
25834  32.002  -47.964  19.057 0.8000000119
25805  32.767  -49.009  20.198 0.6000000238
26613  32.019  -47.002  17.984 0.8999999762
104111  31.609  -49.326  16.698 0.6999999881
26614  31.705  -47.669  17.318 0.8000000119
25062  31.465  -49.320  17.869 0.6999999881
25857  38.904  -48.104  16.404 0.6999999881
26612  38.918  -47.708  17.301 0.6999999881
25865  39.785  -48.548  14.812 0.6000000238
25078  40.769  -49.528  14.966 0.4000000060
25090  40.282  -49.505  13.239 0.6000000238
24316  40.792  -49.894  13.656 0.6000000238
25845  38.341  -48.338  17.369 0.8000000119
23485  40.565  -51.447  14.210 0.4000000060
24327  40.883  -50.628  13.374 0.6000000238
25832  37.707  -48.487  18.210 0.8000000119
22616  39.531  -51.865  14.167 0.5000000000
25814  36.531  -48.630  19.433 0.8000000119
21695  38.563  -53.016  14.780 0.5000000000
25815  35.781  -48.894  19.795 0.8000000119
26576  34.872  -47.723  20.303 0.8000000119
25802  35.280  -48.357  20.249 0.6999999881
26577  34.072  -47.718  20.159 0.8000000119
27277  33.801  -47.108  19.821 0.8999999762
25804  33.486  -48.336  20.141 0.8999999762
25803  34.374  -48.525  20.303 0.6999999881
26586  33.302  -47.590  19.746 0.8999999762
26602  32.147  -47.393  18.651 0.8999999762
26587  32.579  -47.427  19.234 0.8999999762
26631  32.144  -47.965  15.575 0.8000000119
25868  32.192  -48.829  15.287 0.8000000119
26625  31.825  -47.554  16.518 0.8000000119
25858  31.747  -48.440  16.358 0.8000000119
26623  39.445  -47.756  16.715 0.6999999881
26611  39.544  -47.301  17.417 0.6000000238
25856  39.666  -48.029  15.852 0.6000000238
26622  39.897  -47.576  16.759 0.5000000000
26601  38.822  -47.227  18.223 0.6999999881
25071  40.483  -48.655  15.838 0.4000000060
25864  40.164  -48.407  15.184 0.5000000000
25831  38.338  -47.873  17.958 0.6999999881
95766  37.964  -47.711  18.740 0.6999999881
24306  41.821  -51.547  15.182 0.5000000000
22608  40.933  -52.003  15.227 0.4000000060
23484  41.533  -51.555  14.952 0.4000000060
113822  36.843  -47.574  20.029 0.8000000119
25813  37.253  -48.229  19.118 0.8000000119
22609  39.701  -52.025  15.114 0.4000000060
26574  36.355  -47.624  20.210 0.8000000119
26585  36.748  -47.966  19.767 0.8000000119
25833  36.984  -48.946  18.708 0.8000000119
22610  38.927  -52.346  15.055 0.3000000119
111881  35.125  -46.426  20.323 0.8000000119
99005  35.339  -47.044  20.378 0.8000000119
26575  35.652  -47.675  20.326 0.8000000119
27276  34.536  -46.957  20.138 0.8000000119
28027  33.442  -45.987  19.189 0.8999999762
27289  33.152  -46.769  19.331 0.8999999762
27304  32.882  -46.174  18.696 0.8999999762
27290  32.504  -46.838  18.701 0.8999999762
26630  32.616  -47.998  14.663 0.8000000119
25867  32.534  -48.692  14.742 0.8000000119
27305  32.462  -46.401  18.197 0.8999999762
27315  32.290  -46.287  17.551 0.8999999762
26624  32.044  -46.993  16.157 0.8000000119
27316  31.891  -46.893  17.064 0.8000000119
27314  39.679  -46.581  18.178 0.6000000238
25070  41.111  -49.470  16.311 0.4000000060
25854  40.772  -48.460  16.817 0.4000000060
25855  40.147  -48.039  16.195 0.4000000060
110254  41.573  -50.653  15.536 0.5000000000
110113  37.425  -47.410  19.713 0.6999999881
24305  42.297  -51.644  15.816 0.5000000000
109331  36.790  -47.169  20.304 0.8000000119
28015  35.353  -45.633  20.414 0.8000000119
28016  34.600  -46.085  19.987 0.8000000119
104746  33.660  -45.525  19.114 0.8999999762
27288  33.916  -46.445  19.666 0.8999999762
28040  33.340  -45.453  18.575 0.8999999762
28041  32.701  -45.781  18.026 0.8999999762
28049  32.542  -45.556  17.247 1.0000000000
105013  32.656  -47.118  14.641 0.8000000119
102463  32.348  -47.271  15.349 0.8000000119
28057  32.516  -45.466  16.358 1.0000000000
27331  32.370  -46.337  15.635 0.8000000119
28024  39.639  -45.857  18.758 0.6000000238
100031  40.268  -47.029  17.607 0.6000000238
27303  38.983  -46.474  18.835 0.6999999881
25844  40.442  -47.727  17.157 0.4000000060
27286  38.512  -46.317  19.608 0.6999999881
24297  41.828  -50.427  16.812 0.5000000000
25058  42.227  -50.007  17.740 0.4000000060
27287  37.955  -46.719  19.915 0.8000000119
27274  36.583  -46.498  20.593 0.8000000119
102982  37.705  -45.218  20.803 0.8000000119
27275  35.786  -46.399  20.545 0.8000000119
104893  34.594  -45.240  19.823 0.8000000119
28026  34.017  -45.715  19.489 0.8999999762
28048  33.068  -45.071  17.725 0.8999999762
28707  33.672  -44.636  18.212 0.8999999762
28716  32.893  -44.869  16.915 1.0000000000
28723  33.005  -44.724  16.001 1.0000000000
28071  32.750  -46.123  14.679 0.8000000119
26638  32.963  -47.903  13.829 0.8000000119
105187  32.656  -45.483  15.490 0.8000000119
26600  41.098  -46.897  18.195 0.6000000238
113774  40.006  -46.036  18.376 0.6000000238
114146  39.055  -45.944  19.311 0.6999999881
109644  39.380  -45.378  19.490 0.6999999881
25843  41.167  -48.141  17.734 0.4000000060
26610  40.878  -47.431  17.794 0.5000000000
28025  38.746  -45.672  19.932 0.8000000119
28011  39.032  -44.989  20.194 0.8000000119
25059  41.531  -49.190  17.556 0.4000000060
27272  38.023  -46.017  20.367 0.8000000119
103283  42.708  -49.541  18.322 0.4000000060
25046  42.089  -49.205  18.192 0.4000000060
28014  36.282  -45.752  20.775 0.8000000119
28013  37.159  -45.899  20.763 0.8000000119
104860  36.006  -44.928  20.745 0.8000000119
28687  35.244  -44.562  20.221 0.8000000119
28039  33.957  -44.999  19.097 0.8999999762
29347  34.721  -43.845  19.042 0.8000000119
29366  33.507  -44.327  17.273 1.0000000000
29365  34.188  -43.480  17.022 1.0000000000
114308  33.234  -44.476  16.659 1.0000000000
29390  33.823  -44.274  14.306 1.0000000000
28070  33.261  -46.054  13.795 0.8999999762
27348  33.538  -46.917  13.079 0.8999999762
28066  33.073  -45.023  14.744 1.0000000000
28738  33.679  -45.218  13.673 1.0000000000
99432  33.818  -45.956  13.009 1.0000000000
29389  34.573  -43.731  13.816 1.0000000000
29388  35.727  -43.561  13.429 1.0000000000
29399  35.196  -44.353  12.809 1.0000000000
29398  36.145  -44.356  12.419 1.0000000000
30084  36.774  -43.040  13.543 1.0000000000
101817  36.784  -43.921  12.546 1.0000000000
28038  40.392  -45.591  18.538 0.6999999881
28023  40.039  -45.119  19.064 0.6999999881
114065  40.850  -45.825  18.379 0.6000000238
26599  41.508  -47.657  18.303 0.5000000000
28683  39.283  -44.207  20.390 0.8000000119
25829  42.531  -48.631  18.482 0.4000000060
28012  38.392  -45.300  20.452 0.8000000119
28685  37.399  -44.407  21.058 0.8000000119
112590  36.580  -44.316  20.932 0.8000000119
28686  35.885  -44.219  20.624 0.8000000119
28695  34.603  -44.436  19.443 0.6999999881
28706  34.267  -44.226  18.665 0.8999999762
29356  34.597  -43.556  18.411 0.8000000119
28715  34.082  -43.893  17.893 0.8999999762
30041  34.971  -42.922  18.161 1.0000000000
30052  34.859  -42.833  17.362 1.0000000000
30060  34.806  -42.788  16.481 1.0000000000
29372  34.173  -43.355  15.930 1.0000000000
99717  35.497  -42.393  16.190 1.0000000000
30067  34.976  -42.727  15.382 1.0000000000
30076  35.799  -42.717  14.444 1.0000000000
30077  34.941  -43.080  14.366 1.0000000000
109449  34.145  -45.464  12.826 1.0000000000
28082  34.315  -46.004  12.268 1.0000000000
28737  34.276  -44.625  13.246 1.0000000000
28747  34.944  -45.294  12.267 1.0000000000
29407  36.657  -44.607  11.601 1.0000000000
29397  37.442  -43.312  12.632 1.0000000000
28705  40.687  -44.837  18.724 0.6999999881
28694  39.691  -44.655  19.716 0.6999999881
100027  41.919  -45.781  18.443 0.5000000000
28037  41.197  -45.364  18.422 0.6999999881
27301  41.405  -46.219  18.393 0.6000000238
115699  42.504  -47.198  18.537 0.5000000000
101494  41.851  -47.065  18.529 0.5000000000
28684  38.373  -44.505  20.749 0.8000000119
29333  37.897  -43.665  21.108 0.8000000119
29334  37.033  -43.624  21.061 0.6999999881
29336  35.606  -43.740  20.277 0.8000000119
29335  36.271  -43.626  20.688 0.8000000119
29355  35.169  -43.218  19.025 0.6999999881
113232  35.485  -43.274  19.800 0.6999999881
30866  35.804  -41.783  18.280 0.8000000119
30876  36.042  -41.064  17.945 0.8000000119
31775  36.252  -40.398  17.599 0.8000000119
30051  35.406  -42.339  17.796 0.8999999762
30059  35.452  -42.339  16.963 1.0000000000
30877  35.864  -41.771  17.419 0.8999999762
30883  36.270  -41.120  17.064 0.8999999762
108128  36.432  -40.156  16.717 0.8000000119
30884  36.133  -41.926  16.421 0.8999999762
29380  34.252  -43.425  14.848 1.0000000000
30075  36.631  -42.360  14.544 1.0000000000
30074  37.260  -42.511  13.752 1.0000000000
28754  36.889  -44.663  11.065 1.0000000000
30896  37.123  -41.782  14.468 1.0000000000
115266  37.391  -42.918  13.258 1.0000000000
30895  37.588  -42.121  13.540 1.0000000000
30903  38.048  -42.093  12.834 1.0000000000
29415  37.671  -43.364  11.973 1.0000000000
28704  41.366  -44.523  18.520 0.6999999881
111702  40.926  -44.199  18.929 0.6999999881
28693  40.373  -44.388  19.305 0.6999999881
29345  40.016  -43.891  19.950 0.6999999881
28036  41.962  -45.054  18.286 0.6000000238
27300  42.239  -46.482  18.510 0.5000000000
29332  39.513  -43.403  20.476 0.6999999881
112084  38.737  -43.616  20.814 0.8000000119
30020  38.347  -42.925  21.023 0.6999999881
30021  36.663  -42.885  20.726 0.6999999881
29325  37.490  -42.877  21.043 0.6999999881
30022  35.961  -43.021  20.271 0.6999999881
30040  35.518  -42.462  18.639 0.6999999881
106234  35.746  -42.568  19.571 0.6999999881
30865  36.236  -41.202  18.804 0.8000000119
32664  36.680  -39.510  18.446 0.8000000119
33438  36.859  -38.871  18.145 0.8000000119
31764  36.401  -40.282  18.423 0.8000000119
33450  36.693  -38.621  17.368 0.8000000119
32691  36.465  -39.076  16.781 0.8000000119
101596  36.530  -41.152  16.115 1.0000000000
31791  36.667  -40.393  15.632 1.0000000000
32700  36.563  -39.412  15.971 0.8000000119
30066  36.005  -42.304  15.454 1.0000000000
31797  37.540  -41.320  13.639 1.0000000000
29417  36.832  -44.292  10.878 1.0000000000
31812  38.092  -41.370  12.661 1.0000000000
31811  38.445  -41.193  12.008 1.0000000000
30915  38.374  -41.919  12.108 1.0000000000
29416  37.290  -43.921  11.344 1.0000000000
29354  41.450  -43.638  18.750 0.6999999881
116131  40.752  -43.025  19.690 0.6000000238
29331  40.274  -43.055  20.111 0.6000000238
30019  39.568  -42.627  20.527 0.6000000238
95816  38.844  -42.313  20.806 0.6999999881
30843  37.646  -41.405  20.675 0.6999999881
103216  37.988  -42.160  20.974 0.6999999881
100754  37.103  -42.107  20.779 0.6999999881
30031  36.335  -42.165  20.234 0.6999999881
32651  36.875  -39.857  19.101 0.8000000119
30854  36.368  -41.409  19.739 0.6999999881
31752  36.610  -40.616  19.347 0.8000000119
33449  37.297  -38.264  17.773 0.8000000119
101885  36.455  -38.014  15.991 0.8000000119
32707  36.739  -39.605  14.920 0.8000000119
33469  36.540  -38.660  15.506 0.8000000119
31798  37.036  -40.772  14.701 1.0000000000
33478  36.635  -38.540  14.655 0.6999999881
32706  37.231  -40.246  13.971 1.0000000000
33486  36.760  -38.318  13.806 0.8999999762
112283  37.621  -40.685  13.174 1.0000000000
32722  37.732  -39.729  12.380 1.0000000000
30101  36.223  -43.291  10.975 1.0000000000
107781  37.995  -40.578  12.503 1.0000000000
32721  38.334  -40.458  11.758 1.0000000000
30099  37.688  -42.965  11.785 1.0000000000
30100  37.218  -43.115  11.369 1.0000000000
30091  38.193  -42.152  11.787 1.0000000000
29344  40.726  -43.594  19.450 0.6999999881
30842  38.554  -41.508  20.689 0.6000000238
112096  37.369  -40.719  20.324 0.6999999881
112989  36.768  -40.800  20.036 0.6999999881
32650  37.595  -39.597  19.496 0.8000000119
32663  37.263  -39.208  18.817 0.6999999881
33437  37.636  -38.582  18.476 0.6999999881
34298  36.735  -37.549  16.457 0.6999999881
103950  36.597  -37.288  15.767 0.6999999881
99759  36.555  -37.066  15.052 0.6999999881
34321  36.576  -37.641  14.472 0.8000000119
32713  36.936  -39.258  13.948 0.8999999762
33485  37.206  -39.012  13.106 1.0000000000
34346  37.253  -38.008  12.053 1.0000000000
30930  36.452  -42.127  11.550 1.0000000000
32735  38.111  -39.561  11.558 1.0000000000
30928  37.864  -42.236  11.580 1.0000000000
31824  38.451  -40.971  11.261 1.0000000000
29343  41.187  -42.992  19.347 0.6000000238
30030  40.737  -42.432  19.750 0.6000000238
30018  40.125  -42.304  20.247 0.6000000238
107738  40.541  -41.113  19.701 0.6000000238
30841  39.516  -41.730  20.466 0.6000000238
30853  39.910  -40.988  20.083 0.6000000238
31741  39.093  -40.832  20.400 0.6000000238
31750  38.714  -40.085  20.147 0.6000000238
32639  37.891  -40.065  20.112 0.6000000238
32649  38.369  -39.490  19.683 0.6999999881
33436  38.427  -38.426  18.675 0.6999999881
34285  37.679  -37.618  17.475 0.6999999881
34297  37.332  -37.197  16.855 0.6999999881
35133  37.715  -36.538  16.487 0.6999999881
35134  36.990  -36.834  16.206 0.6999999881
35143  36.793  -36.593  15.491 0.6999999881
38069  44.116  -33.363  12.228 0.3000000119
35151  36.605  -36.796  14.337 0.6999999881
115764  36.685  -36.416  14.883 0.6999999881
107876  44.733  -32.935  12.070 0.3000000119
35163  36.751  -36.555  13.554 0.8000000119
30105  31.972  -42.779  11.615 0.8999999762
33494  36.966  -38.128  12.963 1.0000000000
30103  33.792  -43.050  11.358 1.0000000000
30931  35.372  -42.105  11.667 1.0000000000
30102  34.995  -43.205  11.154 1.0000000000
33507  38.006  -38.680  11.056 1.0000000000
31830  38.454  -40.522  10.520 1.0000000000
32734  38.465  -40.389  11.076 1.0000000000
109951  38.177  -41.694  11.437 1.0000000000
30929  37.335  -41.977  11.491 1.0000000000
30927  38.322  -41.148  11.091 1.0000000000
30029  41.417  -42.310  19.209 0.6000000238
30851  41.011  -41.641  19.526 0.6000000238
31762  41.115  -40.815  19.217 0.6000000238
31748  40.297  -40.481  19.572 0.6000000238
31763  40.696  -40.036  19.012 0.6000000238
32661  40.364  -39.320  18.748 0.6999999881
32662  39.584  -39.055  19.057 0.6999999881
32648  39.960  -39.737  19.382 0.6000000238
33435  39.202  -38.436  18.652 0.6999999881
32704  43.376  -39.386  14.797 0.3000000119
32705  42.766  -38.540  14.660 0.3000000119
34284  38.358  -37.542  17.710 0.6999999881
35123  38.203  -36.988  17.154 0.6999999881
36979  43.162  -34.299  12.563 0.3000000119
38070  43.394  -33.542  12.517 0.4000000060
113398  44.211  -32.558  12.360 0.4000000060
39081  43.554  -32.685  12.541 0.4000000060
29408  31.663  -43.495  11.897 0.6999999881
30093  31.284  -42.644  12.123 0.6999999881
41806  44.690  -29.271  11.912 0.3000000119
39080  44.727  -32.135  12.285 0.3000000119
35985  36.975  -35.778  13.276 0.6999999881
115182  32.287  -42.187  11.674 0.8999999762
41797  44.899  -30.168  12.213 0.3000000119
39969  43.852  -31.655  12.481 0.3000000119
34347  36.917  -37.229  12.871 0.8000000119
30933  33.054  -42.103  11.653 0.8999999762
40823  44.349  -30.769  12.356 0.3000000119
35176  37.115  -36.949  12.127 0.8000000119
110486  37.465  -37.553  11.470 1.0000000000
30916  36.534  -41.389  11.614 1.0000000000
115736  38.362  -38.531  10.216 1.0000000000
33506  38.529  -39.925  10.640 1.0000000000
31825  37.982  -41.451  11.086 1.0000000000
106992  38.735  -39.817  9.410 1.0000000000
31831  38.228  -40.628  10.448 1.0000000000
31837  38.531  -40.038  9.507 1.0000000000
32677  40.795  -38.944  18.098 0.6999999881
32698  43.370  -39.814  15.578 0.3000000119
32699  42.810  -39.132  15.386 0.4000000060
33434  40.001  -38.628  18.422 0.6999999881
33448  39.565  -38.008  17.993 0.6999999881
34273  38.785  -37.912  18.156 0.6999999881
34305  42.121  -37.918  15.018 0.4000000060
34319  42.488  -37.686  14.307 0.3000000119
35132  38.491  -36.339  16.595 0.6999999881
35961  38.048  -35.848  16.096 0.6999999881
34320  41.889  -37.089  14.661 0.5000000000
35982  42.324  -35.617  13.344 0.4000000060
35983  41.641  -35.013  13.791 0.6000000238
36969  41.860  -34.191  13.521 0.5000000000
35971  37.606  -35.445  15.489 0.6999999881
35995  42.864  -35.130  12.770 0.3000000119
99902  37.275  -35.162  14.771 0.6999999881
41809  41.929  -29.485  11.362 0.4000000060
38058  42.172  -33.381  13.217 0.4000000060
35978  36.802  -35.893  14.287 0.6999999881
99086  31.014  -41.913  12.264 0.6999999881
41808  42.779  -29.154  11.573 0.4000000060
101277  42.833  -32.979  12.790 0.4000000060
39082  42.241  -32.549  13.041 0.4000000060
30094  30.577  -42.361  12.630 0.6000000238
114197  44.076  -28.873  11.693 0.3000000119
41799  43.098  -29.795  12.109 0.3000000119
109420  42.803  -31.996  12.737 0.4000000060
39083  41.869  -31.868  13.018 0.4000000060
35984  37.255  -35.001  12.868 0.6999999881
30934  31.628  -41.980  11.888 0.6999999881
40832  42.304  -29.705  11.922 0.4000000060
106899  42.952  -31.131  12.569 0.4000000060
39970  42.185  -31.181  12.654 0.4000000060
98014  37.174  -35.909  12.227 0.8000000119
41798  44.038  -29.951  12.211 0.3000000119
40824  43.447  -30.583  12.398 0.3000000119
35189  37.418  -36.700  11.369 0.8999999762
34373  37.788  -37.614  10.718 1.0000000000
31832  37.843  -40.775  10.535 1.0000000000
32740  38.643  -40.136  9.937 1.0000000000
33515  38.612  -39.500  10.037 1.0000000000
32741  38.062  -40.350  9.676 1.0000000000
32742  37.324  -40.107  10.204 1.0000000000
32748  38.372  -39.768  8.460 1.0000000000
32749  38.121  -40.074  8.956 1.0000000000
32676  41.500  -39.379  17.710 0.6000000238
32690  41.847  -39.195  16.890 0.6000000238
33446  41.149  -38.696  17.318 0.6000000238
33447  40.376  -38.306  17.687 0.6999999881
33457  42.198  -38.989  16.022 0.5000000000
33458  41.479  -38.472  16.503 0.6000000238
34282  39.964  -37.633  17.295 0.6999999881
33467  42.334  -38.543  15.358 0.5000000000
33468  41.777  -38.191  15.737 0.4000000060
34283  39.065  -37.318  17.538 0.6999999881
34294  41.164  -37.693  16.219 0.6000000238
34296  39.594  -36.979  16.872 0.6999999881
34306  41.508  -37.403  15.459 0.6000000238
35131  39.252  -36.296  16.562 0.6999999881
99599  42.028  -36.585  14.135 0.6000000238
35149  41.572  -36.258  14.564 0.6000000238
35969  39.131  -35.174  15.714 0.6999999881
35970  38.356  -35.209  15.678 0.6999999881
35162  41.862  -35.935  13.926 0.5000000000
36959  40.847  -34.630  14.333 0.6000000238
36960  39.995  -34.272  14.672 0.6000000238
36954  37.916  -34.709  15.150 0.6000000238
40845  41.217  -30.098  10.114 0.4000000060
38071  42.817  -33.706  12.796 0.4000000060
36970  41.201  -34.199  13.895 0.4000000060
38060  40.464  -33.731  14.097 0.5000000000
41820  41.695  -29.446  10.555 0.4000000060
38059  41.191  -33.406  13.648 0.5000000000
36963  37.701  -34.446  14.353 0.6999999881
104152  41.189  -29.877  11.054 0.5000000000
39074  41.516  -32.597  13.318 0.4000000060
35977  37.252  -35.065  13.839 0.6999999881
30920  32.256  -41.204  12.089 0.8999999762
40825  42.418  -30.376  12.333 0.4000000060
39971  41.364  -31.260  12.654 0.4000000060
36981  37.426  -34.932  11.918 0.6999999881
97761  41.660  -30.673  12.372 0.4000000060
30919  33.488  -41.231  12.166 0.8999999762
35200  37.808  -36.643  10.423 0.8999999762
30918  34.587  -41.198  12.253 0.8999999762
31826  37.247  -41.191  11.272 1.0000000000
30917  35.608  -41.095  12.155 1.0000000000
34372  38.321  -37.788  9.903 1.0000000000
31813  36.195  -40.566  11.711 1.0000000000
33522  38.804  -39.023  9.320 1.0000000000
96994  37.034  -40.552  10.898 1.0000000000
33527  39.202  -38.833  8.368 1.0000000000
33539  39.394  -38.314  6.786 0.8999999762
33533  38.976  -39.015  7.093 1.0000000000
32754  38.673  -39.435  7.754 1.0000000000
32756  37.673  -39.686  8.445 1.0000000000
32750  37.380  -39.728  9.303 1.0000000000
99595  38.301  -39.048  7.183 1.0000000000
33528  37.081  -39.110  8.075 0.8999999762
34400  38.610  -38.583  6.756 1.0000000000
33534  37.461  -38.801  7.505 0.8999999762
33459  40.729  -38.052  16.903 0.6999999881
34295  40.404  -37.292  16.604 0.6999999881
34307  40.834  -36.897  15.930 0.6999999881
35130  40.072  -36.483  16.346 0.6999999881
35139  41.248  -36.580  15.222 0.6000000238
97277  41.056  -35.869  15.007 0.6000000238
35141  39.609  -35.769  16.067 0.6999999881
35140  40.461  -36.002  15.602 0.6999999881
35968  39.838  -35.342  15.540 0.6000000238
36952  39.534  -34.739  15.197 0.6000000238
36953  38.715  -34.622  15.249 0.6000000238
41827  41.700  -29.605  9.481 0.3000000119
35976  41.264  -35.475  14.440 0.6000000238
35150  40.436  -35.178  14.977 0.6000000238
36962  38.388  -34.164  14.667 0.6000000238
40853  41.286  -30.427  9.090 0.4000000060
114049  40.535  -33.190  13.777 0.6000000238
38048  39.572  -33.568  14.304 0.6000000238
101664  39.976  -33.067  13.846 0.5000000000
38050  38.127  -33.758  14.034 0.6000000238
110525  40.548  -32.602  13.502 0.4000000060
110604  38.045  -33.539  13.369 0.6000000238
40846  40.643  -30.455  10.644 0.5000000000
39972  40.531  -31.362  12.503 0.4000000060
39965  40.987  -31.878  13.099 0.4000000060
36971  37.617  -34.206  13.403 0.6000000238
40834  40.709  -30.454  11.431 0.5000000000
40826  40.947  -30.740  12.138 0.4000000060
38083  37.701  -33.956  11.757 0.6000000238
39980  40.196  -31.010  11.802 0.4000000060
36025  37.823  -35.695  10.483 0.8999999762
36012  37.510  -35.750  11.226 0.8000000119
31815  33.958  -40.478  12.412 0.8999999762
110653  34.765  -40.531  12.355 0.8999999762
32737  34.905  -39.356  11.993 0.8999999762
31814  35.254  -40.179  12.207 0.8999999762
34382  38.914  -37.929  9.085 1.0000000000
112369  39.434  -38.501  7.412 1.0000000000
32743  36.324  -39.705  10.976 1.0000000000
116114  36.974  -39.247  8.697 0.8999999762
115589  38.079  -37.918  6.807 1.0000000000
34401  37.232  -38.008  7.393 1.0000000000
33529  36.442  -38.247  7.926 0.8999999762
35228  38.093  -36.975  7.118 1.0000000000
35229  37.106  -37.059  7.482 0.8999999762
41833  42.121  -29.475  8.616 0.3000000119
41834  41.770  -30.087  8.651 0.3000000119
40861  41.670  -30.802  8.218 0.3000000119
38049  38.802  -33.563  14.287 0.6000000238
40854  40.698  -30.771  9.703 0.5000000000
40009  40.921  -31.335  8.667 0.4000000060
39075  39.638  -32.506  13.413 0.5000000000
39966  40.083  -31.899  13.029 0.5000000000
39076  38.885  -32.653  13.247 0.5000000000
105758  38.291  -33.062  12.951 0.5000000000
39084  39.302  -32.126  12.765 0.5000000000
39085  38.664  -32.540  12.460 0.5000000000
101746  40.224  -31.012  10.307 0.5000000000
39091  39.086  -31.986  11.948 0.5000000000
110608  37.517  -34.319  12.531 0.6000000238
39991  40.060  -30.876  11.027 0.5000000000
38099  37.982  -33.971  10.937 0.6999999881
39113  39.236  -32.337  10.103 0.5000000000
39102  39.079  -32.071  11.054 0.5000000000
36994  37.736  -34.810  10.930 0.6000000238
36024  38.183  -35.252  10.036 0.8999999762
115353  38.376  -37.040  9.638 0.8999999762
35219  38.996  -36.860  8.964 0.8999999762
34407  39.902  -37.683  6.780 0.8999999762
34399  39.966  -37.861  6.975 0.8999999762
34390  39.802  -37.745  7.466 0.8999999762
34391  39.417  -37.840  8.228 1.0000000000
33516  35.976  -38.826  10.405 0.8999999762
32736  35.609  -39.729  11.722 0.8999999762
33524  36.389  -38.562  8.665 0.8999999762
115659  38.868  -38.048  6.582 0.8000000119
35227  38.816  -37.324  6.624 0.6999999881
34374  35.632  -38.118  9.609 0.8999999762
41841  42.635  -29.448  7.747 0.3000000119
40860  42.202  -30.209  7.944 0.3000000119
40868  42.829  -30.485  7.129 0.4000000060
40867  43.513  -30.472  6.411 0.3000000119
40869  42.306  -31.091  7.457 0.3000000119
106795  42.832  -31.386  6.813 0.4000000060
38062  38.558  -33.235  13.653 0.6000000238
40001  40.141  -31.524  9.553 0.5000000000
97517  40.360  -31.998  8.758 0.4000000060
38073  37.815  -33.654  12.693 0.5000000000
116136  39.652  -31.891  9.836 0.5000000000
39981  39.582  -31.457  11.436 0.5000000000
38072  38.127  -33.129  12.125 0.5000000000
39103  38.640  -32.782  10.725 0.5000000000
38082  38.189  -33.301  11.274 0.5000000000
38098  38.378  -33.560  10.462 0.5000000000
113012  39.321  -32.888  9.436 0.5000000000
38108  38.674  -33.967  9.660 0.6000000238
37009  38.235  -34.383  10.256 0.6000000238
38116  39.770  -34.106  8.402 0.6999999881
36037  38.754  -35.776  9.263 0.6999999881
101170  38.230  -36.174  9.796 0.6999999881
37025  39.903  -35.125  8.093 0.6999999881
36048  39.396  -36.274  8.560 0.8000000119
33508  35.466  -38.976  11.329 0.8999999762
35226  40.344  -37.246  7.121 0.8999999762
35218  39.710  -37.061  7.997 0.8999999762
35234  40.174  -37.190  6.615 0.6999999881
97477  35.785  -37.742  8.743 0.8999999762
40875  43.281  -31.239  6.484 0.3000000119
100811  43.921  -31.667  5.637 0.3000000119
40008  41.722  -31.838  7.625 0.4000000060
39118  41.010  -32.346  8.093 0.4000000060
40016  42.569  -32.048  6.878 0.4000000060
40026  43.367  -32.335  6.157 0.4000000060
39112  39.750  -32.314  9.225 0.4000000060
39128  41.712  -32.971  7.278 0.4000000060
39127  42.286  -32.714  6.884 0.4000000060
39119  40.351  -32.782  8.417 0.4000000060
38107  39.201  -33.597  9.160 0.5000000000
37034  40.692  -35.787  7.265 0.6000000238
36047  40.054  -36.271  7.764 0.8000000119
35225  40.596  -36.672  6.613 0.6999999881
36069  39.698  -36.897  6.470 0.6999999881
34392  35.861  -37.309  8.320 0.8999999762
34393  35.174  -36.993  8.886 0.8999999762
36059  37.535  -36.088  7.456 0.8999999762
36060  36.511  -36.006  7.933 0.8000000119
35230  36.119  -36.737  8.097 0.8000000119
102573  36.861  -35.106  7.800 0.6999999881
37036  37.146  -34.135  7.716 0.8000000119
40885  45.713  -31.640  4.039 0.3000000119
40038  44.650  -32.776  4.711 0.3000000119
40025  44.041  -32.930  5.345 0.3000000119
39151  44.999  -33.374  4.202 0.4000000060
39140  43.025  -33.239  6.216 0.4000000060
39139  43.816  -33.736  5.414 0.4000000060
38125  42.487  -33.755  6.435 0.5000000000
39129  41.038  -33.330  7.640 0.5000000000
38126  41.781  -34.023  6.789 0.5000000000
38141  42.581  -34.797  6.089 0.5000000000
38127  41.188  -34.393  7.254 0.5000000000
37032  41.917  -35.048  6.447 0.5000000000
37033  41.303  -35.400  6.818 0.6000000238
36057  40.722  -36.594  6.948 0.6999999881
36068  40.553  -36.506  6.333 0.6999999881
103443  39.921  -36.084  6.251 0.6999999881
37045  40.171  -35.190  6.067 0.6999999881
37046  39.056  -35.169  6.636 0.8000000119
38144  39.468  -34.154  6.621 0.6999999881
41858  45.187  -30.589  4.494 0.3000000119
40042  45.687  -31.397  3.556 0.3000000119
39159  45.237  -32.570  3.190 0.4000000060
40037  45.380  -32.542  4.097 0.3000000119
39156  45.141  -33.035  3.759 0.4000000060
39152  44.405  -33.723  4.656 0.4000000060
38139  43.938  -34.225  4.960 0.4000000060
38149  44.244  -33.847  4.676 0.3000000119
100972  42.592  -34.907  5.603 0.5000000000
36066  42.284  -35.335  5.916 0.6000000238
38150  43.316  -34.482  5.135 0.3000000119
37049  42.246  -35.278  5.682 0.5000000000
39155  42.249  -34.484  5.231 0.4000000060
36055  41.763  -35.682  6.154 0.6999999881
36073  41.936  -35.601  5.824 0.6999999881
36074  41.868  -35.332  5.560 0.6000000238
36067  41.325  -36.083  6.065 0.6999999881
104048  40.877  -35.905  5.850 0.6999999881
37044  41.144  -35.183  5.530 0.6000000238
101299  44.439  -32.477  3.463 0.3000000119
39158  44.481  -33.652  4.142 0.3000000119
39153  43.654  -33.706  4.483 0.3000000119
40044  43.940  -33.068  3.960 0.3000000119
40039  42.866  -32.542  4.565 0.3000000119
40040  42.257  -31.678  5.277 0.3000000119
39154  42.556  -33.551  4.808 0.3000000119
116164  42.359  -32.499  5.056 0.4000000060
38152  41.825  -34.950  5.389 0.5000000000
39142  41.629  -33.398  5.405 0.5000000000
38142  41.164  -34.226  5.488 0.6000000238
106041  40.410  -34.473  5.922 0.6000000238
41873  44.021  -29.871  3.225 0.4000000060
41868  43.465  -30.044  4.106 0.3000000119
40892  43.858  -31.336  3.725 0.3000000119
40893  42.979  -30.633  4.474 0.3000000119
99342  43.406  -31.859  4.240 0.3000000119
40887  42.594  -31.173  4.820 0.3000000119
40888  42.126  -30.575  5.472 0.3000000119
39141  41.817  -32.340  5.491 0.4000000060
40876  41.648  -31.163  5.838 0.4000000060
39143  40.771  -33.108  6.068 0.6000000238
108204  41.169  -32.536  5.949 0.4000000060
40027  41.087  -31.684  6.214 0.4000000060
107034  40.476  -32.194  6.467 0.5000000000
38143  40.204  -33.634  6.292 0.6000000238
100975  35.931  -35.079  8.168 0.8000000119
42885  43.491  -29.088  3.997 0.4000000060
42878  42.940  -28.963  4.419 0.3000000119
41869  42.699  -29.581  4.618 0.3000000119
41860  42.460  -29.915  5.026 0.3000000119
41849  41.509  -30.123  6.057 0.4000000060
40877  40.865  -30.700  6.405 0.4000000060
40028  40.208  -31.283  6.748 0.4000000060
39130  39.911  -32.738  6.677 0.5000000000
40870  39.260  -31.000  7.162 0.4000000060
38128  39.461  -33.242  6.857 0.6000000238
40017  39.618  -31.861  7.116 0.4000000060
38129  38.643  -33.211  7.360 0.6999999881
39131  39.064  -32.472  7.283 0.4000000060
39132  38.042  -32.306  7.496 0.4000000060
39133  36.994  -32.254  7.270 0.5000000000
38130  37.401  -33.109  7.594 0.6000000238
37037  36.136  -34.220  7.931 0.6999999881
38131  36.307  -33.399  7.579 0.6999999881
42886  43.244  -28.209  4.115 0.3000000119
42879  42.419  -28.742  4.696 0.3000000119
113924  42.456  -29.253  4.857 0.3000000119
42869  42.140  -28.888  5.127 0.3000000119
41861  41.890  -29.532  5.554 0.3000000119
41850  41.060  -29.133  6.097 0.4000000060
116039  40.676  -29.889  6.448 0.3000000119
41851  39.806  -29.375  6.514 0.3000000119
40878  39.927  -30.362  6.777 0.3000000119
41852  38.671  -29.429  6.317 0.3000000119
40018  38.640  -31.652  7.320 0.4000000060
98265  38.734  -30.229  6.694 0.3000000119
40029  38.366  -31.000  7.050 0.3000000119
99573  37.566  -30.777  6.474 0.3000000119
40019  37.531  -31.543  7.024 0.3000000119
109392  36.441  -32.752  7.335 0.5000000000
43760  42.270  -27.985  4.579 0.3000000119
42880  42.026  -28.262  4.851 0.3000000119
103425  41.554  -28.758  5.517 0.3000000119
42870  40.796  -28.333  5.676 0.3000000119
42861  39.154  -28.688  6.167 0.3000000119
41853  37.546  -30.047  5.863 0.3000000119
40879  36.608  -30.702  5.756 0.3000000119
40020  36.476  -31.825  6.620 0.4000000060
39144  35.913  -32.308  6.714 0.5000000000
39134  35.515  -32.797  7.122 0.5000000000
43761  41.717  -27.638  4.775 0.3000000119
43752  41.454  -28.086  5.208 0.3000000119
42871  39.732  -28.071  5.775 0.3000000119
41862  38.041  -29.134  5.701 0.3000000119
42873  37.410  -28.934  5.162 0.3000000119
40031  35.311  -31.593  6.073 0.4000000060
40041  34.572  -31.034  5.699 0.4000000060
39145  34.850  -32.170  6.423 0.5000000000
43770  42.789  -27.601  4.269 0.3000000119
44636  42.190  -27.206  4.448 0.3000000119
43753  40.429  -27.671  5.417 0.3000000119
43754  39.265  -27.577  5.327 0.3000000119
42872  38.426  -28.306  5.442 0.3000000119
42882  37.257  -28.485  4.760 0.3000000119
41863  36.889  -29.610  5.191 0.3000000119
115114  35.748  -29.954  4.723 0.3000000119
40889  36.114  -30.340  5.179 0.3000000119
40880  35.320  -30.906  5.423 0.4000000060
44637  41.369  -26.816  4.656 0.3000000119
44638  40.441  -26.688  4.864 0.3000000119
43762  40.957  -27.301  5.072 0.3000000119
43763  39.959  -27.083  5.148 0.3000000119
43764  38.876  -27.128  4.858 0.3000000119
114810  37.877  -27.246  4.583 0.3000000119
42881  38.125  -27.737  4.917 0.3000000119
41870  36.380  -29.273  4.655 0.3000000119
45474  39.965  -26.091  4.608 0.3000000119
44639  39.450  -26.599  4.714 0.3000000119
43765  36.996  -27.858  4.375 0.3000000119
104688  35.921  -28.712  4.226 0.3000000119
115198  40.748  -26.259  4.654 0.3000000119
45475  38.920  -26.011  4.285 0.3000000119
44640  38.330  -26.629  4.459 0.3000000119
44641  36.877  -26.875  4.175 0.3000000119
45476  37.683  -25.937  4.091 0.4000000060
45484  38.359  -25.265  3.836 0.4000000060
44647  36.298  -25.891  3.747 0.4000000060
45485  37.098  -25.115  3.667 0.4000000060
29381  33.533  -44.037  15.363 1.0000000000
36058  38.693  -36.258  6.721 0.6999999881
98924  37.954  -35.134  7.382 0.8000000119
37035  38.316  -34.131  7.385 0.8000000119
109762  38.594  -50.662  13.545 0.6000000238
98073  37.818  -49.532  16.708 0.6000000238
21703  39.061  -53.346  13.567 0.5000000000
25079  40.234  -49.007  14.197 0.5000000000
23494  41.050  -51.007  13.981 0.5000000000
24315  41.305  -50.819  14.376 0.5000000000
27273  37.355  -46.647  20.347 0.8000000119
98250  36.075  -47.065  20.446 0.8000000119
27336  33.095  -47.055  13.794 0.8000000119
27302  40.505  -46.273  18.245 0.6000000238
25830  41.795  -48.487  18.273 0.4000000060
110970  37.834  -43.023  12.418 1.0000000000
30855  36.002  -41.934  19.109 0.8000000119
106708  36.610  -38.286  16.646 0.8000000119
30888  36.552  -41.820  15.405 1.0000000000
33428  38.012  -38.942  19.167 0.6999999881
115077  37.675  -38.748  11.748 1.0000000000
103797  39.165  -39.540  19.636 0.6999999881
35175  42.881  -36.107  12.827 0.4000000060
30104  32.771  -42.902  11.422 1.0000000000
30932  34.169  -42.147  11.702 1.0000000000
36980  42.539  -34.268  13.036 0.4000000060
98224  38.894  -39.603  8.595 1.0000000000
35161  42.437  -36.537  13.520 0.4000000060
107559  42.269  -34.856  13.316 0.5000000000
40833  41.526  -30.087  11.865 0.4000000060
32755  37.915  -39.526  7.757 1.0000000000
39092  38.587  -32.598  11.602 0.5000000000
37018  38.668  -34.853  9.455 0.6999999881
37017  39.203  -34.487  8.884 0.6000000238
38115  40.382  -33.716  8.003 0.5000000000
37024  40.511  -34.741  7.632 0.5000000000
42860  40.172  -28.603  6.158 0.3000000119
24271  34.643  -50.725  20.056 0.5000000000
21656  34.958  -52.935  19.435 0.5000000000
23439  34.521  -51.558  20.093 0.5000000000
22574  35.535  -52.550  18.552 0.5000000000
22555  35.060  -52.069  19.473 0.5000000000
22591  35.991  -52.579  17.468 0.5000000000
22590  36.482  -51.942  17.080 0.4000000060
23465  36.079  -51.715  18.123 0.5000000000
105887  36.673  -52.087  16.183 0.4000000060
102914  37.035  -51.824  15.382 0.5000000000
23475  36.999  -51.311  16.498 0.5000000000
27360  31.256  -46.410  12.847 0.6999999881
27359  32.341  -46.972  12.495 0.8000000119
26651  33.389  -47.169  12.741 0.8000000119
26656  33.016  -47.597  12.860 0.8000000119
100355  33.772  -46.558  12.439 0.8999999762
28092  30.940  -45.393  12.711 0.6999999881
27358  33.183  -46.831  12.303 0.8999999762
28095  33.201  -46.029  11.825 0.8999999762
27357  33.734  -46.616  12.323 0.8999999762
27356  34.243  -46.223  12.027 0.8999999762
28756  31.542  -44.970  12.241 0.6000000238
28091  31.788  -45.948  12.308 0.8000000119
27361  33.937  -46.303  11.896 0.8999999762
28094  34.585  -45.646  11.721 0.8999999762
97942  35.485  -45.150  11.335 0.8999999762
109889  35.505  -45.215  11.527 0.8999999762
30038  42.677  -42.329  17.893 0.5000000000
99680  42.278  -43.173  18.202 0.5000000000
30039  42.016  -42.302  18.563 0.5000000000
29353  42.084  -44.145  18.167 0.6000000238
105788  41.674  -42.886  18.802 0.5000000000
28757  30.788  -44.435  12.624 0.6000000238
28765  32.164  -44.482  11.746 0.8999999762
28764  32.908  -45.207  11.636 0.8999999762
28096  32.359  -45.494  11.956 0.8999999762
28763  33.863  -45.448  11.509 0.8999999762
28762  34.798  -45.170  11.343 0.8999999762
28761  36.331  -44.903  10.915 0.8999999762
31773  42.550  -40.722  17.745 0.5000000000
31761  41.835  -40.832  18.528 0.5000000000
30875  42.998  -41.533  17.612 0.5000000000
30863  42.333  -41.533  18.271 0.5000000000
30864  41.638  -41.566  18.901 0.5000000000
30049  43.431  -42.258  17.290 0.5000000000
29421  32.481  -43.633  11.482 0.8999999762
107790  33.144  -44.526  11.427 0.8999999762
105062  34.238  -44.654  11.205 0.8999999762
29418  35.811  -44.232  10.727 0.8999999762
114238  41.307  -40.287  18.664 0.5000000000
31772  43.254  -40.923  17.300 0.5000000000
30874  43.535  -41.453  17.133 0.5000000000
29420  33.477  -43.795  11.277 0.8999999762
29419  34.612  -44.027  10.952 0.8999999762
32675  42.236  -39.874  17.350 0.5000000000
32689  42.584  -39.694  16.583 0.5000000000
31783  43.004  -40.333  17.038 0.5000000000
104728  42.841  -39.577  15.962 0.4000000060
30921  31.249  -41.239  12.325 0.6000000238
31818  30.725  -40.471  12.643 0.6000000238
105419  32.179  -40.212  12.464 0.8000000119
31817  31.505  -40.403  12.482 0.6999999881
103069  31.005  -39.786  12.563 0.6999999881
100409  30.798  -39.018  12.394 0.6999999881
101427  30.594  -38.218  12.300 0.6999999881
31816  32.984  -40.403  12.411 0.8000000119
32726  31.649  -39.429  12.455 0.6999999881
33498  31.342  -38.375  12.358 0.6999999881
34348  31.899  -37.759  12.184 0.6999999881
114874  31.652  -37.297  11.673 0.6999999881
33495  34.058  -39.043  12.209 0.8000000119
33510  33.693  -38.207  11.869 0.8000000119
32723  34.419  -39.862  12.370 0.8000000119
109975  32.388  -37.382  11.625 0.6999999881
34360  33.297  -37.479  11.484 0.6999999881
34359  34.261  -37.656  11.241 0.8000000119
33509  34.607  -38.521  11.623 0.8000000119
34376  33.767  -37.022  10.821 0.6999999881
34375  34.634  -37.388  10.215 0.8000000119
35212  33.741  -36.404  9.670 0.6000000238
33517  35.147  -38.153  10.795 0.8000000119
35221  34.383  -36.235  8.975 0.6000000238
36050  33.787  -35.455  8.640 0.6000000238
34383  34.508  -36.858  9.500 0.8000000119
36049  34.688  -35.651  8.497 0.6000000238
110001  35.149  -37.392  9.355 0.8000000119
37039  34.110  -34.844  8.193 0.6000000238
35220  35.325  -36.470  8.572 0.6999999881
36061  35.600  -35.839  8.332 0.6000000238
37038  35.376  -34.368  8.046 0.6999999881
36062  35.024  -35.000  8.222 0.6000000238
38132  35.202  -33.542  7.585 0.6000000238
114893  36.890  -52.319  14.853 0.4000000060
106329  35.534  -51.723  18.904 0.5000000000
28089  34.820  -45.583  11.793 0.8999999762
32688  43.233  -40.122  16.285 0.3000000119
32724  33.523  -39.684  12.438 0.8000000119
28090  32.614  -46.302  12.131 0.8000000119
33496  33.154  -38.816  12.330 0.8000000119
33497  32.227  -38.603  12.357 0.6999999881
35201  33.267  -36.613  10.339 0.6999999881
34384  33.993  -36.805  10.114 0.6999999881
104821  43.173  -47.781  18.531 0.4000000060
26597  44.011  -47.720  18.367 0.4000000060
28035  42.644  -45.795  18.251 0.5000000000
28703  42.668  -44.763  17.877 0.5000000000
27313  43.461  -46.240  17.964 0.5000000000
27312  44.168  -46.591  17.623 0.4000000060
27299  42.973  -46.765  18.436 0.4000000060
25842  44.517  -47.381  17.878 0.4000000060
27298  43.737  -47.066  18.224 0.4000000060
114094  45.021  -47.826  17.829 0.4000000060
29364  42.813  -43.823  17.684 0.5000000000
27311  44.748  -46.864  17.272 0.4000000060
26620  46.441  -47.786  15.842 0.4000000060
26621  45.800  -47.260  16.299 0.4000000060
26609  45.295  -47.461  17.241 0.4000000060
25863  47.084  -48.275  15.224 0.4000000060
28047  43.334  -45.330  17.665 0.5000000000
28085  48.349  -45.951  12.477 0.3000000119
28046  44.018  -45.768  17.336 0.4000000060
27354  47.629  -46.567  12.470 0.3000000119
27322  45.206  -46.704  16.605 0.4000000060
27353  48.558  -46.687  12.748 0.3000000119
26655  47.925  -47.220  12.688 0.3000000119
26650  46.906  -47.493  13.452 0.3000000119
27334  46.479  -47.280  14.422 0.3000000119
26629  46.117  -47.057  15.358 0.4000000060
26649  47.789  -47.882  13.048 0.3000000119
26637  47.054  -47.962  14.320 0.3000000119
103931  46.647  -47.644  15.050 0.4000000060
28714  43.396  -44.392  17.375 0.4000000060
28055  44.536  -45.339  16.537 0.4000000060
28056  43.966  -44.902  17.019 0.4000000060
28086  47.210  -45.769  12.037 0.3000000119
105867  45.931  -45.693  12.355 0.3000000119
27355  46.760  -46.350  12.380 0.3000000119
27347  46.556  -46.643  12.955 0.3000000119
97417  46.249  -46.731  13.800 0.3000000119
27335  45.754  -46.111  14.278 0.4000000060
113459  46.056  -46.680  14.632 0.4000000060
101006  45.601  -46.623  15.896 0.4000000060
27346  47.229  -47.097  12.752 0.3000000119
28735  45.545  -44.571  13.584 0.3000000119
28736  45.383  -44.097  14.178 0.3000000119
28730  44.990  -44.073  14.971 0.4000000060
112920  44.454  -44.608  16.403 0.4000000060
28088  45.760  -45.121  12.005 0.3000000119
28729  45.286  -44.700  14.542 0.3000000119
28065  44.882  -44.844  15.600 0.4000000060
28081  45.748  -45.190  12.913 0.3000000119
28069  45.611  -45.322  13.923 0.3000000119
28064  45.377  -45.503  14.926 0.4000000060
110161  46.220  -46.102  12.452 0.3000000119
28080  45.982  -45.997  13.204 0.3000000119
27330  45.678  -46.294  15.196 0.4000000060
28054  45.178  -45.876  15.973 0.4000000060
30882  44.048  -41.781  16.596 0.4000000060
30057  44.477  -42.377  16.165 0.4000000060
30050  43.035  -43.012  17.568 0.4000000060
29379  44.891  -43.340  15.245 0.3000000119
29370  44.532  -43.085  16.067 0.4000000060
29371  44.143  -43.484  16.557 0.4000000060
29363  43.528  -43.502  17.124 0.4000000060
29387  45.286  -43.530  14.356 0.4000000060
112063  44.623  -43.932  16.002 0.4000000060
28722  44.012  -44.124  16.751 0.4000000060
34361  31.929  -36.912  11.106 0.6000000238
34362  31.121  -36.902  11.368 0.6000000238
36038  33.418  -35.845  9.268 0.5000000000
35202  32.363  -36.507  10.476 0.5000000000
36039  32.560  -35.621  9.416 0.5000000000
107818  33.032  -35.335  8.866 0.5000000000
106680  34.564  -34.151  7.933 0.5000000000
43767  34.179  -27.809  3.689 0.3000000119
44633  33.561  -27.125  3.929 0.3000000119
43756  33.655  -27.762  4.316 0.3000000119
44642  35.150  -26.808  3.570 0.3000000119
43771  34.112  -27.064  3.587 0.3000000119
44632  33.895  -26.665  4.234 0.3000000119
44631  34.574  -26.627  4.969 0.3000000119
44648  35.195  -25.822  3.515 0.3000000119
44649  34.424  -26.280  3.576 0.3000000119
45478  34.097  -26.069  3.771 0.3000000119
45467  33.894  -26.214  3.936 0.3000000119
45466  34.394  -25.685  4.530 0.3000000119
44625  35.746  -26.643  5.823 0.3000000119
45458  36.757  -25.743  6.947 0.3000000119
45486  35.861  -25.091  3.525 0.3000000119
45487  34.758  -25.304  3.642 0.3000000119
46309  34.863  -24.649  3.883 0.3000000119
45477  34.317  -25.404  3.906 0.3000000119
46301  34.648  -24.905  4.331 0.3000000119
104418  35.149  -24.910  5.226 0.3000000119
45465  35.340  -25.758  5.556 0.3000000119
107718  36.131  -25.930  6.278 0.3000000119
46318  36.589  -24.451  3.577 0.3000000119
46319  35.563  -24.506  3.671 0.3000000119
46300  35.239  -24.372  4.666 0.3000000119
98751  35.617  -24.080  5.866 0.3000000119
46287  36.156  -24.063  6.865 0.3000000119
47199  36.397  -23.580  4.485 0.3000000119
46308  35.570  -24.048  4.065 0.3000000119
97232  35.766  -23.854  4.914 0.3000000119
47209  36.319  -23.973  3.779 0.3000000119
47198  36.892  -23.040  5.154 0.3000000119
47191  36.139  -23.389  5.559 0.3000000119
48212  37.590  -22.817  4.643 0.3000000119
25853  46.091  -48.003  16.799 0.4000000060
25828  43.351  -48.833  18.536 0.4000000060
105597  43.894  -48.274  18.496 0.4000000060
25841  45.531  -48.331  17.766 0.4000000060
25827  44.642  -48.182  18.289 0.4000000060
25852  46.888  -48.598  16.246 0.4000000060
28079  49.300  -45.989  13.027 0.3000000119
27345  49.456  -46.705  13.301 0.3000000119
26648  48.665  -47.380  13.125 0.3000000119
25881  48.256  -48.577  13.657 0.3000000119
26636  47.533  -48.168  13.675 0.3000000119
28087  46.137  -45.695  11.902 0.3000000119
28745  45.590  -44.472  12.523 0.3000000119
28752  45.892  -44.959  11.570 0.3000000119
31781  44.277  -41.068  16.147 0.4000000060
30887  44.639  -41.718  15.734 0.4000000060
30065  44.806  -42.572  15.476 0.4000000060
29386  45.408  -43.163  13.806 0.3000000119
31782  43.676  -40.837  16.675 0.4000000060
34349  30.981  -37.549  12.001 0.6000000238
46317  37.778  -24.393  3.604 0.3000000119
111454  37.086  -23.981  3.621 0.3000000119
47208  37.068  -23.655  3.906 0.3000000119
109968  37.132  -23.291  4.384 0.3000000119
48224  37.677  -23.150  3.932 0.3000000119
103867  48.237  -45.272  12.226 0.3000000119
26598  42.222  -47.827  18.523 0.4000000060
27323  44.629  -46.191  16.891 0.4000000060
30058  43.915  -42.786  16.698 0.4000000060
45459  35.897  -24.961  6.375 0.3000000119
25081  31.890  -49.403  15.523 0.6999999881
103461  31.664  -50.157  15.820 0.6999999881
99204  44.213  -48.961  18.553 0.3000000119
22599  39.966  -52.337  16.056 0.3000000119
25092  32.243  -49.775  14.235 0.6999999881
24285  42.872  -50.520  17.955 0.3000000119
105909  31.932  -50.060  14.802 0.6999999881
25045  43.582  -49.897  18.454 0.3000000119
25044  44.576  -49.822  18.535 0.3000000119
25042  46.194  -49.985  18.187 0.3000000119
25043  45.462  -49.888  18.435 0.3000000119
25826  45.102  -49.013  18.432 0.3000000119
25056  46.785  -49.716  17.514 0.3000000119
25057  45.948  -49.259  18.069 0.3000000119
22607  41.905  -52.254  15.467 0.3000000119
24296  42.509  -51.301  17.130 0.4000000060
25882  32.742  -48.838  13.760 0.6999999881
25100  32.649  -49.352  13.993 0.6999999881
25080  32.443  -49.387  14.480 0.6999999881
24283  44.151  -50.581  18.401 0.3000000119
24294  46.752  -50.592  17.848 0.3000000119
23473  42.187  -52.112  15.559 0.4000000060
25883  32.195  -48.875  13.573 0.6999999881
23463  42.891  -52.337  17.068 0.3000000119
23449  44.226  -51.473  18.103 0.3000000119
24284  43.563  -50.975  18.060 0.3000000119
26652  32.938  -48.077  13.463 0.6999999881
24282  44.971  -50.843  18.426 0.3000000119
25875  32.859  -48.767  14.007 0.6999999881
25840  46.404  -48.806  17.273 0.3000000119
25055  47.614  -49.841  16.704 0.3000000119
97085  47.053  -49.198  16.824 0.3000000119
23462  43.608  -52.163  17.514 0.3000000119
114970  33.199  -47.670  13.068 0.6999999881
23461  44.262  -52.416  17.697 0.3000000119
25069  47.505  -49.282  16.216 0.3000000119
27349  33.215  -47.609  13.209 0.6999999881
30894  44.874  -41.454  14.997 0.3000000119
24287  31.281  -50.104  18.224 0.5000000000
24309  31.529  -50.919  16.092 0.6999999881
24299  31.440  -50.132  17.007 0.6000000238
23466  31.008  -50.942  17.329 0.6000000238
25093  31.847  -49.878  14.152 0.6999999881
25101  32.399  -49.460  13.871 0.6999999881
23472  42.573  -52.337  16.195 0.4000000060
27350  31.715  -47.423  12.984 0.6999999881
22585  43.098  -53.132  17.275 0.3000000119
21681  43.486  -53.831  17.776 0.3000000119
114112  32.463  -47.602  12.859 0.6999999881
22584  43.847  -53.237  17.499 0.3000000119
22596  42.621  -52.471  16.818 0.3000000119
22537  33.752  -51.883  20.501 0.5000000000
25021  32.528  -49.868  20.390 0.5000000000
23425  32.338  -51.464  20.626 0.5000000000
23423  33.926  -51.038  20.468 0.4000000060
96467  30.376  -55.785  16.889 0.4000000060
18322  30.060  -57.292  15.009 0.5000000000
111012  32.930  -50.180  20.572 0.4000000060
24259  33.343  -50.524  20.582 0.5000000000
24261  31.891  -50.293  20.190 0.5000000000
18323  29.830  -57.534  14.698 0.4000000060
17546  29.042  -58.693  15.088 0.4000000060
19112  30.287  -56.650  16.094 0.5000000000
24272  31.510  -50.158  19.371 0.4000000060
112712  28.517  -59.264  15.471 0.4000000060
18332  30.181  -57.055  14.223 0.4000000060
19919  30.288  -55.724  15.566 0.5000000000
19117  30.257  -56.458  14.494 0.4000000060
97186  30.367  -54.961  16.439 0.5000000000
22603  30.630  -52.556  16.506 0.4000000060
22592  30.555  -52.414  17.622 0.4000000060
110198  30.449  -53.043  17.197 0.4000000060
101603  28.233  -58.499  15.463 0.4000000060
19113  26.519  -56.692  16.701 0.4000000060
19126  30.139  -56.470  13.924 0.4000000060
99903  26.684  -55.470  16.161 0.4000000060
19925  30.153  -55.644  14.489 0.5000000000
19125  30.250  -56.664  13.974 0.4000000060
20823  27.685  -54.608  15.487 0.4000000060
96924  30.081  -54.998  15.164 0.5000000000
21701  28.103  -53.705  15.409 0.4000000060
21702  26.982  -54.012  15.987 0.4000000060
20814  30.238  -54.226  15.720 0.5000000000
22612  30.497  -52.635  15.654 0.5000000000
22614  27.937  -52.705  15.610 0.4000000060
23492  27.823  -51.733  15.640 0.4000000060
21692  30.430  -53.416  16.255 0.5000000000
23467  30.789  -51.813  16.942 0.5000000000
18317  26.705  -57.551  16.528 0.4000000060
19120  26.851  -56.206  16.068 0.4000000060
18324  28.839  -57.804  14.887 0.4000000060
19927  27.383  -55.527  15.609 0.4000000060
106061  30.157  -55.344  14.358 0.5000000000
108796  29.898  -55.473  14.241 0.4000000060
20821  29.779  -54.533  15.076 0.5000000000
20822  28.769  -54.518  14.946 0.4000000060
21699  30.068  -53.606  15.493 0.5000000000
23477  31.027  -51.968  15.848 0.6000000238
23476  31.284  -51.461  16.214 0.6000000238
18326  27.038  -57.142  16.027 0.4000000060
19127  29.372  -56.193  14.473 0.4000000060
19119  27.616  -56.545  15.531 0.4000000060
19926  28.387  -55.918  15.067 0.4000000060
19934  28.874  -55.296  14.735 0.4000000060
21705  29.613  -54.007  15.174 0.5000000000
21707  29.115  -53.963  14.912 0.4000000060
21700  28.831  -53.181  15.192 0.4000000060
108269  28.575  -52.443  15.374 0.4000000060
24319  31.633  -50.774  15.187 0.6000000238
23488  31.350  -51.381  15.494 0.6000000238
23489  30.831  -51.836  15.272 0.6000000238
18325  27.896  -57.531  15.495 0.4000000060
98884  28.284  -55.148  15.157 0.4000000060
20825  29.569  -54.943  14.816 0.5000000000
20826  29.525  -54.896  14.714 0.5000000000
21706  29.303  -54.200  15.001 0.5000000000
22621  29.292  -53.454  15.112 0.5000000000
22619  30.061  -52.880  15.299 0.5000000000
101318  29.519  -53.504  15.182 0.5000000000
22620  29.750  -52.789  15.195 0.5000000000
22613  29.270  -52.682  15.194 0.4000000060
23491  28.869  -51.849  15.290 0.5000000000
102660  28.332  -51.125  15.408 0.4000000060
23498  31.336  -51.191  14.995 0.6000000238
23499  30.916  -51.560  14.951 0.6000000238
99299  30.372  -52.067  15.138 0.5000000000
23490  29.743  -52.020  15.101 0.5000000000
23500  30.372  -51.461  14.897 0.6000000238
103635  31.689  -50.436  14.639 0.6000000238
26639  30.061  -47.510  14.116 0.5000000000
25876  30.352  -48.476  14.156 0.6000000238
25884  31.496  -49.242  13.848 0.6000000238
25094  30.460  -49.390  14.315 0.6000000238
25095  29.384  -49.344  14.671 0.5000000000
24332  29.298  -50.149  14.865 0.5000000000
24330  31.048  -51.009  14.705 0.6000000238
24331  30.239  -50.681  14.701 0.5000000000
24320  29.345  -51.091  15.070 0.5000000000
24321  28.354  -50.362  15.283 0.5000000000
27351  30.567  -46.845  13.571 0.5000000000
26654  31.232  -48.146  13.528 0.6000000238
107115  30.077  -49.962  14.561 0.6000000238
113724  31.289  -49.730  14.146 0.6000000238
102744  31.488  -50.899  19.814 0.4000000060
23452  31.165  -50.892  18.713 0.4000000060
25049  31.511  -49.356  18.992 0.5000000000
95989  31.032  -50.229  14.376 0.6000000238
23424  33.132  -51.311  20.669 0.5000000000
102442  32.034  -52.062  20.658 0.5000000000
105843  31.908  -50.940  20.395 0.5000000000
17553  29.614  -57.771  14.812 0.4000000060
18334  29.552  -57.059  14.513 0.4000000060
20815  26.792  -54.812  15.997 0.4000000060
19118  28.572  -56.869  14.915 0.4000000060
17548  27.250  -58.199  16.091 0.4000000060
19920  26.427  -55.789  16.673 0.3000000119
98010  27.115  -53.095  16.174 0.3000000119
19921  26.245  -55.005  16.603 0.3000000119
22615  26.984  -52.136  16.225 0.3000000119
20816  26.221  -54.232  16.505 0.3000000119
21693  26.188  -53.434  16.515 0.3000000119
17545  29.429  -58.637  15.185 0.4000000060
18333  30.112  -57.113  14.198 0.4000000060
19932  30.079  -55.931  13.926 0.4000000060
19933  29.928  -55.602  14.007 0.4000000060
21709  37.720  -53.193  13.134 0.6000000238
22618  36.799  -52.752  14.409 0.4000000060
24260  32.552  -50.644  20.554 0.4000000060
24295  43.090  -51.430  17.539 0.3000000119
24333  40.610  -50.685  12.814 0.6000000238
24336  40.344  -50.793  12.536 0.6000000238
24337  39.609  -51.009  12.520 0.6999999881
25098  40.370  -50.201  12.692 0.6000000238
25801  36.068  -48.224  20.077 0.8000000119
25846  31.589  -48.508  17.545 0.6999999881
26584  38.293  -47.005  19.200 0.6999999881
26653  32.452  -48.151  13.269 0.6999999881
27324  32.179  -46.198  16.696 0.8000000119
28746  35.866  -44.885  11.820 1.0000000000
28755  36.317  -45.028  11.134 0.8999999762
29346  35.102  -43.840  19.669 0.6999999881
29373  33.578  -44.033  16.394 1.0000000000
29406  37.221  -44.060  11.736 1.0000000000
30092  38.097  -42.675  12.215 1.0000000000
30844  36.846  -41.379  20.389 0.6999999881
30852  40.332  -41.686  20.016 0.6000000238
30914  38.349  -41.539  11.584 1.0000000000
31742  38.205  -40.715  20.486 0.6999999881
31749  39.521  -40.260  19.899 0.6000000238
31751  37.159  -40.232  19.799 0.8000000119
31774  41.762  -40.124  18.058 0.5000000000
32660  41.106  -39.639  18.419 0.6000000238
32678  36.420  -39.505  17.673 0.8000000119
32712  37.405  -39.911  13.167 1.0000000000
32725  32.605  -39.535  12.463 0.8000000119
33427  38.796  -38.905  19.235 0.6999999881
33493  37.477  -38.848  12.309 1.0000000000
33511  32.782  -37.952  12.112 0.6999999881
33523  36.485  -38.972  9.434 0.8999999762
34274  38.030  -38.007  18.093 0.6999999881
34286  36.971  -37.882  17.125 0.8000000119
34308  36.510  -37.841  15.256 0.6999999881
34335  36.692  -37.422  13.672 0.8000000119
34377  32.825  -36.961  10.983 0.6999999881
34398  40.230  -37.344  6.816 0.8999999762
34402  36.467  -37.515  7.809 0.8999999762
35122  38.919  -36.749  16.987 0.6999999881
35142  37.356  -36.193  15.811 0.6999999881
35148  42.313  -37.067  14.034 0.5000000000
35177  36.969  -36.453  12.824 0.8000000119
35213  32.881  -36.177  9.857 0.5000000000
35235  39.517  -37.628  6.624 0.6999999881
35960  38.811  -35.701  16.197 0.6999999881
35972  36.952  -35.879  15.167 0.6999999881
36056  41.120  -36.090  6.489 0.6999999881
36961  39.146  -34.088  14.792 0.6000000238
36978  43.805  -34.157  12.171 0.3000000119
37026  39.322  -35.443  8.682 0.6999999881
38061  39.214  -33.052  13.822 0.5000000000
38140  43.244  -34.401  5.507 0.4000000060
38148  44.802  -33.685  4.082 0.4000000060
38151  42.394  -35.028  5.481 0.5000000000
39114  38.827  -33.141  9.904 0.5000000000
39120  39.707  -33.177  8.728 0.5000000000
39157  44.844  -33.304  3.621 0.3000000119
39973  39.740  -31.565  12.279 0.5000000000
39992  39.658  -31.543  10.480 0.5000000000
40030  36.478  -31.255  6.188 0.4000000060
40043  45.623  -32.002  3.620 0.3000000119
40045  45.411  -31.570  3.150 0.3000000119
40046  44.781  -31.931  3.046 0.4000000060
41807  43.697  -29.263  11.842 0.3000000119
43757  33.024  -28.087  3.949 0.3000000119
43768  33.491  -27.604  3.830 0.3000000119
44643  33.842  -26.776  3.763 0.3000000119
99161  44.797  -31.610  4.687 0.3000000119
99624  30.342  -54.197  16.703 0.5000000000
102628  36.767  -41.209  15.285 1.0000000000
103427  31.386  -44.139  12.207 0.6000000238
104332  36.853  -45.099  21.006 0.8000000119
105121  35.320  -44.792  10.945 0.8999999762
106857  37.759  -42.708  12.949 1.0000000000
107059  39.121  -39.229  7.773 1.0000000000
107190  34.514  -43.321  17.763 1.0000000000
111005  36.687  -39.449  10.061 1.0000000000
112414  37.196  -52.453  13.804 0.5000000000
114350  33.812  -26.553  3.851 0.3000000119
114594  37.987  -38.517  7.011 0.8999999762
114674  43.465  -42.899  17.177 0.4000000060
115188  36.094  -42.016  19.699 0.6999999881
115349  36.505  -38.661  16.191 0.8000000119
115768  41.523  -35.652  5.720 0.6999999881
116040  39.036  -42.977  20.824 0.8000000119
