#!ascii label  , from subject sub-v1s7x0051325_ses-1 vox2ras=TkReg
208
13683  35.621  -62.776  37.828 0.0000000000
11812  36.555  -66.853  27.452 0.0000000000
102715  39.354  -65.265  35.048 0.0000000000
116303  35.621  -64.166  32.455 0.0000000000
112858  43.745  -66.070  29.554 0.0000000000
98525  41.444  -64.561  32.436 0.0000000000
108216  42.998  -66.541  30.822 0.0000000000
13119  36.467  -64.634  29.792 0.0000000000
100154  33.672  -61.933  31.988 0.0000000000
13027  36.971  -64.787  36.628 0.0000000000
12398  37.428  -64.962  33.420 0.0000000000
13101  38.953  -64.623  30.762 0.0000000000
11800  40.034  -66.564  28.756 0.0000000000
9918  42.007  -69.386  27.843 0.0000000000
96730  37.357  -61.280  38.705 0.0000000000
96566  38.101  -64.310  38.740 0.0000000000
12349  39.363  -65.692  37.767 0.0000000000
14397  33.585  -61.908  34.443 0.0000000000
11755  42.943  -65.521  31.843 0.0000000000
12456  36.480  -65.766  28.738 0.0000000000
13760  35.161  -63.913  29.710 0.0000000000
12370  37.966  -65.308  35.677 0.0000000000
13053  39.238  -64.832  33.774 0.0000000000
13097  43.079  -64.908  30.551 0.0000000000
98886  39.838  -64.585  31.383 0.0000000000
12442  41.279  -65.152  29.736 0.0000000000
12444  38.947  -65.440  29.647 0.0000000000
11799  41.249  -66.437  28.782 0.0000000000
9919  40.732  -69.334  27.522 0.0000000000
13002  39.619  -64.941  38.957 0.0000000000
12350  38.550  -65.271  37.860 0.0000000000
12338  39.959  -65.634  38.354 0.0000000000
110053  35.224  -64.004  33.529 0.0000000000
13725  34.622  -63.330  33.630 0.0000000000
15801  32.933  -60.798  31.040 0.0000000000
106771  33.007  -60.673  32.776 0.0000000000
13052  40.603  -64.777  34.212 0.0000000000
101379  40.429  -64.602  33.656 0.0000000000
12396  41.707  -64.916  33.252 0.0000000000
11754  43.215  -65.066  31.630 0.0000000000
11766  44.199  -65.873  30.088 0.0000000000
13086  35.847  -64.031  31.107 0.0000000000
13743  34.872  -63.268  31.812 0.0000000000
13752  35.514  -63.855  30.395 0.0000000000
14430  33.582  -62.265  30.212 0.0000000000
11140  36.756  -67.427  26.775 0.0000000000
13019  36.218  -64.267  37.027 0.0000000000
13041  36.448  -64.849  34.749 0.0000000000
13054  36.717  -64.798  33.161 0.0000000000
13067  39.203  -64.726  32.810 0.0000000000
95884  37.948  -64.837  32.137 0.0000000000
111217  37.333  -64.588  31.473 0.0000000000
13117  38.427  -65.003  30.135 0.0000000000
11786  38.413  -66.068  29.117 0.0000000000
101188  37.857  -66.594  28.504 0.0000000000
112261  43.329  -68.311  28.438 0.0000000000
11127  41.186  -67.871  28.074 0.0000000000
11128  39.986  -67.814  27.826 0.0000000000
11130  37.943  -67.472  27.470 0.0000000000
15722  36.944  -60.702  38.186 0.0000000000
105415  36.855  -61.921  38.891 0.0000000000
13664  37.799  -62.785  39.279 0.0000000000
103556  36.963  -63.487  38.565 0.0000000000
13018  37.870  -64.751  38.071 0.0000000000
12359  38.433  -65.380  36.324 0.0000000000
12358  39.261  -65.717  36.219 0.0000000000
11716  39.805  -66.070  35.966 0.0000000000
12367  40.024  -65.622  35.057 0.0000000000
112500  33.580  -61.789  32.713 0.0000000000
14359  35.451  -62.120  37.923 0.0000000000
110062  35.148  -61.694  37.683 0.0000000000
11802  36.917  -66.448  28.292 0.0000000000
12457  35.646  -65.442  28.458 0.0000000000
12382  38.357  -65.287  34.987 0.0000000000
12381  39.278  -65.031  34.526 0.0000000000
12440  43.818  -65.353  30.011 0.0000000000
13114  41.921  -64.782  30.328 0.0000000000
11782  43.079  -65.556  29.530 0.0000000000
11783  41.908  -65.701  29.333 0.0000000000
11798  42.832  -66.375  28.956 0.0000000000
9346  40.172  -70.731  27.547 0.0000000000
97969  35.550  -64.245  33.076 0.0000000000
13733  35.108  -63.700  32.706 0.0000000000
16594  32.388  -59.199  32.001 0.0000000000
13051  41.131  -64.732  33.879 0.0000000000
11767  43.563  -65.659  30.819 0.0000000000
11089  44.200  -66.590  30.181 0.0000000000
13104  36.214  -64.262  30.446 0.0000000000
97915  35.813  -64.209  29.933 0.0000000000
14434  33.934  -62.957  29.845 0.0000000000
13028  36.244  -64.569  36.129 0.0000000000
111923  37.388  -64.857  32.794 0.0000000000
13065  41.343  -64.663  33.181 0.0000000000
13066  40.355  -64.579  32.426 0.0000000000
13100  40.135  -64.659  30.756 0.0000000000
13083  39.037  -64.669  31.723 0.0000000000
13084  38.065  -64.539  31.177 0.0000000000
13102  37.865  -64.657  30.533 0.0000000000
11785  39.469  -66.017  29.185 0.0000000000
11801  38.911  -66.712  28.540 0.0000000000
8233  42.544  -72.421  29.110 0.0000000000
9344  42.523  -71.036  28.228 0.0000000000
9334  43.209  -70.947  28.721 0.0000000000
9917  42.971  -70.139  28.287 0.0000000000
10474  43.121  -69.182  28.313 0.0000000000
11126  42.303  -67.874  28.267 0.0000000000
10475  41.989  -68.578  28.004 0.0000000000
111448  39.634  -69.217  27.366 0.0000000000
10477  39.838  -68.592  27.516 0.0000000000
110193  39.162  -68.131  27.538 0.0000000000
11138  38.420  -68.028  27.192 0.0000000000
102258  37.965  -60.670  38.087 0.0000000000
15030  36.456  -61.368  38.474 0.0000000000
12985  38.557  -63.847  39.251 0.0000000000
114251  38.313  -63.181  39.372 0.0000000000
13681  37.681  -63.531  39.025 0.0000000000
13004  37.354  -64.114  38.363 0.0000000000
99122  38.884  -65.544  37.076 0.0000000000
11721  40.172  -66.405  35.715 0.0000000000
14421  34.214  -62.620  31.696 0.0000000000
14413  33.941  -62.347  32.639 0.0000000000
15783  32.726  -60.017  33.259 0.0000000000
12446  36.950  -65.318  29.399 0.0000000000
13120  35.609  -64.508  29.418 0.0000000000
12360  37.637  -65.118  36.272 0.0000000000
12361  37.008  -65.005  35.618 0.0000000000
113810  37.640  -65.239  35.260 0.0000000000
99174  38.082  -65.108  34.072 0.0000000000
13098  42.437  -64.708  31.168 0.0000000000
13082  40.824  -64.565  31.609 0.0000000000
13099  41.296  -64.632  30.928 0.0000000000
13115  40.659  -64.847  30.206 0.0000000000
13116  39.508  -64.979  30.207 0.0000000000
12443  40.045  -65.356  29.702 0.0000000000
11784  40.606  -65.857  29.229 0.0000000000
96510  41.776  -70.197  27.777 0.0000000000
98501  40.761  -70.217  27.543 0.0000000000
9920  39.868  -69.911  27.430 0.0000000000
13003  38.849  -64.591  38.952 0.0000000000
112793  38.467  -64.863  38.431 0.0000000000
12339  39.086  -65.245  38.426 0.0000000000
14396  34.033  -62.616  34.086 0.0000000000
15093  33.305  -61.406  31.493 0.0000000000
15087  33.320  -61.307  32.325 0.0000000000
15792  32.971  -60.729  31.919 0.0000000000
15793  32.654  -60.027  32.405 0.0000000000
12397  40.071  -64.749  34.274 0.0000000000
97210  42.068  -64.725  32.598 0.0000000000
12411  42.515  -64.998  32.500 0.0000000000
13080  42.755  -64.774  31.962 0.0000000000
110416  43.158  -64.909  31.300 0.0000000000
13069  36.039  -64.344  31.906 0.0000000000
13732  35.467  -63.824  31.818 0.0000000000
13742  35.226  -63.503  31.063 0.0000000000
109333  34.659  -63.051  31.098 0.0000000000
13753  34.700  -63.356  30.302 0.0000000000
14422  33.645  -62.120  31.109 0.0000000000
100160  33.274  -61.499  30.594 0.0000000000
113222  32.710  -60.206  30.762 0.0000000000
13694  35.867  -63.550  37.545 0.0000000000
14378  35.309  -63.176  37.251 0.0000000000
13702  35.512  -63.736  36.826 0.0000000000
103139  36.087  -64.528  32.766 0.0000000000
12412  38.181  -64.918  33.146 0.0000000000
13068  36.821  -64.697  32.181 0.0000000000
13085  36.648  -64.360  31.186 0.0000000000
13103  37.001  -64.526  30.440 0.0000000000
13118  37.447  -64.874  29.956 0.0000000000
12445  37.917  -65.473  29.590 0.0000000000
12455  37.409  -65.986  28.991 0.0000000000
11811  37.434  -66.990  27.841 0.0000000000
11101  44.444  -67.437  29.700 0.0000000000
8232  42.955  -71.955  28.950 0.0000000000
11113  44.264  -67.824  28.962 0.0000000000
11114  43.290  -67.388  28.613 0.0000000000
11115  41.844  -67.184  28.465 0.0000000000
11116  40.591  -67.181  28.392 0.0000000000
10476  40.816  -68.477  27.691 0.0000000000
11117  39.639  -67.171  28.325 0.0000000000
11129  38.865  -67.510  27.873 0.0000000000
11810  38.189  -67.099  28.071 0.0000000000
11131  37.213  -67.346  27.262 0.0000000000
116392  36.666  -60.292  37.682 0.0000000000
14358  36.159  -62.217  38.445 0.0000000000
13663  39.079  -63.220  39.483 0.0000000000
14340  37.614  -62.024  39.210 0.0000000000
13665  37.002  -62.734  38.935 0.0000000000
13682  36.320  -63.125  38.295 0.0000000000
13005  36.588  -63.884  37.901 0.0000000000
107070  37.107  -64.512  37.544 0.0000000000
12351  37.923  -65.030  37.120 0.0000000000
12369  38.870  -65.436  35.602 0.0000000000
12368  39.607  -65.553  35.334 0.0000000000
12380  40.085  -65.059  34.694 0.0000000000
14412  34.479  -62.994  32.627 0.0000000000
14406  34.146  -62.662  33.299 0.0000000000
14407  33.664  -62.012  33.473 0.0000000000
15782  33.056  -60.629  33.588 0.0000000000
11100  44.488  -66.656  29.639 0.0000000000
12431  43.478  -65.278  30.709 0.0000000000
12441  42.637  -65.043  29.855 0.0000000000
13081  41.933  -64.550  31.873 0.0000000000
14429  34.100  -62.730  30.699 0.0000000000
15802  32.649  -60.094  31.519 0.0000000000
99525  33.334  -61.285  33.137 0.0000000000
99978  37.376  -64.452  30.919 0.0000000000
100201  41.347  -68.902  27.671 0.0000000000
114158  43.081  -71.560  28.864 0.0000000000
