#!ascii label  , from subject sub-v1s7x0051325_ses-1 vox2ras=TkReg
1490
112508  40.213  -75.424  24.200 0.2000000030
7226  39.493  -75.066  24.727 0.2000000030
7242  40.157  -74.571  23.989 0.2000000030
7758  42.033  -73.698  23.255 0.1000000015
7227  38.862  -74.408  24.873 0.3000000119
7760  39.468  -73.656  23.986 0.2000000030
7241  40.769  -75.290  23.626 0.1000000015
7759  40.472  -73.669  23.612 0.1000000015
107039  41.361  -73.549  23.409 0.1000000015
8313  41.843  -72.914  23.268 0.1000000015
109035  41.935  -71.875  22.845 0.1000000015
110361  42.758  -70.800  22.648 0.1000000015
8312  42.095  -72.240  22.953 0.1000000015
8878  42.518  -71.604  22.629 0.1000000015
10535  43.450  -69.488  22.734 0.2000000030
9407  42.959  -71.100  22.574 0.1000000015
96967  39.321  -71.560  22.896 0.1000000015
8880  39.974  -71.191  22.645 0.1000000015
8315  39.782  -72.863  23.553 0.2000000030
8862  41.456  -72.299  23.050 0.1000000015
8314  40.867  -72.897  23.330 0.1000000015
9408  41.904  -71.155  22.621 0.1000000015
10536  42.119  -69.169  22.453 0.1000000015
11187  43.581  -67.800  23.016 0.2000000030
106579  42.927  -68.486  22.592 0.2000000030
112760  43.696  -66.083  23.669 0.1000000015
12501  44.863  -65.045  24.862 0.2000000030
12500  45.186  -64.794  24.800 0.1000000015
13162  45.334  -64.165  25.076 0.1000000015
9409  40.764  -70.696  22.461 0.1000000015
9969  40.373  -69.791  22.310 0.1000000015
9968  41.710  -70.138  22.446 0.1000000015
12502  44.080  -65.255  24.491 0.2000000030
13164  44.526  -64.466  25.292 0.2000000030
13806  44.692  -62.883  25.856 0.2000000030
13163  45.082  -64.306  25.419 0.2000000030
14499  45.007  -63.142  25.213 0.1000000015
14517  45.150  -63.244  23.937 0.2000000030
97161  40.964  -69.185  22.284 0.1000000015
114319  41.252  -68.693  22.291 0.1000000015
11189  41.584  -68.112  22.268 0.2000000030
11867  42.047  -66.450  22.588 0.2000000030
12522  42.701  -65.963  23.128 0.3000000119
14500  44.418  -62.525  25.540 0.3000000119
14518  44.694  -62.817  24.550 0.2000000030
14525  44.479  -62.700  23.131 0.2000000030
13866  45.313  -63.363  21.969 0.2000000030
12512  43.020  -65.232  23.745 0.3000000119
11188  42.404  -67.442  22.477 0.2000000030
14477  44.068  -62.034  26.030 0.3000000119
15166  43.828  -61.712  25.745 0.3000000119
15168  42.449  -61.045  25.144 0.3000000119
103151  43.141  -61.635  24.770 0.3000000119
108604  43.055  -61.829  23.335 0.2000000030
99036  44.673  -62.781  21.993 0.2000000030
14533  44.586  -62.626  21.190 0.2000000030
15149  42.940  -60.084  26.003 0.4000000060
14478  43.531  -61.597  26.287 0.3000000119
15147  43.594  -61.306  26.106 0.3000000119
13175  43.454  -64.604  24.720 0.2000000030
13826  43.652  -63.320  25.932 0.2000000030
15183  42.275  -61.448  23.642 0.3000000119
100740  43.653  -62.230  22.916 0.2000000030
15194  42.402  -61.410  22.507 0.2000000030
15192  43.895  -62.377  21.910 0.2000000030
15862  41.888  -60.222  25.478 0.3000000119
15167  43.411  -60.907  25.939 0.3000000119
15886  41.640  -60.799  22.528 0.2000000030
15201  42.038  -61.427  21.420 0.2000000030
105033  42.025  -61.070  21.964 0.2000000030
15211  41.811  -61.746  20.629 0.1000000015
102370  42.507  -61.471  21.846 0.2000000030
15210  42.579  -61.917  20.737 0.2000000030
15200  43.063  -61.907  21.319 0.2000000030
14534  43.900  -62.345  20.992 0.2000000030
16680  40.402  -59.796  24.825 0.3000000119
101151  40.285  -59.900  23.058 0.3000000119
16692  40.194  -58.868  22.314 0.2000000030
15887  41.012  -60.212  22.709 0.3000000119
16691  40.749  -59.255  22.132 0.2000000030
15874  41.515  -60.941  23.948 0.3000000119
16690  41.143  -59.823  22.068 0.1000000015
15897  40.993  -60.048  21.640 0.1000000015
15213  40.292  -61.324  20.331 0.1000000015
15906  40.595  -60.731  21.045 0.1000000015
15898  40.390  -59.780  21.367 0.1000000015
15212  40.972  -61.550  20.476 0.1000000015
16681  39.578  -59.519  23.540 0.2000000030
17481  39.281  -58.690  22.737 0.2000000030
17490  39.205  -57.810  22.352 0.2000000030
18264  39.012  -57.258  22.116 0.1000000015
17489  39.862  -58.177  22.092 0.1000000015
18263  39.513  -57.648  22.010 0.1000000015
17488  40.340  -58.696  22.020 0.1000000015
16701  40.740  -59.253  21.900 0.1000000015
16709  39.535  -59.727  21.062 0.1000000015
15907  39.751  -60.726  20.586 0.1000000015
16672  38.823  -58.932  24.070 0.2000000030
18276  39.113  -57.299  21.925 0.1000000015
18277  38.680  -57.154  21.577 0.1000000015
17495  39.845  -58.223  21.864 0.1000000015
16703  39.231  -58.800  21.232 0.1000000015
16702  40.154  -58.957  21.621 0.1000000015
17503  38.244  -58.472  20.956 0.1000000015
16710  38.730  -59.710  20.679 0.1000000015
19080  37.916  -56.655  21.154 0.1000000015
16711  38.172  -59.265  20.494 0.1000000015
99950  38.284  -59.943  19.800 0.1000000015
19073  38.047  -55.948  21.717 0.1000000015
8863  40.224  -72.104  23.033 0.1000000015
11856  44.762  -66.662  23.721 0.1000000015
13028  36.244  -64.569  36.129 0.5000000000
107070  37.107  -64.512  37.544 0.5000000000
13019  36.218  -64.267  37.027 0.5000000000
13702  35.512  -63.736  36.826 0.5000000000
13003  38.849  -64.591  38.952 0.2000000030
112793  38.467  -64.863  38.431 0.2000000030
96566  38.101  -64.310  38.740 0.3000000119
13018  37.870  -64.751  38.071 0.3000000119
13004  37.354  -64.114  38.363 0.5000000000
13005  36.588  -63.884  37.901 0.5000000000
13682  36.320  -63.125  38.295 0.5000000000
13694  35.867  -63.550  37.545 0.5000000000
13683  35.621  -62.776  37.828 0.5000000000
14378  35.309  -63.176  37.251 0.5000000000
13711  35.223  -63.792  36.092 0.5000000000
13703  34.935  -63.205  36.636 0.5000000000
13720  35.040  -63.901  35.268 0.5000000000
103139  36.087  -64.528  32.766 0.5000000000
12985  38.557  -63.847  39.251 0.3000000119
13681  37.681  -63.531  39.025 0.3000000119
103556  36.963  -63.487  38.565 0.5000000000
14370  34.899  -62.391  37.287 0.5000000000
13712  34.639  -63.256  35.792 0.5000000000
13721  34.426  -63.214  34.792 0.5000000000
13117  38.427  -65.003  30.135 0.4000000060
13102  37.865  -64.657  30.533 0.5000000000
111217  37.333  -64.588  31.473 0.5000000000
110053  35.224  -64.004  33.529 0.5000000000
12444  38.947  -65.440  29.647 0.4000000060
12984  39.492  -64.086  39.403 0.3000000119
114251  38.313  -63.181  39.372 0.4000000060
13664  37.799  -62.785  39.279 0.4000000060
13665  37.002  -62.734  38.935 0.5000000000
105415  36.855  -61.921  38.891 0.5000000000
14358  36.159  -62.217  38.445 0.5000000000
14359  35.451  -62.120  37.923 0.5000000000
15031  35.674  -61.503  38.118 0.5000000000
110062  35.148  -61.694  37.683 0.5000000000
14379  34.436  -62.552  36.376 0.5000000000
111879  35.089  -63.978  34.331 0.6000000238
13069  36.039  -64.344  31.906 0.5000000000
97969  35.550  -64.245  33.076 0.5000000000
13725  34.622  -63.330  33.630 0.5000000000
11785  39.469  -66.017  29.185 0.4000000060
14356  43.284  -62.234  38.090 0.1000000015
95756  42.547  -61.552  37.945 0.1000000015
14335  42.302  -62.469  38.713 0.1000000015
15026  41.866  -60.835  37.850 0.1000000015
14336  41.404  -62.681  39.198 0.1000000015
14357  41.444  -61.794  38.552 0.1000000015
15027  40.878  -61.063  38.104 0.1000000015
13662  39.984  -63.263  39.533 0.2000000030
98861  40.619  -62.532  39.281 0.1000000015
13663  39.079  -63.220  39.483 0.3000000119
14339  38.618  -62.332  39.369 0.4000000060
15030  36.456  -61.368  38.474 0.5000000000
15723  35.995  -60.662  38.041 0.5000000000
15042  35.231  -61.008  37.699 0.5000000000
14387  34.103  -62.562  35.547 0.5000000000
116303  35.621  -64.166  32.455 0.5000000000
13085  36.648  -64.360  31.186 0.5000000000
11116  40.591  -67.181  28.392 0.5000000000
15715  45.976  -61.014  39.004 0.1000000015
14354  45.696  -61.678  38.131 0.1000000015
15024  44.484  -61.473  37.902 0.1000000015
14355  44.067  -61.977  37.756 0.1000000015
96787  43.492  -61.460  37.789 0.1000000015
15025  42.867  -60.817  37.841 0.1000000015
15717  43.805  -60.851  37.955 0.1000000015
15720  39.761  -60.532  37.455 0.2000000030
16523  39.956  -59.725  37.074 0.2000000030
13661  40.865  -63.315  39.448 0.1000000015
14337  40.373  -61.768  38.864 0.1000000015
15019  39.476  -61.622  38.961 0.2000000030
15721  39.006  -60.632  37.750 0.2000000030
103490  39.423  -60.207  36.954 0.2000000030
15747  39.220  -59.620  36.697 0.2000000030
14338  39.680  -62.443  39.369 0.2000000030
15029  38.500  -61.276  38.772 0.3000000119
102258  37.965  -60.670  38.087 0.3000000119
15722  36.944  -60.702  38.186 0.5000000000
14396  34.033  -62.616  34.086 0.5000000000
116392  36.666  -60.292  37.682 0.4000000060
14413  33.941  -62.347  32.639 0.5000000000
14406  34.146  -62.662  33.299 0.5000000000
13743  34.872  -63.268  31.812 0.5000000000
14412  34.479  -62.994  32.627 0.5000000000
15043  34.651  -61.390  37.230 0.5000000000
13086  35.847  -64.031  31.107 0.5000000000
13732  35.467  -63.824  31.818 0.5000000000
14397  33.585  -61.908  34.443 0.5000000000
12445  37.917  -65.473  29.590 0.5000000000
13103  37.001  -64.526  30.440 0.5000000000
13733  35.108  -63.700  32.706 0.5000000000
11800  40.034  -66.564  28.756 0.4000000060
100252  45.159  -60.109  40.143 0.1000000015
15716  44.890  -60.871  38.661 0.1000000015
105694  44.584  -59.931  39.682 0.1000000015
15704  43.514  -59.844  39.419 0.1000000015
17257  43.033  -58.007  40.986 0.1000000015
114774  43.961  -60.500  38.742 0.1000000015
109625  43.133  -60.448  38.207 0.1000000015
15705  42.470  -59.950  39.038 0.1000000015
15718  42.007  -60.270  37.940 0.1000000015
16521  41.225  -59.865  37.736 0.1000000015
16522  40.609  -59.833  37.455 0.1000000015
15731  41.010  -60.333  37.626 0.1000000015
98382  40.265  -60.685  37.752 0.1000000015
15719  40.208  -60.257  37.262 0.2000000030
15732  38.494  -60.342  37.091 0.3000000119
15748  38.656  -60.036  36.477 0.2000000030
15749  37.982  -60.137  36.536 0.3000000119
15733  37.490  -60.330  37.468 0.4000000060
15782  33.056  -60.629  33.588 0.5000000000
15079  33.334  -61.257  33.971 0.5000000000
15734  36.130  -60.085  37.487 0.5000000000
16569  32.987  -59.131  34.192 0.5000000000
17332  33.599  -58.707  34.692 0.5000000000
16555  33.374  -59.796  34.926 0.5000000000
15070  33.381  -61.036  34.916 0.5000000000
15736  34.842  -60.621  37.267 0.5000000000
15735  35.438  -60.284  37.440 0.5000000000
17316  34.002  -59.079  35.417 0.5000000000
14388  33.654  -61.865  35.290 0.5000000000
114333  34.226  -61.384  36.623 0.5000000000
15063  33.637  -61.243  35.663 0.5000000000
15062  33.916  -61.822  36.122 0.5000000000
10476  40.816  -68.477  27.691 0.4000000060
11128  39.986  -67.814  27.826 0.4000000060
112071  41.241  -57.236  41.920 0.1000000015
17258  42.272  -57.840  41.223 0.1000000015
17265  41.671  -58.548  40.341 0.1000000015
16495  43.074  -58.894  40.269 0.1000000015
16496  42.051  -59.219  39.625 0.1000000015
16497  41.205  -59.289  39.078 0.1000000015
16506  41.616  -59.705  38.297 0.1000000015
16507  40.922  -59.520  37.934 0.1000000015
17274  39.650  -58.815  38.095 0.2000000030
17285  39.626  -59.011  36.984 0.2000000030
103885  40.356  -59.385  31.635 0.2000000030
97280  39.634  -59.137  31.582 0.2000000030
17390  38.989  -59.346  32.023 0.2000000030
16593  38.593  -59.767  32.700 0.2000000030
16579  38.523  -59.876  33.317 0.2000000030
17370  38.491  -58.833  32.153 0.2000000030
17371  37.694  -58.839  32.674 0.2000000030
16580  37.863  -59.602  33.176 0.2000000030
16567  37.289  -59.282  33.849 0.2000000030
110687  37.950  -59.717  33.656 0.3000000119
110719  37.024  -59.327  34.656 0.2000000030
16552  37.275  -59.578  35.250 0.4000000060
18149  36.952  -58.122  33.115 0.2000000030
17350  36.607  -58.364  33.750 0.3000000119
16568  36.367  -58.687  34.523 0.4000000060
98510  36.518  -59.536  36.163 0.5000000000
16538  36.871  -59.830  37.007 0.4000000060
18133  34.789  -57.100  33.921 0.5000000000
18108  34.412  -57.650  34.339 0.4000000060
17330  35.426  -57.908  34.369 0.4000000060
108850  35.455  -58.514  34.997 0.4000000060
17315  34.947  -58.883  35.578 0.5000000000
17314  36.167  -59.066  35.387 0.5000000000
16539  35.811  -59.703  36.973 0.5000000000
17331  34.463  -58.340  34.875 0.5000000000
109612  33.844  -59.757  35.723 0.5000000000
15762  33.628  -60.475  35.664 0.5000000000
15052  33.881  -60.973  36.237 0.5000000000
15751  34.380  -60.723  36.782 0.5000000000
18036  39.773  -57.262  41.825 0.1000000015
18052  40.523  -57.423  41.611 0.1000000015
18053  39.379  -57.824  40.967 0.1000000015
17260  40.091  -58.201  40.606 0.1000000015
17261  39.209  -58.286  40.021 0.1000000015
17267  39.772  -58.650  39.341 0.1000000015
17268  38.782  -58.242  38.961 0.1000000015
17273  40.429  -59.108  38.527 0.1000000015
17275  38.865  -58.421  37.698 0.2000000030
17299  39.008  -59.108  36.526 0.2000000030
16536  38.489  -59.546  36.049 0.2000000030
17368  40.495  -59.553  32.226 0.1000000015
17389  39.857  -59.635  32.213 0.2000000030
16592  39.369  -59.932  32.632 0.2000000030
16578  39.159  -60.099  33.081 0.2000000030
16537  38.155  -59.934  35.844 0.2000000030
17346  40.889  -59.252  32.316 0.1000000015
17369  39.736  -59.872  32.774 0.1000000015
17348  39.402  -59.899  33.200 0.1000000015
100752  37.793  -59.640  34.405 0.2000000030
16566  38.310  -59.653  33.856 0.1000000015
96957  37.580  -59.867  35.915 0.2000000030
16553  35.400  -59.363  36.228 0.5000000000
16554  34.456  -59.502  36.046 0.5000000000
15761  34.098  -60.184  36.269 0.5000000000
15750  34.829  -59.947  36.829 0.5000000000
113506  39.969  -57.180  42.207 0.1000000015
18038  38.113  -56.950  41.846 0.1000000015
18037  38.536  -57.415  41.215 0.1000000015
100224  37.691  -56.983  41.078 0.1000000015
18054  38.503  -57.818  40.118 0.1000000015
109746  37.817  -57.584  39.320 0.1000000015
18055  37.715  -57.241  40.304 0.1000000015
103606  37.999  -57.879  38.310 0.2000000030
18059  38.217  -57.910  37.314 0.2000000030
17286  38.825  -58.520  36.773 0.2000000030
17300  38.533  -58.656  35.961 0.2000000030
17347  40.179  -59.598  32.813 0.1000000015
16565  38.800  -59.856  33.460 0.1000000015
16550  38.117  -59.681  35.327 0.1000000015
16551  37.909  -59.745  35.179 0.2000000030
18830  37.772  -56.493  42.553 0.1000000015
19651  36.561  -55.332  42.289 0.1000000015
18845  37.253  -56.440  41.493 0.1000000015
18846  36.604  -55.724  41.476 0.1000000015
111040  36.682  -56.081  40.860 0.1000000015
115398  37.010  -56.757  39.579 0.1000000015
18855  37.093  -56.603  40.559 0.1000000015
18057  37.358  -57.132  38.677 0.1000000015
18866  37.061  -56.598  38.148 0.1000000015
18060  37.583  -57.280  37.805 0.1000000015
18065  38.334  -57.954  36.553 0.2000000030
100189  38.376  -58.296  35.284 0.1000000015
18128  42.313  -57.737  32.575 0.1000000015
18926  40.515  -57.113  32.962 0.1000000015
18130  40.324  -58.539  32.840 0.1000000015
18131  39.582  -59.056  33.352 0.1000000015
17313  38.354  -59.273  35.078 0.2000000030
18105  39.594  -57.576  33.282 0.1000000015
17328  38.967  -59.333  33.726 0.1000000015
17329  38.428  -59.520  34.154 0.1000000015
106768  38.105  -59.588  34.632 0.1000000015
20467  36.346  -54.439  42.430 0.1000000015
19663  36.222  -54.768  41.467 0.1000000015
102238  36.372  -55.417  40.715 0.1000000015
102369  36.837  -56.494  38.814 0.1000000015
18066  37.779  -57.337  36.890 0.2000000030
18876  37.539  -56.632  36.408 0.1000000015
18075  38.093  -57.531  35.976 0.2000000030
18884  37.789  -56.727  35.655 0.1000000015
18903  39.806  -56.260  33.407 0.1000000015
18904  38.915  -56.640  33.691 0.1000000015
18905  38.499  -57.066  34.389 0.1000000015
18087  38.192  -57.376  35.132 0.1000000015
18925  41.563  -56.715  32.962 0.1000000015
18106  38.912  -57.999  33.737 0.1000000015
18107  38.557  -58.484  34.467 0.1000000015
20477  36.122  -53.982  41.053 0.1000000015
96864  36.198  -54.650  40.539 0.1000000015
19674  36.244  -54.857  39.167 0.1000000015
18864  36.471  -55.824  39.194 0.1000000015
18871  36.747  -55.941  37.743 0.1000000015
18870  37.268  -56.597  37.322 0.1000000015
20562  39.156  -53.932  34.942 0.1000000015
19709  38.600  -54.816  34.366 0.1000000015
19710  37.852  -55.329  34.916 0.1000000015
19711  37.460  -55.822  35.772 0.1000000015
20589  39.619  -54.502  34.240 0.1000000015
18883  37.927  -56.355  34.993 0.1000000015
19732  40.224  -55.131  33.724 0.1000000015
19733  39.151  -55.476  33.789 0.1000000015
19734  38.405  -55.914  34.284 0.1000000015
19680  36.421  -55.290  38.285 0.1000000015
20523  36.550  -54.647  37.609 0.1000000015
19685  36.610  -55.297  37.451 0.1000000015
20522  36.862  -54.192  37.018 0.1000000015
19693  36.743  -54.887  36.848 0.1000000015
19684  37.012  -55.752  36.815 0.1000000015
20563  38.142  -54.319  35.120 0.1000000015
20540  37.794  -54.008  35.935 0.1000000015
19692  37.106  -55.123  36.231 0.1000000015
20564  37.490  -54.817  35.641 0.1000000015
115105  34.384  -61.925  36.752 0.5000000000
14340  37.614  -62.024  39.210 0.4000000060
96730  37.357  -61.280  38.705 0.4000000060
15703  45.429  -60.508  39.515 0.1000000015
15018  40.131  -61.233  38.382 0.2000000030
15028  39.555  -60.968  38.226 0.2000000030
14407  33.664  -62.012  33.473 0.5000000000
16494  43.934  -59.067  40.515 0.1000000015
17264  42.510  -58.366  40.603 0.1000000015
16508  40.247  -59.354  37.534 0.1000000015
15772  32.858  -59.935  34.049 0.5000000000
114169  33.158  -60.546  34.305 0.5000000000
16570  32.709  -59.426  33.625 0.5000000000
17259  41.311  -57.727  41.262 0.1000000015
17266  40.680  -58.794  39.969 0.1000000015
17349  37.274  -58.939  33.218 0.2000000030
18132  36.028  -57.313  33.660 0.5000000000
110215  37.333  -57.798  32.680 0.2000000030
109265  39.092  -57.161  42.081 0.1000000015
17345  41.822  -58.977  32.237 0.1000000015
18129  41.248  -58.085  32.610 0.1000000015
18831  37.005  -56.033  42.167 0.1000000015
19650  37.119  -55.821  42.928 0.1000000015
18856  36.544  -56.020  40.137 0.1000000015
19667  36.266  -55.228  39.930 0.1000000015
18867  36.638  -56.041  38.440 0.1000000015
18902  40.887  -55.915  33.397 0.1000000015
105906  36.245  -54.533  39.850 0.1000000015
20541  37.192  -54.454  36.351 0.1000000015
21447  38.761  -53.675  35.810 0.1000000015
106775  40.181  -54.063  35.228 0.1000000015
12357  39.836  -65.996  36.977 0.1000000015
12358  39.261  -65.717  36.219 0.1000000015
99122  38.884  -65.544  37.076 0.1000000015
12350  38.550  -65.271  37.860 0.1000000015
12349  39.363  -65.692  37.767 0.1000000015
12339  39.086  -65.245  38.426 0.1000000015
11716  39.805  -66.070  35.966 0.2000000030
12368  39.607  -65.553  35.334 0.2000000030
12380  40.085  -65.059  34.694 0.2000000030
12359  38.433  -65.380  36.324 0.1000000015
102715  39.354  -65.265  35.048 0.2000000030
12369  38.870  -65.436  35.602 0.2000000030
12351  37.923  -65.030  37.120 0.3000000119
12360  37.637  -65.118  36.272 0.3000000119
12370  37.966  -65.308  35.677 0.2000000030
13052  40.603  -64.777  34.212 0.2000000030
12397  40.071  -64.749  34.274 0.2000000030
11755  42.943  -65.521  31.843 0.1000000015
13027  36.971  -64.787  36.628 0.3000000119
12411  42.515  -64.998  32.500 0.1000000015
13051  41.131  -64.732  33.879 0.1000000015
12382  38.357  -65.287  34.987 0.2000000030
113810  37.640  -65.239  35.260 0.2000000030
12396  41.707  -64.916  33.252 0.2000000030
12381  39.278  -65.031  34.526 0.2000000030
13065  41.343  -64.663  33.181 0.2000000030
11767  43.563  -65.659  30.819 0.1000000015
11754  43.215  -65.066  31.630 0.1000000015
101379  40.429  -64.602  33.656 0.2000000030
13053  39.238  -64.832  33.774 0.2000000030
99174  38.082  -65.108  34.072 0.2000000030
12383  37.364  -65.155  34.772 0.4000000060
97210  42.068  -64.725  32.598 0.2000000030
98525  41.444  -64.561  32.436 0.4000000060
13041  36.448  -64.849  34.749 0.4000000060
13038  35.644  -64.283  35.687 0.4000000060
98886  39.838  -64.585  31.383 0.4000000060
13066  40.355  -64.579  32.426 0.3000000119
17387  41.915  -59.258  31.554 0.1000000015
17388  41.107  -59.407  31.681 0.1000000015
13037  36.161  -64.651  35.413 0.4000000060
12398  37.428  -64.962  33.420 0.4000000060
13083  39.037  -64.669  31.723 0.4000000060
13067  39.203  -64.726  32.810 0.3000000119
12412  38.181  -64.918  33.146 0.4000000060
111923  37.388  -64.857  32.794 0.4000000060
108449  41.900  -58.859  30.932 0.1000000015
13042  35.656  -64.437  34.882 0.4000000060
13055  35.888  -64.606  33.815 0.5000000000
13054  36.717  -64.798  33.161 0.5000000000
17410  40.813  -59.047  31.173 0.1000000015
18159  40.077  -58.669  31.215 0.1000000015
18961  39.935  -57.363  31.350 0.1000000015
18158  40.663  -58.086  31.114 0.1000000015
18147  38.672  -57.925  31.863 0.1000000015
12348  40.111  -66.025  37.702 0.1000000015
12338  39.959  -65.634  38.354 0.1000000015
13002  39.619  -64.941  38.957 0.1000000015
13029  35.740  -64.163  36.355 0.4000000060
108489  39.062  -58.770  31.737 0.1000000015
12361  37.008  -65.005  35.618 0.3000000119
12399  36.917  -65.061  33.983 0.4000000060
17409  41.447  -59.152  31.285 0.1000000015
18160  39.379  -58.215  31.480 0.1000000015
104848  40.727  -66.138  38.003 0.1000000015
96142  32.071  -71.562  31.015 0.1000000015
99150  32.710  -71.453  30.251 0.1000000015
8784  34.152  -71.676  29.754 0.1000000015
8771  31.863  -71.276  30.219 0.1000000015
101220  31.434  -71.333  30.998 0.1000000015
105388  30.311  -71.197  31.976 0.1000000015
112480  31.301  -71.056  30.503 0.1000000015
7016  34.863  -74.807  44.549 0.1000000015
8161  30.484  -72.906  35.997 0.1000000015
8176  29.789  -72.202  35.924 0.1000000015
8755  33.834  -71.075  31.096 0.1000000015
8185  30.234  -71.978  34.821 0.1000000015
8744  30.193  -71.313  32.773 0.1000000015
8769  34.267  -71.379  30.448 0.1000000015
9286  29.609  -70.572  32.160 0.1000000015
8221  34.996  -71.814  30.116 0.1000000015
7560  34.085  -73.443  43.694 0.1000000015
6520  34.853  -75.424  44.028 0.1000000015
6029  34.169  -76.415  43.084 0.1000000015
8110  32.556  -72.337  42.839 0.1000000015
8095  33.482  -72.897  43.274 0.1000000015
7546  34.518  -74.074  44.160 0.1000000015
7026  34.783  -74.592  43.795 0.1000000015
114041  33.268  -76.964  41.768 0.1000000015
109136  32.113  -75.293  38.696 0.1000000015
7604  31.119  -73.556  36.831 0.1000000015
98017  32.861  -71.437  31.113 0.1000000015
114126  32.627  -71.533  31.816 0.1000000015
8208  31.430  -71.822  31.866 0.1000000015
8768  35.590  -71.734  30.753 0.1000000015
8220  35.837  -72.388  30.275 0.1000000015
100576  34.641  -75.477  43.231 0.1000000015
6531  34.304  -76.085  42.550 0.1000000015
8109  33.666  -72.519  42.526 0.1000000015
7573  34.243  -73.063  43.002 0.1000000015
7036  34.672  -74.415  42.946 0.1000000015
6540  34.201  -76.113  41.691 0.1000000015
6041  33.739  -76.659  41.923 0.1000000015
5546  33.804  -77.965  40.244 0.1000000015
6071  32.877  -77.486  39.776 0.1000000015
6572  32.408  -76.496  39.414 0.1000000015
6070  33.210  -77.521  39.284 0.1000000015
6602  32.866  -75.112  37.686 0.1000000015
7092  31.596  -74.056  37.416 0.1000000015
114718  31.835  -73.988  36.537 0.1000000015
106998  31.013  -73.531  35.269 0.1000000015
8193  31.039  -73.166  33.059 0.1000000015
8207  32.106  -71.757  31.768 0.1000000015
8201  31.111  -72.561  32.628 0.1000000015
8194  30.671  -72.487  32.942 0.1000000015
8754  34.886  -71.211  31.077 0.1000000015
6555  34.418  -77.043  40.118 0.1000000015
8658  33.568  -71.534  41.317 0.1000000015
8123  33.942  -72.163  41.770 0.1000000015
8108  34.320  -72.782  42.152 0.1000000015
7572  34.515  -73.524  42.554 0.1000000015
112774  34.441  -75.190  41.491 0.1000000015
7049  34.326  -75.864  40.550 0.1000000015
6069  34.223  -78.105  39.986 0.1000000015
5576  34.639  -78.480  38.796 0.1000000015
6085  33.765  -77.310  38.534 0.1000000015
103059  33.770  -76.018  37.386 0.1000000015
8122  34.345  -72.498  41.267 0.1000000015
7579  34.529  -73.364  41.372 0.1000000015
99324  34.488  -74.476  40.769 0.1000000015
6589  33.060  -76.278  38.566 0.1000000015
7091  32.399  -74.393  36.963 0.1000000015
7122  31.983  -74.506  34.917 0.1000000015
7106  31.561  -73.909  35.649 0.1000000015
7132  31.903  -74.476  34.109 0.1000000015
7628  31.488  -74.126  34.571 0.1000000015
113992  31.095  -73.632  33.828 0.1000000015
7629  31.071  -73.661  34.405 0.1000000015
8192  31.960  -72.849  33.022 0.1000000015
7647  31.350  -73.661  33.500 0.1000000015
7639  30.724  -73.090  34.171 0.1000000015
8741  33.286  -71.190  32.023 0.1000000015
8742  32.435  -71.848  32.509 0.1000000015
8200  31.646  -72.347  32.505 0.1000000015
8740  34.314  -70.772  31.880 0.1000000015
9294  35.268  -70.802  31.809 0.1000000015
8767  36.273  -72.014  30.823 0.1000000015
8753  35.868  -71.308  31.370 0.1000000015
8752  36.813  -71.428  31.056 0.1000000015
6068  34.809  -77.373  39.522 0.1000000015
8663  33.999  -71.118  40.719 0.1000000015
8662  34.460  -71.440  40.166 0.1000000015
8127  34.470  -72.197  40.321 0.1000000015
108605  34.491  -72.856  40.537 0.1000000015
7583  34.480  -73.668  40.057 0.1000000015
7060  34.553  -74.832  39.566 0.1000000015
112904  34.598  -76.088  39.636 0.1000000015
5558  34.673  -78.426  39.207 0.1000000015
5590  34.335  -78.022  38.540 0.1000000015
6106  34.479  -76.496  36.629 0.1000000015
8657  34.167  -71.828  40.960 0.1000000015
6114  34.477  -76.204  35.575 0.1000000015
6613  33.893  -75.759  35.891 0.1000000015
110260  33.130  -75.042  36.252 0.1000000015
6624  33.252  -75.370  35.101 0.1000000015
7121  32.630  -74.991  35.133 0.1000000015
6629  33.541  -75.290  34.760 0.1000000015
7131  32.695  -74.832  34.527 0.1000000015
7645  32.475  -73.439  33.671 0.1000000015
7637  32.299  -74.386  33.954 0.1000000015
9285  33.912  -70.680  32.755 0.1000000015
9274  34.442  -70.370  33.382 0.1000000015
8728  33.153  -71.232  33.089 0.1000000015
8183  32.998  -72.478  34.095 0.1000000015
7646  31.793  -73.740  33.451 0.1000000015
9284  34.886  -70.414  32.577 0.1000000015
114920  35.350  -70.076  32.646 0.1000000015
9283  35.661  -70.298  32.117 0.1000000015
114258  35.811  -70.799  31.736 0.1000000015
111011  37.049  -70.627  31.099 0.1000000015
9787  34.752  -69.604  39.673 0.1000000015
9236  34.229  -69.903  40.079 0.1000000015
9226  33.730  -70.352  40.520 0.1000000015
98316  34.994  -71.905  39.303 0.1000000015
9225  34.396  -70.676  40.151 0.1000000015
100193  34.722  -72.943  39.484 0.1000000015
7059  35.031  -74.571  38.930 0.1000000015
6588  35.704  -76.963  39.122 0.1000000015
6084  35.480  -78.214  39.034 0.1000000015
5575  35.169  -78.574  38.504 0.1000000015
6096  34.902  -77.337  37.125 0.1000000015
5574  36.034  -78.406  38.236 0.1000000015
6104  35.602  -77.499  35.922 0.1000000015
6113  35.061  -76.555  35.526 0.1000000015
6623  33.887  -75.727  35.114 0.1000000015
6622  34.333  -75.833  35.138 0.1000000015
113397  33.508  -75.078  34.574 0.1000000015
7635  33.627  -74.473  34.532 0.1000000015
7636  32.953  -74.191  34.162 0.1000000015
104726  33.270  -73.361  34.333 0.1000000015
9275  33.766  -70.784  33.528 0.1000000015
9845  34.785  -70.086  33.922 0.1000000015
9266  34.192  -70.600  34.257 0.1000000015
9858  35.148  -69.891  33.224 0.1000000015
9293  36.345  -70.601  31.547 0.1000000015
7058  36.846  -74.566  38.909 0.1000000015
7074  37.370  -75.414  39.201 0.1000000015
9235  34.706  -70.273  39.715 0.1000000015
8671  34.981  -70.952  39.464 0.1000000015
114545  35.439  -71.387  39.004 0.1000000015
105653  35.750  -74.314  38.682 0.1000000015
6587  36.853  -76.488  39.071 0.1000000015
103911  37.108  -76.933  38.997 0.1000000015
7589  35.235  -73.644  38.852 0.1000000015
7075  35.867  -75.440  38.766 0.1000000015
108367  36.629  -77.563  38.483 0.1000000015
5604  37.085  -77.957  35.748 0.1000000015
6111  36.394  -77.315  35.428 0.1000000015
5587  36.321  -78.305  36.997 0.1000000015
5595  36.627  -78.167  36.110 0.1000000015
114617  35.419  -75.978  35.323 0.1000000015
7627  34.565  -74.403  35.114 0.1000000015
8174  34.152  -72.038  35.247 0.1000000015
9833  34.844  -70.024  34.650 0.1000000015
8716  33.977  -71.313  34.897 0.1000000015
9844  35.262  -69.537  34.071 0.1000000015
9857  35.670  -69.631  32.629 0.1000000015
109318  37.798  -71.409  39.279 0.1000000015
106198  36.114  -69.979  39.082 0.1000000015
8669  36.882  -71.361  38.696 0.1000000015
102942  37.473  -72.128  38.921 0.1000000015
7587  37.486  -73.824  39.202 0.1000000015
7057  38.069  -75.103  39.478 0.1000000015
10358  35.567  -68.511  39.537 0.1000000015
9786  35.434  -69.380  39.445 0.1000000015
100283  35.907  -70.870  38.814 0.1000000015
8135  36.886  -72.893  38.690 0.1000000015
7588  36.287  -73.649  38.650 0.1000000015
6586  37.592  -75.975  39.128 0.1000000015
6081  37.705  -76.472  38.521 0.1000000015
6095  37.495  -77.146  37.203 0.1000000015
6082  37.153  -77.200  38.316 0.1000000015
6620  36.835  -76.555  35.425 0.1000000015
6621  35.850  -76.518  35.426 0.1000000015
7119  36.025  -75.588  35.558 0.1000000015
104553  35.028  -73.333  35.732 0.1000000015
107827  34.152  -73.160  35.044 0.1000000015
8173  34.695  -72.265  35.735 0.1000000015
9265  34.500  -70.621  35.157 0.1000000015
10420  35.644  -69.098  33.373 0.1000000015
10427  36.074  -68.855  32.575 0.1000000015
101449  37.170  -69.846  39.216 0.1000000015
8668  38.481  -72.193  39.770 0.1000000015
7586  38.383  -73.852  39.678 0.1000000015
9233  36.983  -70.621  38.847 0.1000000015
8134  38.037  -73.036  39.516 0.1000000015
6585  38.633  -75.264  38.797 0.1000000015
106197  38.896  -75.352  37.723 0.1000000015
6094  38.185  -76.692  36.286 0.1000000015
6612  38.768  -76.082  35.878 0.1000000015
6619  37.856  -76.350  35.491 0.1000000015
7118  37.250  -75.561  35.600 0.1000000015
7103  36.503  -74.505  35.924 0.1000000015
7104  35.491  -74.434  35.640 0.1000000015
8159  36.299  -72.529  36.465 0.1000000015
7616  35.893  -73.438  36.182 0.1000000015
8704  35.061  -71.439  36.141 0.1000000015
8160  35.422  -72.406  36.224 0.1000000015
9256  36.434  -70.034  36.194 0.1000000015
8705  34.494  -71.360  35.566 0.1000000015
9818  35.789  -69.605  35.661 0.1000000015
9264  35.080  -70.088  35.445 0.1000000015
10412  35.817  -68.794  34.298 0.1000000015
112563  36.624  -68.286  32.600 0.1000000015
11082  37.775  -67.733  31.621 0.1000000015
9232  38.019  -70.666  39.500 0.1000000015
100630  38.650  -71.443  40.072 0.1000000015
7055  38.823  -73.908  39.700 0.1000000015
7056  38.585  -74.714  39.434 0.1000000015
7073  39.138  -74.652  38.757 0.1000000015
99048  38.296  -69.951  39.798 0.1000000015
105966  38.397  -74.414  39.594 0.1000000015
6611  39.198  -75.477  36.379 0.1000000015
7117  38.319  -75.450  35.575 0.1000000015
7102  37.611  -74.535  35.891 0.1000000015
7615  36.872  -73.511  36.334 0.1000000015
8694  35.854  -71.556  36.478 0.1000000015
9257  35.540  -70.537  36.204 0.1000000015
9817  36.151  -68.855  35.143 0.1000000015
10411  36.662  -68.363  34.504 0.1000000015
10418  37.251  -67.955  33.847 0.1000000015
11074  37.913  -67.577  32.587 0.1000000015
109959  39.521  -66.946  31.977 0.1000000015
9231  38.692  -70.857  40.240 0.1000000015
8667  38.849  -71.848  40.179 0.1000000015
8144  39.173  -73.058  39.724 0.1000000015
7592  39.733  -73.267  38.776 0.1000000015
7072  39.645  -74.014  38.039 0.1000000015
8133  38.830  -72.892  39.838 0.1000000015
7101  39.714  -74.850  36.050 0.1000000015
6617  39.181  -75.369  35.799 0.1000000015
7116  39.097  -75.139  35.639 0.1000000015
7614  37.907  -73.539  36.161 0.1000000015
103326  37.496  -71.933  36.405 0.1000000015
8693  36.758  -71.755  36.533 0.1000000015
10407  40.263  -67.603  34.833 0.1000000015
10408  39.526  -68.277  34.584 0.1000000015
9831  38.959  -68.950  35.020 0.1000000015
9815  38.413  -69.469  35.408 0.1000000015
9248  37.059  -70.474  36.292 0.1000000015
9249  36.466  -70.871  36.474 0.1000000015
10409  38.544  -68.355  34.589 0.1000000015
9255  37.257  -69.901  35.964 0.1000000015
107702  39.758  -67.479  34.429 0.1000000015
11056  38.125  -67.906  33.984 0.1000000015
10410  37.614  -68.292  34.597 0.1000000015
100788  36.685  -69.337  35.656 0.1000000015
11050  40.376  -66.959  35.407 0.1000000015
11054  40.181  -66.787  34.802 0.1000000015
11055  39.757  -66.984  34.082 0.1000000015
11065  38.684  -67.506  33.394 0.1000000015
11733  40.509  -66.163  33.808 0.1000000015
11073  38.912  -67.203  32.504 0.1000000015
11744  40.041  -66.632  32.793 0.1000000015
9223  38.907  -71.067  40.468 0.1000000015
106690  38.903  -71.340  40.446 0.1000000015
8666  38.939  -71.459  40.415 0.1000000015
109372  39.011  -71.892  40.286 0.1000000015
115826  39.185  -72.366  39.926 0.1000000015
8132  38.972  -72.373  40.059 0.1000000015
8143  39.697  -72.535  39.279 0.1000000015
7603  40.280  -73.458  37.398 0.1000000015
7090  39.458  -74.764  37.202 0.1000000015
7089  40.103  -74.225  36.614 0.1000000015
7626  38.659  -74.495  35.694 0.1000000015
8157  38.135  -72.587  36.194 0.1000000015
105039  39.326  -70.660  35.491 0.1000000015
8692  37.292  -71.182  36.374 0.1000000015
110456  40.563  -68.603  34.685 0.1000000015
9830  40.013  -69.144  34.735 0.1000000015
9247  37.857  -70.617  35.995 0.1000000015
11721  40.172  -66.405  35.715 0.1000000015
9222  39.341  -70.673  40.460 0.1000000015
8665  39.556  -71.787  39.737 0.1000000015
9230  39.130  -71.359  40.378 0.1000000015
8676  40.312  -71.922  38.735 0.1000000015
8149  40.388  -72.608  38.095 0.1000000015
7613  40.843  -73.610  36.109 0.1000000015
7100  40.273  -74.118  35.816 0.1000000015
100279  39.516  -74.282  35.667 0.1000000015
8172  39.138  -72.355  35.763 0.1000000015
111969  39.846  -73.410  35.564 0.1000000015
8703  39.765  -71.520  35.502 0.1000000015
9829  41.178  -69.576  34.471 0.1000000015
8691  38.111  -71.620  36.126 0.1000000015
108613  42.113  -67.961  35.117 0.1000000015
10406  41.859  -69.168  34.388 0.1000000015
100002  38.602  -70.245  35.604 0.1000000015
111808  41.622  -67.498  35.783 0.1000000015
10398  41.236  -67.883  35.050 0.1000000015
9229  39.734  -70.978  39.904 0.1000000015
9239  40.361  -71.191  38.985 0.1000000015
107878  40.968  -72.248  37.387 0.1000000015
7602  40.854  -72.866  36.870 0.1000000015
7612  41.365  -73.023  36.067 0.1000000015
7623  40.847  -73.405  35.567 0.1000000015
7624  40.317  -73.810  35.662 0.1000000015
8702  40.833  -71.758  35.080 0.1000000015
8171  40.381  -72.650  35.410 0.1000000015
9253  40.205  -70.746  35.241 0.1000000015
9263  40.607  -70.055  34.763 0.1000000015
11043  40.902  -67.100  35.975 0.1000000015
9243  41.760  -71.010  37.414 0.1000000015
109906  41.014  -71.426  38.162 0.1000000015
111034  41.331  -71.727  37.359 0.1000000015
8148  41.514  -72.350  36.504 0.1000000015
7622  41.277  -73.028  35.484 0.1000000015
8169  41.660  -72.536  35.121 0.1000000015
8170  40.936  -73.183  35.433 0.1000000015
8181  41.152  -72.373  34.745 0.1000000015
9262  41.224  -70.992  34.700 0.1000000015
110833  41.558  -70.362  34.431 0.1000000015
11715  40.501  -66.541  36.497 0.1000000015
107253  42.334  -71.086  36.552 0.1000000015
8683  41.946  -71.629  36.556 0.1000000015
8155  42.132  -72.144  35.632 0.1000000015
8690  42.528  -71.524  35.693 0.1000000015
8168  42.088  -72.338  34.937 0.1000000015
8180  41.949  -72.289  34.848 0.1000000015
8715  41.804  -71.860  34.649 0.1000000015
115302  41.575  -67.018  36.656 0.1000000015
9246  42.857  -70.837  35.867 0.1000000015
9245  43.656  -70.614  35.008 0.1000000015
9828  44.257  -69.709  33.601 0.1000000015
9251  43.547  -70.593  34.141 0.1000000015
8701  42.430  -71.987  35.065 0.1000000015
9260  43.581  -70.091  33.791 0.1000000015
8714  42.419  -71.650  34.610 0.1000000015
103834  42.117  -70.789  34.323 0.1000000015
106068  42.836  -67.121  36.449 0.1000000015
11042  42.423  -67.565  35.727 0.1000000015
10397  42.550  -68.755  34.402 0.1000000015
10405  43.214  -69.522  33.831 0.1000000015
109099  42.458  -70.173  34.095 0.1000000015
11708  40.707  -66.422  37.281 0.1000000015
11049  43.146  -68.223  34.660 0.1000000015
10395  44.747  -68.918  33.397 0.1000000015
9261  42.919  -70.900  34.230 0.1000000015
103065  42.738  -71.395  34.492 0.1000000015
100672  44.088  -69.484  33.507 0.1000000015
10396  43.849  -68.936  33.646 0.1000000015
7594  30.723  -73.697  37.865 0.1000000015
7617  30.924  -73.380  36.111 0.1000000015
8175  30.640  -72.915  35.109 0.1000000015
8770  33.530  -71.423  30.325 0.1000000015
8184  30.495  -72.434  33.760 0.1000000015
8743  30.761  -71.895  32.240 0.1000000015
8756  30.817  -71.342  31.528 0.1000000015
8772  30.752  -70.776  30.812 0.1000000015
7017  34.381  -74.346  44.902 0.1000000015
7618  30.359  -73.080  36.832 0.1000000015
8718  30.094  -71.558  34.101 0.1000000015
7559  34.505  -73.789  43.419 0.1000000015
6042  33.353  -77.287  40.898 0.1000000015
7076  32.085  -74.590  37.852 0.1000000015
102239  34.488  -75.283  42.376 0.1000000015
7043  34.557  -74.308  41.941 0.1000000015
6055  33.953  -77.159  40.794 0.1000000015
5560  33.413  -78.000  39.741 0.1000000015
5548  32.936  -77.625  40.215 0.1000000015
5559  34.034  -78.293  39.646 0.1000000015
5577  33.868  -78.194  39.191 0.1000000015
7105  32.310  -74.429  35.856 0.1000000015
7657  31.411  -73.130  33.053 0.1000000015
7648  30.889  -73.209  33.469 0.1000000015
6097  34.398  -77.187  37.746 0.1000000015
7140  31.722  -74.165  33.738 0.1000000015
8191  32.671  -72.166  33.422 0.1000000015
6571  34.932  -75.781  39.168 0.1000000015
7590  34.740  -73.893  39.302 0.1000000015
5589  34.831  -78.201  37.929 0.1000000015
6105  35.057  -76.996  36.208 0.1000000015
7130  33.053  -74.849  34.377 0.1000000015
8717  33.372  -71.440  34.075 0.1000000015
5588  35.659  -78.429  37.571 0.1000000015
6083  36.294  -77.477  38.872 0.1000000015
5606  36.092  -77.722  35.654 0.1000000015
6112  35.672  -77.032  35.512 0.1000000015
7129  34.147  -75.387  34.795 0.1000000015
8182  33.607  -72.248  34.677 0.1000000015
9872  36.271  -69.537  31.873 0.1000000015
104126  37.886  -74.603  39.541 0.1000000015
9234  35.294  -70.187  39.383 0.1000000015
8670  36.153  -71.888  38.619 0.1000000015
8136  35.612  -72.787  38.698 0.1000000015
5586  37.005  -77.975  36.461 0.1000000015
6102  38.076  -76.637  35.687 0.1000000015
6110  37.259  -77.292  35.541 0.1000000015
7120  35.034  -75.412  35.221 0.1000000015
6570  38.177  -75.597  39.138 0.1000000015
113471  38.063  -76.440  37.433 0.1000000015
9832  35.415  -69.382  34.921 0.1000000015
10419  36.391  -68.361  33.461 0.1000000015
6618  38.615  -75.893  35.674 0.1000000015
8158  37.226  -72.623  36.460 0.1000000015
9258  34.848  -70.748  35.809 0.1000000015
10426  37.145  -67.876  33.005 0.1000000015
98272  37.123  -67.949  32.173 0.1000000015
114118  38.282  -67.429  32.056 0.1000000015
7593  39.284  -73.915  39.326 0.1000000015
10400  37.077  -68.678  35.224 0.1000000015
11066  37.792  -67.734  33.358 0.1000000015
7115  39.648  -74.607  35.827 0.1000000015
7625  38.913  -73.487  35.800 0.1000000015
10399  38.027  -68.796  35.139 0.1000000015
9816  37.558  -69.309  35.539 0.1000000015
96835  37.934  -69.883  35.724 0.1000000015
97330  38.775  -71.147  35.759 0.1000000015
96793  39.018  -67.798  34.135 0.1000000015
11064  39.607  -66.946  33.327 0.1000000015
11743  41.118  -66.025  33.131 0.1000000015
9254  39.439  -69.831  35.248 0.1000000015
113653  40.465  -73.366  35.520 0.1000000015
8713  42.307  -71.924  34.710 0.1000000015
95884  37.948  -64.837  32.137 0.3000000119
13101  38.953  -64.623  30.762 0.3000000119
13068  36.821  -64.697  32.181 0.4000000060
7709  39.878  -73.984  28.192 0.1000000015
8261  39.640  -73.073  27.874 0.1000000015
8808  40.647  -71.594  27.849 0.2000000030
9919  40.732  -69.334  27.522 0.3000000119
13752  35.514  -63.855  30.395 0.4000000060
13082  40.824  -64.565  31.609 0.3000000119
11117  39.639  -67.171  28.325 0.4000000060
11786  38.413  -66.068  29.117 0.4000000060
98501  40.761  -70.217  27.543 0.2000000030
10477  39.838  -68.592  27.516 0.3000000119
11801  38.911  -66.712  28.540 0.4000000060
13104  36.214  -64.262  30.446 0.4000000060
7195  39.596  -74.727  28.184 0.1000000015
9346  40.172  -70.731  27.547 0.3000000119
12446  36.950  -65.318  29.399 0.4000000060
13119  36.467  -64.634  29.792 0.4000000060
13742  35.226  -63.503  31.063 0.5000000000
8809  39.469  -71.319  27.504 0.2000000030
9920  39.868  -69.911  27.430 0.3000000119
12455  37.409  -65.986  28.991 0.4000000060
14421  34.214  -62.620  31.696 0.4000000060
112500  33.580  -61.789  32.713 0.4000000060
11129  38.865  -67.510  27.873 0.4000000060
101188  37.857  -66.594  28.504 0.4000000060
13120  35.609  -64.508  29.418 0.4000000060
97915  35.813  -64.209  29.933 0.5000000000
7710  38.917  -73.963  27.532 0.2000000030
9347  39.199  -70.449  27.329 0.2000000030
104226  39.859  -72.125  27.812 0.2000000030
110193  39.162  -68.131  27.538 0.3000000119
7196  38.979  -74.888  27.422 0.1000000015
111448  39.634  -69.217  27.366 0.3000000119
11810  38.189  -67.099  28.071 0.4000000060
12456  36.480  -65.766  28.738 0.4000000060
109333  34.659  -63.051  31.098 0.5000000000
100154  33.672  -61.933  31.988 0.4000000060
11811  37.434  -66.990  27.841 0.4000000060
12447  36.063  -65.127  29.155 0.4000000060
13760  35.161  -63.913  29.710 0.5000000000
13753  34.700  -63.356  30.302 0.5000000000
100665  38.631  -73.054  27.153 0.2000000030
8262  38.799  -72.089  27.289 0.2000000030
9921  39.018  -69.618  27.194 0.4000000060
10478  38.893  -68.763  27.179 0.3000000119
11138  38.420  -68.028  27.192 0.3000000119
14422  33.645  -62.120  31.109 0.5000000000
15087  33.320  -61.307  32.325 0.4000000060
106771  33.007  -60.673  32.776 0.4000000060
10489  38.108  -68.584  26.598 0.4000000060
11130  37.943  -67.472  27.470 0.4000000060
11802  36.917  -66.448  28.292 0.4000000060
14434  33.934  -62.957  29.845 0.5000000000
107445  38.701  -74.391  26.802 0.2000000030
8810  38.564  -71.059  27.050 0.2000000030
11812  36.555  -66.853  27.452 0.4000000060
12457  35.646  -65.442  28.458 0.4000000060
8272  38.142  -72.557  26.258 0.2000000030
9377  38.495  -70.173  26.789 0.3000000119
9932  38.428  -69.333  26.632 0.4000000060
15783  32.726  -60.017  33.259 0.4000000060
11139  37.548  -67.886  26.757 0.3000000119
112284  35.405  -64.859  28.848 0.5000000000
14430  33.582  -62.265  30.212 0.5000000000
18109  33.785  -57.910  34.312 0.4000000060
98085  38.643  -74.407  26.109 0.2000000030
12466  36.026  -66.139  27.983 0.4000000060
100160  33.274  -61.499  30.594 0.5000000000
15792  32.971  -60.729  31.919 0.4000000060
18942  36.807  -57.131  33.052 0.4000000060
7213  38.881  -74.816  25.489 0.2000000030
8819  38.213  -71.650  26.518 0.2000000030
9378  37.906  -70.811  26.092 0.2000000030
13121  34.804  -64.265  28.916 0.5000000000
7212  39.218  -75.638  25.514 0.2000000030
11131  37.213  -67.346  27.262 0.3000000119
13131  34.933  -64.919  28.262 0.5000000000
13761  34.366  -63.549  29.390 0.5000000000
15093  33.305  -61.406  31.493 0.5000000000
18928  35.201  -56.366  33.636 0.4000000060
17351  33.175  -58.302  33.993 0.4000000060
16581  32.535  -59.329  32.949 0.4000000060
7718  38.484  -73.659  26.362 0.2000000030
9362  38.087  -69.865  26.195 0.4000000060
15801  32.933  -60.798  31.040 0.4000000060
15793  32.654  -60.027  32.405 0.4000000060
7728  38.539  -74.045  25.429 0.2000000030
8836  37.853  -71.767  25.852 0.2000000030
98802  38.130  -73.198  25.368 0.2000000030
18135  33.305  -57.494  33.710 0.4000000060
17372  32.450  -58.535  32.751 0.4000000060
113306  32.466  -57.723  32.532 0.4000000060
11813  35.688  -66.357  27.154 0.3000000119
14441  33.810  -63.097  29.108 0.5000000000
16594  32.388  -59.199  32.001 0.4000000060
97676  37.841  -69.197  26.078 0.4000000060
11140  36.756  -67.427  26.775 0.4000000060
12467  35.193  -65.576  27.569 0.4000000060
10490  37.391  -68.538  26.131 0.4000000060
13773  34.074  -63.565  28.461 0.5000000000
8285  37.792  -72.282  25.247 0.2000000030
99031  33.428  -56.657  33.496 0.4000000060
113222  32.710  -60.206  30.762 0.5000000000
99860  32.918  -60.731  30.103 0.5000000000
12479  35.185  -65.848  26.761 0.4000000060
13132  34.433  -64.293  28.125 0.5000000000
14435  33.560  -62.415  29.331 0.5000000000
13787  34.202  -63.717  27.396 0.5000000000
13140  34.590  -64.698  27.448 0.5000000000
13084  38.065  -64.539  31.177 0.4000000060
13118  37.447  -64.874  29.956 0.4000000060
18134  33.942  -57.144  33.956 0.4000000060
18136  32.741  -57.958  33.323 0.4000000060
14442  33.646  -62.668  28.483 0.5000000000
11782  43.079  -65.556  29.530 0.3000000119
12442  41.279  -65.152  29.736 0.3000000119
13115  40.659  -64.847  30.206 0.2000000030
11797  44.197  -66.864  29.396 0.2000000030
11798  42.832  -66.375  28.956 0.3000000119
11799  41.249  -66.437  28.782 0.3000000119
11784  40.606  -65.857  29.229 0.3000000119
112261  43.329  -68.311  28.438 0.2000000030
11126  42.303  -67.874  28.267 0.2000000030
11115  41.844  -67.184  28.465 0.2000000030
9345  41.343  -70.940  27.803 0.2000000030
6714  39.806  -76.046  24.641 0.1000000015
6221  40.045  -76.526  24.147 0.1000000015
102464  38.637  -68.868  22.433 0.1000000015
110416  43.158  -64.909  31.300 0.1000000015
13099  41.296  -64.632  30.928 0.2000000030
12440  43.818  -65.353  30.011 0.2000000030
13114  41.921  -64.782  30.328 0.2000000030
11089  44.200  -66.590  30.181 0.1000000015
11101  44.444  -67.437  29.700 0.1000000015
11781  44.397  -66.267  29.814 0.2000000030
11102  43.838  -67.540  30.119 0.1000000015
10453  44.046  -68.432  29.575 0.1000000015
7204  38.848  -75.128  26.436 0.1000000015
6211  39.380  -76.530  25.495 0.1000000015
8851  38.235  -72.056  23.806 0.1000000015
8865  37.877  -71.222  23.730 0.1000000015
9395  37.656  -70.357  23.815 0.1000000015
101833  37.467  -69.549  24.137 0.1000000015
7761  38.799  -72.841  23.948 0.1000000015
9394  38.223  -70.466  23.061 0.1000000015
9953  37.782  -69.611  23.278 0.1000000015
100575  37.444  -68.869  23.660 0.1000000015
9971  38.385  -69.558  22.684 0.1000000015
10540  37.814  -68.003  22.743 0.1000000015
11176  37.062  -66.910  23.424 0.1000000015
11857  37.617  -66.733  22.863 0.1000000015
12514  37.184  -66.138  23.284 0.1000000015
11766  44.199  -65.873  30.088 0.2000000030
9939  37.695  -69.882  25.510 0.1000000015
11823  36.108  -66.925  26.632 0.3000000119
7745  38.630  -73.626  24.599 0.1000000015
8301  38.090  -72.679  24.523 0.1000000015
8837  37.641  -71.408  25.218 0.1000000015
105046  37.421  -69.481  24.904 0.1000000015
10500  36.966  -68.347  25.469 0.2000000030
11834  36.026  -66.825  25.703 0.3000000119
100998  35.156  -65.544  26.075 0.3000000119
101784  34.551  -64.239  26.605 0.3000000119
9946  37.535  -70.153  24.675 0.1000000015
113303  37.196  -68.783  24.624 0.1000000015
113172  36.376  -67.056  24.871 0.2000000030
12490  35.368  -65.116  25.377 0.3000000119
11159  37.039  -67.656  23.725 0.1000000015
12503  36.317  -65.900  24.336 0.2000000030
13155  35.211  -64.242  25.223 0.3000000119
12515  36.722  -65.593  23.723 0.1000000015
13167  36.266  -64.232  24.176 0.2000000030
13811  35.132  -63.339  25.078 0.4000000060
12525  37.841  -65.909  22.829 0.1000000015
13180  36.809  -64.727  23.657 0.1000000015
13832  36.318  -63.377  24.218 0.3000000119
12367  40.024  -65.622  35.057 0.1000000015
12379  40.630  -65.081  34.337 0.1000000015
96138  33.113  -60.878  29.134 0.4000000060
13774  33.834  -62.987  27.769 0.4000000060
12468  34.814  -65.147  26.707 0.3000000119
13797  34.354  -63.314  26.435 0.4000000060
14462  33.880  -61.992  26.748 0.4000000060
14484  34.691  -62.862  25.645 0.4000000060
15155  34.731  -61.899  25.518 0.5000000000
13833  35.692  -63.788  24.627 0.3000000119
14483  35.212  -62.401  25.003 0.5000000000
13193  38.113  -65.014  22.884 0.2000000030
13179  37.583  -64.404  23.308 0.1000000015
15171  35.987  -61.995  24.623 0.4000000060
11869  39.159  -66.372  22.355 0.1000000015
13192  38.962  -64.841  22.817 0.1000000015
98126  37.867  -63.537  23.528 0.2000000030
13848  36.956  -63.754  23.701 0.2000000030
100851  40.418  -66.923  22.174 0.1000000015
103279  40.042  -66.155  22.370 0.1000000015
13178  38.579  -64.098  23.237 0.2000000030
109240  40.714  -67.621  22.150 0.1000000015
104113  40.576  -65.207  22.790 0.1000000015
16606  32.516  -59.481  31.025 0.3000000119
15808  32.706  -59.814  30.224 0.4000000060
14450  33.620  -62.088  27.602 0.4000000060
15113  33.385  -61.680  28.616 0.4000000060
106646  33.239  -60.235  28.743 0.4000000060
14461  34.284  -62.395  26.238 0.4000000060
15844  34.340  -60.475  26.126 0.4000000060
15135  34.261  -61.456  26.115 0.4000000060
15856  34.927  -60.907  25.554 0.5000000000
15154  35.492  -61.506  25.168 0.4000000060
14503  37.413  -62.470  24.296 0.3000000119
14504  36.521  -62.567  24.329 0.4000000060
15153  36.430  -61.311  25.179 0.4000000060
13176  40.879  -63.850  23.999 0.2000000030
13177  40.013  -64.078  23.665 0.2000000030
13830  38.114  -62.834  24.024 0.2000000030
12513  41.341  -64.482  23.542 0.1000000015
13190  40.501  -64.440  23.363 0.2000000030
96507  43.441  -70.263  22.532 0.1000000015
16613  32.605  -58.927  30.422 0.4000000060
17411  32.384  -58.577  31.264 0.4000000060
17422  33.184  -58.764  29.257 0.4000000060
16631  33.442  -59.928  28.051 0.4000000060
16620  33.295  -59.426  28.801 0.4000000060
16640  33.835  -59.597  27.273 0.4000000060
111550  35.250  -59.949  25.918 0.3000000119
15854  36.964  -60.662  25.793 0.4000000060
15855  35.885  -60.696  25.577 0.4000000060
14482  38.715  -62.020  25.234 0.3000000119
15169  37.853  -61.861  24.958 0.3000000119
15170  36.903  -61.853  24.686 0.4000000060
13166  41.887  -63.869  24.477 0.2000000030
13846  41.331  -63.367  24.969 0.2000000030
13829  39.465  -63.160  24.333 0.2000000030
14502  38.972  -62.650  24.635 0.2000000030
112202  41.870  -65.350  23.050 0.2000000030
104307  44.033  -69.706  22.601 0.1000000015
99539  44.018  -69.508  22.804 0.1000000015
10534  44.118  -68.794  23.104 0.1000000015
18931  32.845  -57.122  33.093 0.3000000119
107225  32.665  -57.243  30.861 0.4000000060
100875  32.410  -57.625  31.566 0.3000000119
18191  32.951  -57.875  29.877 0.4000000060
18190  33.288  -57.459  29.473 0.4000000060
95845  33.225  -58.133  29.296 0.4000000060
98120  33.584  -59.069  27.929 0.4000000060
17433  33.472  -58.544  28.595 0.4000000060
16639  34.511  -59.053  27.106 0.4000000060
103313  33.947  -58.851  27.499 0.4000000060
103721  36.047  -59.527  26.511 0.4000000060
16654  35.263  -59.253  26.652 0.3000000119
15134  38.982  -60.946  26.396 0.3000000119
15853  37.995  -60.775  26.142 0.3000000119
15842  37.562  -60.116  26.478 0.3000000119
15843  36.456  -60.065  26.206 0.3000000119
14479  42.548  -61.891  26.513 0.2000000030
13809  41.919  -62.761  25.905 0.2000000030
109672  39.926  -61.860  26.070 0.3000000119
15151  39.224  -61.666  25.965 0.2000000030
99935  38.367  -61.429  25.715 0.3000000119
15152  37.424  -61.282  25.394 0.3000000119
13827  42.458  -63.386  25.577 0.2000000030
14501  39.870  -62.785  25.018 0.2000000030
13165  42.930  -63.997  25.124 0.2000000030
110692  33.547  -55.909  33.359 0.3000000119
19755  33.931  -55.337  33.463 0.3000000119
18930  33.055  -56.230  32.848 0.3000000119
18943  32.788  -56.274  32.110 0.4000000060
107103  32.591  -56.922  32.297 0.3000000119
19795  33.433  -55.521  30.532 0.3000000119
106582  33.290  -55.170  31.532 0.4000000060
96058  33.675  -56.804  28.955 0.4000000060
18987  33.565  -56.172  29.723 0.4000000060
111297  33.317  -56.874  29.786 0.4000000060
110854  34.103  -57.283  28.155 0.4000000060
18203  33.586  -57.721  28.680 0.4000000060
96129  34.857  -56.926  27.679 0.3000000119
17442  34.445  -58.346  27.460 0.4000000060
17443  33.826  -58.187  27.911 0.4000000060
16652  38.197  -59.320  26.775 0.3000000119
99171  37.568  -58.758  26.857 0.2000000030
17440  37.140  -58.057  27.053 0.2000000030
96047  36.078  -57.960  27.271 0.2000000030
17441  35.278  -58.539  27.162 0.3000000119
113714  39.676  -59.517  26.663 0.3000000119
16653  37.023  -59.500  26.691 0.2000000030
14459  42.926  -60.846  26.426 0.2000000030
15132  41.301  -60.681  26.688 0.3000000119
15839  40.895  -59.840  26.640 0.3000000119
15133  40.034  -61.120  26.590 0.3000000119
19754  34.687  -55.508  33.571 0.3000000119
18929  34.156  -56.240  33.709 0.3000000119
18995  34.360  -56.406  28.289 0.3000000119
19012  36.544  -56.459  27.391 0.2000000030
98401  36.104  -55.751  27.507 0.2000000030
19014  35.026  -56.037  27.824 0.2000000030
19813  34.622  -55.588  28.371 0.2000000030
18217  37.950  -57.302  26.849 0.2000000030
18218  36.856  -57.260  27.245 0.2000000030
18219  35.824  -57.126  27.455 0.2000000030
18927  36.138  -56.357  33.409 0.2000000030
108078  41.340  -67.111  22.239 0.1000000015
11868  41.015  -66.197  22.454 0.1000000015
15131  42.316  -60.376  26.522 0.3000000119
13116  39.508  -64.979  30.207 0.3000000119
12443  40.045  -65.356  29.702 0.3000000119
11127  41.186  -67.871  28.074 0.2000000030
13098  42.437  -64.708  31.168 0.2000000030
13100  40.135  -64.659  30.756 0.2000000030
10491  36.879  -67.924  26.186 0.3000000119
19753  35.498  -55.710  33.516 0.3000000119
101830  37.611  -70.652  25.208 0.1000000015
17391  32.282  -58.317  32.031 0.3000000119
10499  37.424  -69.027  25.475 0.3000000119
11824  35.547  -66.297  26.303 0.2000000030
8852  37.736  -71.821  24.445 0.1000000015
112858  43.745  -66.070  29.554 0.2000000030
11783  41.908  -65.701  29.333 0.3000000119
11114  43.290  -67.388  28.613 0.1000000015
9972  37.913  -68.766  22.830 0.1000000015
13097  43.079  -64.908  30.551 0.2000000030
9386  37.588  -70.962  24.476 0.1000000015
10519  37.438  -68.181  23.285 0.1000000015
11160  36.669  -67.088  24.128 0.1000000015
10508  36.797  -67.856  24.619 0.2000000030
11845  36.044  -66.320  24.950 0.3000000119
13149  34.897  -64.702  25.934 0.4000000060
14449  33.938  -62.779  27.001 0.4000000060
116425  36.409  -66.551  24.424 0.3000000119
11846  35.863  -65.510  24.866 0.3000000119
13168  35.750  -64.665  24.740 0.3000000119
15815  32.993  -60.081  29.440 0.4000000060
15136  33.771  -61.131  26.902 0.4000000060
13191  39.813  -64.670  22.985 0.2000000030
100810  39.418  -63.692  23.760 0.2000000030
16621  32.914  -59.264  29.660 0.4000000060
15120  33.466  -61.239  27.777 0.4000000060
13828  40.240  -63.396  24.436 0.2000000030
105783  32.598  -57.991  30.558 0.4000000060
14481  39.500  -62.234  25.469 0.2000000030
13810  40.804  -62.822  25.377 0.2000000030
18161  32.666  -56.749  31.470 0.4000000060
18979  33.076  -56.559  30.567 0.4000000060
15841  38.775  -60.055  26.755 0.3000000119
14460  41.842  -61.352  26.615 0.2000000030
15150  40.723  -61.710  26.425 0.2000000030
19787  33.108  -55.638  32.237 0.4000000060
100406  35.125  -57.771  27.472 0.2000000030
103983  38.796  -58.284  26.641 0.2000000030
17455  38.148  -57.952  26.769 0.2000000030
17456  36.329  -58.843  26.925 0.2000000030
18963  33.010  -55.977  31.412 0.3000000119
19767  33.488  -55.308  32.954 0.2000000030
21496  33.947  -53.945  32.468 0.3000000119
20609  34.441  -54.715  33.422 0.2000000030
10474  43.121  -69.182  28.313 0.1000000015
9917  42.971  -70.139  28.287 0.1000000015
9918  42.007  -69.386  27.843 0.1000000015
13080  42.755  -64.774  31.962 0.1000000015
10475  41.989  -68.578  28.004 0.1000000015
8807  41.926  -71.778  28.278 0.1000000015
96510  41.776  -70.197  27.777 0.1000000015
18941  37.441  -56.915  32.576 0.1000000015
19766  36.891  -56.150  33.060 0.1000000015
19764  38.207  -55.617  32.396 0.1000000015
19765  37.572  -55.862  32.622 0.1000000015
20607  36.157  -55.435  33.370 0.1000000015
98935  36.925  -55.114  33.109 0.1000000015
20608  35.252  -54.915  33.516 0.1000000015
101600  36.006  -54.357  33.394 0.1000000015
20610  33.910  -54.749  33.187 0.1000000015
20625  34.298  -54.046  33.068 0.2000000030
110217  35.573  -53.540  33.341 0.1000000015
21494  36.864  -52.979  33.146 0.2000000030
20651  33.566  -54.602  30.864 0.2000000030
22376  35.872  -52.879  33.197 0.2000000030
110820  34.990  -53.210  33.100 0.2000000030
21495  34.377  -53.396  32.521 0.2000000030
20641  33.588  -54.346  31.841 0.2000000030
103109  36.342  -52.060  32.792 0.2000000030
22393  35.447  -52.404  32.704 0.2000000030
21512  34.010  -53.580  31.859 0.2000000030
20661  33.783  -54.800  30.095 0.2000000030
19806  33.890  -55.349  29.595 0.2000000030
18996  34.017  -55.909  28.951 0.2000000030
20670  34.743  -54.804  28.564 0.1000000015
105355  37.374  -52.149  32.746 0.2000000030
21521  33.845  -53.812  31.065 0.2000000030
20650  33.969  -54.097  30.229 0.2000000030
20660  34.288  -54.543  29.401 0.1000000015
21529  34.424  -53.641  29.594 0.1000000015
19805  34.320  -55.235  28.971 0.1000000015
18940  38.263  -56.725  32.200 0.1000000015
20623  37.702  -54.745  32.710 0.1000000015
22407  35.096  -52.048  31.980 0.2000000030
16649  41.907  -59.072  26.094 0.2000000030
16651  40.524  -59.042  26.503 0.2000000030
15851  42.187  -59.413  26.122 0.2000000030
16670  41.335  -58.710  26.032 0.2000000030
105811  39.672  -58.704  26.598 0.2000000030
16650  41.435  -58.782  26.107 0.2000000030
114196  40.762  -58.338  26.062 0.2000000030
15863  41.584  -59.347  25.699 0.2000000030
101688  39.908  -57.545  25.994 0.1000000015
16662  40.565  -58.158  25.969 0.2000000030
17453  40.083  -57.925  26.208 0.2000000030
17454  39.736  -57.778  26.290 0.2000000030
17464  39.294  -58.231  25.339 0.1000000015
18241  39.453  -57.106  25.948 0.1000000015
17474  38.317  -58.186  24.242 0.1000000015
18255  38.105  -57.633  22.991 0.1000000015
103970  37.802  -52.969  32.793 0.1000000015
18232  39.111  -57.298  26.374 0.1000000015
19023  39.369  -57.077  26.075 0.1000000015
18248  37.854  -57.367  24.398 0.1000000015
17465  38.826  -57.576  25.388 0.1000000015
18256  37.665  -56.532  23.285 0.1000000015
19061  38.127  -56.144  22.293 0.1000000015
104739  39.254  -52.171  32.509 0.1000000015
22392  38.354  -52.243  32.621 0.1000000015
19011  37.632  -56.554  27.105 0.1000000015
113826  38.488  -56.677  26.625 0.1000000015
19032  39.075  -56.600  25.980 0.1000000015
18216  38.872  -56.476  26.232 0.1000000015
19043  37.681  -56.350  24.702 0.1000000015
100013  37.638  -55.630  22.922 0.1000000015
19865  37.496  -55.636  23.928 0.1000000015
23274  38.768  -51.452  32.430 0.1000000015
23277  35.695  -51.768  32.308 0.1000000015
98266  38.262  -55.202  27.130 0.1000000015
19825  37.295  -55.684  27.343 0.1000000015
114137  38.655  -55.053  26.418 0.1000000015
19835  38.571  -55.523  26.535 0.1000000015
19824  38.327  -55.972  26.864 0.1000000015
19848  38.586  -55.330  25.917 0.1000000015
96099  38.736  -56.024  26.118 0.1000000015
19857  38.181  -54.780  25.269 0.1000000015
19033  38.400  -56.067  25.670 0.1000000015
20735  37.999  -53.740  23.905 0.1000000015
20724  37.660  -54.886  24.311 0.1000000015
19858  37.781  -55.476  25.018 0.1000000015
23275  37.894  -51.433  32.483 0.1000000015
23276  37.013  -51.411  32.427 0.1000000015
98284  38.788  -54.167  25.511 0.1000000015
20710  38.721  -54.690  26.172 0.1000000015
20723  38.084  -54.232  24.507 0.1000000015
19826  36.417  -55.019  27.545 0.1000000015
16671  39.877  -59.040  25.194 0.1000000015
100927  37.564  -54.988  23.345 0.1000000015
12540  45.271  -65.002  20.724 0.1000000015
13223  45.551  -64.129  19.925 0.1000000015
12551  44.891  -65.272  19.728 0.1000000015
11893  44.372  -66.395  19.828 0.1000000015
11248  43.575  -68.007  18.362 0.1000000015
10012  43.265  -69.506  17.794 0.1000000015
10026  42.698  -69.563  16.821 0.1000000015
12531  45.455  -65.014  21.784 0.1000000015
13213  45.555  -64.160  20.959 0.1000000015
115153  44.473  -65.862  19.261 0.1000000015
11247  43.897  -67.309  19.156 0.1000000015
14542  45.616  -62.994  20.192 0.1000000015
14531  45.451  -63.244  21.074 0.1000000015
108160  45.733  -64.264  22.834 0.1000000015
11884  44.638  -66.638  20.943 0.1000000015
13230  45.615  -63.736  18.994 0.1000000015
13859  45.433  -63.488  22.977 0.1000000015
13189  45.625  -64.493  23.714 0.1000000015
14551  45.704  -62.977  19.582 0.1000000015
14543  45.182  -62.813  20.616 0.1000000015
14544  43.471  -62.296  20.331 0.1000000015
14553  44.364  -62.567  18.853 0.1000000015
14552  45.140  -62.705  19.595 0.1000000015
14554  43.473  -62.430  19.304 0.1000000015
13202  45.589  -64.249  21.966 0.1000000015
10027  42.135  -69.785  16.505 0.1000000015
5547  33.408  -77.920  40.200 0.1000000015
5573  36.738  -77.816  37.625 0.1000000015
5596  36.085  -78.201  36.304 0.1000000015
5597  35.403  -77.998  37.027 0.1000000015
5605  36.609  -77.926  35.659 0.1000000015
6103  37.595  -77.432  35.943 0.1000000015
6601  38.575  -75.985  36.910 0.1000000015
7077  31.367  -74.416  38.324 0.1000000015
7634  41.386  -72.748  35.299 0.1000000015
7638  31.427  -74.067  33.923 0.1000000015
7744  39.289  -74.276  24.451 0.2000000030
8156  41.865  -72.575  36.123 0.1000000015
8684  40.833  -71.967  37.988 0.1000000015
8729  30.276  -71.746  33.435 0.1000000015
8879  41.077  -71.593  22.687 0.1000000015
9224  38.958  -70.761  40.581 0.1000000015
9252  43.090  -71.263  34.843 0.1000000015
9295  30.158  -70.663  31.436 0.1000000015
9967  42.871  -70.064  22.671 0.1000000015
11100  44.488  -66.656  29.639 0.1000000015
11112  44.477  -67.258  29.528 0.2000000030
11149  36.535  -67.598  25.512 0.2000000030
11175  37.452  -67.482  23.017 0.1000000015
11835  35.600  -65.961  25.528 0.3000000119
11858  36.687  -66.365  23.846 0.1000000015
11866  43.081  -66.774  22.901 0.2000000030
12431  43.478  -65.278  30.709 0.1000000015
12441  42.637  -65.043  29.855 0.3000000119
12523  39.518  -65.485  22.589 0.1000000015
13081  41.933  -64.550  31.873 0.4000000060
13174  45.410  -64.530  24.489 0.1000000015
13807  44.101  -62.590  26.111 0.2000000030
13808  43.154  -62.584  26.312 0.3000000119
13812  34.766  -63.790  25.806 0.4000000060
13825  45.141  -63.652  25.458 0.1000000015
13831  37.423  -63.094  23.835 0.3000000119
13844  45.513  -64.022  24.443 0.1000000015
13845  45.335  -63.624  24.794 0.2000000030
13847  38.754  -63.287  23.839 0.2000000030
13858  45.652  -63.917  23.360 0.1000000015
13865  45.533  -63.726  22.149 0.2000000030
13872  45.631  -63.497  20.327 0.1000000015
13880  45.711  -63.301  19.651 0.1000000015
14429  34.100  -62.730  30.699 0.5000000000
14480  41.312  -62.234  26.193 0.2000000030
14505  35.763  -62.893  24.577 0.4000000060
14524  45.086  -63.110  22.541 0.2000000030
14532  45.121  -62.983  21.494 0.2000000030
15107  33.302  -61.588  29.664 0.5000000000
15130  42.749  -60.020  26.214 0.3000000119
15148  43.230  -60.730  26.146 0.3000000119
15182  43.879  -62.291  24.317 0.2000000030
15193  43.100  -61.805  22.236 0.2000000030
15202  41.286  -61.002  21.265 0.1000000015
15802  32.649  -60.094  31.519 0.4000000060
15823  33.333  -60.754  28.297 0.4000000060
15832  33.580  -60.478  27.490 0.4000000060
15838  42.033  -59.538  26.304 0.2000000030
15840  39.773  -60.158  26.663 0.3000000119
15852  41.756  -59.025  25.948 0.2000000030
15875  40.873  -60.400  24.335 0.3000000119
15896  41.544  -60.574  21.795 0.2000000030
15908  38.883  -60.428  20.242 0.1000000015
16655  34.444  -59.686  26.513 0.4000000060
16656  33.915  -60.239  26.784 0.4000000060
17352  32.694  -58.759  33.523 0.5000000000
17423  32.874  -58.484  29.846 0.4000000060
17482  38.510  -58.400  23.218 0.1000000015
17496  39.125  -57.774  21.538 0.1000000015
17514  37.728  -58.671  20.066 0.1000000015
18177  32.965  -57.339  30.192 0.4000000060
18202  34.416  -57.691  27.717 0.4000000060
18231  39.736  -57.471  26.078 0.1000000015
19013  35.616  -56.346  27.577 0.2000000030
19042  38.534  -56.840  25.512 0.1000000015
19060  38.635  -56.699  21.901 0.1000000015
20626  33.734  -54.535  32.726 0.2000000030
21476  35.014  -54.045  33.469 0.1000000015
21520  34.246  -53.341  30.439 0.2000000030
22408  34.764  -52.714  32.370 0.2000000030
96127  33.399  -54.978  32.327 0.4000000060
96851  39.664  -76.868  24.709 0.1000000015
97781  42.423  -64.499  23.992 0.2000000030
97997  40.316  -62.322  25.790 0.2000000030
99525  33.334  -61.285  33.137 0.5000000000
99695  34.979  -76.196  35.209 0.1000000015
99978  37.376  -64.452  30.919 0.5000000000
100201  41.347  -68.902  27.671 0.4000000060
101936  43.932  -63.972  25.494 0.2000000030
102017  37.363  -65.311  23.262 0.1000000015
105306  38.348  -75.879  38.180 0.1000000015
105922  36.417  -67.393  26.195 0.3000000119
106382  45.536  -63.632  21.107 0.1000000015
107257  38.227  -62.345  24.611 0.3000000119
107693  36.267  -65.096  24.254 0.2000000030
107902  29.859  -72.606  36.586 0.1000000015
108292  45.446  -63.672  23.954 0.1000000015
108293  35.105  -78.580  38.023 0.1000000015
110327  44.558  -65.840  24.125 0.1000000015
110775  45.374  -63.862  25.054 0.1000000015
110796  44.655  -63.561  25.822 0.2000000030
111236  45.014  -65.659  24.218 0.1000000015
111436  45.574  -63.258  20.468 0.1000000015
112111  33.902  -62.461  34.845 0.5000000000
112269  45.699  -63.140  20.016 0.1000000015
112282  44.215  -62.540  19.688 0.1000000015
112899  44.809  -65.808  20.535 0.1000000015
113086  44.459  -62.556  20.384 0.1000000015
113156  42.436  -72.082  22.676 0.1000000015
113369  37.138  -68.283  23.979 0.1000000015
113538  36.879  -63.013  23.982 0.4000000060
114162  44.361  -66.439  23.776 0.1000000015
114569  39.355  -64.250  23.260 0.2000000030
114792  30.550  -73.364  37.299 0.1000000015
115218  39.006  -74.291  39.502 0.1000000015
115988  34.566  -75.933  43.595 0.1000000015
116014  44.491  -66.712  29.603 0.2000000030
116438  34.369  -53.044  31.923 0.2000000030
