#!ascii label  , from subject sub-v1s7x0051325_ses-1 vox2ras=TkReg
549
42812  22.739  -28.208  13.548 0.1428571492
43669  21.547  -27.675  14.168 0.1428571492
43703  22.011  -27.172  12.676 0.1428571492
42811  23.564  -28.493  13.730 0.1428571492
43702  22.775  -27.321  12.574 0.2857142985
43692  21.695  -27.434  13.293 0.1428571492
43689  24.036  -27.804  13.293 0.1428571492
44577  23.198  -26.736  11.933 0.5714285970
44564  24.506  -26.974  13.036 0.1428571492
44562  26.117  -26.219  13.016 0.2857142985
44575  25.071  -26.188  12.761 0.2857142985
45401  26.823  -25.471  12.695 0.1428571492
45402  25.758  -25.625  12.387 0.2857142985
46247  28.244  -24.335  10.730 0.2857142985
46233  27.655  -24.529  11.425 0.1428571492
46234  26.669  -24.958  11.167 0.2857142985
47147  29.479  -23.651  9.622 0.2857142985
47137  29.015  -24.169  10.188 0.2857142985
48140  29.694  -22.927  9.210 0.2857142985
48141  29.098  -23.435  8.859 0.2857142985
50121  30.095  -20.865  8.502 0.2857142985
51081  30.631  -19.343  6.612 0.8571428657
97713  30.084  -20.291  7.712 0.4285714328
49199  30.129  -21.538  9.107 0.2857142985
52966  31.237  -18.154  5.791 0.7142857313
52040  31.328  -18.464  6.610 0.7142857313
115848  31.045  -18.941  6.541 0.7142857313
51075  30.105  -19.888  6.916 0.7142857313
53864  31.775  -16.480  6.285 0.8571428657
52972  31.422  -17.285  5.825 0.5714285970
52973  31.008  -17.814  5.091 0.8571428657
52041  30.858  -18.861  5.962 0.7142857313
55669  31.754  -14.717  6.139 0.4285714328
53873  31.344  -16.417  5.565 0.7142857313
104433  31.048  -17.039  5.138 0.8571428657
56595  31.551  -13.384  6.099 0.2857142985
56607  31.334  -13.047  5.481 0.5714285970
55687  31.297  -14.985  5.512 0.8571428657
102059  31.396  -14.019  5.625 0.7142857313
54816  31.184  -15.733  5.382 0.8571428657
57553  31.396  -12.132  5.521 0.1428571492
57542  31.578  -12.655  6.232 0.1428571492
55688  30.856  -14.490  5.003 0.8571428657
59392  31.216  -10.263  4.886 0.1428571492
58492  31.409  -11.135  5.465 0.1428571492
57566  31.152  -11.749  4.873 0.4285714328
55702  30.466  -14.176  4.332 0.8571428657
60212  31.111  -8.890  4.503 0.1428571492
113626  31.235  -9.487  4.857 0.1428571492
60213  30.883  -9.632  4.220 0.1428571492
58505  30.996  -11.100  4.553 0.1428571492
58506  30.610  -11.160  3.799 0.4285714328
105328  30.780  -11.794  4.261 0.5714285970
56620  30.994  -12.554  4.692 0.7142857313
55721  30.108  -14.022  3.668 0.8571428657
60970  30.740  -8.942  3.731 0.1428571492
60227  30.584  -9.822  3.327 0.1428571492
59409  30.533  -10.623  3.359 0.5714285970
112825  30.553  -12.422  3.957 0.8571428657
56637  30.469  -13.273  3.997 0.8571428657
57587  30.225  -12.676  3.252 0.8571428657
60986  30.657  -8.210  3.341 0.1428571492
59424  30.300  -9.723  2.506 0.8571428657
58527  30.394  -11.223  2.990 0.8571428657
61893  30.158  -7.438  2.173 0.1428571492
62799  30.347  -6.753  2.591 0.1428571492
60994  30.358  -8.183  2.596 0.4285714328
60235  29.804  -9.640  1.790 0.8571428657
58538  30.188  -11.197  2.025 0.8571428657
61002  29.893  -8.120  1.946 0.4285714328
110728  30.185  -10.388  2.089 0.8571428657
59434  29.709  -10.603  1.524 0.8571428657
62803  30.099  -6.739  1.621 0.1428571492
101678  30.067  -6.071  1.186 0.2857142985
61894  29.829  -7.379  1.283 0.5714285970
61003  29.566  -8.200  1.316 0.8571428657
60240  29.332  -9.022  1.250 0.8571428657
59447  29.152  -10.008  0.966 0.8571428657
60246  28.758  -9.187  0.675 0.8571428657
62804  29.856  -6.577  0.761 0.2857142985
104201  29.425  -7.718  0.832 0.8571428657
61011  29.089  -8.360  0.797 0.8571428657
61012  28.385  -8.463  0.416 0.8571428657
105833  28.462  -9.919  0.459 0.8571428657
61902  29.462  -7.105  0.515 0.8571428657
61903  29.008  -6.978  0.107 0.8571428657
61013  27.644  -8.213  0.440 0.7142857313
62813  28.556  -6.793  0.056 0.8571428657
61904  28.412  -7.520  0.319 0.8571428657
61905  27.666  -7.211  0.496 0.8571428657
62814  28.051  -6.520  0.102 0.8571428657
63645  29.042  -6.044  -0.761 0.7142857313
62821  28.697  -6.324  -0.496 0.8571428657
63639  27.865  -5.950  -0.159 0.8571428657
64443  27.565  -5.224  -0.367 0.7142857313
65244  29.175  -4.170  -3.345 0.1428571492
63646  28.431  -5.600  -0.911 0.8571428657
63651  28.418  -4.944  -1.476 0.7142857313
64449  27.862  -4.885  -1.093 0.7142857313
63640  27.031  -5.544  0.327 0.8571428657
65255  29.132  -4.529  -5.017 0.1428571492
98188  27.896  -4.451  -1.977 0.5714285970
65239  27.416  -3.822  -1.950 0.5714285970
115606  27.888  -3.828  -3.258 0.1428571492
65985  29.009  -3.368  -5.870 0.1428571492
65960  27.242  -3.259  -2.581 0.5714285970
66727  26.999  -2.693  -6.075 0.1428571492
67523  27.774  -1.661  -6.184 0.1428571492
65973  27.031  -3.659  -4.671 0.1428571492
65245  27.568  -3.817  -2.885 0.5714285970
111353  26.519  -2.405  -4.961 0.1428571492
68316  27.464  -0.382  -5.472 0.1428571492
67524  26.757  -1.352  -4.966 0.1428571492
42798  22.300  -28.239  14.177 0.1428571492
108356  21.870  -28.134  14.815 0.1428571492
43701  23.602  -27.223  12.726 0.2857142985
44563  25.426  -26.884  13.316 0.2857142985
44576  24.156  -26.490  12.361 0.2857142985
46232  28.531  -24.422  11.528 0.2857142985
46223  27.144  -24.767  12.145 0.1428571492
49200  29.682  -21.754  8.424 0.2857142985
48156  29.310  -22.703  8.408 0.2857142985
51074  30.646  -19.575  7.484 0.4285714328
51092  30.292  -19.479  5.930 0.7142857313
106384  31.775  -13.967  6.392 0.1428571492
54823  30.741  -15.331  4.985 0.8571428657
56621  30.945  -13.578  4.860 0.7142857313
60969  30.974  -8.198  4.131 0.1428571492
59423  30.407  -10.504  2.655 0.8571428657
57598  30.137  -12.004  2.613 0.8571428657
58546  29.483  -11.438  1.292 0.8571428657
62812  29.420  -6.448  -0.093 0.8571428657
63650  28.860  -5.225  -1.293 0.8571428657
64457  28.710  -4.305  -2.995 0.2857142985
65251  27.632  -3.483  -3.828 0.1428571492
65978  27.716  -3.556  -6.114 0.1428571492
68315  28.487  -0.080  -6.231 0.1428571492
43654  21.193  -27.752  15.113 0.1428571492
44588  23.901  -26.304  11.453 0.2857142985
45410  26.368  -25.139  12.049 0.1428571492
101533  29.367  -24.426  11.529 0.2857142985
47136  29.914  -23.900  10.306 0.2857142985
46262  27.939  -24.259  9.776 0.2857142985
47148  28.670  -23.952  9.329 0.2857142985
50130  29.610  -20.609  6.947 0.7142857313
110763  31.494  -10.308  5.697 0.1428571492
109843  31.337  -8.180  5.011 0.1428571492
61882  30.540  -7.497  2.968 0.1428571492
60234  30.100  -8.904  2.284 0.8571428657
56638  29.907  -13.480  3.162 1.0000000000
98131  30.196  -6.226  1.974 0.1428571492
103400  29.851  -5.932  0.330 0.2857142985
102996  27.655  -8.977  0.271 0.8571428657
63649  29.217  -5.449  -0.962 0.5714285970
64454  28.597  -4.575  -2.103 0.4285714328
64453  29.035  -4.782  -1.602 0.2857142985
64456  28.896  -4.306  -2.698 0.2857142985
64462  29.033  -4.307  -3.717 0.1428571492
64463  28.966  -4.437  -4.593 0.1428571492
103369  27.011  -2.532  -3.094 0.2857142985
65256  28.633  -4.285  -5.099 0.1428571492
65979  26.802  -3.380  -5.482 0.1428571492
104853  26.569  -2.791  -4.293 0.1428571492
67517  26.251  -1.625  -4.117 0.1428571492
66726  28.379  -2.668  -6.366 0.1428571492
106278  26.553  -0.180  -4.527 0.1428571492
68307  26.065  -0.663  -4.098 0.1428571492
68317  26.236  0.701  -4.971 0.1428571492
101029  29.768  -5.271  0.081 0.4285714328
109691  29.550  -5.224  -0.512 0.4285714328
64448  29.397  -4.924  -0.903 0.4285714328
43690  23.155  -27.886  13.094 0.1428571492
43691  22.404  -27.751  13.042 0.1428571492
42813  22.148  -27.900  13.579 0.1428571492
43670  20.671  -27.211  14.608 0.1428571492
45403  24.767  -25.784  12.064 0.1428571492
112127  28.997  -24.375  10.915 0.2857142985
110256  30.831  -18.480  5.271 0.7142857313
54815  31.726  -15.637  5.986 0.8571428657
108749  30.720  -16.279  4.911 0.8571428657
59393  30.748  -10.426  4.041 0.2857142985
96766  30.494  -8.965  2.945 0.5714285970
107141  30.424  -11.865  3.499 0.8571428657
111853  29.728  -8.777  1.753 0.8571428657
99911  28.999  -7.691  0.416 0.8571428657
62820  28.995  -6.570  -0.452 0.8571428657
65249  29.260  -4.297  -4.489 0.1428571492
65232  27.437  -4.173  -1.172 0.5714285970
66732  29.702  -2.449  -6.422 0.1428571492
65966  27.094  -3.318  -3.649 0.4285714328
111456  28.446  -0.974  -6.515 0.1428571492
67531  29.213  -1.704  -6.673 0.1428571492
65250  28.159  -3.717  -4.660 0.1428571492
46221  28.884  -24.616  12.197 0.1428571492
63644  29.568  -5.781  -0.410 0.5714285970
66712  26.681  -1.877  -3.451 0.1428571492
46263  27.276  -24.445  8.971 0.5714285970
46277  26.146  -25.084  7.980 0.5714285970
46278  25.109  -25.036  8.236 0.2857142985
47170  28.219  -23.730  7.759 0.5714285970
47161  26.945  -24.878  7.402 0.5714285970
45445  24.757  -25.346  8.957 0.4285714328
47160  27.607  -24.364  8.090 0.5714285970
46279  24.324  -24.315  8.315 0.2857142985
46289  25.685  -24.598  7.584 0.4285714328
48172  29.246  -22.154  7.618 0.4285714328
98479  28.182  -23.476  7.083 0.5714285970
47182  27.217  -24.084  6.288 0.5714285970
47183  26.791  -23.910  6.219 0.4285714328
108940  28.516  -22.560  6.804 0.5714285970
48188  27.896  -22.581  5.866 0.5714285970
48174  27.734  -23.413  6.427 0.4285714328
49228  28.587  -21.793  6.071 0.7142857313
110046  28.173  -21.933  5.204 0.4285714328
50143  29.219  -20.989  6.122 0.4285714328
47173  26.199  -24.071  6.992 0.4285714328
47174  25.135  -23.624  7.175 0.2857142985
47175  24.103  -23.431  7.741 0.2857142985
48189  27.167  -23.307  5.714 0.4285714328
49227  29.153  -21.538  6.883 0.7142857313
50158  29.250  -20.538  5.369 0.7142857313
111802  28.494  -20.232  4.251 0.4285714328
51108  28.784  -19.594  4.019 0.7142857313
52060  28.359  -19.131  3.294 0.5714285970
52059  29.093  -18.986  3.773 0.7142857313
52075  27.526  -18.780  2.788 0.2857142985
51082  29.786  -20.130  6.147 0.5714285970
51093  29.680  -19.699  5.352 0.5714285970
51094  29.055  -20.003  4.719 0.7142857313
96064  29.480  -18.520  4.070 0.7142857313
114178  28.485  -17.758  2.806 0.7142857313
113174  28.716  -17.118  2.763 0.7142857313
53894  28.054  -17.200  2.356 0.7142857313
52995  27.636  -17.941  2.426 0.4285714328
53912  27.641  -16.568  1.785 0.4285714328
52974  30.210  -18.321  4.658 0.5714285970
104299  29.609  -16.960  3.985 0.5714285970
53893  29.218  -16.536  3.218 0.7142857313
54839  28.970  -15.727  2.796 0.7142857313
55723  28.812  -14.932  2.535 0.7142857313
103708  28.454  -16.480  2.453 0.7142857313
54852  28.194  -15.663  1.911 0.5714285970
55750  27.955  -14.350  0.939 0.5714285970
54824  30.135  -15.665  4.360 0.5714285970
53882  29.682  -16.254  3.962 0.5714285970
54838  29.536  -15.669  3.597 0.7142857313
55722  29.444  -14.302  3.082 0.8571428657
56650  28.986  -13.593  1.832 0.7142857313
107870  28.466  -14.121  1.508 0.7142857313
56661  28.354  -13.603  1.029 0.7142857313
105452  30.436  -14.894  4.518 0.5714285970
105103  29.325  -15.072  3.206 0.7142857313
56649  29.383  -13.700  2.562 0.8571428657
102223  29.695  -12.944  2.315 0.8571428657
57600  29.064  -12.925  1.302 0.7142857313
57613  28.104  -12.828  0.585 0.5714285970
58556  26.954  -12.357  -0.116 0.2857142985
58563  26.999  -11.390  -0.354 0.7142857313
57612  28.966  -12.209  0.936 0.8571428657
59448  28.412  -10.768  0.443 0.8571428657
104641  28.190  -12.124  0.485 0.8571428657
58555  27.219  -11.885  -0.196 0.5714285970
59449  27.557  -11.140  -0.093 0.8571428657
102321  27.825  -10.257  0.093 0.8571428657
59450  27.109  -10.608  -0.261 0.7142857313
60248  27.336  -9.713  -0.008 0.8571428657
60247  28.069  -9.412  0.282 0.8571428657
98245  26.654  -7.167  1.021 0.7142857313
62815  27.154  -6.385  0.570 0.5714285970
110349  25.816  -7.089  1.235 0.7142857313
62816  26.192  -6.505  1.151 0.7142857313
116322  26.444  -5.885  0.876 0.8571428657
63641  26.275  -5.181  0.871 0.7142857313
63631  25.583  -5.845  1.461 0.7142857313
98612  25.562  -4.926  1.556 0.7142857313
64434  24.963  -4.094  1.769 0.7142857313
64435  23.845  -4.391  1.801 0.5714285970
64444  26.911  -4.734  0.282 0.7142857313
64445  26.140  -4.213  0.920 0.7142857313
111339  24.128  -3.616  1.834 0.5714285970
100469  23.340  -3.668  1.639 0.5714285970
65225  26.476  -3.385  0.401 0.5714285970
65226  25.555  -3.322  0.963 0.5714285970
65216  24.678  -3.107  1.533 0.5714285970
105698  23.067  -2.905  1.564 0.4285714328
65217  22.563  -3.825  1.499 0.4285714328
65943  23.580  -2.159  1.378 0.5714285970
105416  23.863  -2.910  1.680 0.5714285970
65933  21.971  -2.121  2.011 0.4285714328
65946  20.892  -3.332  2.096 0.4285714328
65944  22.848  -2.211  1.554 0.5714285970
66671  22.946  -1.174  2.062 0.4285714328
51073  31.256  -19.165  7.981 0.2857142985
53881  30.064  -16.475  4.401 0.5714285970
66670  23.763  -1.121  1.710 0.2857142985
66672  22.155  -1.239  2.330 0.4285714328
46264  26.385  -24.812  9.060 0.5714285970
46265  25.449  -25.252  8.819 0.5714285970
48157  28.781  -23.350  8.232 0.2857142985
47159  28.399  -23.841  8.537 0.4285714328
48173  28.736  -22.997  7.648 0.5714285970
110422  24.426  -24.941  8.689 0.2857142985
47184  25.849  -23.344  6.527 0.4285714328
48175  24.360  -22.763  6.988 0.2857142985
48190  25.451  -22.674  6.014 0.2857142985
50159  28.572  -20.854  4.736 0.5714285970
106319  31.545  -18.485  7.542 0.2857142985
51121  27.420  -19.625  3.118 0.2857142985
52074  28.222  -18.387  2.900 0.7142857313
57599  29.656  -12.129  1.725 0.8571428657
97270  26.762  -8.019  0.643 0.7142857313
61906  25.831  -7.756  0.929 0.7142857313
64436  22.903  -4.523  1.405 0.5714285970
104713  22.310  -3.027  1.705 0.2857142985
104295  26.867  -4.018  0.209 0.5714285970
64450  27.281  -4.432  -0.414 0.5714285970
65233  27.076  -3.536  -0.400 0.5714285970
65941  25.216  -2.523  0.979 0.5714285970
65942  24.406  -2.304  1.299 0.2857142985
48202  27.354  -22.379  5.034 0.4285714328
52049  30.317  -19.039  5.237 0.5714285970
55703  29.954  -14.829  3.829 0.7142857313
58547  28.709  -11.518  0.710 0.7142857313
61014  26.804  -9.030  0.242 0.7142857313
46276  26.835  -24.845  8.164 0.5714285970
46288  26.495  -24.738  7.341 0.4285714328
46290  24.850  -24.271  7.772 0.4285714328
47171  27.546  -24.268  6.971 0.5714285970
47172  26.949  -24.627  6.674 0.4285714328
45434  24.945  -25.570  9.512 0.5714285970
105606  26.369  -23.090  5.817 0.4285714328
50144  28.743  -21.294  5.369 0.5714285970
116094  28.376  -21.456  4.928 0.4285714328
51109  28.100  -20.015  3.642 0.4285714328
51110  27.245  -20.401  3.579 0.4285714328
50170  27.877  -20.675  4.178 0.4285714328
51107  29.502  -19.151  4.562 0.7142857313
52982  28.964  -18.318  3.383 0.7142857313
52981  29.616  -17.815  4.007 0.7142857313
52980  30.354  -17.258  4.583 0.5714285970
55735  28.323  -14.763  1.667 0.7142857313
55734  28.845  -14.211  2.262 0.7142857313
55751  27.290  -14.494  0.691 0.2857142985
57618  27.484  -12.305  0.130 0.5714285970
58554  27.894  -11.657  0.192 0.8571428657
103338  24.100  -1.627  1.287 0.5714285970
66683  22.667  -1.670  1.854 0.4285714328
49240  26.548  -22.052  4.867 0.4285714328
44578  22.405  -26.772  12.144 0.4285714328
48127  30.315  -23.200  9.914 0.1428571492
50120  30.729  -19.938  8.506 0.1428571492
48139  30.259  -22.323  9.474 0.1428571492
48126  31.013  -23.035  10.480 0.1428571492
50113  31.277  -20.023  9.388 0.1428571492
50114  30.647  -20.755  9.234 0.1428571492
49189  30.800  -21.630  9.631 0.1428571492
52940  32.025  -17.864  7.975 0.2857142985
53851  32.170  -16.468  7.075 0.1428571492
115497  24.832  1.476  -5.521 0.1428571492
98116  25.817  -9.481  0.023 0.4285714328
69071  24.476  1.329  -5.057 0.1428571492
115632  26.179  -0.930  -3.792 0.1428571492
106096  24.974  -8.260  0.877 0.4285714328
61896  23.728  -7.227  1.018 0.4285714328
67492  27.011  -0.467  -0.210 0.2857142985
66690  26.495  -1.859  0.233 0.2857142985
65949  26.767  -2.700  -0.037 0.2857142985
111400  26.988  -2.102  -0.397 0.2857142985
113507  21.698  -7.224  1.127 0.1428571492
62805  24.420  -6.396  1.429 0.5714285970
66679  26.343  -1.187  0.916 0.2857142985
63634  21.967  -5.872  1.201 0.4285714328
63633  23.324  -5.191  1.453 0.5714285970
66691  25.759  -1.845  0.775 0.2857142985
63635  21.318  -5.770  1.434 0.4285714328
64438  21.268  -4.810  1.543 0.2857142985
66681  24.752  -1.158  1.674 0.1428571492
66680  25.059  -1.817  1.198 0.1428571492
64439  20.786  -4.729  1.803 0.1428571492
65218  21.771  -3.935  1.557 0.4285714328
67476  25.739  -1.032  1.506 0.1428571492
65220  20.608  -4.083  2.160 0.2857142985
67466  23.321  -0.642  2.427 0.2857142985
67455  21.751  -0.256  3.443 0.1428571492
67465  24.326  -0.656  2.330 0.1428571492
67464  25.313  -0.570  2.289 0.1428571492
67453  23.816  -0.130  2.974 0.1428571492
44590  22.596  -26.464  11.432 0.4285714328
46236  22.269  -24.977  11.053 0.2857142985
66704  27.138  -2.519  -1.939 0.2857142985
100155  27.036  -1.390  -0.364 0.2857142985
67475  26.378  -0.447  1.495 0.2857142985
102935  27.616  -25.102  12.576 0.1428571492
46246  29.653  -24.252  10.846 0.1428571492
47128  30.263  -24.092  10.843 0.1428571492
53852  31.765  -17.167  6.713 0.1428571492
63636  20.776  -5.558  1.707 0.1428571492
101880  24.989  -9.079  0.337 0.4285714328
62808  21.359  -6.718  1.388 0.2857142985
65240  27.256  -3.488  -1.184 0.4285714328
66697  27.184  -0.962  -1.221 0.2857142985
66698  27.169  -1.860  -1.145 0.2857142985
66703  27.101  -1.568  -2.329 0.2857142985
67500  27.156  -0.554  -2.247 0.2857142985
68288  26.935  0.235  -2.502 0.1428571492
103785  26.463  0.872  -2.419 0.1428571492
67484  26.684  -0.473  0.754 0.2857142985
68298  26.335  -0.293  -3.543 0.1428571492
68299  25.728  0.089  -4.093 0.1428571492
67510  26.694  -1.003  -3.280 0.1428571492
67501  27.130  -0.067  -1.293 0.2857142985
44589  23.222  -26.360  11.016 0.4285714328
52956  31.718  -17.819  7.126 0.4285714328
65961  27.226  -3.183  -1.698 0.2857142985
61895  24.910  -7.384  1.316 0.4285714328
113782  25.406  -6.660  1.431 0.5714285970
101548  23.624  -5.847  1.414 0.5714285970
63632  24.476  -5.267  1.772 0.5714285970
65956  27.157  -2.749  -0.913 0.2857142985
66682  23.338  -1.625  1.512 0.4285714328
67467  22.396  -0.654  2.653 0.2857142985
61015  25.862  -8.609  0.521 0.5714285970
64437  22.031  -4.867  1.328 0.5714285970
65950  26.033  -2.631  0.504 0.2857142985
49181  30.876  -22.432  10.016 0.1428571492
51067  31.492  -19.320  8.829 0.1428571492
61907  24.171  -7.908  0.929 0.2857142985
98100  26.720  -1.105  0.311 0.2857142985
62807  22.194  -6.560  1.021 0.2857142985
62806  23.186  -6.483  0.975 0.4285714328
62809  20.829  -6.475  1.653 0.2857142985
104408  22.764  -5.858  1.130 0.5714285970
113533  22.561  -5.265  1.259 0.5714285970
45414  22.144  -25.814  11.435 0.2857142985
68287  26.954  -0.321  -2.987 0.2857142985
97580  26.138  0.449  -3.363 0.1428571492
55736  27.742  -15.139  1.114 0.4285714328
57619  27.205  -12.820  0.193 0.2857142985
108573  27.119  0.767  0.910 0.1428571492
68263  26.870  0.277  0.465 0.1428571492
107765  26.800  1.889  -0.040 0.1428571492
68243  25.475  0.366  3.587 0.1428571492
68254  27.296  1.295  1.028 0.1428571492
104755  26.765  0.209  1.200 0.1428571492
68250  25.831  -0.087  2.966 0.1428571492
68249  26.484  0.348  2.699 0.1428571492
101983  26.652  0.239  1.949 0.1428571492
69028  26.993  0.915  2.312 0.1428571492
69032  27.255  2.020  0.772 0.1428571492
68255  27.096  0.834  1.527 0.1428571492
69023  27.240  1.677  2.662 0.1428571492
69027  27.285  1.667  1.744 0.1428571492
56662  27.488  -13.599  0.502 0.2857142985
68242  26.284  0.569  3.417 0.1428571492
69810  27.246  2.512  1.536 0.1428571492
50122  29.627  -21.177  7.702 0.2857142985
112718  26.894  0.471  -0.392 0.1428571492
69033  26.992  1.141  0.327 0.1428571492
69040  26.694  1.324  -0.649 0.1428571492
69024  26.850  1.041  3.086 0.1428571492
46235  25.892  -25.143  10.557 0.2857142985
46249  26.510  -24.867  10.110 0.2857142985
103409  27.101  -24.604  9.689 0.2857142985
45412  24.565  -25.840  11.052 0.2857142985
47149  28.013  -24.237  8.937 0.2857142985
45425  25.143  -25.596  10.339 0.4285714328
46248  27.365  -24.607  10.483 0.1428571492
45411  25.574  -25.385  11.430 0.1428571492
46250  25.687  -25.204  9.704 0.2857142985
45427  23.516  -25.845  10.455 0.2857142985
45428  22.780  -25.989  10.822 0.2857142985
45426  24.332  -25.835  10.136 0.2857142985
45436  23.763  -25.490  9.779 0.2857142985
45435  24.386  -25.548  9.480 0.2857142985
50171  27.106  -21.129  4.091 0.2857142985
53009  26.770  -17.680  2.013 0.1428571492
53913  27.398  -17.272  2.045 0.2857142985
54853  27.514  -15.849  1.307 0.1428571492
107346  26.744  -12.768  0.057 0.1428571492
57620  26.515  -12.341  -0.229 0.1428571492
59464  26.426  -11.066  -0.405 0.1428571492
58565  26.166  -11.774  -0.418 0.1428571492
59451  25.723  -10.356  -0.300 0.1428571492
59452  24.918  -10.612  -0.187 0.1428571492
61908  23.117  -7.968  0.652 0.1428571492
61897  21.233  -7.349  1.467 0.1428571492
61909  22.047  -7.739  0.784 0.1428571492
65945  21.473  -3.116  1.869 0.1428571492
65934  21.062  -2.421  2.600 0.1428571492
65935  20.415  -3.192  2.648 0.1428571492
65924  20.837  -1.562  3.606 0.1428571492
66673  21.475  -1.427  2.889 0.1428571492
114471  22.052  -26.279  11.866 0.2857142985
60249  26.526  -10.034  -0.216 0.2857142985
60250  24.163  -9.602  0.278 0.1428571492
62817  22.612  -7.177  0.774 0.1428571492
45404  21.566  -25.615  12.149 0.2857142985
48203  26.759  -22.722  5.278 0.2857142985
49251  27.060  -21.795  4.497 0.2857142985
49252  26.391  -21.389  4.345 0.2857142985
106454  26.998  -16.976  1.676 0.1428571492
54867  27.093  -15.334  0.948 0.1428571492
55752  26.637  -14.594  0.702 0.1428571492
56663  26.859  -13.817  0.400 0.1428571492
96004  25.423  -12.702  0.049 0.1428571492
57621  25.854  -12.250  -0.278 0.1428571492
58557  25.404  -11.544  -0.328 0.1428571492
45413  23.874  -26.081  10.763 0.2857142985
58564  26.743  -11.900  -0.374 0.1428571492
65210  19.989  -4.036  2.631 0.1428571492
48204  25.973  -22.336  5.404 0.1428571492
110353  25.100  -9.829  -0.041 0.1428571492
61016  24.068  -8.629  0.561 0.1428571492
46251  23.010  -25.142  10.302 0.2857142985
50172  26.296  -20.669  3.719 0.1428571492
59465  25.728  -11.122  -0.412 0.1428571492
115368  24.672  -12.468  0.284 0.1428571492
110694  20.920  -25.184  12.547 0.1428571492
46225  20.623  -24.390  12.806 0.1428571492
115728  21.735  -25.097  11.659 0.1428571492
53863  32.102  -15.878  6.661 0.1428571492
54788  32.464  -15.613  7.397 0.1428571492
64442  29.627  -4.523  -0.264 0.1428571492
44580  20.955  -25.906  12.716 0.1428571492
46266  24.060  -25.198  9.157 0.1428571492
46252  22.501  -24.384  10.569 0.1428571492
108510  23.610  -23.657  8.578 0.1428571492
63630  29.700  -5.342  0.969 0.1428571492
44579  21.699  -26.438  12.411 0.1428571492
54801  32.130  -15.172  6.669 0.1428571492
46280  23.824  -24.490  8.879 0.1428571492
47185  25.035  -22.956  6.586 0.1428571492
46224  21.231  -24.742  12.146 0.1428571492
46267  23.364  -24.667  9.547 0.1428571492
50160  27.800  -21.504  4.630 0.4285714328
52034  31.158  -19.038  7.090 0.7142857313
52965  31.512  -17.796  6.395 0.4285714328
52994  29.148  -17.451  3.292 0.7142857313
56672  26.231  -12.864  -0.022 0.1428571492
59380  31.436  -9.623  5.507 0.1428571492
59435  29.170  -10.870  0.941 0.8571428657
64427  20.361  -5.076  2.209 0.1428571492
64458  28.473  -3.917  -3.721 0.1428571492
65219  21.108  -3.990  1.774 0.4285714328
65262  28.638  -4.032  -5.431 0.1428571492
65972  27.725  -3.848  -5.396 0.1428571492
108452  28.156  -4.224  -2.815 0.2857142985
114064  30.206  -19.694  6.403 0.7142857313
116070  31.306  -22.427  10.485 0.1428571492
