#!ascii label  , from subject sub-v1s7x0051325_ses-1 vox2ras=TkReg
207
105103  29.325  -15.072  3.206 0.0000000000
48173  28.736  -22.997  7.648 0.0000000000
58563  26.999  -11.390  -0.354 0.0000000000
65216  24.678  -3.107  1.533 0.0000000000
46276  26.835  -24.845  8.164 0.0000000000
61011  29.089  -8.360  0.797 0.0000000000
61905  27.666  -7.211  0.496 0.0000000000
53894  28.054  -17.200  2.356 0.0000000000
51107  29.502  -19.151  4.562 0.0000000000
104433  31.048  -17.039  5.138 0.0000000000
112825  30.553  -12.422  3.957 0.0000000000
102059  31.396  -14.019  5.625 0.0000000000
57600  29.064  -12.925  1.302 0.0000000000
110728  30.185  -10.388  2.089 0.0000000000
63632  24.476  -5.267  1.772 0.0000000000
63640  27.031  -5.544  0.327 0.0000000000
97713  30.084  -20.291  7.712 0.0000000000
97270  26.762  -8.019  0.643 0.0000000000
98245  26.654  -7.167  1.021 0.0000000000
54839  28.970  -15.727  2.796 0.0000000000
104299  29.609  -16.960  3.985 0.0000000000
54824  30.135  -15.665  4.360 0.0000000000
47170  28.219  -23.730  7.759 0.0000000000
104641  28.190  -12.124  0.485 0.0000000000
58546  29.483  -11.438  1.292 0.0000000000
59448  28.412  -10.768  0.443 0.0000000000
104201  29.425  -7.718  0.832 0.0000000000
61003  29.566  -8.200  1.316 0.0000000000
65944  22.848  -2.211  1.554 0.0000000000
64437  22.031  -4.867  1.328 0.0000000000
64434  24.963  -4.094  1.769 0.0000000000
65245  27.568  -3.817  -2.885 0.0000000000
98188  27.896  -4.451  -1.977 0.0000000000
64449  27.862  -4.885  -1.093 0.0000000000
63651  28.418  -4.944  -1.476 0.0000000000
63650  28.860  -5.225  -1.293 0.0000000000
52041  30.858  -18.861  5.962 0.0000000000
51082  29.786  -20.130  6.147 0.0000000000
46277  26.146  -25.084  7.980 0.0000000000
102321  27.825  -10.257  0.093 0.0000000000
102996  27.655  -8.977  0.271 0.0000000000
61904  28.412  -7.520  0.319 0.0000000000
61903  29.008  -6.978  0.107 0.0000000000
52060  28.359  -19.131  3.294 0.0000000000
52982  28.964  -18.318  3.383 0.0000000000
52974  30.210  -18.321  4.658 0.0000000000
52966  31.237  -18.154  5.791 0.0000000000
56638  29.907  -13.480  3.162 0.0000000000
105452  30.436  -14.894  4.518 0.0000000000
56621  30.945  -13.578  4.860 0.0000000000
55735  28.323  -14.763  1.667 0.0000000000
55750  27.955  -14.350  0.939 0.0000000000
56650  28.986  -13.593  1.832 0.0000000000
102223  29.695  -12.944  2.315 0.0000000000
58527  30.394  -11.223  2.990 0.0000000000
60227  30.584  -9.822  3.327 0.0000000000
59447  29.152  -10.008  0.966 0.0000000000
60234  30.100  -8.904  2.284 0.0000000000
101548  23.624  -5.847  1.414 0.0000000000
65225  26.476  -3.385  0.401 0.0000000000
64445  26.140  -4.213  0.920 0.0000000000
63641  26.275  -5.181  0.871 0.0000000000
62816  26.192  -6.505  1.151 0.0000000000
62814  28.051  -6.520  0.102 0.0000000000
63645  29.042  -6.044  -0.761 0.0000000000
48188  27.896  -22.581  5.866 0.0000000000
51094  29.055  -20.003  4.719 0.0000000000
54816  31.184  -15.733  5.382 0.0000000000
53864  31.775  -16.480  6.285 0.0000000000
61906  25.831  -7.756  0.929 0.0000000000
110349  25.816  -7.089  1.235 0.0000000000
54838  29.536  -15.669  3.597 0.0000000000
45434  24.945  -25.570  9.512 0.0000000000
46265  25.449  -25.252  8.819 0.0000000000
58555  27.219  -11.885  -0.196 0.0000000000
58554  27.894  -11.657  0.192 0.0000000000
59449  27.557  -11.140  -0.093 0.0000000000
62804  29.856  -6.577  0.761 0.0000000000
61894  29.829  -7.379  1.283 0.0000000000
105416  23.863  -2.910  1.680 0.0000000000
105698  23.067  -2.905  1.564 0.0000000000
100469  23.340  -3.668  1.639 0.0000000000
111339  24.128  -3.616  1.834 0.0000000000
64454  28.597  -4.575  -2.103 0.0000000000
115848  31.045  -18.941  6.541 0.0000000000
51081  30.631  -19.343  6.612 0.0000000000
47182  27.217  -24.084  6.288 0.0000000000
60248  27.336  -9.713  -0.008 0.0000000000
61014  26.804  -9.030  0.242 0.0000000000
61013  27.644  -8.213  0.440 0.0000000000
62813  28.556  -6.793  0.056 0.0000000000
103338  24.100  -1.627  1.287 0.0000000000
52074  28.222  -18.387  2.900 0.0000000000
114178  28.485  -17.758  2.806 0.0000000000
52980  30.354  -17.258  4.583 0.0000000000
52981  29.616  -17.815  4.007 0.0000000000
52973  31.008  -17.814  5.091 0.0000000000
46264  26.385  -24.812  9.060 0.0000000000
57587  30.225  -12.676  3.252 0.0000000000
56637  30.469  -13.273  3.997 0.0000000000
56620  30.994  -12.554  4.692 0.0000000000
54852  28.194  -15.663  1.911 0.0000000000
57613  28.104  -12.828  0.585 0.0000000000
56661  28.354  -13.603  1.029 0.0000000000
107870  28.466  -14.121  1.508 0.0000000000
58538  30.188  -11.197  2.025 0.0000000000
59423  30.407  -10.504  2.655 0.0000000000
60246  28.758  -9.187  0.675 0.0000000000
105833  28.462  -9.919  0.459 0.0000000000
111853  29.728  -8.777  1.753 0.0000000000
96766  30.494  -8.965  2.945 0.0000000000
64436  22.903  -4.523  1.405 0.0000000000
113533  22.561  -5.265  1.259 0.0000000000
63633  23.324  -5.191  1.453 0.0000000000
104408  22.764  -5.858  1.130 0.0000000000
65239  27.416  -3.822  -1.950 0.0000000000
65960  27.242  -3.259  -2.581 0.0000000000
65233  27.076  -3.536  -0.400 0.0000000000
104295  26.867  -4.018  0.209 0.0000000000
64443  27.565  -5.224  -0.367 0.0000000000
64444  26.911  -4.734  0.282 0.0000000000
116322  26.444  -5.885  0.876 0.0000000000
62815  27.154  -6.385  0.570 0.0000000000
63639  27.865  -5.950  -0.159 0.0000000000
63649  29.217  -5.449  -0.962 0.0000000000
63644  29.568  -5.781  -0.410 0.0000000000
51108  28.784  -19.594  4.019 0.0000000000
50130  29.610  -20.609  6.947 0.0000000000
49227  29.153  -21.538  6.883 0.0000000000
55688  30.856  -14.490  5.003 0.0000000000
54823  30.741  -15.331  4.985 0.0000000000
55687  31.297  -14.985  5.512 0.0000000000
61015  25.862  -8.609  0.521 0.0000000000
103708  28.454  -16.480  2.453 0.0000000000
113174  28.716  -17.118  2.763 0.0000000000
53893  29.218  -16.536  3.218 0.0000000000
53882  29.682  -16.254  3.962 0.0000000000
53881  30.064  -16.475  4.401 0.0000000000
47160  27.607  -24.364  8.090 0.0000000000
46263  27.276  -24.445  8.971 0.0000000000
47148  28.670  -23.952  9.329 0.0000000000
105328  30.780  -11.794  4.261 0.0000000000
57618  27.484  -12.305  0.130 0.0000000000
57612  28.966  -12.209  0.936 0.0000000000
58547  28.709  -11.518  0.710 0.0000000000
59434  29.709  -10.603  1.524 0.0000000000
64435  23.845  -4.391  1.801 0.0000000000
65232  27.437  -4.173  -1.172 0.0000000000
64450  27.281  -4.432  -0.414 0.0000000000
63646  28.431  -5.600  -0.911 0.0000000000
52049  30.317  -19.039  5.237 0.0000000000
51093  29.680  -19.699  5.352 0.0000000000
51092  30.292  -19.479  5.930 0.0000000000
51075  30.105  -19.888  6.916 0.0000000000
46289  25.685  -24.598  7.584 0.0000000000
47161  26.945  -24.878  7.402 0.0000000000
47171  27.546  -24.268  6.971 0.0000000000
98479  28.182  -23.476  7.083 0.0000000000
59450  27.109  -10.608  -0.261 0.0000000000
60247  28.069  -9.412  0.282 0.0000000000
61012  28.385  -8.463  0.416 0.0000000000
99911  28.999  -7.691  0.416 0.0000000000
61902  29.462  -7.105  0.515 0.0000000000
62812  29.420  -6.448  -0.093 0.0000000000
65943  23.580  -2.159  1.378 0.0000000000
65941  25.216  -2.523  0.979 0.0000000000
52059  29.093  -18.986  3.773 0.0000000000
96064  29.480  -18.520  4.070 0.0000000000
110256  30.831  -18.480  5.271 0.0000000000
52040  31.328  -18.464  6.610 0.0000000000
55722  29.444  -14.302  3.082 0.0000000000
55703  29.954  -14.829  3.829 0.0000000000
55721  30.108  -14.022  3.668 0.0000000000
55702  30.466  -14.176  4.332 0.0000000000
56607  31.334  -13.047  5.481 0.0000000000
55723  28.812  -14.932  2.535 0.0000000000
55734  28.845  -14.211  2.262 0.0000000000
56649  29.383  -13.700  2.562 0.0000000000
57599  29.656  -12.129  1.725 0.0000000000
57598  30.137  -12.004  2.613 0.0000000000
107141  30.424  -11.865  3.499 0.0000000000
58506  30.610  -11.160  3.799 0.0000000000
59409  30.533  -10.623  3.359 0.0000000000
60235  29.804  -9.640  1.790 0.0000000000
60240  29.332  -9.022  1.250 0.0000000000
59424  30.300  -9.723  2.506 0.0000000000
62805  24.420  -6.396  1.429 0.0000000000
65226  25.555  -3.322  0.963 0.0000000000
98612  25.562  -4.926  1.556 0.0000000000
63631  25.583  -5.845  1.461 0.0000000000
113782  25.406  -6.660  1.431 0.0000000000
62821  28.697  -6.324  -0.496 0.0000000000
62820  28.995  -6.570  -0.452 0.0000000000
108940  28.516  -22.560  6.804 0.0000000000
50159  28.572  -20.854  4.736 0.0000000000
50158  29.250  -20.538  5.369 0.0000000000
50144  28.743  -21.294  5.369 0.0000000000
49228  28.587  -21.793  6.071 0.0000000000
108749  30.720  -16.279  4.911 0.0000000000
54815  31.726  -15.637  5.986 0.0000000000
53873  31.344  -16.417  5.565 0.0000000000
52972  31.422  -17.285  5.825 0.0000000000
52034  31.158  -19.038  7.090 0.0000000000
52994  29.148  -17.451  3.292 0.0000000000
59435  29.170  -10.870  0.941 0.0000000000
104713  22.310  -3.027  1.705 0.0000000000
114064  30.206  -19.694  6.403 0.0000000000
