#!ascii label  , from subject sub-v1s7x0051327_ses-1 vox2ras=TkReg
988
93884  -56.338  3.628  52.807 0.0000000000
105259  -48.263  20.419  50.844 0.0000000000
101009  -48.120  13.702  55.212 0.0000000000
121819  -55.985  14.188  50.800 0.0000000000
107556  -53.094  24.065  49.383 0.0000000000
131675  -53.897  20.452  54.988 0.0000000000
104534  -53.588  18.627  50.785 0.0000000000
121086  -52.021  11.962  49.515 0.0000000000
90754  -50.866  -0.885  53.620 0.0000000000
93851  -54.351  3.116  56.379 0.0000000000
107055  -41.706  22.671  47.438 0.0000000000
107604  -48.642  23.357  46.020 0.0000000000
121405  -55.191  21.165  44.653 0.0000000000
97361  -55.235  8.720  55.565 0.0000000000
132554  -49.569  19.184  59.393 0.0000000000
101657  -53.009  13.698  55.844 0.0000000000
97392  -56.506  8.735  50.883 0.0000000000
97435  -54.828  8.737  46.200 0.0000000000
98163  -48.819  10.181  45.082 0.0000000000
94597  -55.184  4.919  49.986 0.0000000000
106511  -54.864  22.198  47.988 0.0000000000
129865  -54.854  22.052  51.046 0.0000000000
105880  -53.068  20.167  49.946 0.0000000000
103805  -51.668  17.663  50.317 0.0000000000
91570  -52.987  0.292  55.187 0.0000000000
93862  -51.542  3.658  54.614 0.0000000000
107560  -38.519  23.456  48.895 0.0000000000
107082  -51.921  22.306  45.316 0.0000000000
96695  -51.596  7.763  54.373 0.0000000000
98899  -51.353  11.258  54.444 0.0000000000
104519  -45.691  18.346  51.493 0.0000000000
104488  -49.688  18.525  54.599 0.0000000000
103018  -55.058  16.634  52.545 0.0000000000
102991  -52.931  16.805  55.557 0.0000000000
101027  -54.835  13.837  53.468 0.0000000000
99648  -55.927  11.492  54.863 0.0000000000
140161  -56.868  11.477  50.449 0.0000000000
98148  -58.076  9.507  47.346 0.0000000000
98933  -55.979  11.398  48.786 0.0000000000
98125  -50.779  9.380  48.707 0.0000000000
107026  -50.880  22.579  49.956 0.0000000000
105848  -51.041  20.610  53.226 0.0000000000
106449  -53.675  22.157  53.008 0.0000000000
105228  -55.388  19.453  52.469 0.0000000000
102321  -55.258  15.858  50.892 0.0000000000
101047  -54.780  13.485  49.662 0.0000000000
101676  -52.965  14.875  50.232 0.0000000000
120840  -50.711  14.233  49.621 0.0000000000
89944  -53.272  -1.826  54.298 0.0000000000
90740  -55.198  -0.280  55.652 0.0000000000
93112  -57.522  2.302  55.658 0.0000000000
105863  -38.199  20.089  51.602 0.0000000000
105894  -41.842  20.562  49.588 0.0000000000
106474  -45.133  21.108  49.251 0.0000000000
107049  -48.158  22.296  48.176 0.0000000000
107579  -51.711  23.805  47.499 0.0000000000
107066  -54.282  23.846  46.708 0.0000000000
106521  -56.215  21.500  46.001 0.0000000000
104555  -57.216  19.137  44.980 0.0000000000
95273  -51.876  5.294  56.274 0.0000000000
142370  -55.015  5.361  56.590 0.0000000000
95282  -57.250  5.324  54.837 0.0000000000
102277  -48.175  15.899  57.806 0.0000000000
105195  -52.300  19.976  57.511 0.0000000000
102973  -51.576  17.349  58.434 0.0000000000
101012  -51.054  13.497  55.899 0.0000000000
98887  -54.646  11.284  55.920 0.0000000000
97387  -56.629  8.503  54.764 0.0000000000
96007  -57.340  5.792  51.819 0.0000000000
96013  -57.487  5.061  47.193 0.0000000000
96752  -56.998  7.173  44.035 0.0000000000
97465  -54.141  9.212  42.113 0.0000000000
98109  -53.223  9.619  49.325 0.0000000000
97432  -52.240  9.062  45.864 0.0000000000
126583  -50.223  10.567  43.137 0.0000000000
129964  -55.930  2.899  53.269 0.0000000000
93889  -54.513  3.450  51.924 0.0000000000
94588  -56.245  4.518  51.487 0.0000000000
106500  -53.549  21.397  47.898 0.0000000000
105914  -53.863  21.535  48.575 0.0000000000
105913  -52.829  20.891  48.160 0.0000000000
105271  -51.578  19.256  49.273 0.0000000000
139445  -49.361  11.782  54.480 0.0000000000
105238  -47.208  19.204  51.342 0.0000000000
101672  -55.456  14.857  51.786 0.0000000000
102304  -54.534  15.458  52.962 0.0000000000
101034  -55.526  14.197  52.384 0.0000000000
100384  -56.475  12.258  52.058 0.0000000000
100387  -56.494  12.781  50.987 0.0000000000
99673  -56.993  11.827  49.355 0.0000000000
100389  -56.305  12.886  49.881 0.0000000000
107027  -51.863  22.975  50.250 0.0000000000
107018  -52.166  22.614  51.249 0.0000000000
107029  -53.778  23.284  51.014 0.0000000000
105263  -54.437  20.006  51.078 0.0000000000
105859  -55.439  20.746  51.993 0.0000000000
105241  -55.158  19.463  51.534 0.0000000000
103802  -55.350  17.909  51.658 0.0000000000
103801  -55.101  17.356  51.169 0.0000000000
102320  -54.648  15.472  50.585 0.0000000000
122592  -53.330  17.021  50.621 0.0000000000
102317  -51.152  15.531  50.042 0.0000000000
92353  -53.974  1.488  55.766 0.0000000000
91563  -53.934  0.363  55.741 0.0000000000
92342  -55.313  0.884  56.402 0.0000000000
91555  -56.682  0.732  56.153 0.0000000000
93097  -56.163  2.347  56.984 0.0000000000
107053  -39.929  22.924  47.737 0.0000000000
106491  -39.883  21.780  48.705 0.0000000000
106493  -41.781  21.563  48.524 0.0000000000
105896  -43.706  20.594  49.603 0.0000000000
107044  -43.313  22.104  47.809 0.0000000000
107590  -46.601  23.428  46.452 0.0000000000
107060  -46.605  22.727  47.510 0.0000000000
107577  -47.976  23.418  47.038 0.0000000000
107050  -49.862  23.015  48.336 0.0000000000
124626  -49.843  23.546  47.081 0.0000000000
106544  -53.491  21.762  44.907 0.0000000000
107074  -52.613  22.987  45.894 0.0000000000
106529  -55.363  22.423  45.467 0.0000000000
107076  -55.757  22.924  45.930 0.0000000000
106547  -56.629  21.219  45.215 0.0000000000
105289  -56.883  19.684  45.305 0.0000000000
105292  -56.952  19.904  44.677 0.0000000000
95998  -47.341  6.996  53.789 0.0000000000
95989  -47.799  5.951  54.636 0.0000000000
95990  -49.317  6.299  55.038 0.0000000000
95272  -50.256  5.066  56.141 0.0000000000
123021  -50.079  6.679  54.804 0.0000000000
97372  -53.121  8.376  54.501 0.0000000000
95975  -53.476  6.360  55.764 0.0000000000
95976  -55.415  6.853  56.106 0.0000000000
95969  -56.144  5.944  56.347 0.0000000000
128468  -56.338  7.149  56.044 0.0000000000
104438  -47.961  18.621  59.423 0.0000000000
102962  -47.511  17.404  59.697 0.0000000000
103711  -48.709  18.208  60.226 0.0000000000
105841  -52.438  21.049  54.702 0.0000000000
105211  -52.041  20.611  55.396 0.0000000000
105205  -53.116  20.365  56.137 0.0000000000
102298  -52.885  15.705  55.228 0.0000000000
102983  -52.387  16.916  56.978 0.0000000000
102291  -52.106  15.819  56.605 0.0000000000
102295  -51.121  14.898  56.265 0.0000000000
101013  -51.860  13.389  56.093 0.0000000000
100360  -52.229  12.792  56.092 0.0000000000
100362  -53.863  12.616  56.263 0.0000000000
98101  -56.379  9.578  52.534 0.0000000000
98098  -56.359  9.956  53.763 0.0000000000
97390  -56.312  8.634  52.502 0.0000000000
135080  -56.557  7.302  53.198 0.0000000000
96006  -56.825  6.945  51.310 0.0000000000
127023  -57.531  5.814  49.795 0.0000000000
96718  -57.651  6.738  49.218 0.0000000000
97422  -57.038  9.239  46.327 0.0000000000
97451  -57.835  7.687  44.967 0.0000000000
97449  -56.807  8.395  44.077 0.0000000000
96775  -55.692  8.504  42.494 0.0000000000
97447  -54.914  9.333  43.996 0.0000000000
100396  -53.588  12.280  49.474 0.0000000000
138963  -54.305  11.877  49.423 0.0000000000
99670  -52.332  11.164  49.520 0.0000000000
98144  -49.647  9.479  47.175 0.0000000000
121832  -51.014  9.021  46.998 0.0000000000
122999  -50.952  9.854  45.328 0.0000000000
98174  -51.141  10.490  44.214 0.0000000000
98173  -49.867  10.731  44.076 0.0000000000
125537  -48.985  10.414  43.470 0.0000000000
91590  -54.778  -0.149  52.925 0.0000000000
124367  -54.099  5.644  48.265 0.0000000000
107564  -54.963  24.139  48.659 0.0000000000
131401  -54.659  23.142  49.984 0.0000000000
106481  -54.793  22.518  49.676 0.0000000000
144139  -54.337  21.237  50.255 0.0000000000
105262  -53.434  19.438  50.603 0.0000000000
103806  -52.479  17.423  50.548 0.0000000000
105260  -51.883  18.999  50.004 0.0000000000
140045  -52.101  0.272  54.393 0.0000000000
92359  -51.871  1.432  53.714 0.0000000000
93864  -53.215  3.082  55.288 0.0000000000
108088  -40.005  24.342  46.829 0.0000000000
136835  -49.953  22.745  45.679 0.0000000000
122740  -53.519  20.574  44.067 0.0000000000
105942  -54.731  20.383  44.263 0.0000000000
96693  -49.894  7.361  54.035 0.0000000000
98097  -51.497  9.398  53.695 0.0000000000
98086  -53.021  10.137  54.392 0.0000000000
103742  -49.037  18.139  56.163 0.0000000000
104490  -54.225  18.892  54.377 0.0000000000
104480  -53.220  18.578  55.744 0.0000000000
103774  -53.720  16.923  54.159 0.0000000000
102303  -53.750  15.231  53.806 0.0000000000
101022  -54.150  13.902  54.716 0.0000000000
100363  -54.974  12.529  55.848 0.0000000000
101028  -55.463  13.050  53.843 0.0000000000
99660  -56.610  11.410  52.597 0.0000000000
98105  -56.867  9.888  50.403 0.0000000000
139950  -57.651  9.301  49.075 0.0000000000
98934  -57.672  10.803  48.952 0.0000000000
98130  -57.233  10.321  48.015 0.0000000000
126813  -55.940  9.696  48.148 0.0000000000
98928  -50.846  10.383  49.430 0.0000000000
101650  -46.742  14.288  55.687 0.0000000000
106463  -49.467  21.285  50.553 0.0000000000
105856  -49.942  20.338  52.030 0.0000000000
131283  -51.035  21.333  52.064 0.0000000000
106448  -52.776  21.744  53.091 0.0000000000
105850  -54.104  21.475  54.128 0.0000000000
107021  -54.706  22.291  51.805 0.0000000000
105851  -54.766  21.077  53.461 0.0000000000
105219  -54.964  19.966  53.493 0.0000000000
104508  -54.959  18.157  52.922 0.0000000000
103019  -55.414  16.486  51.699 0.0000000000
101673  -55.679  14.771  51.036 0.0000000000
101048  -55.616  13.269  49.734 0.0000000000
131964  -54.911  14.596  50.326 0.0000000000
101677  -53.955  14.739  50.227 0.0000000000
101045  -52.525  13.519  49.600 0.0000000000
103029  -52.679  16.523  50.486 0.0000000000
101675  -52.054  15.126  50.251 0.0000000000
90745  -52.726  -0.603  55.080 0.0000000000
90747  -54.706  -0.811  55.124 0.0000000000
91579  -55.424  -0.598  53.948 0.0000000000
91580  -55.795  0.003  54.528 0.0000000000
92363  -56.517  1.578  54.341 0.0000000000
93875  -57.349  3.231  53.967 0.0000000000
105233  -40.225  18.874  51.301 0.0000000000
105870  -40.307  20.209  50.205 0.0000000000
105235  -42.163  18.821  51.064 0.0000000000
105254  -43.583  19.380  50.560 0.0000000000
105875  -45.066  20.102  50.203 0.0000000000
105899  -46.484  20.707  49.852 0.0000000000
136837  -43.522  22.831  47.187 0.0000000000
107046  -45.205  22.110  48.116 0.0000000000
106498  -46.533  21.614  48.699 0.0000000000
106477  -48.645  21.558  49.629 0.0000000000
106478  -49.545  22.062  49.610 0.0000000000
107035  -50.631  22.995  49.209 0.0000000000
123686  -52.368  24.135  48.549 0.0000000000
107605  -51.254  23.286  46.449 0.0000000000
107580  -52.665  24.153  47.401 0.0000000000
107563  -54.319  24.633  48.092 0.0000000000
107582  -55.211  24.200  47.840 0.0000000000
106520  -55.234  22.288  47.165 0.0000000000
105283  -55.153  20.181  45.857 0.0000000000
104553  -55.355  18.560  45.303 0.0000000000
121310  -56.752  19.016  44.291 0.0000000000
94571  -51.412  4.593  56.175 0.0000000000
94573  -53.099  4.350  56.386 0.0000000000
95991  -51.678  6.982  55.041 0.0000000000
95258  -53.372  5.579  56.308 0.0000000000
93838  -54.963  3.722  56.765 0.0000000000
129970  -56.506  4.271  56.735 0.0000000000
94575  -57.470  3.907  55.783 0.0000000000
139160  -57.492  4.390  53.382 0.0000000000
101643  -48.152  14.950  56.145 0.0000000000
104497  -50.313  19.126  54.110 0.0000000000
104478  -50.571  19.263  55.312 0.0000000000
104470  -50.938  19.665  58.376 0.0000000000
103752  -52.978  18.462  56.618 0.0000000000
104460  -52.474  18.797  58.514 0.0000000000
103713  -50.712  18.433  60.153 0.0000000000
102980  -50.209  16.240  57.825 0.0000000000
101645  -50.163  14.928  56.265 0.0000000000
101010  -49.138  13.678  55.306 0.0000000000
100370  -51.067  12.436  55.210 0.0000000000
129872  -52.232  11.476  54.872 0.0000000000
98902  -54.893  10.528  55.642 0.0000000000
99634  -55.549  11.406  56.006 0.0000000000
98889  -56.111  10.336  56.396 0.0000000000
97358  -56.354  9.240  56.255 0.0000000000
95992  -56.729  6.808  54.889 0.0000000000
96004  -57.259  5.702  53.031 0.0000000000
94583  -57.291  4.509  52.446 0.0000000000
95294  -57.125  4.945  50.077 0.0000000000
95298  -55.916  5.239  49.110 0.0000000000
96027  -56.186  5.800  46.853 0.0000000000
96724  -58.032  7.270  47.490 0.0000000000
96046  -57.161  5.546  45.649 0.0000000000
96044  -54.916  6.302  45.781 0.0000000000
96750  -54.987  7.268  43.694 0.0000000000
96760  -53.566  8.085  42.992 0.0000000000
133086  -55.362  11.988  49.320 0.0000000000
98932  -54.853  10.408  49.088 0.0000000000
97405  -54.428  8.925  48.048 0.0000000000
98126  -51.738  9.175  48.760 0.0000000000
97403  -52.246  8.692  47.948 0.0000000000
97434  -53.811  8.706  46.023 0.0000000000
98175  -52.865  10.211  43.595 0.0000000000
98184  -52.040  10.152  42.883 0.0000000000
138373  -55.346  3.194  52.594 0.0000000000
93890  -55.678  3.939  52.141 0.0000000000
105916  -52.939  20.793  47.584 0.0000000000
99642  -48.643  11.633  54.373 0.0000000000
100368  -49.065  12.338  54.692 0.0000000000
105258  -47.572  20.049  50.941 0.0000000000
104522  -47.976  19.151  51.651 0.0000000000
105239  -48.342  19.916  51.361 0.0000000000
129295  -55.838  14.259  51.441 0.0000000000
145012  -55.925  13.751  51.941 0.0000000000
100386  -56.266  13.639  51.040 0.0000000000
101039  -56.385  13.079  50.390 0.0000000000
107548  -52.635  23.533  50.027 0.0000000000
107028  -52.871  23.259  50.791 0.0000000000
107549  -53.415  23.648  50.213 0.0000000000
104535  -54.321  19.069  51.142 0.0000000000
104523  -55.102  18.425  51.393 0.0000000000
103808  -54.432  18.078  50.982 0.0000000000
120848  -54.289  17.155  50.786 0.0000000000
103807  -53.431  17.806  50.717 0.0000000000
90755  -51.495  -1.149  54.308 0.0000000000
93110  -53.880  2.564  55.866 0.0000000000
92341  -54.547  0.834  56.117 0.0000000000
93111  -54.649  1.900  56.238 0.0000000000
92329  -55.493  1.803  56.615 0.0000000000
93096  -55.258  2.723  56.717 0.0000000000
107054  -40.799  22.745  47.549 0.0000000000
107041  -40.359  22.218  48.090 0.0000000000
107042  -41.274  22.073  47.953 0.0000000000
106494  -42.770  21.574  48.524 0.0000000000
107043  -42.237  22.013  47.847 0.0000000000
107603  -47.845  23.463  45.975 0.0000000000
107602  -46.996  23.471  45.899 0.0000000000
107592  -48.336  23.480  46.540 0.0000000000
124142  -48.881  23.474  47.056 0.0000000000
107593  -49.194  23.443  46.554 0.0000000000
106545  -54.769  21.805  44.981 0.0000000000
107084  -54.165  22.479  45.380 0.0000000000
106546  -56.032  21.512  44.993 0.0000000000
105932  -56.960  20.729  44.953 0.0000000000
105931  -56.104  20.653  44.593 0.0000000000
96703  -46.818  7.643  53.546 0.0000000000
138638  -48.112  6.993  53.845 0.0000000000
95999  -48.438  6.372  54.509 0.0000000000
96692  -48.999  7.023  54.131 0.0000000000
97373  -54.154  8.824  54.719 0.0000000000
96684  -54.472  7.866  55.122 0.0000000000
96685  -55.465  7.770  55.932 0.0000000000
95977  -56.081  6.702  56.241 0.0000000000
96686  -56.085  7.714  56.174 0.0000000000
104456  -48.874  18.866  58.854 0.0000000000
104427  -47.762  18.256  59.916 0.0000000000
103694  -49.300  18.747  60.146 0.0000000000
105837  -53.332  20.829  55.415 0.0000000000
105836  -52.802  20.952  55.648 0.0000000000
141771  -53.539  20.249  55.531 0.0000000000
101659  -52.836  14.616  55.432 0.0000000000
102297  -52.298  15.144  55.812 0.0000000000
101656  -52.240  14.071  55.920 0.0000000000
101014  -52.653  13.219  56.189 0.0000000000
132296  -53.291  13.072  56.298 0.0000000000
98103  -56.386  9.237  51.590 0.0000000000
124112  -56.373  8.429  51.731 0.0000000000
96712  -56.484  7.924  51.334 0.0000000000
96714  -56.638  7.931  50.436 0.0000000000
96715  -57.219  6.858  50.149 0.0000000000
96717  -57.306  8.108  49.398 0.0000000000
124499  -55.879  8.707  46.039 0.0000000000
97436  -56.908  8.646  45.246 0.0000000000
124150  -55.834  8.695  45.218 0.0000000000
97448  -55.899  8.780  44.018 0.0000000000
123238  -54.789  8.885  45.198 0.0000000000
100395  -52.719  12.630  49.493 0.0000000000
121708  -52.784  11.867  49.487 0.0000000000
98155  -49.392  9.922  45.884 0.0000000000
140353  -50.407  9.546  46.302 0.0000000000
98164  -50.182  10.110  45.042 0.0000000000
136437  -49.394  10.305  44.779 0.0000000000
98172  -48.778  10.667  44.112 0.0000000000
92373  -54.783  0.750  52.916 0.0000000000
94596  -54.247  4.767  50.051 0.0000000000
95297  -54.581  5.130  49.433 0.0000000000
107052  -55.342  23.411  48.362 0.0000000000
107037  -55.052  23.299  49.189 0.0000000000
106501  -54.938  22.440  48.865 0.0000000000
105902  -52.882  20.733  48.988 0.0000000000
105903  -53.787  20.993  49.619 0.0000000000
105881  -53.946  20.447  50.474 0.0000000000
105261  -52.531  19.388  50.214 0.0000000000
104538  -51.300  18.566  49.523 0.0000000000
92371  -51.313  1.919  53.181 0.0000000000
93123  -52.816  2.503  54.577 0.0000000000
93863  -52.454  3.410  54.852 0.0000000000
108087  -39.121  24.773  47.431 0.0000000000
105929  -52.787  21.053  44.258 0.0000000000
105296  -53.523  19.858  43.572 0.0000000000
139898  -52.571  19.817  43.161 0.0000000000
98898  -50.496  10.975  54.166 0.0000000000
98912  -50.137  10.229  53.674 0.0000000000
98913  -51.164  10.365  53.863 0.0000000000
97386  -52.404  9.420  53.979 0.0000000000
98914  -52.184  10.218  53.967 0.0000000000
104518  -44.708  18.431  51.312 0.0000000000
103763  -49.057  17.931  55.038 0.0000000000
103775  -54.499  17.414  53.346 0.0000000000
103765  -54.012  17.954  54.252 0.0000000000
103008  -54.108  16.241  53.482 0.0000000000
101664  -54.151  14.563  53.552 0.0000000000
101663  -53.668  14.597  54.310 0.0000000000
101023  -54.782  13.185  54.948 0.0000000000
143693  -56.571  11.696  51.688 0.0000000000
134954  -56.644  11.180  51.380 0.0000000000
98923  -57.001  10.952  50.284 0.0000000000
137806  -57.394  10.675  49.570 0.0000000000
143670  -57.411  11.159  49.382 0.0000000000
99687  -57.093  11.528  48.807 0.0000000000
98952  -57.530  10.738  48.582 0.0000000000
98951  -56.925  11.046  48.439 0.0000000000
98950  -55.993  10.496  48.432 0.0000000000
106464  -50.133  21.866  50.375 0.0000000000
121630  -50.666  21.613  51.283 0.0000000000
106457  -52.567  22.198  52.175 0.0000000000
106447  -51.817  21.598  52.561 0.0000000000
106441  -52.873  21.430  54.114 0.0000000000
106442  -53.560  21.754  53.718 0.0000000000
144317  -54.714  22.513  50.389 0.0000000000
107030  -54.468  22.887  50.947 0.0000000000
105229  -55.489  19.796  51.918 0.0000000000
105858  -55.313  20.453  52.604 0.0000000000
129647  -55.024  18.921  53.072 0.0000000000
131429  -55.467  18.440  52.181 0.0000000000
128084  -55.329  17.123  51.541 0.0000000000
143505  -55.395  16.227  51.380 0.0000000000
102313  -55.442  15.701  51.309 0.0000000000
125717  -55.342  15.121  50.801 0.0000000000
102319  -53.626  15.386  50.412 0.0000000000
101684  -53.295  14.150  49.806 0.0000000000
141479  -51.773  16.835  50.369 0.0000000000
91564  -54.898  0.121  56.054 0.0000000000
90739  -54.346  -0.389  55.643 0.0000000000
90757  -55.083  -1.098  54.340 0.0000000000
90748  -55.419  -0.602  54.923 0.0000000000
91571  -55.900  -0.040  55.459 0.0000000000
92343  -57.130  0.971  55.872 0.0000000000
92355  -57.066  1.002  55.226 0.0000000000
93125  -57.256  1.774  54.746 0.0000000000
93137  -57.072  2.505  54.180 0.0000000000
93126  -57.466  2.514  54.727 0.0000000000
105854  -37.631  20.622  52.148 0.0000000000
105855  -38.136  19.894  52.491 0.0000000000
105231  -38.644  19.380  51.925 0.0000000000
104514  -39.757  18.487  52.066 0.0000000000
105232  -39.322  19.054  51.505 0.0000000000
107553  -38.314  23.432  49.661 0.0000000000
135673  -38.315  22.945  49.531 0.0000000000
106469  -40.305  21.123  49.270 0.0000000000
105892  -39.665  20.769  49.828 0.0000000000
105871  -41.340  20.028  50.105 0.0000000000
105251  -40.793  19.509  50.690 0.0000000000
105872  -42.300  19.973  50.026 0.0000000000
105253  -42.680  19.405  50.537 0.0000000000
105873  -43.219  19.985  50.035 0.0000000000
106473  -44.188  21.149  49.203 0.0000000000
105897  -44.646  20.605  49.694 0.0000000000
105898  -45.576  20.630  49.788 0.0000000000
105876  -46.021  20.156  50.350 0.0000000000
107057  -44.066  22.522  47.543 0.0000000000
107059  -45.699  22.657  47.542 0.0000000000
107061  -47.574  22.843  47.502 0.0000000000
107048  -47.075  22.186  48.093 0.0000000000
106499  -47.436  21.674  48.748 0.0000000000
131984  -47.750  21.322  49.447 0.0000000000
142821  -48.189  21.757  48.911 0.0000000000
107033  -49.042  22.287  48.816 0.0000000000
107578  -50.597  23.506  47.686 0.0000000000
144614  -50.266  23.014  48.777 0.0000000000
107051  -50.700  23.339  48.489 0.0000000000
107554  -51.396  23.560  48.888 0.0000000000
120937  -51.528  23.770  48.111 0.0000000000
107081  -50.777  22.323  45.257 0.0000000000
107072  -50.755  22.903  45.958 0.0000000000
107073  -51.563  22.851  45.880 0.0000000000
107607  -53.507  23.488  46.211 0.0000000000
107606  -52.674  23.525  46.432 0.0000000000
107596  -53.139  23.922  46.831 0.0000000000
107581  -53.690  24.346  47.371 0.0000000000
145387  -54.640  24.339  47.410 0.0000000000
107597  -55.035  23.764  47.044 0.0000000000
107068  -56.165  22.309  45.941 0.0000000000
107067  -55.540  23.048  46.476 0.0000000000
139661  -55.816  22.172  46.458 0.0000000000
105921  -54.974  21.161  46.587 0.0000000000
105922  -55.871  20.762  45.917 0.0000000000
104554  -56.644  18.917  45.259 0.0000000000
104567  -55.310  17.829  44.867 0.0000000000
104568  -56.674  18.092  44.881 0.0000000000
105297  -55.943  19.748  44.205 0.0000000000
94569  -49.893  4.277  56.155 0.0000000000
126714  -50.976  5.612  55.829 0.0000000000
125292  -50.994  5.030  56.203 0.0000000000
94572  -52.238  4.491  56.275 0.0000000000
94554  -52.755  5.063  56.495 0.0000000000
96707  -50.720  7.970  53.890 0.0000000000
96694  -50.798  7.210  54.560 0.0000000000
95968  -54.393  6.184  56.179 0.0000000000
95259  -54.383  5.462  56.482 0.0000000000
94555  -53.657  4.891  56.565 0.0000000000
94556  -54.714  4.719  56.684 0.0000000000
94557  -55.560  4.241  56.832 0.0000000000
95260  -55.705  5.160  56.607 0.0000000000
94574  -57.036  5.444  55.776 0.0000000000
94558  -57.169  4.624  56.137 0.0000000000
122816  -57.356  4.648  55.319 0.0000000000
94578  -57.546  3.899  54.819 0.0000000000
94580  -57.535  4.516  54.296 0.0000000000
102969  -47.774  16.473  58.973 0.0000000000
102286  -47.732  15.359  56.991 0.0000000000
105857  -50.646  20.735  52.416 0.0000000000
105227  -50.306  20.087  52.798 0.0000000000
105217  -50.723  19.896  53.669 0.0000000000
105203  -51.593  20.082  56.309 0.0000000000
105194  -51.558  19.831  57.581 0.0000000000
132123  -50.756  19.476  56.761 0.0000000000
105181  -51.964  19.785  58.678 0.0000000000
103764  -53.400  17.556  55.033 0.0000000000
103753  -52.980  17.711  55.811 0.0000000000
102982  -51.878  16.583  57.358 0.0000000000
102974  -52.271  17.726  58.010 0.0000000000
103714  -51.787  18.996  60.103 0.0000000000
102972  -50.602  17.295  59.090 0.0000000000
142542  -50.876  16.749  58.117 0.0000000000
101654  -50.620  14.201  56.006 0.0000000000
101653  -49.645  14.300  55.762 0.0000000000
101011  -50.132  13.620  55.527 0.0000000000
101021  -50.590  12.968  55.388 0.0000000000
99631  -53.452  12.052  56.059 0.0000000000
99630  -52.522  12.157  55.669 0.0000000000
99647  -53.890  11.486  55.735 0.0000000000
98901  -53.531  10.875  55.022 0.0000000000
140622  -54.229  10.913  55.480 0.0000000000
135187  -55.400  12.036  55.408 0.0000000000
145265  -55.109  11.996  56.187 0.0000000000
142422  -56.550  9.348  54.608 0.0000000000
98088  -56.686  10.022  55.493 0.0000000000
98079  -56.676  9.572  56.028 0.0000000000
98073  -56.386  9.838  56.285 0.0000000000
97364  -56.642  8.726  55.874 0.0000000000
96698  -56.592  7.748  55.389 0.0000000000
96708  -56.641  7.484  54.267 0.0000000000
96003  -56.853  6.666  52.525 0.0000000000
96000  -56.856  6.620  53.714 0.0000000000
132728  -57.464  5.100  52.275 0.0000000000
95291  -57.366  5.059  51.364 0.0000000000
94589  -57.137  4.701  51.472 0.0000000000
95290  -57.200  4.937  50.762 0.0000000000
95306  -57.428  5.042  48.557 0.0000000000
95299  -57.074  4.899  49.176 0.0000000000
120646  -57.029  5.011  48.264 0.0000000000
95313  -56.078  5.456  48.013 0.0000000000
95314  -57.144  4.978  47.159 0.0000000000
98132  -58.184  9.869  47.904 0.0000000000
97408  -58.205  8.978  47.565 0.0000000000
97424  -58.172  8.701  46.738 0.0000000000
96753  -57.345  7.133  44.441 0.0000000000
138148  -57.559  6.467  45.070 0.0000000000
96060  -57.215  6.124  44.912 0.0000000000
126290  -56.132  6.141  45.806 0.0000000000
96059  -56.116  6.631  44.830 0.0000000000
96058  -54.878  6.774  44.831 0.0000000000
96751  -56.160  7.261  43.762 0.0000000000
97466  -55.172  9.095  42.201 0.0000000000
96761  -54.942  7.981  42.851 0.0000000000
96774  -54.667  8.764  42.103 0.0000000000
96773  -52.787  8.278  42.782 0.0000000000
97464  -53.105  9.181  42.374 0.0000000000
100397  -54.788  12.715  49.495 0.0000000000
98931  -53.815  10.366  49.399 0.0000000000
125223  -54.572  11.191  49.305 0.0000000000
98110  -54.083  9.758  49.216 0.0000000000
98129  -54.888  9.602  48.655 0.0000000000
98128  -53.780  9.131  48.921 0.0000000000
98107  -51.241  9.710  49.248 0.0000000000
97418  -51.771  8.706  46.930 0.0000000000
97419  -52.870  8.608  46.767 0.0000000000
97433  -53.070  8.904  45.658 0.0000000000
97446  -53.882  9.311  44.828 0.0000000000
98166  -52.860  9.735  44.665 0.0000000000
98969  -51.542  10.468  43.373 0.0000000000
98183  -51.031  10.454  42.984 0.0000000000
98191  -51.577  9.940  42.646 0.0000000000
93883  -55.211  2.332  52.919 0.0000000000
134104  -53.629  3.310  51.415 0.0000000000
105272  -52.203  19.854  49.422 0.0000000000
105275  -52.279  20.336  48.574 0.0000000000
99643  -49.921  11.462  54.375 0.0000000000
105237  -46.264  19.044  51.184 0.0000000000
104521  -47.495  18.564  51.803 0.0000000000
104496  -49.432  18.642  53.626 0.0000000000
102312  -55.308  15.654  52.160 0.0000000000
101671  -55.017  14.720  52.704 0.0000000000
122120  -55.831  13.522  52.832 0.0000000000
100383  -56.258  13.148  52.001 0.0000000000
99662  -56.713  11.969  50.808 0.0000000000
99663  -57.053  11.625  49.744 0.0000000000
140221  -56.707  12.340  50.013 0.0000000000
99672  -56.460  11.982  49.172 0.0000000000
106465  -51.154  22.311  50.843 0.0000000000
107019  -53.209  22.874  51.610 0.0000000000
107013  -53.562  22.520  52.349 0.0000000000
105882  -54.760  21.083  50.952 0.0000000000
106458  -55.151  21.404  51.638 0.0000000000
105865  -55.202  20.462  51.556 0.0000000000
104524  -55.390  18.877  51.789 0.0000000000
145718  -55.544  19.148  52.000 0.0000000000
103031  -54.936  16.434  50.821 0.0000000000
103030  -53.792  16.237  50.566 0.0000000000
103028  -51.283  16.303  50.182 0.0000000000
89935  -53.056  -1.361  54.898 0.0000000000
92352  -53.349  1.335  55.148 0.0000000000
91565  -55.905  0.295  56.103 0.0000000000
137316  -56.277  1.225  56.577 0.0000000000
93098  -56.766  1.986  56.727 0.0000000000
105862  -37.909  20.817  51.332 0.0000000000
107561  -39.175  23.231  48.175 0.0000000000
106490  -39.130  22.119  48.945 0.0000000000
107040  -39.568  22.476  48.348 0.0000000000
106492  -40.809  21.623  48.592 0.0000000000
106470  -41.331  21.108  49.142 0.0000000000
105895  -42.782  20.573  49.569 0.0000000000
106471  -42.305  21.129  49.130 0.0000000000
106495  -43.751  21.596  48.594 0.0000000000
106496  -44.694  21.594  48.663 0.0000000000
107601  -46.015  23.492  45.724 0.0000000000
107575  -46.167  23.210  46.996 0.0000000000
107576  -47.073  23.313  47.008 0.0000000000
107062  -48.551  23.052  47.516 0.0000000000
129219  -49.055  22.710  48.013 0.0000000000
107063  -49.488  23.311  47.555 0.0000000000
107594  -50.934  23.583  47.040 0.0000000000
107083  -53.009  22.394  45.331 0.0000000000
126203  -53.598  22.965  45.729 0.0000000000
107075  -54.721  23.259  45.905 0.0000000000
140542  -55.178  23.439  46.330 0.0000000000
106530  -56.142  21.973  45.587 0.0000000000
106531  -56.499  21.368  45.486 0.0000000000
105925  -56.714  20.610  45.390 0.0000000000
105926  -57.079  20.648  45.130 0.0000000000
105293  -57.288  19.951  45.034 0.0000000000
124916  -46.213  8.236  53.482 0.0000000000
95997  -46.578  6.961  53.753 0.0000000000
132192  -47.138  6.409  54.172 0.0000000000
95271  -49.528  5.428  55.781 0.0000000000
95972  -50.152  5.951  55.541 0.0000000000
140558  -50.887  6.464  55.306 0.0000000000
97371  -52.344  8.490  54.221 0.0000000000
96696  -52.609  7.574  54.738 0.0000000000
96683  -53.513  7.176  55.195 0.0000000000
120907  -54.488  6.958  55.683 0.0000000000
131941  -55.335  5.973  56.404 0.0000000000
95978  -56.574  6.292  56.020 0.0000000000
95979  -56.891  6.154  55.387 0.0000000000
102951  -46.954  18.018  59.881 0.0000000000
121362  -48.444  17.313  59.687 0.0000000000
102970  -48.575  16.390  58.599 0.0000000000
105218  -51.549  20.531  54.182 0.0000000000
105204  -52.546  20.497  56.421 0.0000000000
105196  -52.839  20.012  56.927 0.0000000000
131261  -52.721  17.331  56.394 0.0000000000
102990  -52.556  16.225  56.130 0.0000000000
102981  -51.126  16.324  57.508 0.0000000000
102296  -51.765  14.923  56.087 0.0000000000
101655  -51.489  14.117  56.073 0.0000000000
100359  -51.452  12.923  55.812 0.0000000000
100361  -53.050  12.679  56.289 0.0000000000
99632  -54.247  11.944  56.202 0.0000000000
137069  -56.547  10.816  53.444 0.0000000000
98915  -56.338  10.766  54.556 0.0000000000
139980  -56.330  8.980  53.546 0.0000000000
124113  -56.388  8.073  53.391 0.0000000000
96710  -56.455  7.689  52.279 0.0000000000
96009  -57.367  5.853  50.753 0.0000000000
96011  -57.758  5.635  48.914 0.0000000000
122742  -57.848  6.554  48.440 0.0000000000
97423  -57.791  9.105  46.482 0.0000000000
97438  -57.982  8.307  45.847 0.0000000000
97437  -57.548  8.643  45.530 0.0000000000
97450  -57.382  8.144  44.579 0.0000000000
96764  -57.013  7.854  43.697 0.0000000000
96763  -56.824  7.810  42.991 0.0000000000
97458  -56.570  8.565  42.934 0.0000000000
98177  -55.964  8.963  42.635 0.0000000000
98176  -54.970  9.244  42.967 0.0000000000
101046  -53.709  13.280  49.564 0.0000000000
99671  -53.411  11.287  49.480 0.0000000000
98930  -52.754  10.358  49.493 0.0000000000
98145  -50.444  9.208  47.656 0.0000000000
98146  -51.300  8.911  47.894 0.0000000000
98156  -51.334  9.340  46.093 0.0000000000
98165  -51.750  9.724  45.041 0.0000000000
98968  -50.488  10.688  43.492 0.0000000000
98182  -49.689  10.269  42.996 0.0000000000
98967  -49.469  10.715  43.601 0.0000000000
98966  -48.476  10.693  43.898 0.0000000000
107557  -54.092  24.361  49.026 0.0000000000
107550  -54.168  23.499  50.225 0.0000000000
107558  -54.510  23.810  49.445 0.0000000000
106466  -54.711  21.887  50.333 0.0000000000
106480  -54.480  21.783  49.545 0.0000000000
104533  -52.473  18.489  50.496 0.0000000000
104532  -51.651  18.294  50.150 0.0000000000
91578  -51.416  -0.279  53.847 0.0000000000
91589  -51.283  0.852  53.233 0.0000000000
92360  -52.604  1.297  54.448 0.0000000000
93134  -51.409  2.725  53.436 0.0000000000
93135  -52.087  2.235  53.888 0.0000000000
93124  -53.487  2.266  55.251 0.0000000000
108083  -38.588  24.496  48.684 0.0000000000
107567  -38.798  24.094  48.079 0.0000000000
107569  -40.372  23.480  47.223 0.0000000000
107584  -40.811  23.877  46.765 0.0000000000
136811  -49.388  23.183  46.021 0.0000000000
106543  -52.339  21.709  44.777 0.0000000000
105930  -54.064  21.145  44.535 0.0000000000
98096  -50.524  9.520  53.509 0.0000000000
97385  -51.473  8.516  53.882 0.0000000000
125678  -53.188  9.231  54.376 0.0000000000
104468  -48.961  18.533  57.513 0.0000000000
105206  -53.433  19.540  55.694 0.0000000000
104489  -53.711  18.671  55.032 0.0000000000
103001  -53.259  16.558  54.824 0.0000000000
103007  -53.441  15.917  54.313 0.0000000000
102300  -53.256  15.014  54.654 0.0000000000
101660  -53.493  14.249  55.199 0.0000000000
101015  -53.833  13.399  55.816 0.0000000000
141087  -54.351  13.371  55.483 0.0000000000
100372  -55.277  12.567  54.793 0.0000000000
99654  -55.848  12.233  54.164 0.0000000000
100377  -56.192  12.764  53.086 0.0000000000
100378  -56.459  12.028  53.342 0.0000000000
99655  -56.386  11.380  53.810 0.0000000000
98919  -56.510  10.526  52.504 0.0000000000
98921  -56.564  10.209  51.454 0.0000000000
97394  -56.857  8.972  49.858 0.0000000000
98112  -57.951  9.847  48.501 0.0000000000
98935  -57.864  10.273  48.396 0.0000000000
122889  -57.414  11.330  49.063 0.0000000000
98131  -57.984  10.122  47.924 0.0000000000
98147  -57.695  9.639  47.286 0.0000000000
97407  -56.446  9.426  47.554 0.0000000000
97421  -55.352  8.903  47.107 0.0000000000
99669  -51.432  11.198  49.510 0.0000000000
98106  -50.294  9.812  49.177 0.0000000000
98124  -49.704  9.498  48.483 0.0000000000
124096  -48.949  9.628  46.867 0.0000000000
98154  -48.371  9.962  46.044 0.0000000000
143798  -49.333  20.878  50.857 0.0000000000
105240  -49.215  20.030  51.654 0.0000000000
106454  -49.608  20.629  51.365 0.0000000000
106455  -50.325  20.936  51.663 0.0000000000
143874  -51.273  21.115  52.764 0.0000000000
106456  -51.542  21.944  51.695 0.0000000000
105849  -51.934  21.159  53.515 0.0000000000
105842  -53.111  21.280  54.973 0.0000000000
105843  -53.720  21.127  54.784 0.0000000000
107020  -54.090  22.842  51.795 0.0000000000
107014  -54.253  22.337  52.539 0.0000000000
106450  -54.977  21.556  52.524 0.0000000000
106443  -54.274  21.850  53.308 0.0000000000
105844  -54.368  20.731  54.306 0.0000000000
105213  -54.401  19.821  54.421 0.0000000000
131305  -54.620  19.169  53.802 0.0000000000
104498  -54.545  18.391  53.636 0.0000000000
103786  -55.189  17.618  52.510 0.0000000000
103787  -55.495  17.381  51.997 0.0000000000
101038  -56.028  13.674  50.276 0.0000000000
101678  -55.604  14.360  50.557 0.0000000000
101037  -55.294  13.943  49.986 0.0000000000
101685  -54.353  14.061  49.837 0.0000000000
102318  -52.829  15.673  50.396 0.0000000000
132657  -51.953  15.983  50.333 0.0000000000
90756  -51.963  -0.652  54.581 0.0000000000
125633  -53.512  -0.276  55.435 0.0000000000
90746  -53.736  -0.877  55.250 0.0000000000
89936  -54.100  -1.300  54.549 0.0000000000
90767  -54.883  -0.893  53.371 0.0000000000
92361  -55.359  0.324  53.596 0.0000000000
92362  -55.774  1.018  54.088 0.0000000000
92354  -56.431  0.478  54.947 0.0000000000
93146  -55.799  1.988  53.584 0.0000000000
93136  -56.486  2.464  53.761 0.0000000000
93874  -56.935  3.266  53.463 0.0000000000
105868  -38.236  21.041  50.649 0.0000000000
106468  -39.331  21.409  49.349 0.0000000000
105891  -38.743  21.011  50.057 0.0000000000
127064  -39.251  20.258  50.458 0.0000000000
105250  -39.761  19.560  50.832 0.0000000000
105234  -41.229  18.827  51.182 0.0000000000
143589  -42.571  18.311  51.432 0.0000000000
105236  -43.012  18.769  50.973 0.0000000000
126284  -43.850  18.715  51.078 0.0000000000
105255  -44.588  19.342  50.679 0.0000000000
105874  -44.147  19.998  50.090 0.0000000000
105256  -45.399  19.645  50.581 0.0000000000
105257  -46.683  19.760  50.789 0.0000000000
105877  -46.982  20.381  50.387 0.0000000000
105878  -47.817  20.613  50.408 0.0000000000
107056  -42.629  22.690  47.338 0.0000000000
107045  -44.305  22.053  48.032 0.0000000000
106497  -45.618  21.595  48.689 0.0000000000
107047  -46.112  22.145  48.111 0.0000000000
106475  -46.047  21.118  49.292 0.0000000000
106476  -46.917  21.207  49.365 0.0000000000
105900  -47.328  20.853  49.910 0.0000000000
105879  -48.715  20.975  50.435 0.0000000000
140756  -49.276  21.576  50.142 0.0000000000
106479  -50.205  22.439  49.642 0.0000000000
107034  -49.927  22.630  49.061 0.0000000000
107036  -51.331  23.155  49.554 0.0000000000
107555  -52.069  23.637  49.453 0.0000000000
138381  -50.173  23.285  46.433 0.0000000000
136862  -52.039  23.278  46.332 0.0000000000
107595  -52.064  23.704  46.875 0.0000000000
121076  -52.276  24.167  47.856 0.0000000000
107562  -53.078  24.509  47.923 0.0000000000
126184  -53.340  24.449  48.573 0.0000000000
107064  -55.291  23.370  47.453 0.0000000000
105917  -54.014  21.443  47.415 0.0000000000
105924  -56.093  20.133  45.650 0.0000000000
105288  -55.765  19.457  45.570 0.0000000000
105298  -57.139  19.070  44.813 0.0000000000
93847  -51.097  4.094  55.646 0.0000000000
94570  -50.643  4.475  56.089 0.0000000000
93848  -51.880  3.964  55.677 0.0000000000
93849  -52.711  3.793  55.836 0.0000000000
93850  -53.513  3.534  56.115 0.0000000000
95973  -51.745  6.150  55.667 0.0000000000
95974  -52.584  6.654  55.363 0.0000000000
121296  -52.589  5.863  55.973 0.0000000000
138017  -52.617  5.396  56.308 0.0000000000
93837  -53.994  4.091  56.550 0.0000000000
93839  -55.966  3.374  57.156 0.0000000000
93840  -56.801  3.002  56.903 0.0000000000
95261  -56.630  5.341  56.309 0.0000000000
94559  -57.190  3.819  56.418 0.0000000000
93852  -57.590  3.164  55.246 0.0000000000
93865  -57.497  3.314  54.463 0.0000000000
121396  -57.536  3.817  53.938 0.0000000000
93886  -57.333  3.860  53.304 0.0000000000
101642  -47.237  14.893  56.238 0.0000000000
101651  -47.660  14.373  55.621 0.0000000000
105226  -49.551  19.660  52.366 0.0000000000
105210  -51.123  19.942  54.787 0.0000000000
104477  -49.860  18.577  55.742 0.0000000000
104469  -49.861  18.895  57.065 0.0000000000
104457  -50.486  19.445  59.495 0.0000000000
104479  -53.137  19.523  56.569 0.0000000000
104472  -52.754  19.284  57.527 0.0000000000
103743  -52.683  18.102  57.389 0.0000000000
104471  -52.330  19.444  58.439 0.0000000000
104459  -52.161  19.261  59.426 0.0000000000
104441  -50.895  19.181  60.229 0.0000000000
103695  -50.105  18.834  60.304 0.0000000000
102963  -49.605  17.694  60.066 0.0000000000
102971  -49.422  16.745  58.842 0.0000000000
102278  -49.106  16.005  57.712 0.0000000000
102289  -50.702  15.546  56.928 0.0000000000
102288  -49.641  15.564  56.862 0.0000000000
102287  -48.644  15.477  56.847 0.0000000000
101644  -49.138  14.969  56.157 0.0000000000
101652  -48.630  14.364  55.624 0.0000000000
101020  -49.626  12.999  55.065 0.0000000000
100369  -50.056  12.281  54.800 0.0000000000
99644  -50.743  11.750  54.651 0.0000000000
100371  -51.805  12.486  55.604 0.0000000000
99645  -51.647  11.972  55.044 0.0000000000
141647  -51.943  10.860  54.285 0.0000000000
98900  -52.698  10.867  54.596 0.0000000000
98087  -54.029  10.040  54.894 0.0000000000
97374  -54.993  9.630  55.376 0.0000000000
101016  -54.448  12.906  55.992 0.0000000000
134936  -54.593  12.251  56.169 0.0000000000
99633  -55.086  11.577  56.085 0.0000000000
98903  -56.298  10.728  56.048 0.0000000000
127276  -55.787  10.920  56.238 0.0000000000
98888  -55.469  10.826  56.152 0.0000000000
98077  -55.636  10.115  56.260 0.0000000000
97362  -55.697  9.434  56.235 0.0000000000
97363  -55.997  8.777  56.345 0.0000000000
122771  -56.377  7.870  55.965 0.0000000000
120502  -56.542  7.011  55.748 0.0000000000
96001  -57.130  5.949  54.323 0.0000000000
95286  -57.501  5.130  53.775 0.0000000000
94582  -56.843  4.218  52.180 0.0000000000
130913  -56.836  4.799  50.755 0.0000000000
95293  -56.304  5.027  50.009 0.0000000000
95304  -54.886  5.476  48.613 0.0000000000
95312  -54.970  5.753  47.693 0.0000000000
122249  -57.801  7.812  48.433 0.0000000000
96028  -57.794  5.836  46.879 0.0000000000
138126  -57.922  7.179  45.593 0.0000000000
96047  -57.719  6.093  45.955 0.0000000000
134769  -57.377  5.199  46.473 0.0000000000
96045  -57.233  5.410  45.660 0.0000000000
96026  -54.967  6.056  46.730 0.0000000000
96025  -54.065  6.164  46.593 0.0000000000
96043  -53.670  6.390  45.906 0.0000000000
96057  -53.700  6.978  44.809 0.0000000000
96762  -56.110  7.753  42.799 0.0000000000
96749  -53.929  7.417  43.736 0.0000000000
100398  -55.962  12.571  49.483 0.0000000000
97406  -55.391  9.170  48.030 0.0000000000
97420  -54.027  8.649  47.048 0.0000000000
98929  -51.768  10.350  49.477 0.0000000000
98127  -52.733  8.975  48.924 0.0000000000
97404  -53.326  8.710  47.999 0.0000000000
98167  -53.878  9.775  43.696 0.0000000000
98186  -53.759  9.622  42.675 0.0000000000
121019  -52.173  10.328  44.148 0.0000000000
98185  -52.537  10.187  43.160 0.0000000000
97474  -53.417  9.489  42.478 0.0000000000
91572  -56.574  0.497  55.726 0.0000000000
92330  -57.038  1.331  56.339 0.0000000000
92331  -57.379  1.561  55.989 0.0000000000
92344  -57.379  1.591  55.371 0.0000000000
93099  -57.248  2.157  56.398 0.0000000000
93841  -57.413  3.074  56.161 0.0000000000
93885  -57.113  3.925  52.824 0.0000000000
95288  -57.487  4.906  52.934 0.0000000000
95295  -57.360  5.191  50.328 0.0000000000
95300  -57.390  5.081  49.419 0.0000000000
95305  -57.347  5.016  47.780 0.0000000000
96014  -57.756  5.563  47.911 0.0000000000
96681  -56.279  8.542  56.177 0.0000000000
96697  -53.578  7.921  54.736 0.0000000000
96736  -58.041  7.276  46.424 0.0000000000
96776  -56.407  8.298  42.704 0.0000000000
97396  -57.898  9.128  48.388 0.0000000000
97457  -55.997  9.193  43.101 0.0000000000
97467  -56.084  8.754  42.553 0.0000000000
98078  -56.061  9.667  56.440 0.0000000000
98111  -57.625  10.065  49.227 0.0000000000
99646  -53.089  11.517  55.329 0.0000000000
100399  -56.570  12.285  49.585 0.0000000000
101019  -48.598  12.994  54.929 0.0000000000
102290  -51.531  15.625  56.805 0.0000000000
102952  -47.813  17.999  60.089 0.0000000000
103026  -55.313  16.464  51.203 0.0000000000
103712  -49.706  18.367  60.294 0.0000000000
103730  -51.518  18.249  59.652 0.0000000000
103731  -52.111  18.544  59.306 0.0000000000
104428  -48.583  18.588  59.911 0.0000000000
104439  -49.014  18.920  59.704 0.0000000000
104440  -49.857  19.184  59.984 0.0000000000
104458  -51.665  19.571  59.776 0.0000000000
104507  -49.118  18.919  52.724 0.0000000000
105212  -53.903  19.603  55.050 0.0000000000
105224  -39.091  18.883  52.187 0.0000000000
105249  -38.839  19.686  51.111 0.0000000000
105252  -41.764  19.442  50.595 0.0000000000
105290  -57.260  20.011  45.087 0.0000000000
105847  -38.315  19.853  53.443 0.0000000000
105864  -48.914  20.473  51.077 0.0000000000
105869  -38.490  20.450  50.841 0.0000000000
105893  -40.911  20.595  49.650 0.0000000000
105901  -48.039  21.056  49.985 0.0000000000
106438  -53.481  21.438  54.402 0.0000000000
106453  -37.471  21.401  51.840 0.0000000000
106467  -38.642  21.787  49.532 0.0000000000
106472  -43.252  21.152  49.152 0.0000000000
107025  -38.234  22.325  49.827 0.0000000000
107032  -38.587  22.544  49.187 0.0000000000
107039  -38.929  22.736  48.660 0.0000000000
107058  -44.825  22.584  47.554 0.0000000000
107070  -48.170  23.085  45.542 0.0000000000
107568  -39.534  23.793  47.554 0.0000000000
107570  -41.217  23.290  47.048 0.0000000000
107591  -47.487  23.474  46.505 0.0000000000
122262  -56.737  9.254  55.522 0.0000000000
126002  -52.086  10.421  43.720 0.0000000000
127679  -56.524  10.099  56.158 0.0000000000
129224  -45.420  19.056  50.981 0.0000000000
129379  -38.288  23.649  50.155 0.0000000000
130065  -53.752  8.857  42.165 0.0000000000
131216  -45.949  19.540  50.762 0.0000000000
132061  -57.170  5.185  46.256 0.0000000000
132792  -49.909  21.208  51.021 0.0000000000
140655  -53.922  24.006  49.702 0.0000000000
141208  -52.914  9.843  42.718 0.0000000000
141954  -51.939  8.936  53.868 0.0000000000
142049  -49.761  19.186  58.447 0.0000000000
143213  -53.122  22.141  52.654 0.0000000000
143308  -47.775  19.641  51.310 0.0000000000
143353  -54.599  2.680  52.417 0.0000000000
144420  -51.675  2.075  53.514 0.0000000000
144515  -47.778  6.498  54.127 0.0000000000
144693  -49.743  4.842  56.135 0.0000000000
144754  -40.300  20.668  49.733 0.0000000000
145372  -56.153  11.778  54.036 0.0000000000
