#!ascii label  , from subject sub-v1s7x0051327_ses-1 vox2ras=TkReg
1555
47781  -51.706  -46.849  69.440 0.0000000000
40646  -38.753  -53.728  81.304 0.0000000000
59636  -49.153  -34.016  58.735 0.0000000000
49971  -44.845  -44.161  59.775 0.0000000000
53742  -51.749  -40.975  66.913 0.0000000000
41673  -46.904  -52.780  75.304 0.0000000000
41767  -34.351  -52.473  69.653 0.0000000000
46871  -38.980  -47.158  63.880 0.0000000000
42593  -29.393  -51.418  83.593 0.0000000000
62673  -60.526  -31.282  59.678 0.0000000000
42748  -28.171  -50.954  72.426 0.0000000000
131043  -48.320  -45.764  64.592 0.0000000000
49957  -50.775  -44.181  60.829 0.0000000000
50884  -53.109  -43.611  66.040 0.0000000000
43760  -49.293  -49.878  72.303 0.0000000000
43775  -43.411  -50.328  69.731 0.0000000000
46843  -44.797  -47.502  67.107 0.0000000000
49912  -41.435  -44.592  62.058 0.0000000000
63648  -62.793  -30.366  54.624 0.0000000000
41579  -34.764  -52.065  83.107 0.0000000000
121220  -29.394  -51.218  78.498 0.0000000000
134211  -33.978  -51.825  76.714 0.0000000000
56629  -48.985  -37.030  63.986 0.0000000000
39682  -42.686  -54.502  78.804 0.0000000000
38841  -37.205  -55.357  74.726 0.0000000000
40764  -40.617  -53.175  72.924 0.0000000000
129286  -36.929  -50.184  67.245 0.0000000000
144145  -25.448  -52.495  84.493 0.0000000000
58616  -53.419  -35.255  67.347 0.0000000000
122806  -52.489  -32.247  63.802 0.0000000000
62596  -57.625  -30.707  66.009 0.0000000000
61671  -54.787  -32.601  58.706 0.0000000000
62724  -56.414  -31.409  54.226 0.0000000000
41636  -25.290  -52.045  79.643 0.0000000000
40772  -31.956  -53.310  70.705 0.0000000000
47809  -49.536  -46.366  67.198 0.0000000000
48883  -50.441  -45.687  65.111 0.0000000000
122024  -52.052  -45.367  67.941 0.0000000000
45871  -50.636  -48.235  70.780 0.0000000000
45878  -47.215  -48.422  69.584 0.0000000000
46837  -48.579  -47.181  68.535 0.0000000000
47828  -46.907  -45.989  65.886 0.0000000000
59643  -47.357  -34.907  55.504 0.0000000000
60659  -50.048  -33.403  56.268 0.0000000000
40628  -36.963  -52.912  82.147 0.0000000000
41638  -34.643  -52.060  79.628 0.0000000000
40666  -36.868  -53.027  79.435 0.0000000000
50973  -46.845  -43.441  58.680 0.0000000000
51882  -51.901  -42.400  63.488 0.0000000000
51903  -50.795  -43.023  61.192 0.0000000000
52831  -49.039  -41.096  65.140 0.0000000000
54685  -47.513  -39.523  64.163 0.0000000000
55635  -50.021  -38.483  65.970 0.0000000000
39695  -45.050  -53.916  77.122 0.0000000000
39725  -41.739  -54.586  75.606 0.0000000000
40750  -43.482  -53.465  73.874 0.0000000000
122402  -40.883  -49.289  67.048 0.0000000000
43786  -40.101  -50.832  68.187 0.0000000000
45901  -38.066  -48.867  65.130 0.0000000000
49951  -43.505  -44.102  60.554 0.0000000000
59546  -51.523  -33.208  65.655 0.0000000000
61634  -56.825  -32.831  62.054 0.0000000000
121632  -57.752  -31.940  59.113 0.0000000000
61696  -55.883  -31.787  56.376 0.0000000000
62709  -58.376  -31.273  56.583 0.0000000000
63674  -60.909  -30.599  51.681 0.0000000000
41577  -27.142  -51.635  83.931 0.0000000000
41595  -25.368  -52.385  82.651 0.0000000000
145084  -27.187  -51.458  81.855 0.0000000000
120472  -28.846  -50.787  75.811 0.0000000000
42691  -26.783  -51.370  76.454 0.0000000000
41699  -26.155  -52.124  73.380 0.0000000000
39775  -35.592  -54.456  72.189 0.0000000000
40744  -34.729  -53.987  73.088 0.0000000000
39778  -33.128  -54.175  70.134 0.0000000000
48941  -46.029  -45.266  61.706 0.0000000000
138495  -47.683  -44.697  60.582 0.0000000000
48925  -49.591  -45.401  62.811 0.0000000000
49901  -52.415  -44.134  63.848 0.0000000000
52836  -53.688  -41.938  65.603 0.0000000000
42739  -48.621  -51.421  74.107 0.0000000000
42752  -45.117  -52.028  72.213 0.0000000000
43767  -45.865  -50.193  71.078 0.0000000000
45884  -43.678  -49.029  68.246 0.0000000000
46855  -41.978  -47.409  65.570 0.0000000000
48898  -40.524  -45.754  63.163 0.0000000000
47837  -43.515  -46.037  64.425 0.0000000000
48903  -45.062  -45.507  63.451 0.0000000000
63601  -61.030  -30.526  57.296 0.0000000000
64566  -64.389  -29.442  57.654 0.0000000000
42596  -32.592  -51.409  83.413 0.0000000000
128668  -29.783  -51.273  80.780 0.0000000000
42643  -32.177  -51.375  80.699 0.0000000000
121430  -32.040  -51.293  77.857 0.0000000000
135206  -31.398  -50.858  75.278 0.0000000000
50952  -49.485  -43.606  59.135 0.0000000000
57681  -46.740  -37.117  62.030 0.0000000000
139630  -48.786  -34.722  61.735 0.0000000000
39659  -40.919  -54.527  80.230 0.0000000000
39691  -38.773  -54.866  77.738 0.0000000000
38828  -39.979  -55.531  76.377 0.0000000000
136115  -38.649  -54.498  73.725 0.0000000000
126726  -37.099  -52.425  71.662 0.0000000000
42765  -42.307  -52.009  71.092 0.0000000000
42790  -38.526  -51.167  69.808 0.0000000000
42801  -35.547  -50.812  69.052 0.0000000000
48808  -53.894  -45.709  71.464 0.0000000000
40632  -41.230  -53.827  82.893 0.0000000000
127194  -45.545  -53.645  79.838 0.0000000000
41649  -47.668  -52.697  78.615 0.0000000000
49851  -55.500  -43.864  70.001 0.0000000000
51853  -55.946  -42.121  68.347 0.0000000000
136484  -54.452  -39.520  68.351 0.0000000000
57590  -55.654  -36.311  69.061 0.0000000000
56600  -52.781  -37.588  67.539 0.0000000000
57640  -51.417  -36.137  65.671 0.0000000000
59569  -50.692  -34.463  64.101 0.0000000000
60602  -51.289  -33.305  61.616 0.0000000000
61575  -55.120  -32.105  64.549 0.0000000000
61631  -53.676  -32.912  61.932 0.0000000000
121055  -52.120  -33.321  59.051 0.0000000000
120832  -52.944  -32.557  56.059 0.0000000000
124124  -59.137  -30.586  54.318 0.0000000000
40610  -23.476  -53.288  83.242 0.0000000000
41652  -23.343  -53.220  77.487 0.0000000000
120550  -27.052  -51.605  78.964 0.0000000000
41662  -24.429  -52.322  76.773 0.0000000000
40694  -35.856  -53.126  76.279 0.0000000000
41682  -33.261  -51.856  74.117 0.0000000000
42762  -30.297  -51.201  71.461 0.0000000000
39786  -28.655  -54.164  69.123 0.0000000000
47800  -50.605  -46.536  68.309 0.0000000000
47811  -50.913  -46.063  67.609 0.0000000000
47802  -52.057  -46.145  69.065 0.0000000000
46817  -51.173  -47.751  70.355 0.0000000000
46828  -49.171  -47.755  69.595 0.0000000000
46839  -50.279  -47.009  68.920 0.0000000000
47808  -48.648  -46.505  67.290 0.0000000000
59628  -48.371  -34.212  59.242 0.0000000000
59640  -48.178  -34.216  57.279 0.0000000000
59650  -48.699  -34.042  55.580 0.0000000000
128232  -49.718  -33.555  57.253 0.0000000000
40645  -37.649  -53.194  81.533 0.0000000000
40655  -36.800  -52.841  80.387 0.0000000000
40656  -37.459  -53.235  80.098 0.0000000000
50971  -44.291  -43.081  58.390 0.0000000000
50948  -45.308  -43.798  59.267 0.0000000000
145428  -51.311  -41.744  65.034 0.0000000000
52841  -50.593  -41.771  64.763 0.0000000000
53751  -50.066  -41.085  66.082 0.0000000000
54682  -49.345  -39.875  65.773 0.0000000000
54677  -50.463  -39.839  66.811 0.0000000000
40697  -45.750  -53.662  76.507 0.0000000000
40709  -44.603  -53.692  75.243 0.0000000000
40732  -45.310  -53.343  74.780 0.0000000000
45904  -40.658  -48.343  65.860 0.0000000000
44891  -39.302  -49.326  65.950 0.0000000000
45914  -38.582  -48.280  64.731 0.0000000000
45926  -37.000  -47.913  64.090 0.0000000000
124459  -44.382  -44.347  60.472 0.0000000000
50945  -42.541  -43.472  59.280 0.0000000000
50946  -43.423  -43.468  59.237 0.0000000000
122685  -58.672  -32.097  60.799 0.0000000000
61661  -59.092  -31.787  59.644 0.0000000000
62681  -57.896  -31.653  57.893 0.0000000000
62683  -59.498  -31.307  58.420 0.0000000000
120693  -28.862  -51.464  84.229 0.0000000000
42591  -27.680  -51.425  83.312 0.0000000000
42608  -28.255  -51.321  82.667 0.0000000000
43723  -28.654  -50.644  74.277 0.0000000000
42716  -27.140  -51.038  74.243 0.0000000000
42732  -27.608  -51.069  73.087 0.0000000000
40755  -26.534  -52.464  72.705 0.0000000000
40756  -26.819  -52.898  71.981 0.0000000000
41755  -35.117  -53.125  70.724 0.0000000000
39781  -34.655  -54.168  71.245 0.0000000000
40796  -33.852  -53.473  69.748 0.0000000000
48905  -47.155  -45.526  63.281 0.0000000000
144106  -48.020  -45.433  62.254 0.0000000000
48906  -48.977  -45.623  63.602 0.0000000000
128294  -51.727  -44.843  65.241 0.0000000000
144138  -51.188  -45.155  64.179 0.0000000000
49896  -52.520  -44.184  64.658 0.0000000000
50899  -52.900  -43.500  64.301 0.0000000000
50892  -53.809  -42.895  65.541 0.0000000000
43732  -48.849  -50.794  73.238 0.0000000000
43745  -47.473  -50.824  72.587 0.0000000000
43758  -47.609  -50.182  71.955 0.0000000000
46834  -45.976  -47.944  68.216 0.0000000000
45876  -45.626  -49.053  69.384 0.0000000000
45894  -44.632  -48.045  67.609 0.0000000000
45893  -43.168  -48.313  67.140 0.0000000000
128244  -43.860  -47.255  66.330 0.0000000000
46856  -42.734  -46.891  65.382 0.0000000000
47826  -44.266  -46.667  65.755 0.0000000000
47841  -47.685  -45.759  65.165 0.0000000000
47839  -45.831  -45.778  64.763 0.0000000000
48889  -46.527  -45.492  64.151 0.0000000000
48921  -45.562  -45.383  62.538 0.0000000000
42613  -33.166  -51.554  82.781 0.0000000000
130127  -31.974  -51.439  82.116 0.0000000000
42630  -33.409  -51.695  81.509 0.0000000000
42671  -34.227  -51.681  78.193 0.0000000000
142125  -33.049  -51.561  78.920 0.0000000000
42683  -32.868  -51.385  77.706 0.0000000000
42696  -31.792  -51.175  76.589 0.0000000000
42708  -32.699  -51.296  75.610 0.0000000000
49955  -49.146  -44.514  60.446 0.0000000000
49975  -48.856  -44.204  59.756 0.0000000000
139767  -50.617  -43.812  60.277 0.0000000000
51890  -49.013  -42.445  61.460 0.0000000000
51915  -50.399  -42.992  59.851 0.0000000000
52865  -48.278  -42.093  61.121 0.0000000000
56623  -48.568  -37.955  64.333 0.0000000000
56627  -47.533  -37.774  63.292 0.0000000000
57667  -47.811  -37.038  63.033 0.0000000000
58667  -47.937  -35.659  61.945 0.0000000000
58657  -48.979  -35.467  63.032 0.0000000000
38790  -42.049  -54.628  79.269 0.0000000000
38795  -40.782  -55.290  78.343 0.0000000000
38811  -41.507  -55.170  77.312 0.0000000000
39759  -41.185  -53.968  74.362 0.0000000000
134523  -40.593  -54.631  74.854 0.0000000000
40747  -40.006  -53.637  73.568 0.0000000000
139607  -38.113  -53.485  73.003 0.0000000000
41718  -38.665  -52.336  72.117 0.0000000000
42783  -44.203  -51.087  70.942 0.0000000000
41744  -43.465  -52.371  71.963 0.0000000000
42781  -42.703  -51.521  70.642 0.0000000000
43798  -38.629  -50.583  67.665 0.0000000000
42805  -39.659  -51.136  68.756 0.0000000000
122875  -37.840  -50.597  68.335 0.0000000000
43771  -37.093  -50.565  69.115 0.0000000000
48916  -40.806  -45.069  62.498 0.0000000000
40679  -46.513  -53.474  78.668 0.0000000000
42700  -50.100  -51.154  75.975 0.0000000000
49839  -54.733  -44.839  70.606 0.0000000000
52790  -56.951  -41.805  70.294 0.0000000000
53711  -56.937  -40.395  69.343 0.0000000000
53736  -55.409  -40.976  67.788 0.0000000000
55617  -55.812  -39.053  69.056 0.0000000000
58607  -54.809  -35.289  68.310 0.0000000000
56602  -54.447  -36.882  68.081 0.0000000000
57622  -53.490  -35.969  67.321 0.0000000000
56612  -52.342  -37.000  66.933 0.0000000000
143695  -52.536  -35.485  66.532 0.0000000000
140130  -51.595  -32.641  65.016 0.0000000000
129013  -51.303  -33.328  64.925 0.0000000000
60568  -51.270  -33.208  64.255 0.0000000000
139220  -50.674  -33.562  63.169 0.0000000000
61590  -51.694  -32.878  62.923 0.0000000000
143244  -56.697  -32.116  65.111 0.0000000000
61645  -55.603  -32.966  60.893 0.0000000000
61633  -55.384  -33.031  61.675 0.0000000000
60624  -54.008  -33.022  60.034 0.0000000000
60623  -53.093  -33.069  60.358 0.0000000000
60650  -53.475  -33.015  58.795 0.0000000000
134406  -52.336  -33.047  57.368 0.0000000000
61670  -53.911  -32.760  58.107 0.0000000000
62719  -56.478  -31.513  55.039 0.0000000000
61702  -55.094  -31.791  55.168 0.0000000000
62723  -55.715  -31.637  53.866 0.0000000000
121142  -62.051  -30.339  55.781 0.0000000000
63631  -60.404  -30.348  55.643 0.0000000000
63647  -60.508  -30.319  54.744 0.0000000000
41611  -25.208  -52.256  81.230 0.0000000000
41610  -24.586  -52.641  81.351 0.0000000000
40665  -24.091  -52.847  80.006 0.0000000000
40674  -23.090  -53.137  78.789 0.0000000000
41644  -24.349  -52.465  78.459 0.0000000000
122368  -29.987  -51.273  79.858 0.0000000000
42642  -28.221  -51.269  80.291 0.0000000000
42667  -28.671  -51.292  78.712 0.0000000000
42690  -25.959  -51.643  76.657 0.0000000000
39738  -25.519  -54.356  74.097 0.0000000000
39704  -37.928  -54.844  76.238 0.0000000000
39689  -37.026  -53.835  77.141 0.0000000000
39722  -36.810  -54.717  75.253 0.0000000000
40758  -33.675  -53.784  72.063 0.0000000000
41702  -34.454  -53.168  73.659 0.0000000000
41715  -32.455  -52.279  72.086 0.0000000000
42751  -31.671  -51.479  72.426 0.0000000000
41733  -30.766  -51.813  70.853 0.0000000000
40790  -28.136  -53.905  69.722 0.0000000000
47830  -49.013  -46.080  65.582 0.0000000000
47842  -48.987  -45.914  64.798 0.0000000000
47821  -50.308  -45.903  65.873 0.0000000000
48878  -50.925  -45.768  66.549 0.0000000000
125088  -52.719  -44.421  67.401 0.0000000000
142369  -50.018  -49.228  71.797 0.0000000000
44842  -48.120  -49.472  71.402 0.0000000000
45870  -48.602  -48.797  70.725 0.0000000000
46826  -47.776  -47.984  69.438 0.0000000000
46845  -46.669  -47.153  67.680 0.0000000000
47816  -45.994  -46.410  66.398 0.0000000000
47806  -46.983  -46.642  67.255 0.0000000000
145662  -48.246  -46.325  66.721 0.0000000000
60671  -51.105  -33.067  54.450 0.0000000000
41600  -35.581  -52.258  82.328 0.0000000000
129458  -34.754  -52.094  81.218 0.0000000000
41628  -36.102  -52.559  80.881 0.0000000000
41639  -35.475  -52.355  79.593 0.0000000000
40675  -35.808  -52.590  78.093 0.0000000000
139363  -52.094  -43.275  62.044 0.0000000000
51904  -51.122  -43.444  61.188 0.0000000000
51881  -51.048  -42.510  62.971 0.0000000000
51880  -49.807  -42.189  63.026 0.0000000000
52847  -48.337  -41.555  63.811 0.0000000000
53760  -46.954  -40.797  63.341 0.0000000000
53756  -48.359  -40.770  64.679 0.0000000000
54681  -48.851  -39.411  65.139 0.0000000000
56624  -49.444  -37.513  64.760 0.0000000000
136334  -43.963  -54.336  77.999 0.0000000000
39693  -42.799  -54.511  77.233 0.0000000000
39727  -43.165  -54.256  75.857 0.0000000000
40730  -43.238  -53.729  74.753 0.0000000000
40749  -42.607  -53.424  73.717 0.0000000000
44861  -42.071  -49.704  68.215 0.0000000000
43773  -41.667  -50.726  69.063 0.0000000000
126216  -40.676  -49.859  67.458 0.0000000000
44879  -38.769  -49.893  66.361 0.0000000000
44878  -37.927  -49.883  66.253 0.0000000000
44887  -35.920  -49.189  65.671 0.0000000000
45911  -35.889  -48.416  64.515 0.0000000000
144068  -42.311  -44.071  61.203 0.0000000000
50931  -42.214  -43.717  59.981 0.0000000000
60528  -53.348  -33.812  67.670 0.0000000000
60541  -52.497  -34.007  67.046 0.0000000000
60527  -52.569  -33.152  67.304 0.0000000000
61544  -52.104  -32.159  66.459 0.0000000000
62607  -52.735  -31.799  65.040 0.0000000000
61578  -58.546  -32.008  64.694 0.0000000000
61596  -57.621  -32.469  64.016 0.0000000000
61615  -57.557  -32.590  62.398 0.0000000000
61647  -57.085  -32.428  60.218 0.0000000000
61658  -56.160  -32.516  59.186 0.0000000000
61684  -55.564  -32.091  57.574 0.0000000000
61685  -56.260  -31.997  57.688 0.0000000000
62708  -57.465  -31.484  56.197 0.0000000000
62720  -57.217  -31.338  55.309 0.0000000000
121414  -62.881  -30.377  53.698 0.0000000000
121135  -61.036  -30.443  53.026 0.0000000000
63675  -61.731  -30.590  51.642 0.0000000000
41562  -26.558  -52.032  84.474 0.0000000000
41575  -25.621  -52.360  83.408 0.0000000000
41576  -26.388  -52.051  83.642 0.0000000000
42606  -26.687  -51.668  82.278 0.0000000000
42640  -26.656  -51.551  80.680 0.0000000000
42694  -29.355  -51.031  76.657 0.0000000000
42679  -28.622  -51.208  77.314 0.0000000000
142215  -28.116  -50.951  75.749 0.0000000000
42715  -26.411  -51.327  74.786 0.0000000000
41698  -25.446  -52.461  73.648 0.0000000000
39751  -25.824  -53.731  73.562 0.0000000000
124324  -26.519  -53.836  73.158 0.0000000000
39755  -36.506  -54.895  73.505 0.0000000000
39742  -35.802  -54.568  73.954 0.0000000000
39765  -35.392  -54.528  72.340 0.0000000000
39763  -34.145  -54.292  71.643 0.0000000000
40784  -32.470  -53.929  70.256 0.0000000000
49952  -45.234  -44.637  60.368 0.0000000000
49972  -45.714  -44.339  59.788 0.0000000000
49934  -47.336  -44.970  61.073 0.0000000000
48958  -48.272  -44.844  61.067 0.0000000000
48944  -49.920  -45.121  61.826 0.0000000000
48893  -50.183  -45.631  64.083 0.0000000000
48909  -51.134  -44.955  62.902 0.0000000000
49915  -51.292  -44.508  62.044 0.0000000000
50910  -52.320  -43.314  62.794 0.0000000000
52843  -52.588  -42.116  64.612 0.0000000000
52825  -52.449  -41.457  66.119 0.0000000000
41687  -47.458  -52.345  74.735 0.0000000000
41705  -45.631  -52.698  73.613 0.0000000000
42737  -46.999  -51.931  73.621 0.0000000000
42769  -45.642  -51.322  71.845 0.0000000000
43765  -44.529  -50.436  70.490 0.0000000000
130280  -46.743  -49.394  70.637 0.0000000000
44849  -45.440  -49.564  70.038 0.0000000000
44855  -43.869  -49.709  69.319 0.0000000000
44871  -43.066  -48.861  67.739 0.0000000000
45897  -41.813  -48.351  66.518 0.0000000000
46861  -40.740  -47.139  64.855 0.0000000000
123327  -39.756  -46.641  63.818 0.0000000000
47835  -41.446  -46.596  64.357 0.0000000000
142910  -41.968  -45.990  63.682 0.0000000000
48900  -42.737  -45.556  63.336 0.0000000000
126645  -45.095  -46.139  65.276 0.0000000000
48887  -44.246  -45.731  64.036 0.0000000000
48919  -43.508  -45.223  62.818 0.0000000000
48920  -44.199  -44.921  62.090 0.0000000000
49931  -44.741  -44.852  61.112 0.0000000000
62684  -60.819  -30.792  58.215 0.0000000000
63591  -62.639  -30.661  58.676 0.0000000000
63615  -62.959  -30.571  57.030 0.0000000000
126930  -63.904  -30.377  56.119 0.0000000000
63649  -63.684  -30.459  54.296 0.0000000000
63658  -64.494  -30.450  53.294 0.0000000000
42610  -30.738  -51.243  83.012 0.0000000000
42609  -29.564  -51.271  82.369 0.0000000000
128646  -31.124  -51.313  82.198 0.0000000000
145083  -30.998  -51.232  80.923 0.0000000000
122367  -30.793  -51.250  79.803 0.0000000000
42644  -32.975  -51.473  80.373 0.0000000000
42658  -32.388  -51.493  79.189 0.0000000000
121219  -30.158  -51.180  78.223 0.0000000000
42695  -30.345  -50.945  76.370 0.0000000000
43718  -30.038  -50.562  74.971 0.0000000000
43731  -30.063  -50.481  73.825 0.0000000000
50950  -47.247  -43.930  59.269 0.0000000000
50974  -47.887  -43.446  58.609 0.0000000000
50953  -50.464  -43.312  59.918 0.0000000000
58696  -47.965  -34.886  60.672 0.0000000000
59614  -48.533  -34.363  60.175 0.0000000000
138074  -40.216  -54.274  80.800 0.0000000000
39669  -38.799  -54.207  79.469 0.0000000000
138524  -40.005  -54.925  79.407 0.0000000000
38808  -39.528  -55.458  77.068 0.0000000000
38827  -39.165  -55.505  76.081 0.0000000000
38845  -41.246  -55.012  76.063 0.0000000000
38855  -39.145  -55.434  74.918 0.0000000000
38860  -38.016  -55.464  74.127 0.0000000000
40745  -37.858  -54.374  73.383 0.0000000000
41737  -36.409  -53.195  71.742 0.0000000000
42775  -35.942  -52.044  70.538 0.0000000000
41704  -44.860  -52.915  73.330 0.0000000000
41722  -42.860  -52.712  72.414 0.0000000000
131879  -40.965  -52.331  71.513 0.0000000000
42792  -41.051  -51.272  69.348 0.0000000000
41760  -40.555  -51.882  70.695 0.0000000000
41741  -40.070  -52.164  71.525 0.0000000000
42777  -37.968  -51.381  70.570 0.0000000000
42788  -36.622  -51.149  69.854 0.0000000000
48914  -38.807  -45.465  62.392 0.0000000000
46819  -52.486  -47.258  70.951 0.0000000000
47782  -52.597  -46.569  69.754 0.0000000000
41550  -27.329  -52.019  85.650 0.0000000000
42578  -30.492  -51.320  84.484 0.0000000000
122704  -31.952  -51.375  84.081 0.0000000000
42581  -33.680  -51.558  84.462 0.0000000000
41581  -36.441  -52.465  83.484 0.0000000000
40613  -38.040  -52.781  83.240 0.0000000000
40630  -38.733  -53.154  82.674 0.0000000000
39645  -40.189  -54.073  81.564 0.0000000000
39647  -41.485  -54.216  81.451 0.0000000000
39661  -42.562  -54.236  80.685 0.0000000000
39673  -43.311  -54.196  79.677 0.0000000000
40658  -44.606  -53.734  80.564 0.0000000000
39674  -44.209  -53.943  79.291 0.0000000000
39685  -45.213  -54.132  77.991 0.0000000000
40688  -46.579  -53.516  77.844 0.0000000000
40712  -47.167  -53.123  76.526 0.0000000000
120430  -47.687  -52.636  76.185 0.0000000000
42721  -48.674  -51.730  75.093 0.0000000000
43726  -49.964  -50.809  74.600 0.0000000000
46799  -52.073  -47.769  71.375 0.0000000000
48836  -53.696  -45.564  69.775 0.0000000000
49866  -53.510  -44.524  68.672 0.0000000000
138170  -53.839  -43.907  68.293 0.0000000000
51819  -56.419  -42.582  70.921 0.0000000000
50866  -55.573  -42.969  68.744 0.0000000000
50879  -54.404  -42.841  67.203 0.0000000000
51866  -54.376  -42.045  66.235 0.0000000000
53745  -54.292  -41.305  66.906 0.0000000000
53733  -53.179  -40.439  67.725 0.0000000000
56588  -55.009  -37.562  68.762 0.0000000000
55615  -53.987  -38.857  68.347 0.0000000000
144304  -51.615  -39.687  67.510 0.0000000000
55632  -51.139  -38.311  66.995 0.0000000000
56621  -51.158  -36.973  65.902 0.0000000000
57655  -50.408  -36.192  64.769 0.0000000000
59560  -52.003  -34.908  65.764 0.0000000000
142351  -51.045  -34.619  64.748 0.0000000000
58649  -50.018  -35.791  64.121 0.0000000000
58658  -49.671  -34.798  63.150 0.0000000000
60585  -49.831  -33.978  62.057 0.0000000000
60635  -50.111  -33.682  60.161 0.0000000000
62609  -54.484  -31.637  65.283 0.0000000000
61573  -53.154  -31.929  64.173 0.0000000000
61594  -55.579  -32.771  63.292 0.0000000000
125256  -54.753  -32.781  63.013 0.0000000000
61611  -53.155  -32.634  62.628 0.0000000000
60603  -52.129  -33.170  61.467 0.0000000000
60621  -51.729  -33.401  60.721 0.0000000000
60647  -50.679  -33.458  58.599 0.0000000000
60654  -51.091  -33.343  57.796 0.0000000000
60661  -51.512  -33.101  56.104 0.0000000000
61706  -52.401  -32.487  54.550 0.0000000000
121033  -54.385  -32.080  56.282 0.0000000000
61707  -53.383  -32.173  54.424 0.0000000000
61712  -52.575  -32.427  53.651 0.0000000000
62696  -60.135  -30.780  57.425 0.0000000000
120831  -58.944  -30.640  55.207 0.0000000000
63654  -57.853  -30.599  53.957 0.0000000000
121136  -60.197  -30.464  53.163 0.0000000000
63663  -58.680  -30.531  52.765 0.0000000000
62734  -57.084  -31.028  52.803 0.0000000000
40627  -24.647  -52.813  82.602 0.0000000000
128669  -28.800  -51.328  81.097 0.0000000000
42641  -27.409  -51.358  80.433 0.0000000000
41646  -26.072  -51.831  79.107 0.0000000000
122923  -27.284  -51.350  78.097 0.0000000000
42666  -26.445  -51.601  78.232 0.0000000000
41645  -25.168  -52.125  78.768 0.0000000000
41653  -24.029  -52.621  77.574 0.0000000000
40677  -37.409  -53.530  78.740 0.0000000000
40685  -36.500  -53.265  77.583 0.0000000000
41664  -35.235  -52.640  76.637 0.0000000000
40728  -35.466  -53.637  74.655 0.0000000000
40705  -34.985  -52.847  75.196 0.0000000000
42709  -33.409  -51.717  75.405 0.0000000000
145048  -32.308  -51.224  74.548 0.0000000000
124011  -31.005  -50.989  73.019 0.0000000000
125688  -28.933  -50.800  72.005 0.0000000000
140052  -31.894  -53.886  69.215 0.0000000000
40782  -31.142  -53.529  69.807 0.0000000000
41752  -30.324  -52.840  69.901 0.0000000000
41751  -29.414  -52.216  70.158 0.0000000000
41750  -28.456  -52.246  70.337 0.0000000000
41749  -27.778  -52.530  70.736 0.0000000000
144013  -51.002  -46.869  68.942 0.0000000000
47801  -51.325  -46.393  68.599 0.0000000000
46830  -51.643  -47.375  70.007 0.0000000000
47780  -50.904  -47.337  69.612 0.0000000000
47799  -49.860  -46.711  68.139 0.0000000000
59635  -48.284  -34.219  58.277 0.0000000000
59641  -49.071  -34.029  57.814 0.0000000000
60653  -49.843  -33.747  58.242 0.0000000000
144936  -38.199  -53.491  81.392 0.0000000000
40657  -38.045  -53.508  80.773 0.0000000000
50947  -44.375  -43.552  59.141 0.0000000000
134478  -44.958  -43.340  58.778 0.0000000000
52824  -51.492  -41.390  66.235 0.0000000000
52833  -50.765  -41.514  65.749 0.0000000000
53741  -50.756  -40.893  66.615 0.0000000000
53740  -49.950  -40.352  66.275 0.0000000000
54678  -51.225  -40.232  67.209 0.0000000000
40711  -46.544  -53.393  75.947 0.0000000000
40710  -45.555  -53.574  75.597 0.0000000000
40733  -46.101  -53.050  75.112 0.0000000000
45915  -39.399  -48.112  64.983 0.0000000000
49970  -43.966  -43.856  59.870 0.0000000000
50970  -43.647  -43.174  58.558 0.0000000000
62661  -60.365  -31.484  60.431 0.0000000000
61649  -59.217  -31.906  60.441 0.0000000000
62672  -59.677  -31.461  59.220 0.0000000000
62671  -58.945  -31.662  58.851 0.0000000000
42592  -28.532  -51.395  83.469 0.0000000000
127617  -29.093  -51.356  82.859 0.0000000000
42733  -28.437  -50.678  73.324 0.0000000000
42747  -27.423  -51.427  72.529 0.0000000000
41714  -27.051  -51.997  72.234 0.0000000000
42759  -27.621  -51.535  72.015 0.0000000000
40786  -34.522  -53.815  70.813 0.0000000000
41754  -34.438  -53.209  70.265 0.0000000000
125933  -48.201  -45.626  63.676 0.0000000000
48891  -48.748  -45.724  64.216 0.0000000000
139427  -52.460  -44.235  65.656 0.0000000000
132208  -53.212  -43.567  65.012 0.0000000000
135718  -48.933  -50.279  72.652 0.0000000000
43746  -48.215  -50.543  72.658 0.0000000000
43759  -48.570  -49.928  72.112 0.0000000000
46844  -45.464  -47.568  67.582 0.0000000000
45886  -45.229  -48.275  68.192 0.0000000000
46842  -43.996  -47.771  66.976 0.0000000000
47815  -44.576  -47.144  66.509 0.0000000000
48890  -47.483  -45.583  64.335 0.0000000000
41578  -33.988  -51.784  82.910 0.0000000000
41598  -33.680  -51.800  82.121 0.0000000000
41655  -34.434  -51.962  77.474 0.0000000000
42684  -33.676  -51.605  77.555 0.0000000000
122539  -33.115  -51.482  76.935 0.0000000000
121608  -33.336  -51.456  76.132 0.0000000000
49956  -50.072  -44.357  60.591 0.0000000000
52855  -48.219  -42.073  62.232 0.0000000000
56628  -48.165  -37.437  63.654 0.0000000000
57668  -48.471  -36.452  63.289 0.0000000000
57669  -49.296  -36.117  63.735 0.0000000000
140920  -41.995  -54.961  78.562 0.0000000000
38797  -42.256  -55.018  77.881 0.0000000000
126861  -40.877  -53.579  73.698 0.0000000000
40763  -39.749  -53.110  72.828 0.0000000000
41719  -39.491  -52.458  72.210 0.0000000000
43764  -43.786  -50.698  70.365 0.0000000000
42782  -43.435  -51.395  70.816 0.0000000000
42795  -43.032  -50.970  70.190 0.0000000000
43797  -37.716  -50.388  67.490 0.0000000000
123497  -36.996  -50.375  68.137 0.0000000000
43810  -36.154  -49.931  66.994 0.0000000000
48917  -41.755  -45.020  62.612 0.0000000000
49927  -40.727  -44.313  61.637 0.0000000000
54663  -56.270  -39.893  68.949 0.0000000000
133428  -54.005  -34.781  67.850 0.0000000000
58617  -54.168  -35.608  67.781 0.0000000000
57604  -54.209  -36.169  67.753 0.0000000000
58630  -52.828  -35.465  66.920 0.0000000000
61572  -52.217  -32.164  64.599 0.0000000000
61571  -51.739  -32.674  63.921 0.0000000000
60577  -51.153  -33.183  63.445 0.0000000000
63510  -57.288  -30.126  66.391 0.0000000000
62595  -56.783  -31.010  66.267 0.0000000000
61559  -57.270  -31.754  65.515 0.0000000000
135275  -55.691  -32.858  59.969 0.0000000000
61644  -54.821  -33.028  60.587 0.0000000000
61656  -54.803  -32.837  59.609 0.0000000000
60639  -54.065  -32.900  59.132 0.0000000000
62718  -55.772  -31.671  54.691 0.0000000000
62729  -56.381  -31.371  53.354 0.0000000000
121140  -61.981  -30.266  54.960 0.0000000000
121141  -61.221  -30.284  55.334 0.0000000000
121138  -61.287  -30.368  54.457 0.0000000000
40600  -25.015  -52.744  84.000 0.0000000000
41623  -25.293  -52.076  80.455 0.0000000000
41622  -24.655  -52.515  80.689 0.0000000000
141419  -24.772  -52.432  80.025 0.0000000000
41635  -24.550  -52.388  79.321 0.0000000000
121223  -30.002  -51.253  79.043 0.0000000000
121224  -29.271  -51.269  79.290 0.0000000000
40724  -24.441  -54.164  74.189 0.0000000000
39723  -37.574  -55.165  75.456 0.0000000000
39703  -37.192  -54.245  76.234 0.0000000000
40757  -33.009  -53.226  71.677 0.0000000000
41716  -33.139  -52.772  72.535 0.0000000000
41735  -32.245  -52.833  71.380 0.0000000000
120865  -31.854  -52.018  71.698 0.0000000000
41734  -31.510  -52.377  71.094 0.0000000000
47819  -48.938  -46.256  66.432 0.0000000000
47820  -49.618  -46.123  66.133 0.0000000000
48858  -51.676  -45.856  68.209 0.0000000000
48873  -51.498  -45.485  67.321 0.0000000000
48874  -52.114  -44.870  67.315 0.0000000000
45856  -50.108  -48.834  71.279 0.0000000000
44852  -49.393  -48.820  70.979 0.0000000000
45880  -49.609  -48.250  70.384 0.0000000000
46827  -48.497  -47.592  69.193 0.0000000000
46836  -47.709  -47.449  68.636 0.0000000000
46835  -46.743  -47.613  68.274 0.0000000000
46846  -47.333  -47.066  67.854 0.0000000000
46847  -48.198  -46.858  67.974 0.0000000000
47818  -48.360  -46.096  65.996 0.0000000000
59639  -47.364  -34.705  56.607 0.0000000000
126763  -49.350  -33.638  55.495 0.0000000000
129006  -50.479  -33.174  54.925 0.0000000000
41615  -36.219  -52.530  81.791 0.0000000000
41614  -35.446  -52.248  81.472 0.0000000000
41640  -36.111  -52.567  79.959 0.0000000000
41648  -36.055  -52.619  79.055 0.0000000000
124261  -35.293  -52.238  78.864 0.0000000000
51936  -45.782  -42.580  58.042 0.0000000000
51893  -52.032  -42.874  62.651 0.0000000000
120627  -51.568  -42.973  61.820 0.0000000000
52840  -49.492  -41.588  64.691 0.0000000000
52849  -50.181  -41.946  63.875 0.0000000000
52848  -49.150  -41.839  63.901 0.0000000000
52856  -48.772  -41.996  63.085 0.0000000000
52839  -48.663  -41.347  64.487 0.0000000000
52838  -48.042  -41.113  64.230 0.0000000000
54676  -49.883  -39.378  66.241 0.0000000000
55634  -49.408  -38.937  65.630 0.0000000000
55638  -49.039  -38.459  64.957 0.0000000000
56619  -49.654  -38.114  65.384 0.0000000000
140237  -44.524  -54.248  77.660 0.0000000000
39708  -43.391  -54.286  76.580 0.0000000000
39709  -44.261  -54.116  76.824 0.0000000000
40731  -44.014  -53.561  74.564 0.0000000000
40708  -43.664  -53.840  75.304 0.0000000000
132633  -42.793  -53.659  74.357 0.0000000000
44869  -41.429  -49.628  67.709 0.0000000000
44867  -39.548  -49.827  66.587 0.0000000000
44890  -38.423  -49.408  65.741 0.0000000000
44889  -37.466  -49.391  65.619 0.0000000000
143175  -36.946  -49.140  65.379 0.0000000000
44904  -37.231  -48.807  65.039 0.0000000000
49929  -42.987  -44.286  61.249 0.0000000000
140610  -42.681  -43.935  60.601 0.0000000000
61533  -53.042  -32.803  67.941 0.0000000000
134873  -52.280  -31.783  66.194 0.0000000000
61558  -52.088  -31.972  65.613 0.0000000000
62591  -52.868  -31.482  65.842 0.0000000000
62639  -60.487  -31.291  63.273 0.0000000000
62626  -60.581  -30.675  63.890 0.0000000000
62625  -59.895  -31.714  63.590 0.0000000000
61598  -59.274  -31.973  64.110 0.0000000000
61597  -58.477  -32.277  63.789 0.0000000000
61616  -58.256  -32.364  62.274 0.0000000000
61659  -57.779  -32.133  59.786 0.0000000000
61648  -57.873  -32.272  60.716 0.0000000000
143595  -56.469  -32.586  59.850 0.0000000000
121146  -57.020  -32.154  59.319 0.0000000000
61672  -56.604  -32.121  58.468 0.0000000000
61673  -57.422  -31.892  58.525 0.0000000000
62694  -58.301  -31.455  57.365 0.0000000000
62693  -57.651  -31.607  57.101 0.0000000000
121133  -63.006  -30.488  52.845 0.0000000000
121130  -62.317  -30.583  52.223 0.0000000000
42607  -27.438  -51.436  82.498 0.0000000000
42623  -26.606  -51.678  81.481 0.0000000000
42624  -27.309  -51.495  81.191 0.0000000000
42693  -28.349  -51.076  76.462 0.0000000000
42731  -26.514  -51.453  73.807 0.0000000000
42730  -25.737  -51.747  74.106 0.0000000000
40742  -25.924  -52.953  73.064 0.0000000000
39762  -27.296  -54.548  72.447 0.0000000000
40743  -26.973  -53.872  72.591 0.0000000000
39766  -36.009  -54.722  72.760 0.0000000000
39754  -35.806  -54.764  73.101 0.0000000000
39780  -34.178  -54.103  70.876 0.0000000000
39773  -34.483  -54.277  71.432 0.0000000000
39772  -33.893  -54.179  71.003 0.0000000000
39771  -33.252  -54.070  70.626 0.0000000000
49932  -45.601  -45.040  60.999 0.0000000000
49933  -46.492  -45.034  60.998 0.0000000000
48942  -46.914  -45.297  61.659 0.0000000000
48924  -48.628  -45.485  62.718 0.0000000000
136614  -48.536  -45.257  61.820 0.0000000000
123608  -49.211  -45.287  62.065 0.0000000000
48943  -49.329  -44.881  61.298 0.0000000000
48882  -50.076  -45.715  64.687 0.0000000000
48892  -49.578  -45.760  64.489 0.0000000000
49904  -51.701  -44.705  63.497 0.0000000000
48894  -50.860  -45.275  63.745 0.0000000000
49916  -51.848  -44.338  62.570 0.0000000000
49917  -52.178  -43.723  62.383 0.0000000000
49905  -52.291  -43.986  63.047 0.0000000000
51875  -53.278  -42.391  64.987 0.0000000000
51874  -52.874  -42.778  64.172 0.0000000000
52835  -52.926  -41.896  65.425 0.0000000000
42738  -47.707  -51.915  74.088 0.0000000000
41707  -47.061  -52.299  74.182 0.0000000000
43744  -46.870  -50.714  72.119 0.0000000000
42770  -46.281  -51.151  72.166 0.0000000000
43757  -46.203  -50.587  71.624 0.0000000000
43756  -45.438  -50.737  71.283 0.0000000000
43766  -45.284  -50.192  70.627 0.0000000000
44851  -47.566  -49.093  70.704 0.0000000000
44858  -47.017  -48.900  70.025 0.0000000000
44864  -45.029  -48.884  68.787 0.0000000000
44863  -44.227  -49.194  68.807 0.0000000000
44856  -44.741  -49.453  69.497 0.0000000000
44862  -42.857  -49.446  68.392 0.0000000000
46850  -42.242  -47.875  66.217 0.0000000000
45898  -42.438  -48.302  66.787 0.0000000000
122589  -41.094  -47.650  65.462 0.0000000000
46862  -41.464  -47.074  65.069 0.0000000000
47836  -42.818  -46.438  64.683 0.0000000000
143479  -42.236  -46.374  64.300 0.0000000000
47849  -42.800  -46.020  63.994 0.0000000000
127676  -45.180  -46.559  66.076 0.0000000000
47827  -45.935  -46.093  65.568 0.0000000000
48888  -45.715  -45.533  64.037 0.0000000000
131045  -45.023  -45.789  64.428 0.0000000000
48902  -44.190  -45.441  63.221 0.0000000000
48901  -43.494  -45.669  63.638 0.0000000000
143099  -44.151  -45.187  62.712 0.0000000000
120997  -44.705  -45.284  62.649 0.0000000000
48922  -46.515  -45.439  62.436 0.0000000000
48940  -45.110  -45.236  61.802 0.0000000000
123171  -63.427  -30.250  58.479 0.0000000000
63604  -63.600  -30.315  57.636 0.0000000000
63616  -63.783  -30.409  56.824 0.0000000000
63634  -64.444  -30.224  55.717 0.0000000000
63650  -64.473  -30.375  54.812 0.0000000000
139350  -64.434  -30.428  53.970 0.0000000000
63651  -64.992  -30.208  54.253 0.0000000000
42611  -31.710  -51.282  83.054 0.0000000000
42629  -32.269  -51.461  81.461 0.0000000000
42628  -31.490  -51.335  81.324 0.0000000000
137177  -31.363  -51.260  80.438 0.0000000000
142802  -31.889  -51.290  80.171 0.0000000000
41626  -34.326  -51.998  80.597 0.0000000000
41612  -33.566  -51.694  80.844 0.0000000000
41625  -33.734  -51.753  80.012 0.0000000000
42669  -32.581  -51.422  78.443 0.0000000000
42668  -31.737  -51.386  78.671 0.0000000000
121218  -31.086  -51.209  77.889 0.0000000000
121498  -30.221  -51.171  77.270 0.0000000000
42681  -31.025  -51.208  76.909 0.0000000000
123225  -31.194  -50.944  76.082 0.0000000000
42718  -30.823  -50.639  74.725 0.0000000000
43724  -29.600  -50.520  74.354 0.0000000000
43725  -30.285  -50.521  74.345 0.0000000000
49954  -46.969  -44.719  60.432 0.0000000000
49973  -46.641  -44.390  59.823 0.0000000000
49974  -47.688  -44.384  59.905 0.0000000000
50951  -48.356  -43.833  59.217 0.0000000000
51916  -50.690  -43.321  60.502 0.0000000000
52877  -49.753  -42.478  59.238 0.0000000000
54690  -46.838  -40.055  63.610 0.0000000000
55640  -46.984  -39.243  63.632 0.0000000000
56635  -47.162  -37.518  62.697 0.0000000000
57695  -47.223  -36.223  61.743 0.0000000000
58668  -48.572  -35.233  62.212 0.0000000000
58680  -47.492  -35.438  61.210 0.0000000000
58681  -48.227  -35.054  61.484 0.0000000000
59601  -48.650  -34.507  61.045 0.0000000000
143740  -40.554  -54.383  80.533 0.0000000000
39670  -40.271  -54.562  80.081 0.0000000000
38788  -40.692  -54.969  79.326 0.0000000000
38810  -40.858  -55.390  77.526 0.0000000000
38809  -40.192  -55.431  77.744 0.0000000000
39706  -41.915  -54.781  76.060 0.0000000000
38830  -41.641  -54.946  76.586 0.0000000000
39745  -39.674  -54.947  74.631 0.0000000000
38856  -40.033  -55.182  75.245 0.0000000000
39744  -38.713  -55.199  74.279 0.0000000000
39756  -38.116  -55.147  73.842 0.0000000000
41717  -37.958  -52.846  72.558 0.0000000000
40777  -37.130  -52.943  72.292 0.0000000000
41736  -35.774  -53.127  71.231 0.0000000000
41756  -36.592  -52.237  71.220 0.0000000000
41725  -45.392  -52.436  72.895 0.0000000000
41724  -44.616  -52.569  72.676 0.0000000000
41743  -42.645  -52.389  71.712 0.0000000000
139696  -42.198  -52.663  72.189 0.0000000000
41742  -41.853  -52.390  71.602 0.0000000000
43772  -40.897  -50.784  68.659 0.0000000000
42806  -40.303  -51.239  69.007 0.0000000000
42791  -39.550  -51.383  69.592 0.0000000000
135738  -40.447  -51.571  69.786 0.0000000000
42778  -39.876  -51.682  70.305 0.0000000000
41759  -39.751  -51.862  70.944 0.0000000000
41758  -38.978  -51.610  70.667 0.0000000000
41740  -39.264  -52.022  71.506 0.0000000000
42802  -36.265  -50.756  69.311 0.0000000000
42787  -35.731  -51.404  69.701 0.0000000000
48897  -39.797  -46.077  63.265 0.0000000000
47847  -39.143  -46.494  63.340 0.0000000000
47858  -39.223  -45.921  62.931 0.0000000000
41549  -26.676  -52.095  85.302 0.0000000000
121446  -32.194  -51.320  85.056 0.0000000000
143932  -40.892  -53.941  82.537 0.0000000000
39635  -40.884  -54.080  81.852 0.0000000000
138122  -42.824  -54.295  80.168 0.0000000000
39662  -43.283  -54.151  80.510 0.0000000000
40659  -45.447  -53.241  80.687 0.0000000000
40668  -44.755  -53.841  79.869 0.0000000000
39684  -44.498  -54.139  78.337 0.0000000000
39675  -45.176  -53.788  78.952 0.0000000000
40680  -47.038  -52.979  79.035 0.0000000000
40689  -47.156  -53.141  78.202 0.0000000000
40698  -46.554  -53.441  76.927 0.0000000000
40699  -47.194  -53.177  77.354 0.0000000000
41666  -48.270  -52.255  76.460 0.0000000000
41675  -48.213  -52.190  75.708 0.0000000000
41667  -48.993  -51.797  75.940 0.0000000000
42711  -49.983  -51.122  75.274 0.0000000000
43727  -50.415  -50.496  74.894 0.0000000000
43733  -49.590  -50.723  73.887 0.0000000000
46818  -51.871  -47.574  70.637 0.0000000000
47763  -53.443  -46.250  70.936 0.0000000000
47783  -53.352  -46.197  70.126 0.0000000000
48821  -54.035  -45.596  70.588 0.0000000000
49840  -55.363  -44.125  70.552 0.0000000000
49849  -53.986  -44.872  69.452 0.0000000000
49850  -54.831  -44.458  69.886 0.0000000000
50848  -55.114  -43.668  69.300 0.0000000000
51854  -56.514  -41.980  69.176 0.0000000000
51845  -56.657  -42.231  69.866 0.0000000000
50880  -55.186  -42.570  67.793 0.0000000000
51862  -55.307  -41.982  67.556 0.0000000000
51861  -54.617  -42.181  67.052 0.0000000000
51867  -54.687  -41.701  67.128 0.0000000000
54673  -55.273  -40.600  67.941 0.0000000000
53735  -54.878  -40.901  67.484 0.0000000000
53734  -54.222  -40.740  67.468 0.0000000000
53744  -53.775  -41.145  66.727 0.0000000000
133164  -53.959  -40.029  68.116 0.0000000000
58608  -55.487  -35.649  68.976 0.0000000000
141744  -55.693  -38.150  69.138 0.0000000000
56589  -55.859  -37.156  69.191 0.0000000000
56601  -53.646  -37.299  67.769 0.0000000000
56587  -54.182  -37.902  68.346 0.0000000000
55629  -53.373  -38.243  68.036 0.0000000000
55628  -52.476  -38.538  67.829 0.0000000000
55627  -51.647  -38.828  67.566 0.0000000000
56599  -51.904  -37.884  67.342 0.0000000000
57620  -51.840  -36.506  66.343 0.0000000000
56611  -51.507  -37.401  66.591 0.0000000000
57639  -50.790  -36.575  65.336 0.0000000000
58639  -50.974  -35.893  65.139 0.0000000000
59547  -52.065  -34.296  66.149 0.0000000000
59570  -51.027  -33.886  64.517 0.0000000000
58650  -50.692  -35.321  64.575 0.0000000000
58659  -50.178  -34.999  63.797 0.0000000000
59579  -50.272  -34.169  63.351 0.0000000000
60586  -51.003  -33.255  62.554 0.0000000000
128337  -50.324  -33.732  62.631 0.0000000000
60601  -50.497  -33.544  61.841 0.0000000000
60619  -49.948  -33.802  61.189 0.0000000000
60620  -50.764  -33.528  60.935 0.0000000000
62610  -55.488  -31.702  65.469 0.0000000000
62593  -54.947  -31.156  66.396 0.0000000000
62608  -53.528  -31.671  65.098 0.0000000000
61574  -54.186  -31.974  64.344 0.0000000000
133303  -57.103  -32.712  63.010 0.0000000000
61595  -56.466  -32.682  63.780 0.0000000000
61614  -56.240  -32.906  62.784 0.0000000000
61632  -54.596  -33.059  61.431 0.0000000000
128158  -54.638  -32.961  62.231 0.0000000000
61612  -53.916  -32.740  62.770 0.0000000000
61610  -52.533  -32.855  62.210 0.0000000000
60604  -52.953  -32.964  61.287 0.0000000000
126595  -52.617  -33.239  59.662 0.0000000000
60622  -52.363  -33.293  60.289 0.0000000000
122710  -51.885  -33.415  59.851 0.0000000000
60637  -51.310  -33.387  59.245 0.0000000000
60648  -51.581  -33.357  58.436 0.0000000000
61694  -52.942  -32.662  56.940 0.0000000000
60662  -52.255  -32.921  56.512 0.0000000000
61699  -52.165  -32.803  55.512 0.0000000000
137275  -55.902  -31.887  57.090 0.0000000000
121065  -55.144  -32.073  56.889 0.0000000000
61714  -54.316  -32.064  53.937 0.0000000000
61708  -54.342  -31.975  54.839 0.0000000000
63646  -59.716  -30.357  54.991 0.0000000000
63630  -59.573  -30.567  55.857 0.0000000000
63645  -58.358  -30.699  54.573 0.0000000000
121132  -60.527  -30.566  52.344 0.0000000000
63672  -58.935  -30.618  51.840 0.0000000000
63662  -57.809  -30.526  53.205 0.0000000000
40612  -24.990  -52.641  83.190 0.0000000000
40654  -23.988  -52.902  80.966 0.0000000000
40643  -24.131  -53.008  81.894 0.0000000000
120868  -22.719  -53.411  79.937 0.0000000000
40683  -23.098  -53.428  78.113 0.0000000000
40673  -22.585  -53.734  78.457 0.0000000000
40682  -22.690  -53.914  77.558 0.0000000000
42626  -29.649  -51.262  81.667 0.0000000000
133217  -28.881  -51.229  82.077 0.0000000000
42655  -27.615  -51.339  79.649 0.0000000000
42654  -26.702  -51.396  79.857 0.0000000000
42678  -27.631  -51.323  77.112 0.0000000000
137174  -25.164  -51.916  76.840 0.0000000000
42676  -25.826  -51.770  77.538 0.0000000000
42665  -25.716  -51.905  78.293 0.0000000000
41654  -24.988  -52.196  77.761 0.0000000000
39739  -26.501  -54.620  73.844 0.0000000000
39680  -38.732  -54.436  78.651 0.0000000000
39679  -38.101  -53.893  79.054 0.0000000000
39690  -37.973  -54.169  78.227 0.0000000000
40695  -36.448  -53.543  76.719 0.0000000000
40684  -35.780  -52.997  77.148 0.0000000000
41672  -35.345  -52.728  75.911 0.0000000000
39741  -35.342  -54.422  73.266 0.0000000000
40727  -35.075  -53.666  73.935 0.0000000000
124700  -33.876  -52.473  73.865 0.0000000000
41684  -34.476  -52.785  74.455 0.0000000000
41683  -33.642  -52.122  74.682 0.0000000000
120598  -34.166  -52.241  75.283 0.0000000000
135391  -32.825  -51.550  74.797 0.0000000000
42719  -32.568  -51.400  73.920 0.0000000000
42750  -30.688  -51.035  72.285 0.0000000000
42749  -29.779  -50.737  72.128 0.0000000000
42761  -29.330  -51.114  71.412 0.0000000000
40794  -31.232  -53.843  69.279 0.0000000000
122412  -30.588  -53.759  68.869 0.0000000000
40792  -29.671  -53.743  68.994 0.0000000000
41766  -29.549  -52.992  69.563 0.0000000000
40791  -28.821  -53.368  69.470 0.0000000000
39785  -27.686  -54.581  69.910 0.0000000000
40781  -28.153  -53.081  70.121 0.0000000000
40780  -27.719  -53.854  70.401 0.0000000000
41732  -28.051  -51.861  70.842 0.0000000000
140069  -27.651  -53.238  70.705 0.0000000000
138936  -50.255  -46.342  67.586 0.0000000000
47810  -50.253  -46.080  66.793 0.0000000000
46829  -50.447  -47.813  70.152 0.0000000000
121949  -49.931  -47.539  69.607 0.0000000000
46838  -49.338  -47.208  68.865 0.0000000000
47798  -49.063  -46.833  67.991 0.0000000000
59627  -47.604  -34.634  58.731 0.0000000000
59634  -47.478  -34.603  57.708 0.0000000000
59644  -48.205  -34.267  56.188 0.0000000000
133288  -48.011  -34.421  55.072 0.0000000000
145588  -48.926  -34.044  56.997 0.0000000000
59645  -49.192  -33.867  56.327 0.0000000000
40644  -36.860  -52.806  81.247 0.0000000000
136640  -37.359  -53.080  80.795 0.0000000000
50972  -45.806  -43.201  58.701 0.0000000000
52842  -51.793  -41.946  64.346 0.0000000000
52850  -51.156  -42.018  63.838 0.0000000000
52832  -49.816  -41.364  65.465 0.0000000000
53750  -49.480  -40.749  65.714 0.0000000000
40696  -44.877  -53.855  76.179 0.0000000000
135967  -44.671  -53.412  74.479 0.0000000000
44881  -41.112  -48.632  66.523 0.0000000000
44880  -40.225  -49.151  66.334 0.0000000000
45903  -39.816  -48.664  65.566 0.0000000000
45902  -38.951  -48.817  65.320 0.0000000000
45912  -36.758  -48.382  64.525 0.0000000000
45913  -37.654  -48.256  64.462 0.0000000000
124813  -36.735  -47.566  63.530 0.0000000000
50932  -43.075  -43.740  59.931 0.0000000000
61618  -59.862  -31.875  62.506 0.0000000000
122230  -58.969  -32.160  62.117 0.0000000000
61636  -59.325  -32.020  61.384 0.0000000000
128153  -58.510  -32.036  60.098 0.0000000000
61660  -58.384  -31.887  59.340 0.0000000000
61674  -58.189  -31.742  58.614 0.0000000000
62682  -58.732  -31.462  58.000 0.0000000000
62710  -58.831  -31.230  57.269 0.0000000000
42575  -27.958  -51.466  84.128 0.0000000000
42625  -27.967  -51.334  81.770 0.0000000000
43717  -29.203  -50.633  75.058 0.0000000000
42704  -28.371  -50.828  75.116 0.0000000000
43722  -27.781  -50.841  73.833 0.0000000000
123418  -27.143  -51.171  73.581 0.0000000000
41713  -26.858  -51.642  73.018 0.0000000000
126055  -27.223  -53.822  71.897 0.0000000000
40776  -35.662  -54.067  71.728 0.0000000000
39774  -35.089  -54.471  71.699 0.0000000000
40785  -33.995  -53.925  70.303 0.0000000000
40795  -33.428  -54.040  69.896 0.0000000000
48923  -47.362  -45.452  62.332 0.0000000000
137425  -47.880  -45.542  62.852 0.0000000000
121971  -51.014  -45.527  65.625 0.0000000000
48884  -51.113  -45.331  64.817 0.0000000000
49900  -51.760  -44.725  64.366 0.0000000000
50900  -53.465  -42.981  64.837 0.0000000000
51869  -53.788  -42.421  65.429 0.0000000000
42755  -47.824  -51.282  73.324 0.0000000000
134808  -46.893  -50.238  71.590 0.0000000000
141448  -46.406  -48.167  68.711 0.0000000000
45877  -46.474  -48.623  69.345 0.0000000000
124979  -45.810  -48.532  68.748 0.0000000000
45885  -44.443  -48.652  68.212 0.0000000000
124978  -43.845  -48.484  67.621 0.0000000000
46851  -43.102  -47.701  66.470 0.0000000000
145132  -42.678  -47.396  65.905 0.0000000000
46857  -43.363  -47.074  65.846 0.0000000000
47825  -43.494  -46.491  65.193 0.0000000000
47840  -46.752  -45.643  65.020 0.0000000000
48904  -46.087  -45.484  63.292 0.0000000000
42612  -32.459  -51.424  82.675 0.0000000000
129914  -32.828  -51.602  81.978 0.0000000000
124281  -32.885  -51.509  81.145 0.0000000000
42660  -33.843  -51.681  79.043 0.0000000000
42670  -33.403  -51.499  78.301 0.0000000000
140747  -31.641  -51.278  77.269 0.0000000000
42682  -32.321  -51.350  77.118 0.0000000000
42707  -31.983  -51.002  75.834 0.0000000000
131930  -48.298  -44.551  60.357 0.0000000000
49976  -50.025  -43.853  59.789 0.0000000000
51902  -50.033  -42.685  61.275 0.0000000000
126839  -50.426  -42.934  60.556 0.0000000000
51914  -49.719  -42.500  60.363 0.0000000000
55641  -47.622  -38.455  63.916 0.0000000000
57682  -47.481  -36.736  62.437 0.0000000000
126326  -47.965  -36.435  62.760 0.0000000000
57683  -48.270  -35.880  62.623 0.0000000000
39671  -41.486  -54.654  79.744 0.0000000000
38789  -41.420  -55.007  78.874 0.0000000000
38796  -41.495  -55.297  78.064 0.0000000000
39746  -41.490  -54.322  74.992 0.0000000000
39758  -40.292  -54.195  74.244 0.0000000000
39757  -39.418  -54.396  74.022 0.0000000000
141756  -38.533  -53.761  73.296 0.0000000000
40746  -39.181  -53.678  73.428 0.0000000000
40762  -38.819  -53.039  72.793 0.0000000000
41738  -37.875  -52.269  71.765 0.0000000000
42768  -44.793  -51.452  71.502 0.0000000000
41745  -44.310  -52.171  72.033 0.0000000000
42767  -43.872  -51.798  71.407 0.0000000000
42766  -43.083  -51.984  71.246 0.0000000000
42780  -41.961  -51.546  70.447 0.0000000000
43799  -39.522  -50.547  67.557 0.0000000000
43785  -39.260  -50.862  68.232 0.0000000000
43784  -38.559  -50.809  68.448 0.0000000000
42803  -38.091  -50.848  69.097 0.0000000000
39636  -41.560  -54.060  82.106 0.0000000000
40633  -41.972  -53.791  82.564 0.0000000000
40660  -46.180  -53.087  80.196 0.0000000000
121636  -46.002  -53.760  79.101 0.0000000000
40669  -46.379  -53.344  79.453 0.0000000000
42699  -49.517  -51.479  76.310 0.0000000000
49823  -54.124  -45.128  71.848 0.0000000000
49824  -54.484  -45.096  71.213 0.0000000000
130406  -54.554  -44.512  71.672 0.0000000000
49825  -55.107  -44.390  71.117 0.0000000000
50809  -55.710  -43.614  71.014 0.0000000000
53712  -57.287  -40.896  69.784 0.0000000000
52812  -56.368  -41.404  68.692 0.0000000000
52811  -55.535  -41.463  67.829 0.0000000000
53723  -56.387  -40.724  68.737 0.0000000000
53722  -55.761  -40.544  68.314 0.0000000000
54662  -55.328  -39.841  68.470 0.0000000000
59525  -54.708  -34.492  68.492 0.0000000000
57605  -54.897  -36.035  68.232 0.0000000000
132452  -55.173  -36.737  68.662 0.0000000000
145936  -53.825  -36.576  67.600 0.0000000000
57603  -53.149  -36.718  67.301 0.0000000000
57621  -52.667  -36.076  66.735 0.0000000000
57641  -52.058  -35.579  66.143 0.0000000000
60567  -50.838  -33.717  63.776 0.0000000000
62594  -55.938  -31.114  66.468 0.0000000000
62611  -56.402  -31.730  65.589 0.0000000000
61576  -56.111  -32.272  64.711 0.0000000000
123811  -56.199  -32.892  61.395 0.0000000000
127588  -56.025  -33.006  62.087 0.0000000000
60605  -53.863  -33.068  60.951 0.0000000000
60638  -53.361  -33.080  59.488 0.0000000000
124241  -52.861  -33.171  58.920 0.0000000000
60649  -52.423  -33.212  58.219 0.0000000000
138383  -53.143  -33.018  58.348 0.0000000000
60656  -53.043  -32.871  57.715 0.0000000000
135688  -53.565  -32.641  57.290 0.0000000000
62706  -55.836  -31.713  55.520 0.0000000000
120943  -55.122  -31.823  55.975 0.0000000000
61709  -55.055  -31.872  54.340 0.0000000000
61715  -55.022  -31.878  53.539 0.0000000000
63614  -61.296  -30.382  56.338 0.0000000000
121139  -59.924  -30.463  54.078 0.0000000000
63684  -59.980  -30.471  50.744 0.0000000000
63673  -59.971  -30.606  51.595 0.0000000000
135160  -24.028  -52.876  84.003 0.0000000000
41594  -25.003  -52.598  81.937 0.0000000000
40664  -23.232  -53.104  79.564 0.0000000000
41634  -23.766  -52.715  79.062 0.0000000000
41643  -23.639  -52.940  78.252 0.0000000000
122369  -29.085  -51.243  80.136 0.0000000000
42656  -28.466  -51.300  79.487 0.0000000000
120932  -27.895  -51.412  78.840 0.0000000000
123137  -26.063  -51.470  75.728 0.0000000000
41663  -25.184  -51.804  75.939 0.0000000000
40703  -23.734  -53.896  74.682 0.0000000000
38848  -25.011  -55.034  74.492 0.0000000000
38849  -26.023  -55.172  74.428 0.0000000000
122479  -37.779  -54.469  77.195 0.0000000000
40707  -36.419  -53.766  75.783 0.0000000000
41701  -33.971  -53.183  72.967 0.0000000000
41700  -33.206  -52.220  73.405 0.0000000000
42736  -32.454  -51.868  72.989 0.0000000000
42763  -31.172  -51.569  71.595 0.0000000000
38875  -28.049  -54.871  68.961 0.0000000000
145813  -28.063  -54.383  69.420 0.0000000000
47829  -48.427  -45.928  65.289 0.0000000000
47831  -49.679  -45.898  65.230 0.0000000000
48879  -51.685  -44.993  66.343 0.0000000000
141626  -52.520  -44.327  66.607 0.0000000000
44832  -49.954  -49.602  72.243 0.0000000000
44843  -49.268  -49.325  71.605 0.0000000000
45869  -47.800  -48.597  70.039 0.0000000000
45879  -48.573  -48.188  69.887 0.0000000000
45887  -47.030  -48.006  69.027 0.0000000000
128740  -46.198  -47.449  67.788 0.0000000000
120437  -45.350  -47.028  66.809 0.0000000000
46852  -46.154  -46.877  67.220 0.0000000000
47817  -46.668  -46.391  66.666 0.0000000000
47807  -47.784  -46.548  67.314 0.0000000000
140233  -47.511  -46.268  66.515 0.0000000000
143187  -47.822  -45.959  65.753 0.0000000000
59649  -48.707  -33.995  54.788 0.0000000000
143293  -35.154  -52.151  82.694 0.0000000000
41599  -34.695  -51.996  82.154 0.0000000000
41627  -35.257  -52.285  80.474 0.0000000000
41647  -35.002  -51.981  78.112 0.0000000000
49936  -51.379  -44.018  61.254 0.0000000000
144382  -51.283  -43.795  61.177 0.0000000000
50921  -51.606  -43.574  61.540 0.0000000000
51892  -50.492  -42.625  62.053 0.0000000000
51891  -49.302  -42.419  62.198 0.0000000000
128318  -48.037  -41.691  63.146 0.0000000000
52854  -47.395  -41.447  62.817 0.0000000000
52846  -47.648  -41.209  63.654 0.0000000000
53755  -47.599  -40.497  64.097 0.0000000000
54686  -48.187  -39.940  64.704 0.0000000000
53749  -48.862  -40.356  65.214 0.0000000000
55637  -48.270  -38.937  64.578 0.0000000000
130372  -43.167  -54.507  78.005 0.0000000000
39726  -42.457  -54.433  75.722 0.0000000000
39728  -43.999  -54.016  75.978 0.0000000000
39748  -42.992  -54.062  75.359 0.0000000000
39747  -42.407  -54.039  75.069 0.0000000000
40729  -42.056  -53.752  74.410 0.0000000000
40748  -41.735  -53.467  73.725 0.0000000000
40765  -41.377  -53.213  73.114 0.0000000000
43788  -42.276  -50.093  68.795 0.0000000000
43774  -42.519  -50.643  69.513 0.0000000000
43787  -41.518  -50.207  68.403 0.0000000000
43801  -40.790  -50.277  67.989 0.0000000000
43800  -40.160  -50.334  67.498 0.0000000000
44868  -40.196  -49.852  66.964 0.0000000000
144931  -39.715  -50.254  67.063 0.0000000000
43813  -39.106  -50.329  66.947 0.0000000000
43812  -38.311  -50.269  66.863 0.0000000000
44877  -36.972  -49.862  66.348 0.0000000000
44876  -36.046  -49.534  66.255 0.0000000000
44888  -36.640  -49.365  65.709 0.0000000000
44903  -36.399  -48.839  65.174 0.0000000000
45910  -34.969  -48.466  64.444 0.0000000000
49913  -42.285  -44.476  61.957 0.0000000000
49928  -41.638  -44.104  61.433 0.0000000000
50930  -41.394  -43.667  60.126 0.0000000000
50944  -41.602  -43.430  59.284 0.0000000000
60529  -54.146  -33.997  68.135 0.0000000000
59533  -53.218  -34.618  67.334 0.0000000000
60540  -51.913  -33.012  66.618 0.0000000000
61532  -52.521  -32.411  67.274 0.0000000000
61543  -51.718  -32.507  65.901 0.0000000000
61560  -58.143  -31.504  65.424 0.0000000000
61577  -57.762  -32.141  64.947 0.0000000000
130206  -57.990  -32.483  63.078 0.0000000000
61635  -58.447  -32.222  61.468 0.0000000000
127795  -57.655  -32.484  61.651 0.0000000000
122315  -57.006  -32.656  61.092 0.0000000000
61646  -56.348  -32.760  60.568 0.0000000000
61657  -55.436  -32.650  59.174 0.0000000000
121381  -55.670  -32.317  58.376 0.0000000000
61686  -57.093  -31.844  57.751 0.0000000000
62692  -56.691  -31.718  56.875 0.0000000000
62707  -56.601  -31.596  55.887 0.0000000000
138035  -56.972  -31.244  54.609 0.0000000000
121137  -62.040  -30.360  54.093 0.0000000000
121134  -62.009  -30.432  53.084 0.0000000000
121131  -61.416  -30.575  52.298 0.0000000000
41561  -25.832  -52.363  84.156 0.0000000000
41596  -26.163  -52.063  82.827 0.0000000000
41597  -26.914  -51.687  83.085 0.0000000000
131762  -25.862  -52.074  81.911 0.0000000000
41624  -25.941  -51.880  80.991 0.0000000000
41637  -25.923  -51.565  80.125 0.0000000000
42680  -29.426  -51.162  77.664 0.0000000000
137091  -28.837  -51.195  78.043 0.0000000000
42692  -27.532  -51.143  76.116 0.0000000000
120919  -27.480  -51.069  75.185 0.0000000000
42703  -26.858  -51.260  75.667 0.0000000000
42714  -25.334  -51.574  74.944 0.0000000000
40741  -25.326  -53.055  73.487 0.0000000000
141240  -26.494  -53.177  72.639 0.0000000000
39752  -27.157  -54.716  73.223 0.0000000000
38852  -36.901  -55.267  74.082 0.0000000000
39743  -36.536  -54.952  74.393 0.0000000000
127729  -36.318  -54.948  73.791 0.0000000000
39753  -35.098  -54.528  72.610 0.0000000000
39764  -34.771  -54.575  71.955 0.0000000000
40759  -34.398  -54.262  72.328 0.0000000000
40774  -33.489  -53.964  71.276 0.0000000000
40773  -32.733  -53.660  70.967 0.0000000000
49953  -46.105  -44.726  60.364 0.0000000000
122872  -47.740  -45.257  61.675 0.0000000000
49935  -50.694  -44.631  61.545 0.0000000000
120479  -49.150  -45.740  64.215 0.0000000000
48907  -49.606  -45.635  63.778 0.0000000000
131247  -50.627  -45.505  64.450 0.0000000000
48908  -50.315  -45.379  63.294 0.0000000000
48926  -50.495  -45.072  62.378 0.0000000000
125735  -51.878  -43.862  61.866 0.0000000000
51883  -52.406  -42.809  63.391 0.0000000000
50904  -52.634  -43.426  63.535 0.0000000000
51873  -52.384  -42.360  63.934 0.0000000000
52834  -51.957  -41.688  65.291 0.0000000000
41686  -46.618  -52.624  74.595 0.0000000000
41706  -46.410  -52.491  73.908 0.0000000000
41726  -46.189  -52.139  73.243 0.0000000000
42753  -45.897  -51.753  72.512 0.0000000000
42754  -46.799  -51.409  72.812 0.0000000000
44841  -47.232  -49.714  71.239 0.0000000000
44840  -46.493  -49.954  71.145 0.0000000000
44857  -46.203  -49.179  70.016 0.0000000000
44850  -45.983  -49.700  70.614 0.0000000000
43777  -44.848  -49.931  70.100 0.0000000000
43776  -44.190  -50.052  69.933 0.0000000000
43789  -43.091  -49.947  69.083 0.0000000000
44870  -42.292  -49.197  67.743 0.0000000000
45891  -41.772  -48.844  67.113 0.0000000000
45892  -42.536  -48.682  67.320 0.0000000000
46854  -40.231  -47.839  65.256 0.0000000000
130764  -39.783  -47.269  64.545 0.0000000000
47834  -40.514  -46.660  64.151 0.0000000000
47848  -40.340  -46.284  63.601 0.0000000000
46863  -42.106  -46.765  64.917 0.0000000000
129755  -41.050  -46.202  63.638 0.0000000000
48899  -41.364  -45.581  63.137 0.0000000000
139470  -42.081  -45.433  63.116 0.0000000000
47838  -44.256  -46.027  64.925 0.0000000000
48918  -42.598  -45.093  62.654 0.0000000000
49914  -43.245  -44.687  62.043 0.0000000000
49930  -43.861  -44.484  61.249 0.0000000000
62685  -60.955  -30.950  59.067 0.0000000000
63590  -61.722  -30.831  58.876 0.0000000000
63602  -61.837  -30.752  57.993 0.0000000000
63603  -62.777  -30.589  57.830 0.0000000000
121415  -62.023  -30.573  57.169 0.0000000000
144414  -62.266  -30.452  56.505 0.0000000000
63632  -63.036  -30.422  56.141 0.0000000000
139300  -62.680  -30.371  55.368 0.0000000000
125563  -64.638  -29.523  57.024 0.0000000000
63617  -64.384  -30.076  56.565 0.0000000000
63633  -63.611  -30.449  55.299 0.0000000000
63657  -63.748  -30.480  53.444 0.0000000000
63665  -63.885  -30.534  52.701 0.0000000000
63666  -64.726  -30.484  52.615 0.0000000000
63677  -64.144  -30.583  52.027 0.0000000000
42594  -30.227  -51.355  83.707 0.0000000000
122264  -29.894  -51.299  82.970 0.0000000000
137605  -30.267  -51.276  82.269 0.0000000000
42627  -30.559  -51.267  81.388 0.0000000000
128667  -30.582  -51.242  80.535 0.0000000000
137708  -30.396  -51.272  79.417 0.0000000000
41613  -34.065  -51.911  81.410 0.0000000000
42659  -33.065  -51.533  79.582 0.0000000000
127849  -32.363  -51.352  79.942 0.0000000000
42657  -31.617  -51.335  79.597 0.0000000000
121222  -30.820  -51.315  78.954 0.0000000000
42705  -29.720  -50.705  75.742 0.0000000000
43730  -29.350  -50.502  73.601 0.0000000000
43742  -29.147  -50.578  72.729 0.0000000000
130557  -33.784  -52.703  69.290 0.0000000000
50949  -46.243  -43.851  59.301 0.0000000000
142489  -47.440  -43.033  58.140 0.0000000000
50933  -50.902  -43.701  60.707 0.0000000000
131101  -50.206  -43.182  59.165 0.0000000000
55644  -46.841  -38.514  63.068 0.0000000000
58695  -47.189  -35.338  60.296 0.0000000000
59613  -47.773  -34.774  59.731 0.0000000000
59629  -49.232  -33.995  59.692 0.0000000000
39644  -39.555  -54.016  81.110 0.0000000000
39657  -38.907  -54.030  80.400 0.0000000000
131702  -39.559  -54.477  79.814 0.0000000000
121989  -39.436  -54.719  79.057 0.0000000000
39681  -39.339  -54.905  78.390 0.0000000000
38794  -40.019  -55.207  78.615 0.0000000000
39692  -39.607  -55.221  77.898 0.0000000000
39705  -38.606  -55.206  76.662 0.0000000000
38826  -38.375  -55.352  75.713 0.0000000000
38842  -37.913  -55.645  74.990 0.0000000000
38812  -42.093  -54.848  77.082 0.0000000000
38829  -40.844  -55.286  76.680 0.0000000000
39724  -40.902  -54.842  75.493 0.0000000000
127608  -40.434  -55.297  75.908 0.0000000000
38844  -39.581  -55.434  75.611 0.0000000000
38843  -38.730  -55.525  75.262 0.0000000000
38853  -37.609  -55.478  74.390 0.0000000000
38859  -37.386  -55.188  73.799 0.0000000000
39767  -36.835  -54.656  73.142 0.0000000000
40761  -37.333  -53.761  72.830 0.0000000000
40760  -36.346  -54.053  72.419 0.0000000000
121008  -35.048  -52.221  70.102 0.0000000000
41685  -45.845  -52.898  74.325 0.0000000000
40752  -45.091  -53.095  74.053 0.0000000000
41703  -43.996  -52.967  73.137 0.0000000000
130800  -43.970  -52.555  72.510 0.0000000000
41723  -43.484  -52.732  72.633 0.0000000000
40767  -43.124  -53.082  73.108 0.0000000000
40766  -42.200  -53.046  72.935 0.0000000000
41721  -41.389  -52.814  72.322 0.0000000000
42794  -42.400  -51.183  70.084 0.0000000000
42793  -41.796  -51.195  69.734 0.0000000000
42779  -41.205  -51.631  70.100 0.0000000000
41761  -41.465  -51.958  70.907 0.0000000000
41720  -40.383  -52.657  72.213 0.0000000000
41739  -38.623  -51.953  71.429 0.0000000000
41757  -37.452  -51.826  71.197 0.0000000000
42789  -37.588  -51.024  69.836 0.0000000000
42776  -37.002  -51.464  70.603 0.0000000000
42786  -34.912  -51.558  69.386 0.0000000000
46831  -52.273  -47.139  70.164 0.0000000000
47762  -52.895  -46.743  70.515 0.0000000000
41563  -27.445  -51.838  84.864 0.0000000000
41551  -27.997  -51.810  85.630 0.0000000000
42577  -29.702  -51.438  84.315 0.0000000000
42595  -31.087  -51.235  83.851 0.0000000000
42580  -32.830  -51.422  84.310 0.0000000000
42597  -33.410  -51.579  83.598 0.0000000000
128466  -34.218  -51.840  83.761 0.0000000000
41564  -35.016  -52.122  83.882 0.0000000000
41580  -35.574  -52.322  83.195 0.0000000000
41601  -36.320  -52.587  82.684 0.0000000000
41602  -37.106  -52.784  82.959 0.0000000000
40629  -37.779  -53.088  82.416 0.0000000000
129622  -38.408  -53.462  81.913 0.0000000000
40647  -39.372  -53.747  82.033 0.0000000000
39646  -40.846  -54.292  81.023 0.0000000000
39660  -41.689  -54.345  80.692 0.0000000000
39672  -42.205  -54.358  80.062 0.0000000000
140248  -42.610  -54.357  79.641 0.0000000000
39663  -44.010  -54.042  80.214 0.0000000000
39683  -43.635  -54.213  78.664 0.0000000000
40678  -45.941  -53.834  78.360 0.0000000000
40687  -45.829  -53.697  77.486 0.0000000000
145560  -47.189  -52.945  75.911 0.0000000000
41657  -47.703  -52.801  77.753 0.0000000000
41665  -47.713  -52.778  76.929 0.0000000000
41674  -47.599  -52.526  75.479 0.0000000000
41688  -48.026  -52.189  75.086 0.0000000000
42710  -49.672  -51.467  75.778 0.0000000000
42722  -49.416  -51.244  74.728 0.0000000000
43747  -49.662  -50.186  72.935 0.0000000000
44826  -50.719  -49.778  73.754 0.0000000000
121913  -50.574  -49.659  72.865 0.0000000000
44844  -50.646  -49.162  72.005 0.0000000000
45872  -51.417  -48.059  71.049 0.0000000000
48835  -52.895  -45.896  69.412 0.0000000000
48859  -52.399  -45.558  68.673 0.0000000000
48837  -54.336  -45.158  70.079 0.0000000000
48860  -53.172  -45.208  69.056 0.0000000000
49881  -52.684  -44.845  68.172 0.0000000000
49882  -53.231  -44.157  67.871 0.0000000000
49890  -53.204  -43.898  66.963 0.0000000000
51818  -56.068  -42.943  71.190 0.0000000000
50829  -55.878  -43.449  70.388 0.0000000000
51833  -56.560  -42.447  70.453 0.0000000000
50850  -56.320  -42.862  70.117 0.0000000000
50849  -55.848  -43.260  69.679 0.0000000000
50865  -54.643  -43.375  68.248 0.0000000000
50878  -53.819  -43.540  67.508 0.0000000000
50885  -53.811  -43.188  66.505 0.0000000000
50886  -54.238  -42.518  66.216 0.0000000000
50893  -54.104  -42.340  65.783 0.0000000000
51870  -54.099  -41.966  65.844 0.0000000000
52829  -54.775  -41.306  67.307 0.0000000000
52828  -54.283  -41.650  66.517 0.0000000000
52827  -53.998  -41.572  66.114 0.0000000000
52826  -53.427  -41.523  66.049 0.0000000000
53743  -52.810  -40.985  66.852 0.0000000000
53732  -52.098  -40.386  67.465 0.0000000000
55618  -56.562  -37.967  69.420 0.0000000000
55616  -54.894  -38.714  68.754 0.0000000000
142361  -53.890  -39.417  68.286 0.0000000000
54661  -53.245  -39.341  68.249 0.0000000000
54671  -52.311  -39.590  67.887 0.0000000000
131387  -51.017  -39.291  67.218 0.0000000000
55631  -50.470  -38.841  66.633 0.0000000000
56610  -50.737  -37.864  66.135 0.0000000000
141958  -50.179  -37.848  65.650 0.0000000000
56620  -50.518  -37.287  65.535 0.0000000000
56625  -50.160  -36.950  65.005 0.0000000000
57654  -49.732  -36.600  64.393 0.0000000000
59548  -52.731  -34.903  66.851 0.0000000000
58629  -52.470  -35.113  66.312 0.0000000000
59559  -51.435  -34.186  65.271 0.0000000000
58640  -51.468  -35.242  65.283 0.0000000000
136716  -49.607  -35.412  63.575 0.0000000000
59587  -49.250  -34.635  62.372 0.0000000000
59588  -49.849  -34.220  62.727 0.0000000000
59602  -49.270  -34.247  61.515 0.0000000000
59615  -49.276  -34.055  60.633 0.0000000000
138989  -56.996  -32.344  64.681 0.0000000000
145413  -55.633  -32.530  63.999 0.0000000000
61613  -55.444  -32.955  62.513 0.0000000000
126534  -54.884  -32.415  63.750 0.0000000000
61593  -54.016  -32.321  63.508 0.0000000000
61592  -53.184  -32.356  63.294 0.0000000000
61591  -52.444  -32.573  63.113 0.0000000000
60587  -51.716  -33.073  62.160 0.0000000000
136390  -52.467  -33.202  60.826 0.0000000000
124501  -51.069  -33.498  60.068 0.0000000000
60636  -50.616  -33.512  59.448 0.0000000000
60646  -49.948  -33.738  59.147 0.0000000000
138308  -50.373  -33.464  57.821 0.0000000000
132285  -50.557  -33.256  57.122 0.0000000000
121005  -51.808  -33.272  57.768 0.0000000000
60655  -51.495  -33.148  57.028 0.0000000000
60665  -50.726  -33.236  55.749 0.0000000000
60666  -51.321  -33.075  55.269 0.0000000000
61705  -51.735  -32.833  54.758 0.0000000000
133889  -54.871  -32.305  57.815 0.0000000000
122016  -54.263  -32.431  57.145 0.0000000000
61695  -53.630  -32.400  56.552 0.0000000000
61701  -54.518  -31.917  55.572 0.0000000000
61700  -53.718  -32.148  55.565 0.0000000000
125490  -52.924  -32.400  55.218 0.0000000000
145530  -60.004  -30.982  58.093 0.0000000000
62695  -59.422  -31.114  57.652 0.0000000000
63613  -59.339  -30.881  56.762 0.0000000000
122407  -60.276  -30.551  56.559 0.0000000000
63629  -58.865  -30.884  55.980 0.0000000000
62721  -58.132  -31.106  55.493 0.0000000000
62725  -57.600  -30.949  54.637 0.0000000000
62730  -57.141  -30.923  53.819 0.0000000000
142618  -61.400  -30.446  53.674 0.0000000000
137158  -60.718  -30.475  53.837 0.0000000000
63664  -59.622  -30.549  52.488 0.0000000000
63656  -59.367  -30.546  53.392 0.0000000000
63655  -58.531  -30.561  53.700 0.0000000000
40611  -24.361  -52.939  83.280 0.0000000000
128042  -24.010  -53.153  82.677 0.0000000000
39668  -21.993  -54.093  78.948 0.0000000000
40663  -22.557  -53.493  79.242 0.0000000000
132528  -27.953  -51.384  80.960 0.0000000000
121221  -28.136  -51.243  78.025 0.0000000000
42677  -26.654  -51.479  77.360 0.0000000000
41661  -23.683  -52.915  76.753 0.0000000000
40692  -23.076  -53.630  76.727 0.0000000000
39656  -38.140  -53.699  79.856 0.0000000000
40667  -37.582  -53.467  79.428 0.0000000000
40686  -37.246  -53.676  77.890 0.0000000000
40676  -36.661  -53.088  78.458 0.0000000000
41656  -35.142  -52.410  77.397 0.0000000000
138154  -34.645  -52.277  76.882 0.0000000000
39721  -36.139  -54.151  74.907 0.0000000000
40706  -35.717  -53.330  75.452 0.0000000000
144491  -35.005  -53.227  74.570 0.0000000000
41671  -34.685  -52.209  76.047 0.0000000000
41670  -33.975  -51.756  75.903 0.0000000000
139891  -31.708  -50.946  74.382 0.0000000000
42735  -31.727  -51.158  73.420 0.0000000000
42734  -30.842  -50.667  73.814 0.0000000000
43743  -30.145  -50.577  73.040 0.0000000000
40804  -33.124  -53.356  69.288 0.0000000000
122553  -32.614  -53.919  69.655 0.0000000000
127497  -31.850  -53.854  69.698 0.0000000000
40783  -31.730  -53.550  70.160 0.0000000000
40793  -30.486  -53.493  69.340 0.0000000000
41753  -31.115  -52.781  70.381 0.0000000000
142231  -30.293  -52.206  70.399 0.0000000000
42774  -29.835  -51.583  70.760 0.0000000000
41765  -28.842  -52.672  69.829 0.0000000000
42773  -28.823  -51.585  70.722 0.0000000000
42760  -28.278  -51.333  71.530 0.0000000000
41731  -27.455  -52.132  71.467 0.0000000000
39770  -27.414  -54.446  71.673 0.0000000000
38854  -38.291  -55.545  74.646 0.0000000000
39658  -39.726  -54.278  80.453 0.0000000000
39694  -43.700  -54.338  77.396 0.0000000000
39707  -42.474  -54.600  76.401 0.0000000000
39779  -33.651  -54.078  70.465 0.0000000000
40751  -44.362  -53.286  73.865 0.0000000000
40771  -27.351  -53.063  71.282 0.0000000000
40775  -35.126  -53.942  71.233 0.0000000000
42697  -32.562  -51.237  76.356 0.0000000000
42706  -30.588  -50.720  75.534 0.0000000000
42717  -27.888  -50.888  74.544 0.0000000000
42720  -48.100  -51.936  74.609 0.0000000000
42764  -38.194  -51.752  71.138 0.0000000000
42804  -38.952  -51.100  68.951 0.0000000000
43755  -44.847  -50.762  70.979 0.0000000000
43811  -37.578  -50.162  66.799 0.0000000000
45905  -41.493  -48.072  66.009 0.0000000000
49867  -54.293  -44.120  69.010 0.0000000000
49950  -41.908  -43.817  60.723 0.0000000000
50810  -56.219  -42.999  70.703 0.0000000000
51844  -56.227  -42.587  69.339 0.0000000000
52801  -56.918  -41.534  69.629 0.0000000000
53737  -55.909  -41.028  68.226 0.0000000000
54672  -54.757  -40.315  67.935 0.0000000000
60660  -50.863  -33.209  56.458 0.0000000000
61617  -58.972  -32.178  63.058 0.0000000000
62660  -59.810  -31.678  60.013 0.0000000000
63605  -64.206  -29.976  57.339 0.0000000000
121361  -49.983  -37.536  65.268 0.0000000000
124000  -59.949  -31.209  64.299 0.0000000000
127799  -50.158  -44.682  61.207 0.0000000000
129479  -49.398  -51.484  75.389 0.0000000000
131608  -43.556  -49.459  68.773 0.0000000000
132020  -34.624  -51.919  78.756 0.0000000000
132111  -40.280  -55.504  77.076 0.0000000000
132594  -56.692  -41.974  70.837 0.0000000000
132810  -56.812  -41.022  69.259 0.0000000000
134659  -60.232  -31.081  58.775 0.0000000000
139743  -47.786  -36.172  62.318 0.0000000000
141321  -32.129  -51.139  75.082 0.0000000000
143232  -56.173  -38.538  69.258 0.0000000000
144144  -60.311  -31.224  63.860 0.0000000000
144157  -64.843  -30.363  53.730 0.0000000000
145393  -55.115  -33.067  61.152 0.0000000000
