#!ascii label  , from subject sub-v1s7x0051327_ses-1 vox2ras=TkReg
1119
45601  -11.031  -48.072  87.461 0.0000000000
49818  -39.785  -43.291  72.151 0.0000000000
138332  -36.403  -38.830  71.244 0.0000000000
49751  -31.571  -42.978  76.021 0.0000000000
66328  -44.707  -27.559  57.957 0.0000000000
60574  -38.721  -32.580  64.064 0.0000000000
134932  -41.642  -44.816  77.232 0.0000000000
49768  -36.281  -44.402  74.214 0.0000000000
66308  -49.749  -27.184  60.428 0.0000000000
68277  -53.789  -24.949  58.063 0.0000000000
71292  -57.405  -21.749  56.666 0.0000000000
129780  -40.145  -34.491  72.489 0.0000000000
59528  -36.614  -34.894  67.350 0.0000000000
60509  -42.265  -32.438  68.566 0.0000000000
63517  -44.353  -30.177  65.693 0.0000000000
51745  -23.479  -41.745  76.682 0.0000000000
43554  -9.190  -50.473  91.290 0.0000000000
53673  -40.512  -40.494  72.037 0.0000000000
56503  -38.719  -37.988  76.663 0.0000000000
51779  -26.703  -41.500  73.243 0.0000000000
51840  -32.019  -41.998  69.595 0.0000000000
141585  -58.018  -23.390  51.715 0.0000000000
72302  -60.918  -20.822  54.187 0.0000000000
64521  -41.530  -29.141  60.704 0.0000000000
65392  -47.065  -27.348  63.663 0.0000000000
46648  -13.097  -47.399  82.562 0.0000000000
37866  -6.946  -56.151  88.645 0.0000000000
129258  -51.865  -25.666  59.280 0.0000000000
59502  -41.376  -33.502  70.838 0.0000000000
50741  -20.636  -43.644  75.651 0.0000000000
44580  -10.214  -49.232  89.349 0.0000000000
51830  -41.758  -42.071  70.398 0.0000000000
51814  -40.787  -42.177  71.948 0.0000000000
50758  -29.184  -41.506  75.050 0.0000000000
120532  -29.098  -41.081  71.558 0.0000000000
50770  -31.867  -42.463  73.548 0.0000000000
48789  -38.177  -44.420  72.835 0.0000000000
120470  -36.184  -43.573  71.060 0.0000000000
50820  -38.178  -43.400  70.045 0.0000000000
120551  -30.213  -42.851  77.436 0.0000000000
50744  -27.600  -42.126  76.594 0.0000000000
70283  -49.946  -23.241  53.464 0.0000000000
70303  -56.649  -23.110  52.467 0.0000000000
72299  -59.343  -21.460  55.028 0.0000000000
59554  -36.685  -33.820  65.254 0.0000000000
62633  -39.274  -31.009  62.492 0.0000000000
64467  -45.525  -28.226  64.876 0.0000000000
47607  -17.320  -44.411  80.490 0.0000000000
122920  -16.878  -44.783  82.394 0.0000000000
124086  -15.709  -45.376  84.311 0.0000000000
46654  -14.630  -46.262  81.104 0.0000000000
38751  -8.348  -55.386  87.148 0.0000000000
49784  -40.646  -44.271  74.156 0.0000000000
51785  -41.836  -42.813  74.451 0.0000000000
50737  -42.700  -42.932  76.487 0.0000000000
49741  -34.406  -43.618  77.215 0.0000000000
49765  -33.648  -43.243  74.566 0.0000000000
122533  -36.506  -44.654  76.062 0.0000000000
47695  -38.019  -45.164  74.856 0.0000000000
65454  -47.099  -27.305  59.415 0.0000000000
135168  -48.818  -25.649  58.328 0.0000000000
69246  -50.356  -23.798  56.963 0.0000000000
144995  -52.904  -22.834  55.855 0.0000000000
71309  -55.488  -22.413  54.592 0.0000000000
70259  -55.101  -23.254  56.807 0.0000000000
57544  -38.109  -36.040  72.574 0.0000000000
57561  -35.847  -36.854  70.228 0.0000000000
59499  -38.547  -34.885  70.351 0.0000000000
60506  -39.106  -33.274  68.013 0.0000000000
60553  -39.946  -32.371  65.802 0.0000000000
62602  -41.206  -31.193  64.449 0.0000000000
61540  -43.696  -31.449  67.484 0.0000000000
50704  -22.104  -41.901  79.193 0.0000000000
124712  -18.811  -44.012  78.250 0.0000000000
75993  -60.011  -17.262  51.348 0.0000000000
43545  -7.455  -50.003  92.039 0.0000000000
53698  -40.581  -41.050  70.210 0.0000000000
54626  -38.842  -39.603  71.861 0.0000000000
53653  -41.306  -40.655  74.332 0.0000000000
54588  -39.118  -39.342  74.855 0.0000000000
137289  -37.898  -38.428  74.153 0.0000000000
57533  -40.035  -35.972  74.105 0.0000000000
50785  -33.963  -42.920  72.354 0.0000000000
50720  -26.463  -42.466  78.127 0.0000000000
134525  -24.766  -41.658  74.938 0.0000000000
71321  -57.605  -22.395  53.596 0.0000000000
71323  -59.520  -22.188  53.479 0.0000000000
73234  -61.076  -19.787  51.817 0.0000000000
131698  -60.418  -17.324  53.070 0.0000000000
43610  -11.425  -50.473  84.796 0.0000000000
41533  -10.525  -51.980  85.998 0.0000000000
65435  -42.478  -28.458  59.143 0.0000000000
63548  -42.984  -29.720  63.413 0.0000000000
64510  -44.403  -28.466  62.282 0.0000000000
131945  -46.104  -27.747  61.157 0.0000000000
65398  -48.843  -27.468  62.106 0.0000000000
134393  -11.779  -47.579  85.161 0.0000000000
40551  -9.580  -52.713  87.942 0.0000000000
40540  -8.129  -53.452  89.891 0.0000000000
40537  -6.801  -53.358  89.552 0.0000000000
44596  -10.644  -48.712  87.955 0.0000000000
50801  -39.922  -43.331  71.108 0.0000000000
50824  -40.924  -42.542  70.950 0.0000000000
50803  -41.007  -43.009  71.999 0.0000000000
121675  -29.869  -41.936  75.381 0.0000000000
120566  -30.138  -41.536  73.534 0.0000000000
50760  -31.669  -42.489  74.895 0.0000000000
49799  -38.867  -44.144  72.379 0.0000000000
49816  -38.181  -43.932  71.427 0.0000000000
140354  -38.931  -43.809  71.270 0.0000000000
50821  -38.969  -43.367  70.031 0.0000000000
49725  -31.754  -43.139  77.618 0.0000000000
48717  -31.823  -43.515  78.387 0.0000000000
49737  -30.742  -42.604  76.646 0.0000000000
50747  -29.360  -42.403  76.158 0.0000000000
70302  -54.471  -23.412  52.307 0.0000000000
54634  -37.598  -39.550  70.200 0.0000000000
55597  -36.568  -39.095  70.316 0.0000000000
135378  -38.064  -33.051  64.158 0.0000000000
60581  -37.137  -33.759  62.848 0.0000000000
61607  -38.856  -31.836  62.909 0.0000000000
136376  -16.561  -44.617  80.012 0.0000000000
47606  -17.078  -44.743  81.121 0.0000000000
47605  -16.203  -44.981  80.672 0.0000000000
47596  -15.314  -45.270  81.820 0.0000000000
46658  -14.752  -46.514  80.159 0.0000000000
133394  -41.127  -44.601  75.764 0.0000000000
49755  -41.780  -43.739  75.527 0.0000000000
49742  -42.640  -43.827  76.821 0.0000000000
48684  -35.817  -44.024  78.796 0.0000000000
48732  -35.207  -43.914  76.509 0.0000000000
48722  -36.778  -44.632  77.449 0.0000000000
47634  -40.340  -45.373  77.973 0.0000000000
127640  -39.049  -45.359  77.114 0.0000000000
127726  -39.988  -45.128  76.276 0.0000000000
131086  -39.339  -44.881  74.499 0.0000000000
66319  -48.497  -27.217  59.569 0.0000000000
66343  -47.691  -26.382  58.587 0.0000000000
136945  -49.654  -26.375  59.397 0.0000000000
67334  -52.501  -25.157  58.686 0.0000000000
68274  -51.066  -24.650  58.256 0.0000000000
127736  -52.128  -23.941  57.395 0.0000000000
120649  -51.588  -22.993  55.711 0.0000000000
69249  -53.403  -24.132  57.023 0.0000000000
134827  -54.321  -23.133  56.360 0.0000000000
70251  -54.781  -24.185  57.486 0.0000000000
58569  -39.079  -35.436  72.753 0.0000000000
58588  -38.154  -35.390  71.035 0.0000000000
58579  -39.383  -34.642  71.437 0.0000000000
60495  -41.599  -32.711  69.349 0.0000000000
60493  -39.552  -33.281  69.060 0.0000000000
60507  -40.143  -32.831  68.296 0.0000000000
60520  -39.156  -32.897  67.031 0.0000000000
60522  -40.774  -32.335  67.541 0.0000000000
61537  -41.473  -31.909  66.343 0.0000000000
61526  -42.627  -32.036  67.396 0.0000000000
50718  -24.053  -41.697  78.462 0.0000000000
50705  -23.700  -41.966  79.480 0.0000000000
51730  -22.809  -41.768  78.568 0.0000000000
49721  -19.821  -43.571  77.085 0.0000000000
76867  -59.220  -16.798  52.198 0.0000000000
75982  -57.244  -17.323  52.317 0.0000000000
42478  -8.346  -50.609  91.830 0.0000000000
52787  -41.751  -41.976  70.469 0.0000000000
132399  -41.893  -42.031  69.797 0.0000000000
53685  -40.584  -40.868  71.198 0.0000000000
54637  -40.130  -40.550  70.724 0.0000000000
136046  -39.885  -40.054  71.916 0.0000000000
52739  -42.616  -41.923  76.129 0.0000000000
52745  -41.778  -41.730  74.778 0.0000000000
53647  -42.115  -40.912  75.659 0.0000000000
55543  -39.458  -38.658  77.604 0.0000000000
123722  -39.972  -39.664  76.337 0.0000000000
54579  -38.721  -39.126  76.236 0.0000000000
54601  -38.447  -38.976  74.608 0.0000000000
56507  -38.136  -38.035  75.637 0.0000000000
57524  -38.667  -36.772  74.493 0.0000000000
57519  -39.492  -36.822  75.420 0.0000000000
52775  -30.227  -41.357  70.561 0.0000000000
143404  -34.908  -43.707  74.012 0.0000000000
50772  -33.417  -43.106  73.902 0.0000000000
131845  -35.047  -43.729  73.403 0.0000000000
50817  -35.033  -42.943  69.771 0.0000000000
50709  -27.332  -42.807  78.243 0.0000000000
51768  -26.909  -41.463  74.427 0.0000000000
51758  -26.900  -41.707  76.056 0.0000000000
129573  -26.012  -41.614  73.850 0.0000000000
51777  -24.396  -42.099  73.170 0.0000000000
71302  -56.473  -22.041  55.522 0.0000000000
128135  -56.863  -22.136  53.944 0.0000000000
71311  -57.271  -22.059  54.596 0.0000000000
72301  -60.533  -21.330  54.545 0.0000000000
120483  -59.210  -22.333  53.967 0.0000000000
72304  -60.593  -21.547  53.922 0.0000000000
73228  -60.527  -21.185  52.550 0.0000000000
140539  -61.052  -20.080  53.078 0.0000000000
139013  -61.072  -18.811  52.565 0.0000000000
75098  -61.145  -18.406  53.757 0.0000000000
58595  -36.223  -35.704  69.174 0.0000000000
57582  -35.512  -36.867  68.382 0.0000000000
65434  -41.495  -28.586  58.734 0.0000000000
64537  -41.736  -28.741  59.811 0.0000000000
62603  -43.081  -30.863  65.389 0.0000000000
63533  -42.297  -30.217  63.789 0.0000000000
63524  -43.391  -30.231  64.715 0.0000000000
65387  -46.217  -27.694  64.260 0.0000000000
64479  -45.005  -28.592  63.539 0.0000000000
65390  -45.672  -28.067  63.017 0.0000000000
65405  -44.700  -28.120  61.439 0.0000000000
65407  -46.345  -27.847  61.860 0.0000000000
123836  -46.972  -27.650  61.276 0.0000000000
66294  -48.176  -27.280  62.524 0.0000000000
47571  -14.384  -46.032  83.846 0.0000000000
47565  -13.500  -46.144  84.774 0.0000000000
47557  -13.177  -46.076  85.629 0.0000000000
46644  -12.272  -47.421  83.995 0.0000000000
45651  -12.223  -48.302  83.483 0.0000000000
45664  -12.398  -48.875  82.630 0.0000000000
40565  -9.824  -53.138  86.156 0.0000000000
41518  -10.002  -52.192  87.356 0.0000000000
39600  -9.303  -53.584  86.775 0.0000000000
37875  -7.686  -56.528  87.923 0.0000000000
39595  -8.196  -54.360  88.563 0.0000000000
139001  -7.396  -54.358  89.318 0.0000000000
40539  -7.505  -53.499  89.899 0.0000000000
38731  -7.248  -54.537  89.249 0.0000000000
48686  -38.294  -44.392  78.931 0.0000000000
66302  -51.595  -27.028  61.404 0.0000000000
138244  -50.608  -26.698  60.137 0.0000000000
66311  -52.077  -26.869  60.857 0.0000000000
59487  -41.133  -33.840  71.717 0.0000000000
51754  -22.651  -41.984  75.740 0.0000000000
51753  -21.561  -42.347  76.043 0.0000000000
45592  -10.478  -48.368  90.692 0.0000000000
43562  -9.578  -50.270  90.487 0.0000000000
50844  -41.301  -42.595  69.799 0.0000000000
52788  -41.098  -41.976  71.305 0.0000000000
53687  -40.663  -41.701  72.373 0.0000000000
57514  -40.581  -36.611  76.488 0.0000000000
133623  -27.591  -41.346  73.970 0.0000000000
121032  -27.800  -41.295  72.195 0.0000000000
51795  -28.714  -41.177  72.445 0.0000000000
51797  -30.555  -41.413  72.418 0.0000000000
51812  -31.659  -42.029  71.182 0.0000000000
49796  -36.719  -44.377  72.849 0.0000000000
49795  -36.119  -44.035  72.553 0.0000000000
49814  -36.719  -43.970  71.907 0.0000000000
50800  -37.042  -43.625  70.981 0.0000000000
50840  -37.716  -43.360  69.103 0.0000000000
49712  -29.482  -43.647  78.636 0.0000000000
50722  -28.264  -42.896  78.066 0.0000000000
50734  -28.946  -42.634  76.790 0.0000000000
50757  -28.522  -41.785  75.542 0.0000000000
70275  -49.257  -22.837  54.153 0.0000000000
70304  -57.576  -23.059  52.136 0.0000000000
71293  -58.208  -21.484  56.901 0.0000000000
71304  -58.132  -21.635  55.892 0.0000000000
59541  -36.396  -34.641  66.632 0.0000000000
63566  -38.891  -30.476  60.828 0.0000000000
63556  -40.595  -29.526  62.033 0.0000000000
64441  -45.794  -29.124  67.469 0.0000000000
64466  -45.119  -29.010  65.432 0.0000000000
64457  -46.246  -28.149  66.292 0.0000000000
49687  -19.185  -44.020  80.836 0.0000000000
48641  -18.213  -44.183  81.774 0.0000000000
145846  -17.403  -44.857  83.104 0.0000000000
47573  -16.039  -45.169  83.447 0.0000000000
47583  -15.234  -45.355  82.755 0.0000000000
46649  -13.820  -46.821  82.327 0.0000000000
45680  -12.908  -48.740  81.443 0.0000000000
45681  -13.553  -48.025  80.929 0.0000000000
49800  -40.120  -43.868  72.907 0.0000000000
50787  -40.839  -43.258  73.416 0.0000000000
49785  -41.483  -43.385  74.232 0.0000000000
123780  -42.297  -42.814  75.776 0.0000000000
49740  -33.429  -43.262  77.098 0.0000000000
49752  -32.726  -43.063  75.669 0.0000000000
122815  -34.199  -43.458  76.357 0.0000000000
49754  -35.039  -43.720  75.637 0.0000000000
144777  -36.348  -44.574  75.443 0.0000000000
47647  -38.043  -45.187  77.340 0.0000000000
136829  -37.666  -45.054  75.535 0.0000000000
48756  -36.969  -44.805  74.260 0.0000000000
48772  -38.246  -44.837  73.653 0.0000000000
48773  -39.510  -44.597  73.771 0.0000000000
48719  -33.543  -43.903  78.806 0.0000000000
66330  -46.049  -27.087  58.623 0.0000000000
66351  -44.771  -25.895  57.317 0.0000000000
66342  -46.626  -26.543  58.380 0.0000000000
67344  -47.234  -25.106  57.102 0.0000000000
68285  -47.728  -24.456  56.709 0.0000000000
67317  -49.980  -25.880  59.168 0.0000000000
68287  -49.684  -24.415  57.439 0.0000000000
69256  -48.980  -23.061  55.884 0.0000000000
70268  -50.636  -22.810  55.442 0.0000000000
70277  -51.288  -22.674  54.681 0.0000000000
71317  -53.446  -22.683  53.608 0.0000000000
71318  -54.334  -22.642  53.667 0.0000000000
71299  -54.107  -22.560  55.121 0.0000000000
71289  -54.947  -22.537  56.061 0.0000000000
70260  -56.007  -22.773  57.134 0.0000000000
69240  -55.930  -24.009  58.255 0.0000000000
71283  -57.496  -21.945  57.609 0.0000000000
56550  -36.393  -37.555  72.052 0.0000000000
56560  -35.712  -37.771  70.582 0.0000000000
57562  -36.683  -36.270  70.692 0.0000000000
58587  -37.606  -35.533  70.227 0.0000000000
59511  -37.357  -34.806  68.864 0.0000000000
59501  -39.895  -33.980  70.478 0.0000000000
59522  -38.644  -33.923  68.849 0.0000000000
59530  -38.157  -34.057  67.982 0.0000000000
59543  -37.748  -33.656  66.610 0.0000000000
60551  -38.524  -33.061  65.534 0.0000000000
60562  -39.162  -32.424  64.747 0.0000000000
61585  -39.836  -31.395  64.274 0.0000000000
61553  -41.198  -31.785  65.768 0.0000000000
61555  -42.624  -31.800  66.208 0.0000000000
126530  -44.052  -30.725  67.258 0.0000000000
62566  -44.962  -30.642  67.596 0.0000000000
62567  -45.404  -30.187  67.642 0.0000000000
120672  -21.601  -42.716  80.513 0.0000000000
50716  -21.284  -42.273  77.622 0.0000000000
125788  -20.221  -42.554  78.596 0.0000000000
49699  -19.440  -43.345  80.119 0.0000000000
48696  -18.692  -44.387  79.083 0.0000000000
54635  -38.412  -39.646  70.776 0.0000000000
54625  -37.629  -39.273  71.953 0.0000000000
132483  -40.890  -42.861  73.362 0.0000000000
53675  -40.893  -41.607  73.370 0.0000000000
53665  -41.093  -40.896  73.727 0.0000000000
122924  -40.156  -39.761  74.524 0.0000000000
54603  -40.212  -39.843  73.414 0.0000000000
54614  -39.264  -39.603  72.892 0.0000000000
120500  -37.832  -39.216  72.882 0.0000000000
55580  -36.681  -38.351  72.766 0.0000000000
130849  -37.633  -37.037  73.303 0.0000000000
57545  -38.585  -36.068  73.419 0.0000000000
58563  -40.301  -35.115  73.704 0.0000000000
57521  -41.288  -35.868  75.938 0.0000000000
58553  -40.766  -35.277  74.580 0.0000000000
50771  -32.603  -42.804  73.726 0.0000000000
50783  -32.488  -42.459  72.802 0.0000000000
50797  -32.959  -42.531  71.001 0.0000000000
50799  -35.089  -43.370  71.806 0.0000000000
50816  -33.635  -42.651  70.320 0.0000000000
50707  -25.786  -42.489  78.764 0.0000000000
51737  -25.320  -41.655  77.399 0.0000000000
50732  -27.042  -41.940  76.928 0.0000000000
51747  -25.520  -41.564  76.557 0.0000000000
51755  -23.746  -41.726  75.847 0.0000000000
51765  -23.338  -41.914  74.393 0.0000000000
70289  -55.877  -22.803  53.139 0.0000000000
141728  -57.394  -22.698  52.851 0.0000000000
70291  -57.860  -22.592  52.837 0.0000000000
71312  -58.726  -21.896  54.466 0.0000000000
71322  -58.315  -22.397  53.587 0.0000000000
70306  -58.617  -22.699  52.316 0.0000000000
71330  -59.476  -22.492  51.973 0.0000000000
129096  -60.256  -21.705  51.908 0.0000000000
74208  -60.971  -19.846  50.961 0.0000000000
141588  -61.102  -19.105  51.395 0.0000000000
75994  -60.560  -17.470  51.890 0.0000000000
44648  -11.205  -49.277  85.569 0.0000000000
130387  -10.789  -49.614  86.856 0.0000000000
126138  -11.189  -50.961  85.214 0.0000000000
55611  -35.913  -38.440  69.078 0.0000000000
138738  -43.825  -27.879  58.595 0.0000000000
62619  -40.505  -30.901  63.919 0.0000000000
63532  -41.544  -30.022  63.287 0.0000000000
64507  -42.311  -29.331  62.017 0.0000000000
63536  -44.472  -29.353  64.108 0.0000000000
129488  -43.457  -29.262  63.149 0.0000000000
140650  -42.556  -28.914  61.408 0.0000000000
65420  -43.467  -28.340  60.290 0.0000000000
141873  -43.993  -28.204  60.079 0.0000000000
65438  -45.096  -27.609  59.590 0.0000000000
65439  -46.471  -27.447  59.826 0.0000000000
65424  -47.680  -27.502  60.513 0.0000000000
65410  -49.426  -27.582  61.570 0.0000000000
132651  -11.741  -46.689  88.123 0.0000000000
47548  -12.645  -46.249  87.085 0.0000000000
45610  -11.436  -47.583  85.981 0.0000000000
44649  -11.540  -49.083  84.769 0.0000000000
43611  -11.787  -49.888  83.755 0.0000000000
43582  -10.424  -50.723  87.601 0.0000000000
42525  -9.949  -51.171  88.398 0.0000000000
42516  -9.336  -51.641  89.778 0.0000000000
39599  -8.813  -54.013  87.407 0.0000000000
40547  -8.782  -53.163  89.175 0.0000000000
41470  -8.730  -51.862  90.406 0.0000000000
144163  -7.712  -51.836  90.711 0.0000000000
42488  -6.849  -51.365  91.023 0.0000000000
37865  -6.555  -56.286  88.604 0.0000000000
39589  -6.836  -54.358  88.988 0.0000000000
46631  -11.395  -47.307  87.829 0.0000000000
50802  -40.312  -43.010  71.512 0.0000000000
49819  -40.567  -43.259  72.649 0.0000000000
49750  -31.043  -42.653  75.849 0.0000000000
50759  -30.880  -42.226  75.241 0.0000000000
50749  -31.598  -42.700  75.487 0.0000000000
135133  -39.488  -43.881  72.451 0.0000000000
135312  -38.639  -43.944  71.603 0.0000000000
49817  -39.218  -43.723  71.687 0.0000000000
49835  -39.245  -43.553  70.894 0.0000000000
49738  -31.693  -42.853  76.751 0.0000000000
50748  -30.213  -42.538  75.948 0.0000000000
54624  -37.294  -39.207  71.067 0.0000000000
60572  -37.333  -33.556  63.798 0.0000000000
60573  -37.854  -33.038  63.434 0.0000000000
61583  -38.399  -32.490  63.203 0.0000000000
61584  -39.153  -31.924  63.776 0.0000000000
47613  -15.943  -45.285  79.443 0.0000000000
47612  -15.390  -45.832  79.858 0.0000000000
48745  -40.903  -44.857  76.229 0.0000000000
48746  -41.741  -44.331  75.946 0.0000000000
143158  -36.540  -44.095  79.082 0.0000000000
48703  -35.993  -44.374  78.009 0.0000000000
138861  -37.413  -44.203  78.977 0.0000000000
47635  -40.842  -45.285  77.827 0.0000000000
47663  -40.276  -45.261  76.886 0.0000000000
47678  -40.488  -45.011  76.258 0.0000000000
47698  -40.054  -45.007  75.638 0.0000000000
128708  -35.821  -43.630  79.693 0.0000000000
131052  -49.145  -27.444  59.869 0.0000000000
66332  -49.104  -26.768  59.450 0.0000000000
127173  -49.743  -26.780  59.807 0.0000000000
68276  -53.080  -24.772  58.080 0.0000000000
68275  -52.149  -24.488  58.129 0.0000000000
69236  -52.843  -24.328  57.484 0.0000000000
69248  -52.629  -23.834  56.891 0.0000000000
69238  -53.994  -24.517  57.509 0.0000000000
58580  -39.615  -34.911  72.160 0.0000000000
59486  -40.172  -34.339  71.723 0.0000000000
60508  -41.146  -32.524  68.496 0.0000000000
135907  -41.657  -32.336  67.927 0.0000000000
60523  -42.334  -32.283  67.839 0.0000000000
60524  -43.148  -32.361  68.135 0.0000000000
51735  -23.199  -41.694  77.613 0.0000000000
76866  -58.585  -16.597  52.417 0.0000000000
76872  -58.832  -16.749  51.546 0.0000000000
76865  -57.737  -16.682  52.772 0.0000000000
44556  -9.241  -49.720  91.922 0.0000000000
44549  -8.849  -49.675  92.440 0.0000000000
43547  -8.459  -50.118  92.296 0.0000000000
127390  -8.811  -50.370  91.907 0.0000000000
53686  -40.744  -41.103  71.624 0.0000000000
53699  -41.143  -41.514  70.776 0.0000000000
144747  -40.189  -40.406  71.380 0.0000000000
53655  -42.201  -41.541  75.524 0.0000000000
53641  -42.463  -40.901  76.581 0.0000000000
56497  -39.196  -37.941  77.216 0.0000000000
55546  -38.827  -38.716  76.795 0.0000000000
56502  -38.452  -38.252  76.244 0.0000000000
55551  -38.449  -38.604  75.987 0.0000000000
56508  -38.702  -37.612  75.940 0.0000000000
56509  -39.540  -37.199  76.379 0.0000000000
51792  -25.527  -42.328  72.376 0.0000000000
51793  -26.235  -41.956  72.358 0.0000000000
121164  -35.501  -43.978  74.094 0.0000000000
140476  -25.918  -41.779  72.994 0.0000000000
51778  -25.291  -42.106  73.164 0.0000000000
70317  -58.324  -23.332  51.613 0.0000000000
71303  -57.326  -21.832  55.668 0.0000000000
72305  -60.879  -20.868  53.351 0.0000000000
73225  -61.107  -20.128  53.783 0.0000000000
136154  -61.086  -19.225  53.256 0.0000000000
74200  -61.250  -19.351  54.224 0.0000000000
58612  -36.201  -35.573  67.756 0.0000000000
58603  -35.895  -36.014  68.499 0.0000000000
64505  -40.513  -29.357  60.821 0.0000000000
127047  -39.944  -29.217  59.597 0.0000000000
129235  -40.894  -29.083  60.022 0.0000000000
62604  -43.787  -30.502  65.480 0.0000000000
65391  -46.343  -27.678  63.270 0.0000000000
65395  -45.715  -28.029  62.302 0.0000000000
65396  -46.415  -27.801  62.468 0.0000000000
65397  -47.299  -27.447  62.685 0.0000000000
46645  -13.558  -46.531  83.186 0.0000000000
46641  -13.671  -46.247  84.026 0.0000000000
46640  -12.785  -46.615  84.172 0.0000000000
45652  -12.745  -47.221  83.340 0.0000000000
137981  -12.622  -48.008  82.830 0.0000000000
37867  -7.342  -55.747  88.524 0.0000000000
138121  -7.652  -54.724  88.696 0.0000000000
38739  -7.121  -55.051  89.095 0.0000000000
38732  -7.214  -54.628  89.508 0.0000000000
38738  -7.029  -55.172  88.779 0.0000000000
123048  -41.986  -33.797  72.021 0.0000000000
50743  -21.941  -42.563  75.114 0.0000000000
45595  -10.524  -48.417  89.800 0.0000000000
44567  -10.051  -49.238  90.315 0.0000000000
43568  -9.871  -50.015  89.663 0.0000000000
50843  -40.475  -43.028  69.032 0.0000000000
50825  -40.998  -42.245  71.541 0.0000000000
52777  -40.738  -41.960  72.082 0.0000000000
51770  -28.456  -41.386  74.559 0.0000000000
51781  -28.238  -41.237  73.374 0.0000000000
51782  -29.200  -41.337  73.782 0.0000000000
51783  -31.021  -41.914  73.450 0.0000000000
51811  -30.844  -41.525  71.084 0.0000000000
51798  -31.582  -41.956  72.318 0.0000000000
48771  -37.434  -44.650  73.362 0.0000000000
49797  -37.466  -44.294  72.399 0.0000000000
49833  -37.840  -43.636  70.883 0.0000000000
49815  -37.589  -43.983  71.609 0.0000000000
137512  -37.407  -43.304  70.084 0.0000000000
50841  -38.539  -43.367  69.037 0.0000000000
49724  -30.830  -43.359  78.109 0.0000000000
48698  -31.174  -43.623  78.985 0.0000000000
49723  -29.825  -43.324  78.043 0.0000000000
49713  -30.274  -43.617  78.773 0.0000000000
137452  -28.968  -42.770  77.329 0.0000000000
49736  -29.382  -42.812  77.403 0.0000000000
140894  -29.100  -42.005  75.763 0.0000000000
59542  -36.931  -33.957  66.214 0.0000000000
59553  -36.100  -34.506  65.721 0.0000000000
63544  -39.243  -30.482  61.746 0.0000000000
63555  -39.699  -29.837  61.419 0.0000000000
63545  -39.979  -30.221  62.330 0.0000000000
64442  -46.121  -28.409  67.218 0.0000000000
123487  -45.631  -28.758  66.810 0.0000000000
65388  -46.924  -27.370  64.720 0.0000000000
48659  -18.253  -44.353  81.003 0.0000000000
48642  -19.072  -44.027  81.489 0.0000000000
128526  -16.847  -44.679  81.607 0.0000000000
121719  -17.478  -44.463  82.085 0.0000000000
47585  -17.301  -44.789  82.786 0.0000000000
121444  -16.885  -45.085  83.138 0.0000000000
47584  -16.160  -44.949  82.591 0.0000000000
47595  -14.501  -46.013  82.059 0.0000000000
46653  -13.967  -47.046  81.451 0.0000000000
46657  -14.158  -47.278  80.519 0.0000000000
49783  -40.148  -44.269  73.609 0.0000000000
49801  -40.597  -43.822  73.512 0.0000000000
49802  -41.063  -43.815  74.121 0.0000000000
49756  -42.320  -43.518  76.029 0.0000000000
49771  -42.073  -43.223  75.591 0.0000000000
51760  -42.660  -42.583  76.362 0.0000000000
122194  -33.113  -43.181  76.230 0.0000000000
48733  -35.902  -44.499  76.668 0.0000000000
48742  -35.796  -44.375  75.882 0.0000000000
49767  -35.789  -44.263  74.968 0.0000000000
47616  -38.966  -44.767  78.836 0.0000000000
48706  -38.621  -44.692  78.332 0.0000000000
47661  -38.767  -45.362  76.331 0.0000000000
47660  -37.957  -45.268  76.289 0.0000000000
48743  -37.344  -44.924  74.838 0.0000000000
48757  -37.655  -45.068  74.145 0.0000000000
48758  -38.474  -45.094  74.314 0.0000000000
48774  -40.084  -44.607  74.307 0.0000000000
49782  -39.553  -44.249  73.041 0.0000000000
49728  -34.531  -43.687  78.103 0.0000000000
49727  -33.548  -43.481  77.982 0.0000000000
65453  -46.320  -27.328  59.163 0.0000000000
144864  -47.279  -26.829  58.780 0.0000000000
67315  -48.458  -26.077  58.627 0.0000000000
67330  -48.041  -25.573  58.079 0.0000000000
137953  -48.265  -25.094  57.435 0.0000000000
67318  -51.256  -26.223  59.732 0.0000000000
66333  -50.360  -26.331  59.573 0.0000000000
125398  -50.890  -25.779  59.281 0.0000000000
68288  -50.668  -24.252  57.667 0.0000000000
68273  -50.053  -24.862  58.140 0.0000000000
69245  -49.353  -23.809  56.723 0.0000000000
69257  -50.012  -23.191  56.109 0.0000000000
70269  -52.357  -23.268  56.147 0.0000000000
70278  -52.301  -22.595  55.072 0.0000000000
71305  -51.990  -22.545  53.973 0.0000000000
71306  -52.909  -22.507  54.230 0.0000000000
71307  -53.803  -22.473  54.296 0.0000000000
71298  -53.292  -22.589  55.090 0.0000000000
70271  -54.356  -22.689  55.780 0.0000000000
71290  -55.722  -22.276  56.319 0.0000000000
70253  -56.888  -22.622  58.207 0.0000000000
57543  -37.099  -36.787  72.431 0.0000000000
57553  -36.780  -36.541  71.581 0.0000000000
58596  -37.042  -35.257  69.385 0.0000000000
142766  -38.069  -34.701  69.453 0.0000000000
120983  -40.489  -33.947  71.036 0.0000000000
140245  -40.582  -33.615  70.454 0.0000000000
139541  -38.308  -33.497  67.239 0.0000000000
60536  -40.099  -32.450  66.673 0.0000000000
141216  -39.257  -32.753  66.128 0.0000000000
60552  -39.216  -32.567  65.349 0.0000000000
60563  -39.779  -32.265  65.093 0.0000000000
60554  -40.695  -32.075  66.135 0.0000000000
61538  -42.266  -31.912  66.585 0.0000000000
61554  -42.038  -31.929  65.955 0.0000000000
61539  -43.041  -31.736  66.885 0.0000000000
62586  -43.159  -31.506  66.077 0.0000000000
62565  -43.587  -31.184  66.693 0.0000000000
62543  -45.669  -30.856  68.797 0.0000000000
62553  -45.578  -30.590  68.147 0.0000000000
63490  -45.831  -29.922  67.904 0.0000000000
133299  -22.618  -41.855  79.807 0.0000000000
50694  -22.283  -42.193  80.399 0.0000000000
121461  -21.736  -42.217  79.866 0.0000000000
141867  -20.871  -42.887  76.011 0.0000000000
51734  -21.679  -42.265  76.985 0.0000000000
50730  -21.017  -42.628  76.798 0.0000000000
49720  -19.192  -43.790  77.653 0.0000000000
50715  -19.598  -43.043  78.047 0.0000000000
50701  -19.364  -43.664  78.506 0.0000000000
50702  -19.766  -43.133  79.077 0.0000000000
49708  -19.350  -43.902  79.202 0.0000000000
48677  -18.689  -43.655  80.060 0.0000000000
43544  -6.966  -49.871  91.857 0.0000000000
53707  -41.363  -41.706  69.660 0.0000000000
54636  -39.552  -40.067  70.902 0.0000000000
50774  -41.598  -43.086  73.960 0.0000000000
51784  -41.415  -42.580  73.729 0.0000000000
127328  -41.566  -41.199  74.492 0.0000000000
52753  -41.637  -41.975  73.911 0.0000000000
53666  -41.567  -41.489  74.069 0.0000000000
54580  -39.369  -39.510  75.696 0.0000000000
54581  -40.557  -39.914  75.507 0.0000000000
54604  -40.901  -40.221  73.889 0.0000000000
54602  -39.193  -39.447  74.003 0.0000000000
54613  -38.106  -39.079  73.754 0.0000000000
55581  -37.167  -38.742  73.405 0.0000000000
55569  -37.062  -38.147  73.540 0.0000000000
56536  -36.756  -37.692  72.948 0.0000000000
56524  -37.812  -37.739  74.091 0.0000000000
57525  -39.370  -36.479  74.678 0.0000000000
57532  -39.075  -36.188  74.064 0.0000000000
58562  -39.622  -35.660  73.484 0.0000000000
57515  -41.336  -36.238  76.671 0.0000000000
57520  -40.351  -36.373  75.712 0.0000000000
58564  -41.750  -34.627  74.514 0.0000000000
51809  -28.252  -41.082  71.058 0.0000000000
51808  -27.237  -41.702  71.125 0.0000000000
49764  -33.049  -43.008  75.073 0.0000000000
50762  -32.806  -42.959  74.421 0.0000000000
50773  -34.170  -43.153  73.259 0.0000000000
121391  -33.318  -42.771  73.061 0.0000000000
50784  -33.128  -42.617  72.063 0.0000000000
51813  -32.359  -42.309  71.684 0.0000000000
49813  -35.830  -43.646  71.868 0.0000000000
49794  -35.447  -43.778  72.637 0.0000000000
50719  -25.093  -41.811  78.247 0.0000000000
143335  -25.802  -42.154  77.951 0.0000000000
50733  -28.246  -42.416  76.678 0.0000000000
128085  -27.744  -42.456  77.325 0.0000000000
51757  -25.681  -41.580  75.590 0.0000000000
51748  -26.341  -41.655  76.524 0.0000000000
51756  -24.690  -41.630  75.757 0.0000000000
130215  -23.910  -41.539  75.003 0.0000000000
51766  -24.143  -41.806  74.127 0.0000000000
71319  -55.235  -22.573  53.772 0.0000000000
70288  -54.888  -22.923  53.023 0.0000000000
70290  -56.812  -22.585  53.318 0.0000000000
142266  -58.672  -21.551  55.202 0.0000000000
120570  -58.023  -21.799  54.941 0.0000000000
70292  -58.722  -22.339  53.173 0.0000000000
141131  -58.230  -22.535  52.803 0.0000000000
126872  -59.167  -22.273  52.769 0.0000000000
73233  -60.749  -20.748  51.664 0.0000000000
75100  -61.033  -18.170  52.945 0.0000000000
131166  -60.991  -18.131  52.217 0.0000000000
75983  -60.693  -17.571  52.641 0.0000000000
76869  -60.184  -17.213  52.528 0.0000000000
76859  -60.086  -17.034  53.196 0.0000000000
143780  -11.393  -49.798  84.996 0.0000000000
43602  -11.159  -50.219  85.474 0.0000000000
141880  -11.448  -51.098  84.617 0.0000000000
55603  -35.843  -38.465  70.031 0.0000000000
56571  -35.647  -37.605  69.658 0.0000000000
65450  -43.027  -28.208  58.611 0.0000000000
121970  -43.115  -28.088  57.743 0.0000000000
61586  -40.561  -31.390  64.503 0.0000000000
63557  -41.516  -29.562  62.520 0.0000000000
63547  -42.229  -29.505  63.059 0.0000000000
63526  -44.566  -29.474  65.106 0.0000000000
123897  -45.021  -28.819  64.462 0.0000000000
64478  -44.198  -28.868  63.193 0.0000000000
120970  -43.604  -28.860  62.497 0.0000000000
64508  -43.043  -28.901  61.891 0.0000000000
64523  -43.112  -28.508  61.023 0.0000000000
64509  -43.805  -28.479  61.656 0.0000000000
144676  -45.355  -27.834  61.032 0.0000000000
65421  -44.707  -27.926  60.392 0.0000000000
65437  -44.262  -27.854  59.512 0.0000000000
65422  -45.734  -27.661  60.313 0.0000000000
130980  -45.812  -27.467  59.564 0.0000000000
65408  -47.836  -27.474  61.347 0.0000000000
65409  -48.653  -27.470  61.484 0.0000000000
65425  -48.531  -27.499  60.756 0.0000000000
46636  -12.151  -46.728  85.542 0.0000000000
47556  -12.634  -46.225  86.276 0.0000000000
46634  -11.896  -46.708  86.513 0.0000000000
45622  -11.479  -48.352  85.295 0.0000000000
44679  -12.069  -49.381  83.272 0.0000000000
43619  -11.980  -50.417  83.103 0.0000000000
42546  -10.616  -51.452  86.291 0.0000000000
43583  -10.721  -50.358  86.901 0.0000000000
42535  -10.658  -51.162  86.922 0.0000000000
41503  -9.772  -52.010  88.145 0.0000000000
138503  -9.674  -51.241  89.223 0.0000000000
41502  -9.320  -52.555  88.726 0.0000000000
38756  -8.751  -55.244  86.241 0.0000000000
131966  -8.579  -54.677  87.049 0.0000000000
38744  -8.550  -54.691  87.894 0.0000000000
40546  -8.256  -53.581  89.681 0.0000000000
39591  -8.313  -53.775  89.137 0.0000000000
40541  -8.629  -52.991  89.868 0.0000000000
41478  -8.824  -52.410  90.073 0.0000000000
41477  -8.470  -52.590  90.126 0.0000000000
41469  -8.268  -51.816  90.622 0.0000000000
40533  -7.912  -52.692  90.253 0.0000000000
40538  -7.058  -53.027  89.960 0.0000000000
138327  -7.359  -52.526  90.290 0.0000000000
40532  -6.907  -52.158  90.412 0.0000000000
41468  -6.455  -51.704  90.463 0.0000000000
37872  -6.105  -56.649  88.569 0.0000000000
37864  -6.565  -55.680  88.616 0.0000000000
44595  -10.330  -49.370  88.503 0.0000000000
50823  -40.602  -42.953  70.438 0.0000000000
50804  -40.700  -42.655  72.508 0.0000000000
140814  -29.801  -41.598  74.502 0.0000000000
50769  -30.506  -42.019  74.386 0.0000000000
120480  -31.316  -42.426  74.264 0.0000000000
49798  -38.162  -44.171  71.993 0.0000000000
49834  -38.586  -43.685  70.932 0.0000000000
48718  -32.699  -43.650  78.620 0.0000000000
127366  -31.045  -42.846  77.388 0.0000000000
50735  -29.733  -42.574  76.736 0.0000000000
70284  -51.059  -23.040  53.531 0.0000000000
131916  -55.494  -23.323  52.370 0.0000000000
54646  -38.227  -39.975  69.536 0.0000000000
60550  -37.657  -33.347  64.782 0.0000000000
62632  -38.407  -31.666  62.027 0.0000000000
47598  -17.609  -44.490  81.354 0.0000000000
47597  -16.140  -44.807  81.665 0.0000000000
47604  -15.403  -45.556  80.843 0.0000000000
46665  -14.440  -47.531  79.600 0.0000000000
48775  -40.568  -44.625  74.753 0.0000000000
49769  -40.998  -44.235  74.632 0.0000000000
48761  -41.290  -44.194  75.285 0.0000000000
142299  -42.196  -43.999  76.076 0.0000000000
49743  -42.838  -43.116  76.933 0.0000000000
125222  -35.430  -44.021  77.862 0.0000000000
48720  -35.331  -44.055  77.271 0.0000000000
48721  -35.996  -44.550  77.351 0.0000000000
140668  -39.306  -45.221  77.681 0.0000000000
47649  -39.858  -45.350  77.460 0.0000000000
47662  -39.567  -45.305  76.687 0.0000000000
129420  -38.980  -45.207  75.613 0.0000000000
47696  -38.762  -45.048  75.007 0.0000000000
47697  -39.510  -45.046  75.229 0.0000000000
48759  -40.069  -44.914  74.955 0.0000000000
48702  -34.961  -43.791  78.629 0.0000000000
65440  -47.848  -27.397  59.732 0.0000000000
66318  -47.716  -26.997  59.173 0.0000000000
66331  -48.443  -26.591  59.096 0.0000000000
67316  -49.118  -26.098  58.995 0.0000000000
67333  -51.502  -25.192  58.742 0.0000000000
68289  -51.506  -24.160  57.755 0.0000000000
69247  -51.305  -23.772  57.197 0.0000000000
69258  -50.991  -23.279  56.414 0.0000000000
69259  -51.890  -23.534  56.667 0.0000000000
70257  -53.084  -23.473  56.456 0.0000000000
70270  -53.658  -22.898  55.985 0.0000000000
125662  -53.710  -23.562  56.579 0.0000000000
70258  -54.206  -23.857  56.939 0.0000000000
57554  -37.732  -35.976  71.745 0.0000000000
58578  -38.683  -35.286  71.824 0.0000000000
58589  -38.796  -34.865  71.085 0.0000000000
60481  -40.995  -33.090  70.043 0.0000000000
60494  -40.522  -32.861  69.230 0.0000000000
60521  -39.858  -32.767  67.515 0.0000000000
60537  -40.899  -31.954  66.753 0.0000000000
61525  -41.708  -32.020  67.210 0.0000000000
61527  -43.364  -32.052  67.749 0.0000000000
50696  -24.731  -42.455  79.898 0.0000000000
143377  -22.823  -41.778  79.250 0.0000000000
50729  -20.427  -43.276  76.495 0.0000000000
134861  -18.290  -44.390  78.126 0.0000000000
135564  -59.634  -16.980  51.736 0.0000000000
75992  -59.306  -16.932  50.845 0.0000000000
76873  -59.163  -16.773  51.420 0.0000000000
75991  -58.535  -16.986  51.120 0.0000000000
75990  -57.706  -17.435  51.458 0.0000000000
42477  -7.816  -50.639  91.740 0.0000000000
52746  -42.151  -42.088  75.392 0.0000000000
52754  -41.834  -42.301  74.590 0.0000000000
53654  -41.796  -41.305  75.114 0.0000000000
54589  -41.562  -40.826  74.967 0.0000000000
54571  -39.809  -39.611  77.247 0.0000000000
121265  -39.132  -39.350  76.740 0.0000000000
133904  -38.614  -39.043  75.482 0.0000000000
55557  -38.286  -38.461  75.160 0.0000000000
136329  -38.045  -37.925  74.834 0.0000000000
56514  -38.541  -37.259  75.102 0.0000000000
58545  -42.166  -35.113  75.822 0.0000000000
51810  -29.864  -41.165  71.245 0.0000000000
49766  -34.774  -43.619  74.663 0.0000000000
49779  -34.336  -43.458  73.975 0.0000000000
50786  -34.753  -43.344  72.561 0.0000000000
50818  -35.854  -42.893  70.260 0.0000000000
120934  -35.362  -43.362  70.939 0.0000000000
137733  -27.168  -41.555  75.386 0.0000000000
135557  -26.263  -41.505  74.975 0.0000000000
51767  -25.227  -41.814  74.235 0.0000000000
121548  -24.772  -42.602  72.389 0.0000000000
71301  -55.612  -22.268  55.445 0.0000000000
71320  -56.134  -22.418  53.892 0.0000000000
71310  -56.343  -22.282  54.671 0.0000000000
129147  -59.517  -21.835  54.460 0.0000000000
71313  -60.080  -22.035  54.186 0.0000000000
71324  -60.160  -21.915  53.613 0.0000000000
71331  -59.905  -21.862  52.792 0.0000000000
131842  -60.396  -21.457  53.247 0.0000000000
73229  -60.920  -20.389  52.486 0.0000000000
74202  -61.088  -19.571  52.511 0.0000000000
75977  -60.903  -17.605  53.454 0.0000000000
42572  -11.626  -51.532  84.165 0.0000000000
57571  -35.705  -36.583  69.249 0.0000000000
57594  -35.493  -36.627  67.634 0.0000000000
64536  -40.704  -28.762  59.174 0.0000000000
65419  -42.779  -28.527  60.101 0.0000000000
135022  -42.381  -30.998  65.093 0.0000000000
62620  -41.935  -30.822  64.483 0.0000000000
62621  -42.683  -30.496  64.594 0.0000000000
63534  -43.104  -30.194  63.979 0.0000000000
64480  -45.602  -28.141  63.874 0.0000000000
64493  -45.007  -28.324  62.742 0.0000000000
142135  -45.131  -28.213  62.091 0.0000000000
65406  -45.576  -27.948  61.678 0.0000000000
126389  -47.153  -27.726  61.956 0.0000000000
47572  -15.112  -45.543  83.646 0.0000000000
134069  -14.965  -45.738  84.281 0.0000000000
123584  -14.443  -45.895  84.596 0.0000000000
46637  -12.754  -46.516  84.965 0.0000000000
46639  -12.225  -47.173  84.707 0.0000000000
45635  -11.829  -48.118  84.451 0.0000000000
41544  -10.359  -52.664  85.595 0.0000000000
42545  -10.448  -51.797  86.810 0.0000000000
41532  -10.154  -52.389  86.521 0.0000000000
40558  -9.605  -52.831  87.080 0.0000000000
40557  -9.260  -53.331  87.721 0.0000000000
38750  -8.102  -55.468  88.056 0.0000000000
39590  -7.950  -54.032  89.435 0.0000000000
144149  -8.017  -53.817  89.712 0.0000000000
39584  -7.647  -54.013  89.640 0.0000000000
39583  -7.335  -54.114  89.554 0.0000000000
39582  -7.029  -54.117  89.463 0.0000000000
127991  -37.722  -44.178  79.707 0.0000000000
47618  -40.228  -45.198  78.468 0.0000000000
121466  -50.715  -27.192  61.310 0.0000000000
66310  -51.188  -26.928  60.748 0.0000000000
66320  -51.637  -26.540  60.242 0.0000000000
67307  -52.220  -26.153  59.750 0.0000000000
68266  -53.396  -25.278  58.643 0.0000000000
68267  -54.116  -25.372  58.672 0.0000000000
68278  -54.549  -24.903  58.136 0.0000000000
59476  -41.290  -33.778  72.833 0.0000000000
122257  -40.606  -34.048  72.406 0.0000000000
126511  -41.946  -33.598  71.470 0.0000000000
59503  -42.428  -33.292  70.969 0.0000000000
60482  -42.030  -33.032  70.186 0.0000000000
124882  -43.118  -32.382  68.877 0.0000000000
51744  -22.435  -42.020  76.785 0.0000000000
43555  -9.647  -49.609  91.159 0.0000000000
52776  -40.951  -41.788  71.377 0.0000000000
56504  -39.950  -37.247  77.111 0.0000000000
51780  -27.450  -41.369  72.981 0.0000000000
51794  -26.958  -41.541  72.223 0.0000000000
51796  -29.640  -41.145  72.548 0.0000000000
49781  -36.736  -44.608  73.651 0.0000000000
49780  -35.960  -44.187  73.329 0.0000000000
50819  -36.596  -43.051  70.167 0.0000000000
49711  -28.732  -43.580  78.608 0.0000000000
49722  -29.055  -43.007  77.949 0.0000000000
50723  -28.570  -42.688  77.317 0.0000000000
50746  -28.668  -42.271  76.209 0.0000000000
50745  -27.867  -41.956  75.993 0.0000000000
51769  -27.770  -41.555  75.060 0.0000000000
70265  -48.003  -23.158  54.764 0.0000000000
72293  -59.092  -21.514  56.068 0.0000000000
73223  -61.201  -20.131  54.612 0.0000000000
58611  -35.909  -35.363  66.947 0.0000000000
63518  -44.898  -29.827  65.972 0.0000000000
64455  -45.257  -29.306  66.382 0.0000000000
64456  -45.686  -28.575  65.836 0.0000000000
65384  -46.209  -27.872  65.290 0.0000000000
66286  -47.718  -26.991  64.121 0.0000000000
142691  -18.315  -44.300  82.383 0.0000000000
47582  -14.309  -45.831  82.966 0.0000000000
46652  -13.305  -47.681  81.789 0.0000000000
37874  -7.071  -56.763  88.435 0.0000000000
50775  -41.777  -43.138  74.428 0.0000000000
49770  -41.397  -43.769  74.723 0.0000000000
49786  -41.687  -43.343  74.889 0.0000000000
51771  -41.999  -42.585  75.239 0.0000000000
51759  -42.493  -42.415  75.946 0.0000000000
49730  -42.907  -43.044  77.592 0.0000000000
120531  -32.234  -43.104  76.130 0.0000000000
50750  -32.073  -42.989  75.723 0.0000000000
49753  -33.841  -43.308  75.472 0.0000000000
48705  -37.886  -44.570  78.269 0.0000000000
48723  -37.585  -44.835  77.577 0.0000000000
47646  -37.535  -45.042  76.950 0.0000000000
122232  -38.278  -45.384  76.946 0.0000000000
47659  -37.284  -44.838  76.194 0.0000000000
124313  -37.001  -44.723  75.480 0.0000000000
48755  -36.618  -44.640  74.874 0.0000000000
145186  -37.181  -44.861  73.874 0.0000000000
126317  -38.892  -44.844  73.923 0.0000000000
48790  -38.882  -44.495  73.284 0.0000000000
49726  -32.609  -43.326  77.798 0.0000000000
49739  -32.482  -43.065  76.925 0.0000000000
145282  -45.041  -27.380  58.446 0.0000000000
66340  -44.957  -27.085  57.486 0.0000000000
66341  -45.559  -26.650  57.954 0.0000000000
67329  -47.032  -25.835  57.874 0.0000000000
130956  -46.187  -25.351  57.144 0.0000000000
67331  -49.559  -25.522  58.541 0.0000000000
67332  -50.487  -25.355  58.711 0.0000000000
68272  -49.090  -25.140  57.820 0.0000000000
68286  -48.722  -24.525  57.111 0.0000000000
69244  -48.293  -23.745  56.415 0.0000000000
69255  -48.040  -23.188  55.549 0.0000000000
70266  -48.645  -22.776  54.914 0.0000000000
70267  -49.616  -22.688  55.165 0.0000000000
70276  -50.292  -22.803  54.351 0.0000000000
71316  -52.647  -22.720  53.588 0.0000000000
70287  -53.938  -23.130  53.021 0.0000000000
71308  -54.649  -22.465  54.426 0.0000000000
71300  -54.847  -22.444  55.261 0.0000000000
71291  -56.599  -22.028  56.494 0.0000000000
69239  -55.302  -24.512  58.037 0.0000000000
125614  -55.584  -23.696  57.580 0.0000000000
71282  -56.782  -22.329  57.351 0.0000000000
55579  -36.209  -38.315  71.758 0.0000000000
55596  -35.850  -38.472  70.949 0.0000000000
56549  -35.865  -37.926  71.335 0.0000000000
56561  -36.099  -37.125  71.136 0.0000000000
57563  -37.356  -35.862  71.088 0.0000000000
57572  -36.522  -35.994  69.878 0.0000000000
58604  -36.663  -35.309  68.613 0.0000000000
59529  -37.250  -34.803  68.021 0.0000000000
137359  -39.810  -34.239  71.083 0.0000000000
59500  -39.262  -34.436  70.700 0.0000000000
59513  -40.118  -33.478  69.856 0.0000000000
59512  -39.193  -34.152  69.796 0.0000000000
59521  -37.894  -34.391  68.653 0.0000000000
123913  -37.309  -34.137  67.181 0.0000000000
59555  -37.724  -33.544  65.794 0.0000000000
60535  -38.469  -33.237  66.411 0.0000000000
60561  -38.599  -32.834  64.757 0.0000000000
61564  -39.462  -32.070  64.513 0.0000000000
61565  -40.200  -31.856  64.811 0.0000000000
61566  -40.896  -31.627  65.044 0.0000000000
61567  -41.735  -31.438  65.233 0.0000000000
62585  -42.541  -31.515  65.662 0.0000000000
127618  -43.644  -31.094  65.912 0.0000000000
62587  -44.021  -30.701  66.242 0.0000000000
61511  -43.645  -32.240  68.272 0.0000000000
61528  -43.962  -31.960  68.101 0.0000000000
62552  -45.077  -31.176  68.477 0.0000000000
61541  -44.429  -31.337  67.902 0.0000000000
63502  -44.998  -29.930  66.991 0.0000000000
63503  -45.415  -29.517  67.271 0.0000000000
64429  -46.132  -29.086  67.876 0.0000000000
50717  -22.164  -42.002  77.666 0.0000000000
138627  -21.692  -42.012  78.430 0.0000000000
127802  -20.367  -42.710  77.563 0.0000000000
50703  -21.122  -42.342  79.126 0.0000000000
50693  -21.037  -42.859  79.883 0.0000000000
50692  -20.052  -43.080  80.006 0.0000000000
144282  -18.387  -43.894  80.345 0.0000000000
126638  -17.932  -44.096  79.945 0.0000000000
48695  -17.948  -44.672  78.637 0.0000000000
47615  -17.213  -44.842  79.139 0.0000000000
76864  -56.740  -17.099  53.116 0.0000000000
75981  -56.251  -17.622  52.559 0.0000000000
122265  -39.080  -40.018  69.954 0.0000000000
55590  -36.781  -38.853  72.004 0.0000000000
51799  -40.674  -42.437  72.817 0.0000000000
52763  -40.719  -42.149  73.120 0.0000000000
53674  -40.635  -41.021  72.721 0.0000000000
54582  -41.416  -40.439  75.532 0.0000000000
127146  -41.134  -40.223  74.693 0.0000000000
54615  -40.585  -40.412  73.036 0.0000000000
138233  -40.277  -40.044  72.585 0.0000000000
144428  -36.976  -38.990  72.790 0.0000000000
57531  -38.274  -36.800  74.018 0.0000000000
58570  -39.977  -35.121  72.888 0.0000000000
57526  -40.191  -36.131  74.917 0.0000000000
137642  -40.856  -35.785  75.268 0.0000000000
128414  -40.985  -34.515  73.918 0.0000000000
59475  -40.503  -34.144  73.247 0.0000000000
50761  -32.282  -42.788  75.104 0.0000000000
121496  -32.068  -42.699  74.314 0.0000000000
51829  -32.239  -42.206  70.580 0.0000000000
138716  -34.436  -43.089  71.812 0.0000000000
122651  -34.510  -42.963  70.839 0.0000000000
50798  -33.769  -42.767  71.427 0.0000000000
50815  -32.794  -42.460  69.668 0.0000000000
50697  -25.417  -42.638  79.511 0.0000000000
50706  -24.844  -42.178  79.083 0.0000000000
51736  -24.341  -41.516  77.542 0.0000000000
50721  -26.989  -42.290  77.601 0.0000000000
50731  -26.260  -41.894  77.334 0.0000000000
51746  -24.553  -41.552  76.650 0.0000000000
140867  -23.232  -41.743  75.124 0.0000000000
51764  -22.674  -42.186  74.766 0.0000000000
51776  -23.427  -42.265  73.413 0.0000000000
70305  -58.058  -22.860  52.203 0.0000000000
127291  -58.020  -22.209  54.163 0.0000000000
71337  -60.080  -22.207  51.060 0.0000000000
74209  -60.909  -18.739  50.813 0.0000000000
75108  -61.046  -18.219  51.478 0.0000000000
120628  -61.162  -18.940  51.959 0.0000000000
76874  -60.057  -17.135  52.037 0.0000000000
76868  -59.785  -17.014  52.354 0.0000000000
76858  -59.057  -16.384  52.965 0.0000000000
44632  -10.977  -49.087  86.402 0.0000000000
44613  -10.848  -48.922  87.139 0.0000000000
43593  -10.910  -49.897  86.211 0.0000000000
126196  -10.800  -50.791  86.071 0.0000000000
42555  -10.821  -51.464  85.552 0.0000000000
42571  -11.271  -51.558  84.800 0.0000000000
41545  -10.798  -52.112  85.092 0.0000000000
55604  -36.404  -39.026  69.421 0.0000000000
145580  -35.586  -36.016  67.150 0.0000000000
145037  -44.361  -27.717  58.218 0.0000000000
62618  -39.629  -31.218  63.458 0.0000000000
62634  -40.264  -30.728  63.046 0.0000000000
123142  -41.427  -30.644  63.858 0.0000000000
62635  -40.950  -30.527  63.375 0.0000000000
63546  -40.825  -30.070  62.817 0.0000000000
64506  -41.478  -29.320  61.581 0.0000000000
63535  -43.728  -29.758  63.861 0.0000000000
64492  -42.918  -29.227  62.694 0.0000000000
142288  -42.066  -29.167  61.291 0.0000000000
64522  -42.308  -28.837  60.737 0.0000000000
64524  -43.935  -28.180  60.843 0.0000000000
65436  -43.424  -28.216  59.508 0.0000000000
65451  -44.660  -27.519  58.785 0.0000000000
65452  -45.463  -27.344  58.936 0.0000000000
65423  -46.680  -27.561  60.522 0.0000000000
121003  -47.173  -27.442  59.974 0.0000000000
65441  -48.580  -27.650  60.024 0.0000000000
65426  -49.099  -27.608  60.350 0.0000000000
139711  -49.448  -27.461  60.896 0.0000000000
66290  -47.941  -27.092  63.179 0.0000000000
46632  -11.823  -46.687  87.407 0.0000000000
46633  -11.418  -47.448  86.971 0.0000000000
45609  -11.136  -48.279  86.670 0.0000000000
45621  -11.175  -48.495  85.963 0.0000000000
43603  -11.603  -49.852  84.396 0.0000000000
44664  -11.842  -49.102  84.017 0.0000000000
130613  -11.664  -50.678  84.045 0.0000000000
127081  -12.755  -48.225  82.191 0.0000000000
143197  -12.560  -48.854  82.024 0.0000000000
44612  -10.543  -49.717  87.594 0.0000000000
43574  -10.201  -50.252  88.347 0.0000000000
42534  -10.250  -51.518  87.525 0.0000000000
127585  -9.923  -50.596  89.077 0.0000000000
42504  -9.594  -50.864  89.809 0.0000000000
42503  -9.153  -51.233  90.511 0.0000000000
39604  -9.023  -54.368  86.502 0.0000000000
39596  -8.724  -53.762  88.340 0.0000000000
139474  -9.152  -53.099  88.376 0.0000000000
41488  -9.085  -52.405  89.652 0.0000000000
42515  -9.055  -51.965  90.138 0.0000000000
42491  -8.658  -51.097  91.195 0.0000000000
42490  -8.090  -51.213  91.282 0.0000000000
42489  -7.520  -51.246  91.192 0.0000000000
144902  -7.243  -51.821  90.739 0.0000000000
42476  -7.257  -50.580  91.550 0.0000000000
42475  -6.651  -50.553  91.448 0.0000000000
36894  -6.535  -56.980  88.530 0.0000000000
38737  -6.984  -54.795  88.947 0.0000000000
133412  -6.710  -53.862  89.204 0.0000000000
41489  -9.511  -51.841  88.994 0.0000000000
47566  -15.151  -45.668  84.741 0.0000000000
47631  -38.343  -44.887  77.767 0.0000000000
47648  -38.654  -45.188  77.495 0.0000000000
47650  -40.494  -45.336  77.469 0.0000000000
47664  -40.992  -45.204  77.014 0.0000000000
47676  -38.324  -45.223  75.608 0.0000000000
47677  -39.486  -45.209  75.938 0.0000000000
48689  -40.719  -44.972  78.687 0.0000000000
48704  -36.841  -44.516  78.255 0.0000000000
48734  -36.684  -44.634  76.794 0.0000000000
48735  -41.462  -44.754  76.456 0.0000000000
48744  -40.577  -44.823  75.502 0.0000000000
48747  -42.163  -44.338  76.567 0.0000000000
48760  -40.930  -44.571  75.141 0.0000000000
49715  -42.805  -43.238  78.258 0.0000000000
49729  -42.727  -43.605  77.554 0.0000000000
50736  -42.615  -43.274  76.404 0.0000000000
50751  -42.430  -43.132  76.073 0.0000000000
50763  -41.878  -42.988  75.053 0.0000000000
56513  -38.211  -37.322  74.521 0.0000000000
61552  -40.448  -31.999  65.469 0.0000000000
62588  -44.507  -30.266  66.675 0.0000000000
63525  -44.067  -29.949  64.811 0.0000000000
65411  -49.996  -27.442  61.143 0.0000000000
66309  -50.439  -27.095  60.725 0.0000000000
66329  -45.285  -27.226  58.282 0.0000000000
69237  -53.432  -24.559  57.616 0.0000000000
76871  -58.144  -16.825  51.882 0.0000000000
120700  -48.007  -27.451  62.001 0.0000000000
121837  -29.042  -41.062  70.698 0.0000000000
122187  -49.046  -27.451  61.006 0.0000000000
122849  -20.446  -42.739  79.351 0.0000000000
125932  -7.109  -53.705  89.717 0.0000000000
131003  -10.093  -49.897  88.982 0.0000000000
132505  -42.469  -43.835  76.313 0.0000000000
134031  -46.897  -27.117  58.878 0.0000000000
142258  -48.586  -25.374  57.912 0.0000000000
144123  -13.146  -46.562  83.636 0.0000000000
144376  -19.659  -43.232  79.854 0.0000000000
144738  -59.840  -16.997  52.801 0.0000000000
145023  -41.065  -34.068  73.451 0.0000000000
145370  -20.854  -42.259  78.308 0.0000000000
