#!ascii label  , from subject sub-v1s7x0051327_ses-1 vox2ras=TkReg
439
81858  -28.290  -11.458  -2.360 0.0000000000
78252  -23.990  -15.165  0.495 0.0000000000
78280  -31.607  -15.190  -1.553 0.0000000000
143858  -27.549  -20.089  -0.305 0.0000000000
92002  -27.741  0.803  -4.527 0.0000000000
89576  -30.643  -2.360  -4.786 0.0000000000
85464  -24.656  -7.812  -1.275 0.0000000000
70815  -26.318  -23.867  1.491 0.0000000000
76494  -25.568  -17.732  -0.034 0.0000000000
74719  -24.578  -19.507  1.107 0.0000000000
141897  -29.843  -0.935  -5.289 0.0000000000
88680  -27.414  -3.593  -3.191 0.0000000000
81821  -24.147  -11.267  0.219 0.0000000000
83619  -23.406  -9.881  2.331 0.0000000000
83691  -26.674  -9.395  -1.960 0.0000000000
85491  -29.340  -7.315  -3.573 0.0000000000
130322  -30.449  -9.412  -2.857 0.0000000000
141195  -31.655  -11.440  -2.264 0.0000000000
79965  -22.942  -13.260  2.489 0.0000000000
80003  -25.254  -13.745  -0.840 0.0000000000
79139  -29.579  -14.389  -1.886 0.0000000000
78276  -27.787  -15.670  -1.474 0.0000000000
75635  -29.809  -17.806  -1.238 0.0000000000
73796  -32.369  -20.364  -1.164 0.0000000000
136251  -25.107  -5.661  -1.446 0.0000000000
87091  -28.270  -5.524  -4.441 0.0000000000
87870  -31.532  -4.435  -2.939 0.0000000000
72777  -23.789  -21.440  2.579 0.0000000000
129148  -27.095  -22.269  -0.373 0.0000000000
75596  -23.768  -18.602  1.722 0.0000000000
74694  -23.280  -19.104  2.305 0.0000000000
89561  -27.024  -2.708  -2.970 0.0000000000
88668  -26.290  -3.528  -2.410 0.0000000000
81844  -25.874  -11.511  -1.406 0.0000000000
82759  -24.428  -10.499  -0.418 0.0000000000
82777  -27.153  -10.864  -2.059 0.0000000000
83704  -29.399  -9.724  -2.666 0.0000000000
132035  -29.571  -10.789  -2.627 0.0000000000
82781  -30.534  -10.645  -2.591 0.0000000000
81861  -30.261  -11.236  -2.609 0.0000000000
78237  -23.085  -14.823  1.557 0.0000000000
79991  -23.916  -13.641  0.285 0.0000000000
79107  -24.185  -14.441  -0.012 0.0000000000
79123  -26.664  -14.499  -1.449 0.0000000000
78265  -25.798  -15.963  -0.956 0.0000000000
74729  -26.605  -18.997  -0.293 0.0000000000
75627  -27.358  -18.168  -1.010 0.0000000000
74738  -28.278  -18.916  -1.328 0.0000000000
74740  -30.753  -19.591  -1.237 0.0000000000
73793  -29.441  -20.440  -1.145 0.0000000000
91990  -26.567  0.587  -3.197 0.0000000000
92777  -26.023  1.349  -2.669 0.0000000000
92788  -27.241  1.520  -4.260 0.0000000000
94278  -27.566  3.338  -5.506 0.0000000000
92815  -29.765  1.485  -6.309 0.0000000000
90385  -30.309  -1.688  -4.804 0.0000000000
84535  -24.449  -8.931  -0.208 0.0000000000
85444  -24.224  -7.260  -1.037 0.0000000000
86288  -24.986  -6.491  -1.411 0.0000000000
87083  -27.054  -5.473  -2.987 0.0000000000
86303  -27.274  -6.453  -2.869 0.0000000000
128763  -31.171  -7.305  -3.945 0.0000000000
86315  -31.138  -6.305  -4.100 0.0000000000
87085  -31.500  -5.883  -2.755 0.0000000000
78296  -30.652  -14.812  -1.671 0.0000000000
80036  -31.443  -13.535  -1.922 0.0000000000
70802  -24.397  -23.213  2.684 0.0000000000
71824  -24.579  -22.461  2.047 0.0000000000
72788  -25.584  -21.934  1.201 0.0000000000
71836  -26.431  -23.066  0.904 0.0000000000
77356  -23.661  -16.503  1.336 0.0000000000
77374  -24.764  -16.447  0.176 0.0000000000
76493  -24.418  -17.740  0.809 0.0000000000
75615  -24.680  -18.624  0.788 0.0000000000
74721  -26.427  -19.827  0.227 0.0000000000
91165  -27.169  -0.161  -3.580 0.0000000000
135814  -28.948  -0.112  -5.462 0.0000000000
142547  -28.311  -1.055  -4.240 0.0000000000
89571  -28.557  -2.543  -4.071 0.0000000000
88687  -29.016  -3.283  -4.810 0.0000000000
81791  -22.792  -11.119  2.707 0.0000000000
82728  -23.701  -10.168  1.952 0.0000000000
83675  -24.509  -9.586  -0.582 0.0000000000
84571  -26.066  -8.697  -1.705 0.0000000000
85480  -27.682  -7.208  -2.866 0.0000000000
144629  -27.672  -8.694  -2.499 0.0000000000
83706  -30.347  -8.911  -3.139 0.0000000000
84581  -31.112  -8.650  -2.853 0.0000000000
83685  -31.792  -9.458  -1.914 0.0000000000
68908  -28.194  -25.420  1.372 0.0000000000
69882  -28.369  -24.231  0.380 0.0000000000
125356  -23.867  -12.293  1.058 0.0000000000
80930  -24.675  -12.315  -0.861 0.0000000000
143563  -26.116  -12.831  -1.343 0.0000000000
80959  -28.905  -12.673  -2.216 0.0000000000
80020  -27.691  -13.678  -1.769 0.0000000000
79125  -28.664  -14.692  -1.726 0.0000000000
77413  -30.008  -15.352  -1.751 0.0000000000
77388  -26.431  -16.811  -0.985 0.0000000000
126028  -28.241  -16.802  -1.451 0.0000000000
76519  -31.081  -16.979  -1.436 0.0000000000
133419  -31.748  -18.046  -1.277 0.0000000000
74743  -33.168  -19.198  -1.320 0.0000000000
92004  -30.365  0.367  -5.840 0.0000000000
87089  -26.943  -4.881  -3.002 0.0000000000
87879  -28.049  -4.964  -4.192 0.0000000000
87890  -29.989  -4.025  -5.332 0.0000000000
86313  -29.101  -6.341  -3.784 0.0000000000
135500  -30.072  -4.869  -5.103 0.0000000000
88682  -31.185  -3.222  -3.900 0.0000000000
121857  -31.127  -12.756  -2.213 0.0000000000
80946  -32.669  -12.548  -2.141 0.0000000000
73748  -22.912  -20.004  2.770 0.0000000000
73762  -24.386  -20.349  1.520 0.0000000000
73773  -25.657  -20.491  0.578 0.0000000000
72808  -27.010  -21.387  -0.331 0.0000000000
70831  -28.170  -23.557  -0.220 0.0000000000
136342  -29.901  -22.817  -0.712 0.0000000000
133510  -29.867  -21.858  -0.847 0.0000000000
88654  -24.933  -3.809  -1.269 0.0000000000
81845  -26.847  -11.517  -1.812 0.0000000000
81857  -27.633  -11.497  -2.203 0.0000000000
82778  -28.156  -10.811  -2.404 0.0000000000
81859  -28.996  -11.199  -2.529 0.0000000000
81860  -29.664  -11.228  -2.612 0.0000000000
126334  -29.251  -11.855  -2.459 0.0000000000
121289  -23.469  -15.562  1.295 0.0000000000
78251  -23.489  -14.829  0.957 0.0000000000
79093  -23.781  -14.447  0.550 0.0000000000
78264  -24.693  -15.157  -0.138 0.0000000000
131922  -24.561  -15.738  0.216 0.0000000000
131545  -27.176  -19.659  -0.293 0.0000000000
74730  -27.235  -18.938  -0.803 0.0000000000
74731  -27.863  -19.677  -0.988 0.0000000000
73792  -28.814  -19.668  -1.238 0.0000000000
73784  -28.608  -20.478  -0.839 0.0000000000
91991  -27.203  0.673  -3.920 0.0000000000
92798  -27.973  1.417  -5.159 0.0000000000
92813  -28.160  2.394  -5.645 0.0000000000
92017  -28.931  0.690  -5.719 0.0000000000
91182  -31.186  -0.993  -4.089 0.0000000000
90386  -31.092  -1.674  -4.259 0.0000000000
89577  -31.121  -2.485  -4.024 0.0000000000
85445  -24.366  -7.939  -1.021 0.0000000000
84555  -24.453  -8.193  -0.762 0.0000000000
130527  -24.182  -7.117  -1.059 0.0000000000
85465  -25.597  -7.194  -1.701 0.0000000000
86302  -26.401  -6.467  -2.386 0.0000000000
85479  -26.734  -7.208  -2.435 0.0000000000
86289  -31.555  -6.829  -2.479 0.0000000000
86304  -31.394  -6.599  -3.530 0.0000000000
79126  -31.415  -14.350  -1.691 0.0000000000
69870  -26.088  -24.707  2.092 0.0000000000
70803  -24.934  -23.811  2.483 0.0000000000
70814  -25.640  -23.878  2.176 0.0000000000
70813  -25.074  -23.175  2.089 0.0000000000
126213  -25.779  -23.179  1.593 0.0000000000
143648  -25.890  -22.571  1.254 0.0000000000
69881  -26.975  -23.730  0.948 0.0000000000
77335  -23.232  -16.974  1.864 0.0000000000
76492  -24.278  -16.908  0.797 0.0000000000
76474  -23.760  -17.427  1.332 0.0000000000
143880  -24.233  -18.883  1.347 0.0000000000
75597  -24.059  -18.197  1.256 0.0000000000
74720  -25.352  -19.473  0.536 0.0000000000
90371  -27.018  -1.109  -3.274 0.0000000000
131405  -27.778  -0.803  -3.761 0.0000000000
144465  -26.824  -3.353  -2.773 0.0000000000
89570  -27.704  -2.649  -3.450 0.0000000000
89574  -29.220  -2.477  -4.818 0.0000000000
88681  -28.287  -3.443  -3.738 0.0000000000
81803  -23.491  -11.619  1.785 0.0000000000
82745  -23.868  -10.847  1.289 0.0000000000
82767  -25.443  -10.036  -1.478 0.0000000000
82766  -24.726  -10.014  -1.170 0.0000000000
83682  -24.912  -9.291  -1.340 0.0000000000
83683  -25.761  -9.348  -1.563 0.0000000000
84579  -26.885  -8.700  -2.251 0.0000000000
83692  -27.541  -9.358  -2.380 0.0000000000
83705  -30.058  -9.644  -2.904 0.0000000000
127008  -29.823  -9.052  -3.027 0.0000000000
83707  -30.758  -8.523  -3.321 0.0000000000
83695  -30.852  -9.304  -2.718 0.0000000000
84572  -31.575  -8.716  -2.212 0.0000000000
82782  -31.319  -10.759  -2.328 0.0000000000
82783  -31.884  -10.668  -1.980 0.0000000000
81864  -33.045  -11.343  -2.028 0.0000000000
68907  -27.278  -25.706  1.498 0.0000000000
144500  -28.568  -26.099  1.539 0.0000000000
80887  -22.340  -12.667  3.301 0.0000000000
80888  -22.968  -12.163  2.502 0.0000000000
80901  -23.418  -12.668  1.703 0.0000000000
80002  -24.473  -13.719  -0.369 0.0000000000
80929  -24.276  -12.900  -0.266 0.0000000000
131846  -24.771  -13.133  -0.682 0.0000000000
80931  -25.380  -12.992  -1.077 0.0000000000
80944  -26.944  -13.051  -1.719 0.0000000000
80018  -26.164  -13.652  -1.332 0.0000000000
124652  -27.189  -15.155  -1.482 0.0000000000
141895  -28.140  -15.018  -1.627 0.0000000000
78277  -28.814  -15.312  -1.709 0.0000000000
78278  -29.575  -15.236  -1.755 0.0000000000
77375  -24.931  -17.261  0.271 0.0000000000
77387  -25.579  -16.775  -0.505 0.0000000000
76507  -26.215  -17.566  -0.564 0.0000000000
75634  -28.568  -18.093  -1.406 0.0000000000
138322  -28.212  -17.552  -1.392 0.0000000000
76516  -28.760  -17.182  -1.553 0.0000000000
76517  -29.394  -16.893  -1.609 0.0000000000
75636  -30.715  -17.878  -1.285 0.0000000000
74741  -31.682  -19.598  -1.338 0.0000000000
139724  -31.940  -18.944  -1.439 0.0000000000
74742  -32.502  -19.481  -1.356 0.0000000000
74732  -33.071  -19.949  -1.172 0.0000000000
141768  -29.521  -0.399  -5.648 0.0000000000
138990  -29.700  0.138  -6.094 0.0000000000
91192  -30.078  -0.158  -6.036 0.0000000000
83618  -22.455  -9.885  2.730 0.0000000000
87065  -23.908  -5.672  -0.893 0.0000000000
87073  -24.158  -5.401  -1.133 0.0000000000
87867  -25.690  -4.960  -1.912 0.0000000000
87090  -27.588  -5.416  -3.721 0.0000000000
87888  -28.711  -4.994  -4.965 0.0000000000
132113  -29.302  -4.097  -5.172 0.0000000000
87889  -29.408  -4.800  -5.209 0.0000000000
85490  -28.463  -7.267  -3.248 0.0000000000
85504  -29.933  -6.791  -3.927 0.0000000000
87101  -31.187  -5.450  -4.248 0.0000000000
87100  -30.604  -5.489  -4.513 0.0000000000
87880  -31.438  -4.979  -3.923 0.0000000000
132390  -30.780  -4.656  -4.579 0.0000000000
131516  -31.347  -4.064  -3.878 0.0000000000
88669  -31.564  -3.450  -2.949 0.0000000000
79148  -29.243  -13.529  -2.069 0.0000000000
80960  -29.428  -12.717  -2.282 0.0000000000
123193  -29.860  -13.447  -2.161 0.0000000000
80021  -32.300  -13.113  -2.045 0.0000000000
71823  -23.998  -22.239  2.803 0.0000000000
73749  -23.381  -20.817  2.664 0.0000000000
73761  -23.656  -20.109  2.173 0.0000000000
73750  -24.000  -20.914  2.112 0.0000000000
71835  -26.184  -22.260  0.711 0.0000000000
73763  -25.046  -21.083  1.068 0.0000000000
72800  -25.913  -21.435  0.629 0.0000000000
73774  -26.472  -20.884  0.219 0.0000000000
72801  -26.493  -21.883  -0.065 0.0000000000
72810  -28.902  -22.126  -0.507 0.0000000000
122593  -23.621  -17.972  1.579 0.0000000000
75575  -23.345  -18.164  2.094 0.0000000000
74711  -24.011  -19.422  1.723 0.0000000000
90361  -27.212  -1.983  -3.251 0.0000000000
89560  -26.436  -2.749  -2.496 0.0000000000
87869  -26.865  -4.098  -2.841 0.0000000000
81835  -24.463  -11.411  -0.641 0.0000000000
133363  -24.693  -10.838  -1.062 0.0000000000
82768  -26.201  -10.799  -1.554 0.0000000000
135130  -26.478  -10.100  -1.713 0.0000000000
133140  -27.376  -10.125  -2.225 0.0000000000
82779  -29.157  -10.531  -2.563 0.0000000000
83694  -30.226  -10.123  -2.747 0.0000000000
123935  -30.745  -10.033  -2.609 0.0000000000
82780  -29.993  -10.691  -2.711 0.0000000000
81862  -30.985  -11.281  -2.458 0.0000000000
79067  -22.693  -14.830  2.338 0.0000000000
79080  -23.032  -14.182  1.946 0.0000000000
79979  -23.353  -13.481  1.630 0.0000000000
79092  -23.494  -14.084  1.121 0.0000000000
79122  -25.770  -14.486  -1.068 0.0000000000
79108  -24.963  -14.462  -0.508 0.0000000000
78274  -26.209  -15.255  -1.241 0.0000000000
78275  -26.642  -16.008  -1.261 0.0000000000
75625  -26.084  -18.353  -0.230 0.0000000000
75626  -26.748  -18.227  -0.598 0.0000000000
124177  -29.197  -18.685  -1.308 0.0000000000
123038  -30.222  -18.699  -1.082 0.0000000000
74739  -29.787  -19.615  -1.196 0.0000000000
73794  -30.404  -20.550  -1.267 0.0000000000
91979  -26.006  0.484  -2.417 0.0000000000
92787  -26.683  1.451  -3.446 0.0000000000
93554  -27.131  2.507  -4.803 0.0000000000
93563  -30.090  2.281  -6.245 0.0000000000
90384  -29.455  -1.725  -4.933 0.0000000000
132097  -30.466  -0.320  -5.222 0.0000000000
91181  -30.715  -1.005  -4.681 0.0000000000
139231  -24.576  -7.703  1.422 0.0000000000
87082  -26.193  -5.695  -2.362 0.0000000000
86301  -25.660  -6.332  -1.810 0.0000000000
135199  -26.964  -5.948  -2.844 0.0000000000
125763  -27.905  -5.901  -4.055 0.0000000000
126454  -30.368  -7.724  -3.819 0.0000000000
85505  -30.688  -7.213  -4.042 0.0000000000
86314  -31.040  -7.110  -4.068 0.0000000000
87092  -31.389  -5.737  -3.801 0.0000000000
129991  -31.534  -5.206  -3.062 0.0000000000
79140  -29.981  -14.445  -1.916 0.0000000000
80035  -30.528  -13.640  -1.949 0.0000000000
79141  -30.537  -14.366  -1.741 0.0000000000
79127  -32.278  -13.739  -1.834 0.0000000000
72778  -24.264  -21.659  2.099 0.0000000000
72787  -24.815  -21.821  1.556 0.0000000000
71834  -25.257  -22.533  1.605 0.0000000000
71846  -26.687  -22.639  0.053 0.0000000000
77355  -23.094  -16.158  1.939 0.0000000000
77373  -24.172  -16.040  0.786 0.0000000000
143388  -25.039  -17.975  0.467 0.0000000000
74728  -25.977  -19.039  0.075 0.0000000000
91141  -26.077  -0.331  -2.007 0.0000000000
91153  -26.475  -0.271  -2.952 0.0000000000
92003  -28.325  0.543  -5.009 0.0000000000
137271  -28.054  -0.149  -4.444 0.0000000000
91180  -28.884  -1.008  -5.226 0.0000000000
90373  -28.773  -1.799  -4.565 0.0000000000
89575  -29.927  -2.392  -5.011 0.0000000000
88688  -29.662  -3.231  -5.290 0.0000000000
82746  -24.211  -10.522  0.464 0.0000000000
83660  -24.332  -9.908  0.195 0.0000000000
83659  -24.376  -9.555  0.647 0.0000000000
84536  -24.411  -9.309  -0.118 0.0000000000
84569  -24.637  -8.564  -1.144 0.0000000000
133359  -25.536  -8.070  -1.598 0.0000000000
85466  -26.345  -7.988  -2.006 0.0000000000
127548  -27.254  -7.991  -2.500 0.0000000000
84580  -28.330  -8.212  -2.787 0.0000000000
84591  -29.240  -8.248  -3.200 0.0000000000
83703  -28.460  -9.185  -2.579 0.0000000000
132937  -29.183  -8.948  -2.802 0.0000000000
84592  -30.015  -8.394  -3.479 0.0000000000
84593  -30.614  -8.346  -3.606 0.0000000000
85493  -31.181  -7.979  -3.665 0.0000000000
85481  -31.482  -7.870  -2.627 0.0000000000
85467  -31.706  -8.082  -1.706 0.0000000000
84573  -31.960  -8.837  -1.459 0.0000000000
83696  -31.425  -9.985  -2.292 0.0000000000
77405  -32.398  -16.146  -1.294 0.0000000000
69871  -26.877  -24.683  1.446 0.0000000000
68918  -27.637  -24.229  1.030 0.0000000000
81820  -23.932  -11.602  0.969 0.0000000000
79980  -23.787  -13.153  1.060 0.0000000000
80916  -24.212  -12.076  -0.183 0.0000000000
129364  -26.452  -12.220  -1.547 0.0000000000
80958  -27.296  -12.174  -1.957 0.0000000000
128785  -28.619  -11.896  -2.340 0.0000000000
80945  -27.733  -12.852  -1.950 0.0000000000
80033  -28.286  -13.551  -1.898 0.0000000000
79138  -28.949  -14.205  -1.857 0.0000000000
79124  -27.730  -14.449  -1.642 0.0000000000
78294  -29.340  -14.823  -1.774 0.0000000000
127634  -29.743  -14.835  -1.789 0.0000000000
77386  -25.134  -15.889  -0.330 0.0000000000
142491  -26.068  -16.426  -1.017 0.0000000000
76508  -26.973  -17.459  -0.903 0.0000000000
77399  -27.426  -16.599  -1.277 0.0000000000
77400  -28.329  -16.045  -1.542 0.0000000000
77401  -29.024  -16.104  -1.744 0.0000000000
77402  -29.752  -15.974  -1.706 0.0000000000
77404  -31.336  -16.102  -1.533 0.0000000000
128682  -32.050  -17.019  -1.155 0.0000000000
75637  -31.169  -18.790  -1.301 0.0000000000
75638  -32.560  -18.716  -1.403 0.0000000000
92019  -30.087  0.683  -6.253 0.0000000000
140961  -25.455  -4.288  -1.718 0.0000000000
87868  -26.177  -4.371  -2.359 0.0000000000
132136  -26.417  -5.092  -2.569 0.0000000000
139634  -28.026  -4.152  -3.601 0.0000000000
133387  -28.619  -4.164  -4.263 0.0000000000
88689  -30.283  -3.095  -5.248 0.0000000000
86311  -27.852  -6.440  -3.415 0.0000000000
86326  -28.425  -5.767  -4.330 0.0000000000
86328  -30.537  -6.323  -4.250 0.0000000000
87099  -29.779  -5.413  -4.840 0.0000000000
87098  -28.827  -5.389  -4.909 0.0000000000
87891  -30.769  -3.656  -4.748 0.0000000000
88690  -30.837  -2.923  -4.738 0.0000000000
134912  -31.441  -2.748  -3.314 0.0000000000
80961  -30.707  -11.959  -2.469 0.0000000000
80962  -31.486  -11.978  -2.357 0.0000000000
80037  -31.943  -12.643  -2.213 0.0000000000
80963  -32.218  -11.968  -2.258 0.0000000000
126118  -24.468  -21.171  1.623 0.0000000000
73772  -24.937  -20.208  0.875 0.0000000000
73783  -27.853  -20.684  -0.368 0.0000000000
70823  -27.574  -23.656  0.384 0.0000000000
137885  -26.967  -23.225  0.346 0.0000000000
71847  -27.363  -23.044  -0.140 0.0000000000
70832  -28.960  -23.396  -0.539 0.0000000000
71853  -27.981  -22.765  -0.453 0.0000000000
72809  -27.881  -21.749  -0.407 0.0000000000
132797  -28.489  -21.244  -0.532 0.0000000000
73785  -29.202  -21.206  -0.773 0.0000000000
72819  -29.901  -21.110  -1.172 0.0000000000
69890  -28.842  -24.056  -0.204 0.0000000000
73782  -27.120  -20.378  -0.122 0.0000000000
74733  -33.599  -19.498  -1.010 0.0000000000
74737  -27.677  -18.831  -1.201 0.0000000000
75616  -25.459  -18.530  0.288 0.0000000000
75633  -27.928  -18.206  -1.310 0.0000000000
76515  -27.664  -17.459  -1.240 0.0000000000
76518  -30.193  -16.882  -1.510 0.0000000000
77403  -30.450  -16.024  -1.685 0.0000000000
78279  -30.541  -15.314  -1.687 0.0000000000
78295  -30.036  -14.912  -1.800 0.0000000000
79137  -28.317  -14.172  -1.765 0.0000000000
80019  -27.054  -13.871  -1.622 0.0000000000
80034  -28.717  -13.385  -2.018 0.0000000000
80915  -24.009  -12.672  0.324 0.0000000000
80943  -25.500  -12.238  -1.262 0.0000000000
81843  -24.912  -11.516  -1.212 0.0000000000
81863  -32.207  -11.315  -2.085 0.0000000000
82729  -24.178  -10.101  1.124 0.0000000000
82790  -29.804  -10.296  -2.701 0.0000000000
83635  -24.043  -9.830  1.638 0.0000000000
83681  -24.655  -9.192  -1.061 0.0000000000
83684  -31.317  -9.249  -2.433 0.0000000000
83693  -28.377  -9.986  -2.482 0.0000000000
84556  -24.513  -8.755  -0.731 0.0000000000
84570  -25.124  -8.650  -1.448 0.0000000000
85430  -24.578  -7.956  0.634 0.0000000000
85492  -31.011  -7.858  -3.987 0.0000000000
86312  -28.430  -6.399  -3.682 0.0000000000
86327  -29.426  -5.944  -4.142 0.0000000000
87084  -27.493  -5.902  -3.418 0.0000000000
87878  -27.435  -4.590  -3.384 0.0000000000
88667  -25.606  -3.653  -1.860 0.0000000000
90372  -27.939  -1.678  -3.744 0.0000000000
92018  -29.572  0.834  -6.207 0.0000000000
92823  -29.814  2.282  -6.333 0.0000000000
122006  -31.369  -20.386  -1.240 0.0000000000
127910  -28.336  -12.720  -2.113 0.0000000000
128536  -29.933  -12.094  -2.509 0.0000000000
131391  -24.648  -7.295  0.934 0.0000000000
132041  -27.966  -12.046  -2.193 0.0000000000
133842  -31.397  -7.355  -3.322 0.0000000000
135134  -24.506  -7.011  -1.267 0.0000000000
135450  -25.442  -15.195  -0.670 0.0000000000
139252  -29.088  -17.742  -1.485 0.0000000000
139828  -25.158  -10.777  -1.359 0.0000000000
139958  -22.799  -8.949  2.675 0.0000000000
140778  -24.047  -11.975  0.423 0.0000000000
142584  -30.427  -12.792  -2.279 0.0000000000
