#!ascii label  , from subject sub-v1s7x0051327_ses-1 vox2ras=TkReg
725
21325  -44.828  -73.265  -3.644 0.5000000000
20290  -43.257  -74.177  -3.754 0.8000000119
21314  -40.873  -73.404  -3.095 0.8000000119
21315  -41.509  -73.949  -3.201 0.8000000119
20289  -42.212  -74.069  -3.595 0.8000000119
21326  -45.627  -73.401  -3.277 0.5000000000
136225  -44.209  -73.911  -3.807 0.5000000000
21323  -42.751  -73.150  -4.224 0.6000000238
22346  -39.622  -72.416  -2.346 0.6999999881
21313  -40.233  -73.079  -2.470 0.6999999881
21322  -41.695  -73.322  -3.846 0.8000000119
21316  -46.039  -73.354  -2.573 0.6000000238
22357  -45.306  -72.685  -3.212 0.5000000000
22356  -44.675  -72.430  -3.531 0.6000000238
22328  -38.540  -72.274  -1.023 0.6999999881
21324  -43.959  -73.199  -4.044 0.6000000238
22355  -43.778  -72.192  -3.965 0.6000000238
23438  -38.421  -71.475  -1.728 0.6999999881
144402  -38.912  -72.189  -1.753 0.6999999881
22347  -40.415  -72.583  -3.137 0.6999999881
23449  -43.762  -71.178  -3.547 0.6000000238
22352  -41.151  -72.626  -3.784 0.8000000119
22353  -41.964  -72.486  -4.212 0.8000000119
22354  -42.845  -71.973  -4.168 0.6999999881
22341  -45.502  -72.867  -1.973 0.4000000060
22348  -45.169  -72.139  -2.806 0.6000000238
23437  -37.608  -70.748  -1.432 0.6999999881
23439  -44.249  -70.694  -2.927 0.6000000238
24455  -38.115  -70.625  -2.289 0.6999999881
22339  -39.024  -71.769  -2.268 0.6999999881
23444  -40.022  -71.976  -3.216 0.6999999881
23446  -40.671  -71.934  -3.757 0.6000000238
126436  -42.163  -70.955  -4.323 0.6999999881
25548  -41.827  -69.431  -4.046 0.5000000000
125430  -40.063  -71.289  -3.676 0.6000000238
144473  -40.494  -70.815  -3.913 0.6000000238
121007  -41.110  -71.056  -4.135 0.6000000238
25547  -40.673  -69.629  -3.821 0.6000000238
130158  -41.288  -68.805  -3.731 0.5000000000
22330  -44.623  -72.220  -0.738 0.4000000060
22340  -44.819  -72.206  -1.776 0.5000000000
25535  -36.573  -69.405  -1.528 0.6999999881
23440  -44.514  -71.512  -2.449 0.6000000238
143926  -43.788  -70.581  -2.461 0.6000000238
24458  -37.920  -70.064  -2.655 0.6999999881
24467  -43.488  -70.449  -3.448 0.6000000238
24459  -38.509  -70.415  -2.956 0.6999999881
25544  -43.157  -69.806  -3.413 0.5000000000
25549  -42.469  -69.451  -3.788 0.6000000238
24462  -39.018  -70.126  -3.396 0.6999999881
24463  -39.939  -70.442  -3.747 0.6000000238
26598  -42.079  -68.522  -3.585 0.5000000000
26592  -42.183  -67.910  -3.305 0.5000000000
134474  -40.311  -69.039  -3.668 0.5000000000
26577  -35.101  -68.870  -0.241 0.6000000238
135628  -35.487  -68.102  -0.325 0.6000000238
22319  -44.416  -72.369  0.055 0.5000000000
23423  -44.008  -71.827  -0.301 0.5000000000
26578  -35.805  -68.763  -0.729 0.6999999881
25531  -36.149  -69.450  -0.953 0.6999999881
23434  -44.236  -71.612  -1.309 0.5000000000
121798  -43.856  -71.055  -1.961 0.5000000000
24450  -42.772  -70.485  -0.870 0.4000000060
24453  -36.966  -70.020  -1.557 0.6999999881
24451  -43.362  -70.424  -1.823 0.5000000000
24454  -37.488  -70.055  -2.144 0.6999999881
25540  -37.582  -69.514  -2.466 0.6999999881
24457  -42.830  -69.971  -1.646 0.5000000000
25541  -38.284  -69.662  -2.975 0.6999999881
25545  -38.952  -69.442  -3.355 0.6000000238
25543  -42.822  -69.232  -3.024 0.5000000000
26595  -39.522  -68.736  -3.462 0.6000000238
25542  -42.335  -68.649  -3.352 0.5000000000
134909  -39.020  -68.103  -3.234 0.5000000000
27651  -39.926  -67.690  -3.444 0.5000000000
27652  -40.954  -67.555  -3.605 0.5000000000
125142  -42.071  -67.542  -3.402 0.5000000000
26597  -41.635  -67.923  -3.589 0.5000000000
136209  -42.317  -66.536  -3.027 0.3000000119
127995  -42.698  -71.354  0.558 0.3000000119
135636  -34.325  -68.210  0.608 0.6000000238
135507  -34.832  -68.126  0.212 0.6000000238
126306  -43.372  -71.563  0.175 0.4000000060
23432  -42.907  -71.093  -0.181 0.4000000060
27635  -36.143  -67.912  -0.928 0.6000000238
24456  -42.176  -69.969  -1.259 0.5000000000
26585  -36.727  -68.821  -1.846 0.6999999881
27640  -36.988  -68.381  -1.964 0.6999999881
25538  -42.526  -69.498  -2.059 0.5000000000
26590  -37.853  -68.867  -2.625 0.5000000000
132003  -42.235  -68.784  -2.559 0.5000000000
26594  -38.594  -68.815  -3.108 0.5000000000
27647  -42.232  -67.114  -2.920 0.4000000060
27648  -42.228  -67.239  -3.140 0.3000000119
142267  -42.102  -66.291  -2.740 0.4000000060
28701  -41.344  -66.095  -3.518 0.5000000000
28702  -42.196  -66.190  -3.217 0.4000000060
27627  -34.332  -67.457  0.589 0.6000000238
28673  -34.798  -66.648  0.413 0.6000000238
27628  -35.183  -67.395  0.164 0.6000000238
27634  -35.739  -67.417  -0.319 0.6000000238
28681  -36.127  -66.933  -0.569 0.6000000238
24449  -41.499  -69.925  -0.739 0.3000000119
128620  -41.739  -69.411  -1.525 0.4000000060
27639  -36.606  -68.160  -1.636 0.6000000238
25532  -40.980  -69.372  -0.830 0.3000000119
134218  -37.091  -67.651  -1.912 0.6000000238
27645  -37.462  -68.183  -2.306 0.6999999881
26586  -40.808  -68.007  -1.607 0.3000000119
25537  -41.277  -68.758  -1.642 0.3000000119
27642  -40.440  -67.178  -1.521 0.3000000119
26587  -41.779  -67.998  -2.424 0.3000000119
126884  -37.653  -67.240  -2.366 0.5000000000
27646  -38.265  -67.918  -2.758 0.5000000000
129322  -41.280  -65.758  -2.193 0.3000000119
140308  -41.023  -66.546  -2.118 0.3000000119
27650  -39.077  -67.317  -3.148 0.5000000000
28699  -39.353  -66.393  -3.204 0.5000000000
28695  -42.187  -65.387  -2.841 0.3000000119
29742  -38.628  -65.872  -2.840 0.5000000000
29745  -42.101  -65.417  -3.265 0.4000000060
29737  -42.293  -65.226  -3.048 0.3000000119
28672  -33.901  -66.567  0.633 0.5000000000
131519  -34.356  -65.776  0.432 0.6000000238
29717  -35.173  -66.104  0.194 0.5000000000
28688  -36.662  -67.133  -1.351 0.6000000238
134916  -36.409  -66.327  -0.844 0.5000000000
28683  -39.521  -65.919  -0.916 0.3000000119
28690  -40.310  -66.289  -1.482 0.3000000119
28689  -37.209  -66.640  -1.954 0.6000000238
129763  -37.772  -66.215  -2.473 0.5000000000
135109  -39.017  -64.936  -3.050 0.5000000000
29744  -41.366  -65.084  -3.447 0.4000000060
29736  -40.238  -64.734  -3.366 0.4000000060
132520  -33.567  -65.126  0.475 0.5000000000
130409  -34.393  -64.875  0.239 0.5000000000
29716  -35.132  -65.438  0.060 0.5000000000
28680  -35.545  -66.740  0.013 0.5000000000
138648  -35.740  -65.251  -0.262 0.5000000000
29718  -38.060  -65.495  0.575 0.3000000119
28682  -38.849  -65.459  -0.175 0.3000000119
29729  -36.826  -66.060  -1.420 0.6000000238
29730  -37.264  -65.519  -2.086 0.5000000000
29735  -38.069  -65.247  -2.580 0.5000000000
30812  -42.055  -63.691  -3.032 0.4000000060
31849  -41.450  -62.853  -3.082 0.4000000060
30793  -34.458  -64.057  -0.041 0.5000000000
29722  -35.163  -64.687  -0.173 0.5000000000
28674  -37.718  -66.150  1.025 0.4000000060
30787  -37.735  -64.830  0.803 0.4000000060
30794  -35.984  -64.635  -0.471 0.5000000000
30801  -36.601  -64.644  -1.009 0.5000000000
30788  -38.381  -64.655  0.339 0.4000000060
30795  -39.153  -64.367  -0.341 0.3000000119
139974  -36.250  -63.900  -0.743 0.4000000060
134866  -36.831  -65.267  -1.422 0.5000000000
30802  -37.072  -64.681  -1.747 0.4000000060
30809  -37.639  -64.606  -2.275 0.4000000060
31848  -40.389  -63.004  -3.133 0.4000000060
31818  -33.746  -63.498  0.046 0.5000000000
31827  -34.472  -63.242  -0.347 0.5000000000
29707  -37.457  -65.383  1.203 0.4000000060
130133  -35.107  -63.009  -0.546 0.4000000060
31819  -37.853  -64.007  0.876 0.4000000060
31829  -35.899  -63.136  -0.616 0.4000000060
131245  -38.662  -63.742  0.214 0.4000000060
133392  -36.895  -63.964  -1.363 0.4000000060
134056  -37.385  -64.072  -1.915 0.4000000060
31846  -38.076  -63.752  -2.288 0.4000000060
30810  -38.530  -64.315  -2.712 0.4000000060
31839  -38.604  -62.810  -2.279 0.4000000060
32844  -39.942  -62.464  -2.718 0.4000000060
32837  -41.014  -61.931  -2.509 0.4000000060
32845  -41.141  -62.216  -2.982 0.4000000060
32816  -33.257  -62.189  0.119 0.5000000000
31826  -33.816  -62.705  -0.194 0.4000000060
30770  -36.800  -64.281  2.041 0.4000000060
30778  -37.331  -64.607  1.400 0.4000000060
32823  -34.575  -62.472  -0.501 0.5000000000
31808  -38.324  -63.098  0.761 0.4000000060
31837  -36.615  -63.229  -1.122 0.4000000060
31838  -37.462  -63.267  -1.719 0.4000000060
31832  -41.216  -62.482  -2.129 0.3000000119
31847  -39.128  -63.361  -2.808 0.4000000060
33806  -33.442  -61.407  0.269 0.4000000060
33814  -33.997  -61.919  -0.284 0.5000000000
31802  -37.156  -63.320  2.196 0.4000000060
33815  -34.914  -61.625  -0.527 0.4000000060
32824  -35.455  -62.399  -0.650 0.4000000060
132972  -35.618  -60.949  -0.544 0.4000000060
33816  -35.971  -61.717  -0.750 0.4000000060
32825  -36.313  -62.480  -0.917 0.4000000060
32833  -37.014  -62.626  -1.405 0.4000000060
32834  -37.944  -62.318  -1.705 0.4000000060
33830  -40.850  -61.309  -1.599 0.4000000060
33829  -40.531  -61.400  -1.954 0.4000000060
34808  -33.667  -60.559  0.539 0.4000000060
33807  -34.235  -61.091  -0.042 0.4000000060
34814  -34.904  -60.806  -0.305 0.4000000060
34815  -35.368  -60.207  -0.257 0.4000000060
129326  -36.538  -60.996  -0.843 0.4000000060
33817  -37.495  -60.923  -1.281 0.4000000060
33827  -38.252  -61.473  -1.650 0.4000000060
131889  -38.522  -60.730  -1.597 0.4000000060
33828  -39.437  -61.105  -1.823 0.4000000060
34809  -34.562  -60.150  0.217 0.4000000060
35862  -35.335  -59.456  0.252 0.4000000060
35868  -35.854  -59.664  -0.259 0.4000000060
34816  -36.163  -60.259  -0.538 0.4000000060
34817  -37.008  -60.235  -0.873 0.4000000060
35870  -37.395  -59.475  -1.144 0.4000000060
130089  -40.896  -60.707  -1.456 0.3000000119
34825  -38.976  -60.014  -1.613 0.4000000060
134452  -40.285  -60.781  -1.693 0.4000000060
35851  -34.095  -59.013  1.264 0.4000000060
35861  -34.686  -59.240  0.807 0.4000000060
36839  -34.628  -58.433  1.216 0.4000000060
36847  -35.373  -58.547  0.686 0.4000000060
35869  -36.566  -59.456  -0.568 0.4000000060
141356  -37.074  -58.875  -0.942 0.4000000060
34818  -41.187  -60.073  -0.920 0.4000000060
33819  -41.088  -60.656  -1.202 0.3000000119
34824  -37.879  -60.133  -1.382 0.4000000060
34826  -40.419  -60.042  -1.560 0.5000000000
35880  -40.638  -59.182  -1.353 0.4000000060
35878  -38.359  -59.361  -1.464 0.5000000000
37807  -34.501  -57.564  1.453 0.4000000060
37817  -35.132  -57.849  1.063 0.4000000060
38687  -35.194  -56.982  0.888 0.4000000060
36854  -37.848  -58.699  -1.280 0.4000000060
35879  -39.584  -59.258  -1.563 0.5000000000
125415  -33.762  -55.717  1.331 0.4000000060
38675  -34.273  -56.516  1.310 0.4000000060
39550  -35.026  -55.793  0.691 0.4000000060
37832  -38.414  -57.839  -1.197 0.4000000060
36862  -38.980  -58.535  -1.441 0.5000000000
39537  -33.420  -54.844  1.424 0.4000000060
139384  -34.221  -54.065  1.304 0.4000000060
40492  -34.491  -54.998  1.076 0.4000000060
37825  -39.082  -57.023  -0.888 0.5000000000
43480  -33.577  -51.367  1.646 0.4000000060
142254  -33.478  -53.941  1.497 0.4000000060
42426  -33.542  -52.274  1.515 0.4000000060
41417  -33.933  -53.202  1.359 0.4000000060
42427  -34.404  -52.495  1.518 0.5000000000
41416  -33.058  -53.309  1.683 0.4000000060
137829  -39.449  -65.544  -3.212 0.5000000000
30811  -39.623  -63.974  -3.158 0.5000000000
30816  -41.357  -64.264  -3.379 0.4000000060
20292  -44.959  -74.200  -3.669 0.5000000000
20274  -41.049  -74.209  -2.517 0.8000000119
21303  -40.422  -73.754  -2.124 0.8000000119
21302  -39.800  -73.279  -1.731 0.6999999881
21304  -46.204  -73.453  -1.646 0.5000000000
21294  -46.456  -73.606  -0.682 0.5000000000
22327  -37.950  -71.580  -0.789 0.6999999881
22331  -45.073  -72.829  -0.154 0.4000000060
21293  -45.644  -73.194  -0.903 0.4000000060
23431  -37.382  -71.051  -0.595 0.6999999881
25530  -35.560  -69.532  -0.415 0.6999999881
128390  -44.618  -72.722  0.715 0.4000000060
26568  -34.583  -68.789  0.379 0.6000000238
23411  -43.193  -71.742  1.078 0.4000000060
27626  -33.332  -67.311  0.766 0.6000000238
28671  -32.988  -66.462  0.697 0.5000000000
134420  -33.507  -65.875  0.606 0.5000000000
30786  -33.677  -64.293  0.287 0.5000000000
129019  -33.070  -63.770  0.231 0.4000000060
34807  -32.743  -60.900  0.766 0.4000000060
34799  -33.086  -60.037  1.092 0.4000000060
35850  -33.359  -59.216  1.400 0.4000000060
36838  -33.727  -58.309  1.650 0.4000000060
37806  -33.580  -57.320  1.831 0.4000000060
38674  -33.244  -56.450  1.705 0.4000000060
39536  -32.923  -55.731  1.687 0.4000000060
43479  -32.880  -51.611  1.713 0.4000000060
20276  -42.540  -74.835  -3.208 0.8000000119
22349  -45.577  -72.805  -2.798 0.5000000000
23443  -39.439  -71.583  -2.940 0.6999999881
23445  -44.636  -71.445  -3.164 0.6000000238
23448  -42.872  -71.080  -3.964 0.6999999881
23447  -41.512  -71.812  -4.091 0.6999999881
24461  -43.623  -70.210  -2.821 0.6000000238
24466  -42.755  -70.236  -4.020 0.6000000238
24465  -42.050  -70.138  -4.341 0.6000000238
26584  -36.302  -68.746  -1.367 0.6999999881
24460  -43.129  -69.776  -2.442 0.5000000000
22318  -43.898  -72.170  0.667 0.5000000000
23433  -43.536  -71.082  -0.834 0.5000000000
137299  -41.975  -70.375  -0.607 0.3000000119
28700  -40.274  -66.422  -3.473 0.5000000000
29723  -35.852  -66.030  -0.242 0.6000000238
29743  -40.322  -65.715  -3.445 0.5000000000
31850  -41.990  -63.077  -3.012 0.4000000060
32835  -39.413  -61.828  -2.192 0.4000000060
35860  -33.919  -59.727  0.906 0.4000000060
12270  -40.199  -83.031  -3.355 0.4000000060
12271  -41.027  -82.659  -3.169 0.4000000060
12272  -41.820  -82.301  -3.053 0.4000000060
13155  -42.838  -81.850  -3.032 0.4000000060
13153  -41.041  -81.578  -3.092 0.4000000060
13154  -42.008  -81.776  -3.036 0.4000000060
14089  -42.486  -81.166  -2.660 0.4000000060
14066  -42.996  -80.637  -1.678 0.4000000060
140435  -44.637  -80.174  -1.642 0.5000000000
14088  -41.566  -81.025  -2.468 0.4000000060
14065  -42.125  -80.669  -1.222 0.4000000060
14036  -42.634  -80.259  -0.079 0.5000000000
14037  -43.420  -80.081  -0.429 0.5000000000
15025  -44.112  -79.233  -0.126 0.6000000238
13130  -40.373  -80.997  -1.879 0.4000000060
14064  -41.122  -80.696  -0.829 0.4000000060
14035  -41.728  -80.374  0.235 0.4000000060
15044  -44.112  -79.842  -0.666 0.5000000000
21279  -45.755  -73.466  -0.014 0.3000000119
141911  -45.840  -73.762  0.648 0.4000000060
22308  -44.192  -72.640  1.301 0.3000000119
15045  -44.821  -79.522  -0.854 0.5000000000
20280  -47.560  -75.018  -2.189 0.5000000000
132966  -47.344  -74.032  -0.384 0.4000000060
13996  -40.843  -80.151  2.071 0.4000000060
15023  -43.022  -79.795  0.741 0.5000000000
15024  -43.574  -79.489  0.348 0.5000000000
14014  -40.461  -80.369  1.554 0.4000000060
16060  -44.838  -78.909  -0.491 0.6000000238
16061  -45.292  -78.342  -1.203 0.6000000238
17159  -45.568  -77.692  -1.909 0.6999999881
20267  -47.340  -74.331  -1.879 0.5000000000
18258  -46.368  -76.678  -2.548 0.6999999881
19258  -46.725  -75.612  -2.756 0.6999999881
17169  -45.807  -77.294  -2.382 0.6999999881
18257  -45.581  -76.725  -2.628 0.6999999881
15009  -42.610  -79.503  1.439 0.5000000000
15010  -43.311  -79.259  1.158 0.6000000238
17139  -44.053  -78.517  0.014 0.6000000238
17151  -43.701  -77.594  -0.060 0.6000000238
14991  -41.401  -79.705  2.219 0.4000000060
14992  -42.138  -79.287  2.041 0.5000000000
16032  -43.377  -78.705  1.211 0.6000000238
17152  -44.610  -78.021  -0.551 0.6000000238
18240  -44.140  -77.080  -1.020 0.6000000238
18247  -44.544  -76.650  -1.874 0.6000000238
17158  -44.888  -77.401  -1.482 0.6000000238
18248  -45.230  -76.976  -2.201 0.6999999881
20279  -46.776  -74.581  -2.747 0.6000000238
20278  -46.290  -73.898  -3.054 0.5000000000
16012  -40.840  -78.669  2.824 0.6000000238
17105  -41.418  -78.119  2.410 0.6000000238
17121  -41.899  -77.683  1.740 0.6999999881
17122  -42.680  -78.198  1.485 0.6000000238
18226  -42.896  -76.990  0.181 0.6000000238
18246  -43.758  -76.425  -1.566 0.6000000238
133526  -40.974  -79.319  2.658 0.5000000000
16031  -42.795  -78.999  1.656 0.6000000238
18256  -44.928  -76.399  -2.794 0.6999999881
19255  -44.306  -75.872  -3.144 0.6999999881
121723  -45.787  -76.115  -2.969 0.6999999881
20293  -45.776  -74.118  -3.436 0.6000000238
19257  -46.098  -75.240  -3.268 0.6999999881
17120  -41.085  -77.209  1.986 0.6000000238
18207  -41.397  -76.855  1.022 0.6999999881
145750  -41.253  -76.415  0.233 0.6999999881
17137  -42.342  -77.339  0.938 0.6999999881
18238  -42.397  -76.369  -0.692 0.6000000238
20291  -44.005  -74.705  -3.599 0.5000000000
19244  -43.240  -75.978  -2.185 0.6999999881
18255  -44.056  -76.188  -2.493 0.6999999881
19266  -44.615  -75.161  -3.487 0.6000000238
19231  -40.554  -75.414  -0.495 0.6999999881
20266  -41.333  -74.864  -1.968 0.6999999881
141548  -40.882  -76.016  -0.144 0.6999999881
19233  -41.777  -76.001  -1.069 0.6000000238
19252  -41.998  -75.281  -2.260 0.5000000000
18225  -41.547  -76.213  -0.391 0.6999999881
20277  -43.268  -75.168  -3.336 0.5000000000
18245  -43.036  -76.237  -1.350 0.6000000238
19254  -43.520  -75.810  -3.014 0.6999999881
19265  -43.895  -75.417  -3.340 0.6000000238
20265  -40.647  -74.467  -1.661 0.6999999881
20264  -40.022  -74.013  -1.278 0.6999999881
20275  -41.821  -74.632  -2.788 0.6999999881
140480  -47.645  -74.233  -1.149 0.5000000000
139818  -42.257  -75.087  -2.749 0.6000000238
12293  -41.211  -82.273  -3.234 0.4000000060
14067  -43.913  -80.700  -2.075 0.4000000060
133955  -40.126  -80.703  -0.283 0.4000000060
14016  -42.252  -80.019  1.017 0.4000000060
14015  -41.374  -80.190  1.447 0.4000000060
17138  -43.666  -78.390  0.653 0.6000000238
18239  -43.364  -76.696  -0.688 0.6000000238
16030  -42.157  -78.609  2.094 0.6999999881
19232  -41.188  -75.745  -0.818 0.6999999881
19243  -42.364  -75.877  -1.721 0.6000000238
19241  -40.892  -75.160  -1.235 0.6000000238
18206  -40.548  -76.587  1.379 0.5000000000
15998  -40.244  -79.254  3.039 0.4000000060
17104  -40.575  -77.653  2.700 0.5000000000
19210  -40.086  -76.023  0.950 0.6000000238
14974  -39.416  -79.734  3.200 0.4000000060
15997  -39.446  -78.947  3.625 0.5000000000
17087  -40.126  -78.345  3.304 0.5000000000
121529  -40.115  -77.138  2.654 0.5000000000
18205  -39.879  -76.345  1.694 0.5000000000
20229  -39.187  -74.943  1.300 0.5000000000
18189  -40.296  -76.895  2.159 0.5000000000
19223  -40.282  -75.715  0.214 0.6000000238
20243  -39.902  -75.025  -0.116 0.5000000000
19222  -39.701  -75.331  0.674 0.5000000000
20255  -39.630  -74.286  -0.496 0.6999999881
20242  -39.260  -74.463  0.403 0.6000000238
21291  -38.775  -73.058  -0.395 0.6000000238
15996  -38.711  -78.647  4.204 0.5000000000
18169  -39.258  -76.871  3.353 0.5000000000
18187  -39.022  -75.991  2.770 0.5000000000
19195  -39.043  -75.435  1.995 0.5000000000
19196  -39.438  -76.018  2.066 0.5000000000
20241  -38.723  -74.176  1.261 0.6000000238
21276  -38.686  -73.540  0.509 0.5000000000
144840  -38.658  -77.837  4.316 0.5000000000
18168  -38.676  -76.320  3.565 0.5000000000
19179  -38.446  -75.560  3.305 0.5000000000
129627  -38.593  -75.164  2.605 0.5000000000
20228  -38.636  -74.716  1.934 0.5000000000
21292  -39.383  -73.569  -0.911 0.6000000238
21266  -38.332  -73.504  1.290 0.5000000000
22317  -38.204  -72.314  -0.010 0.6000000238
17071  -38.280  -77.278  4.572 0.5000000000
18151  -38.319  -76.526  4.215 0.5000000000
19178  -37.863  -75.298  3.900 0.5000000000
20204  -37.491  -74.507  3.559 0.5000000000
21253  -36.756  -73.188  2.731 0.6000000238
20217  -37.729  -74.228  2.752 0.4000000060
22295  -36.412  -72.491  2.372 0.4000000060
21254  -37.411  -73.558  2.361 0.5000000000
20218  -38.261  -74.564  2.491 0.4000000060
22294  -35.717  -72.199  2.721 0.4000000060
23398  -36.001  -71.794  2.003 0.5000000000
22296  -37.092  -72.824  2.014 0.5000000000
24408  -34.920  -70.911  2.071 0.4000000060
22304  -37.429  -72.457  1.282 0.6000000238
22316  -37.654  -72.203  0.593 0.6000000238
139371  -37.564  -71.571  0.064 0.6000000238
23430  -36.853  -70.498  -0.903 0.6000000238
23407  -35.501  -71.172  1.664 0.5000000000
24424  -35.511  -70.697  0.951 0.5000000000
22303  -36.692  -72.117  1.604 0.5000000000
24423  -34.533  -70.331  1.682 0.4000000060
24439  -34.898  -70.004  0.964 0.5000000000
24441  -36.101  -70.748  0.409 0.6000000238
23409  -36.994  -71.694  0.778 0.6000000238
23420  -36.883  -70.914  0.064 0.6000000238
25523  -34.916  -69.485  0.142 0.5000000000
26556  -33.429  -68.662  1.182 0.4000000060
25513  -33.918  -69.130  1.175 0.4000000060
25522  -34.431  -69.291  0.809 0.5000000000
24440  -35.440  -70.138  0.169 0.5000000000
139068  -32.600  -62.344  0.331 0.3000000119
31816  -32.211  -63.582  0.286 0.3000000119
30785  -32.683  -64.492  0.405 0.4000000060
29715  -32.649  -65.536  0.618 0.4000000060
127896  -32.167  -61.435  0.741 0.3000000119
140158  -32.915  -57.875  1.910 0.3000000119
131042  -32.554  -55.124  1.928 0.3000000119
40472  -32.772  -54.245  1.763 0.3000000119
26567  -34.086  -68.685  0.862 0.5000000000
33805  -32.713  -61.718  0.450 0.3000000119
20256  -40.273  -74.725  -0.861 0.5000000000
17103  -39.908  -77.421  3.162 0.5000000000
21265  -37.743  -73.207  1.629 0.5000000000
20257  -48.102  -74.534  -0.532 0.3000000119
18259  -47.187  -77.071  -2.137 0.6000000238
134167  -47.413  -76.052  -2.238 0.6000000238
19197  -44.971  -75.507  2.630 0.3000000119
20220  -46.167  -74.891  1.873 0.3000000119
20231  -46.815  -74.672  1.301 0.3000000119
21269  -46.318  -74.155  0.965 0.3000000119
19199  -46.653  -75.446  1.709 0.3000000119
20244  -47.144  -74.282  0.559 0.3000000119
21280  -46.505  -73.874  0.217 0.3000000119
18249  -48.081  -76.500  -1.728 0.6000000238
19245  -48.176  -75.505  -1.574 0.5000000000
18190  -44.614  -76.276  2.930 0.3000000119
20219  -45.486  -74.740  2.237 0.3000000119
20230  -45.894  -74.391  1.598 0.3000000119
21268  -45.540  -73.802  1.285 0.3000000119
20232  -47.588  -74.698  0.792 0.3000000119
20245  -47.939  -74.484  0.181 0.3000000119
19234  -48.619  -75.185  -0.601 0.4000000060
14990  -40.613  -79.776  2.503 0.4000000060
18171  -44.215  -76.594  3.468 0.3000000119
20208  -44.581  -74.542  2.675 0.3000000119
21258  -45.178  -73.966  2.033 0.3000000119
12274  -43.719  -82.289  -2.502 0.5000000000
12275  -44.188  -82.385  -2.057 0.5000000000
12249  -41.405  -82.742  -2.227 0.4000000060
12250  -42.278  -82.548  -2.270 0.4000000060
12273  -43.036  -82.182  -2.793 0.4000000060
12252  -43.730  -82.588  -0.994 0.5000000000
14106  -46.192  -80.726  -2.740 0.5000000000
13158  -45.916  -81.249  -2.735 0.5000000000
14091  -44.101  -81.663  -2.827 0.5000000000
123640  -44.962  -81.556  -2.791 0.5000000000
13156  -43.563  -82.052  -2.994 0.4000000060
16075  -47.880  -78.605  -1.830 0.6000000238
16089  -47.215  -79.131  -2.344 0.6000000238
142774  -46.191  -79.286  -2.264 0.5000000000
14092  -45.510  -80.881  -2.752 0.5000000000
14090  -43.288  -81.424  -2.770 0.3000000119
14068  -44.751  -80.940  -2.644 0.5000000000
17160  -47.910  -77.546  -1.768 0.6000000238
15062  -46.469  -78.646  -2.315 0.6000000238
16074  -45.878  -78.725  -2.000 0.6000000238
14069  -45.246  -80.112  -2.002 0.4000000060
15061  -45.920  -79.905  -2.262 0.5000000000
18250  -48.619  -77.041  -1.186 0.6000000238
19211  -47.597  -75.279  1.218 0.3000000119
18241  -49.044  -75.954  -0.211 0.4000000060
17170  -46.450  -77.626  -2.323 0.6000000238
15046  -45.361  -79.279  -1.352 0.4000000060
18208  -47.162  -76.038  1.599 0.3000000119
19198  -45.840  -75.521  2.214 0.3000000119
19212  -48.213  -74.985  0.573 0.3000000119
19246  -48.683  -76.059  -0.994 0.5000000000
16088  -45.990  -77.973  -2.189 0.6000000238
17171  -47.167  -78.092  -2.228 0.6000000238
138865  -48.347  -75.571  0.897 0.3000000119
16076  -48.602  -79.061  -1.422 0.5000000000
16062  -49.325  -78.697  -0.957 0.5000000000
17161  -48.655  -78.110  -1.308 0.5000000000
16063  -49.622  -78.485  -0.167 0.4000000060
17153  -49.216  -77.632  -0.547 0.5000000000
15048  -49.606  -79.231  -0.562 0.5000000000
138482  -49.144  -79.368  -1.056 0.5000000000
15026  -50.019  -79.074  0.368 0.4000000060
17126  -49.673  -77.836  0.959 0.4000000060
18228  -49.298  -76.951  0.666 0.4000000060
145508  -48.974  -76.633  -0.522 0.5000000000
15076  -47.235  -79.923  -2.428 0.5000000000
15063  -47.823  -79.536  -1.918 0.5000000000
18227  -49.061  -76.246  0.304 0.4000000060
7722  -40.918  -87.363  -2.764 0.3000000119
7734  -40.209  -87.523  -3.411 0.3000000119
142781  -43.280  -86.857  -2.817 0.3000000119
8595  -44.330  -86.577  -2.126 0.4000000060
136371  -41.669  -87.078  -2.349 0.3000000119
7703  -41.288  -86.909  -1.158 0.3000000119
8580  -44.200  -86.282  -1.302 0.4000000060
145361  -42.620  -86.670  -1.000 0.3000000119
8578  -41.768  -86.590  -0.360 0.3000000119
8582  -45.414  -85.970  -0.914 0.4000000060
9478  -45.739  -85.304  0.065 0.4000000060
8566  -43.672  -85.990  -0.321 0.4000000060
8579  -42.924  -86.372  -0.424 0.4000000060
8564  -42.015  -86.042  0.276 0.4000000060
8565  -42.908  -85.800  0.207 0.4000000060
11250  -47.680  -83.267  2.599 0.3000000119
10404  -47.030  -84.851  0.759 0.4000000060
128441  -46.493  -85.011  0.506 0.4000000060
10403  -45.999  -84.307  0.369 0.4000000060
10402  -44.839  -84.197  0.880 0.4000000060
10401  -43.758  -84.519  0.683 0.4000000060
127357  -43.059  -85.131  0.463 0.4000000060
12203  -48.455  -82.388  2.524 0.3000000119
10405  -47.250  -84.220  0.764 0.4000000060
11290  -47.155  -83.540  0.548 0.4000000060
127129  -46.826  -84.312  0.512 0.4000000060
11289  -46.357  -83.448  0.457 0.4000000060
135315  -45.723  -82.565  0.321 0.4000000060
11288  -45.007  -83.164  0.813 0.4000000060
11287  -43.992  -83.547  0.833 0.4000000060
10400  -42.773  -84.428  0.662 0.4000000060
12234  -48.008  -82.527  0.746 0.4000000060
127029  -47.670  -82.603  0.184 0.4000000060
13110  -45.895  -82.050  -0.291 0.4000000060
12232  -44.980  -82.370  0.012 0.4000000060
11286  -42.510  -83.577  0.407 0.4000000060
12231  -44.148  -82.746  0.324 0.4000000060
136240  -42.079  -84.206  0.565 0.4000000060
13112  -48.388  -82.136  -0.045 0.4000000060
13111  -46.852  -81.817  -0.411 0.4000000060
13132  -46.140  -81.607  -1.818 0.4000000060
12254  -45.363  -81.972  -1.197 0.4000000060
12230  -43.214  -82.973  0.174 0.4000000060
12253  -44.703  -82.259  -1.894 0.4000000060
13135  -48.517  -81.506  -0.609 0.4000000060
13159  -47.324  -81.101  -2.064 0.4000000060
144385  -46.331  -81.005  -2.882 0.4000000060
14071  -49.654  -79.752  -0.182 0.4000000060
14070  -48.385  -80.827  -1.299 0.4000000060
15064  -48.497  -79.908  -1.441 0.4000000060
16018  -50.238  -78.963  1.681 0.3000000119
16033  -49.719  -78.218  1.406 0.3000000119
13131  -45.163  -81.846  -2.485 0.4000000060
15047  -49.149  -79.971  -0.833 0.4000000060
17125  -49.284  -77.295  1.171 0.3000000119
14094  -47.650  -80.374  -1.998 0.4000000060
8581  -44.888  -86.213  -1.446 0.4000000060
9491  -44.708  -85.751  -0.880 0.4000000060
9477  -44.865  -85.208  -0.060 0.4000000060
9476  -43.818  -85.443  0.127 0.4000000060
11266  -47.349  -83.850  1.657 0.4000000060
10382  -47.240  -84.661  1.066 0.4000000060
13084  -49.102  -81.547  2.059 0.3000000119
12217  -47.828  -82.935  1.608 0.4000000060
11291  -47.495  -83.348  0.758 0.4000000060
12233  -46.650  -82.515  0.291 0.4000000060
13133  -47.235  -81.462  -1.504 0.4000000060
137103  -46.617  -81.309  -2.351 0.4000000060
14038  -49.238  -80.624  -0.259 0.4000000060
141353  -46.318  -86.118  2.152 0.3000000119
7705  -44.897  -87.672  -0.257 0.3000000119
6926  -44.473  -87.498  -1.825 0.3000000119
7706  -45.404  -86.761  -0.361 0.3000000119
9464  -46.325  -86.039  1.355 0.3000000119
7725  -44.588  -86.747  -1.839 0.3000000119
8567  -45.721  -86.258  0.144 0.3000000119
10381  -46.737  -85.325  1.384 0.3000000119
9479  -46.185  -85.753  0.667 0.3000000119
12235  -48.717  -81.718  1.069 0.3000000119
13114  -49.641  -80.548  0.723 0.3000000119
15011  -50.315  -79.298  1.249 0.3000000119
10368  -47.238  -84.105  2.829 0.3000000119
13113  -49.046  -81.304  0.314 0.3000000119
6908  -44.467  -88.093  -0.800 0.3000000119
7704  -42.415  -86.818  -1.839 0.3000000119
7724  -44.276  -87.058  -2.409 0.3000000119
8594  -43.521  -86.512  -1.989 0.4000000060
9492  -45.263  -85.796  -0.891 0.4000000060
12218  -48.349  -82.155  1.660 0.3000000119
13134  -47.964  -81.481  -1.314 0.4000000060
13157  -44.303  -82.086  -2.700 0.5000000000
13178  -46.514  -81.060  -2.697 0.4000000060
14034  -40.772  -80.463  0.541 0.4000000060
14039  -49.921  -79.881  0.566 0.3000000119
14093  -46.773  -80.634  -2.592 0.4000000060
15008  -41.966  -79.750  1.696 0.5000000000
15075  -46.613  -79.775  -2.490 0.5000000000
15985  -38.088  -78.179  4.778 0.5000000000
16013  -41.582  -79.015  2.513 0.5000000000
16034  -50.112  -78.629  1.106 0.3000000119
16047  -43.789  -79.006  0.759 0.6000000238
16048  -49.831  -78.340  0.568 0.4000000060
17085  -38.732  -77.128  3.957 0.5000000000
17086  -39.310  -77.903  3.789 0.5000000000
17109  -48.859  -77.843  1.661 0.3000000119
17140  -49.538  -77.644  0.313 0.4000000060
18188  -39.693  -76.656  2.554 0.5000000000
18210  -48.810  -76.320  0.896 0.3000000119
18224  -40.706  -76.289  0.569 0.6999999881
18242  -49.292  -76.734  0.074 0.4000000060
19164  -38.273  -75.912  3.886 0.5000000000
19209  -39.558  -75.691  1.426 0.5000000000
19213  -48.772  -75.490  0.255 0.4000000060
19242  -41.578  -75.517  -1.521 0.6000000238
19253  -42.714  -75.506  -2.711 0.6999999881
19256  -45.187  -75.661  -3.276 0.6999999881
19267  -45.496  -74.813  -3.479 0.6000000238
19268  -46.160  -74.493  -3.285 0.6000000238
20205  -38.109  -74.845  3.118 0.5000000000
20246  -48.528  -74.794  0.001 0.4000000060
20268  -47.992  -74.745  -1.359 0.3000000119
21243  -37.148  -73.810  3.159 0.6000000238
21255  -38.120  -73.992  1.966 0.4000000060
21277  -39.122  -73.808  -0.192 0.6000000238
21278  -45.260  -73.308  0.688 0.4000000060
21305  -47.067  -73.800  -1.392 0.5000000000
21317  -46.666  -73.873  -2.274 0.5000000000
22305  -38.141  -72.829  0.855 0.6000000238
22329  -39.138  -72.827  -1.365 0.6999999881
23408  -36.163  -71.377  1.127 0.5000000000
23442  -39.229  -70.853  -3.321 0.6999999881
24422  -34.204  -69.671  1.385 0.4000000060
24446  -36.163  -70.197  -0.440 0.6000000238
24447  -36.496  -69.948  -1.122 0.6999999881
24464  -41.018  -70.266  -4.020 0.6000000238
25536  -37.061  -69.431  -1.985 0.6999999881
25546  -39.662  -69.622  -3.609 0.6000000238
26566  -33.703  -68.073  0.827 0.5000000000
26589  -37.194  -68.885  -2.233 0.6999999881
26591  -42.305  -67.895  -3.077 0.5000000000
26596  -40.607  -68.301  -3.599 0.5000000000
27643  -41.398  -67.215  -2.274 0.3000000119
27653  -41.748  -67.011  -3.518 0.5000000000
27654  -42.173  -66.886  -3.234 0.5000000000
28694  -38.403  -66.831  -2.774 0.5000000000
28696  -42.322  -65.858  -3.021 0.3000000119
29724  -36.361  -65.456  -0.753 0.5000000000
29733  -42.162  -64.518  -3.026 0.3000000119
29738  -42.286  -65.656  -3.053 0.3000000119
30817  -42.135  -64.460  -3.108 0.4000000060
31817  -32.965  -62.976  0.180 0.3000000119
31828  -35.333  -63.811  -0.415 0.4000000060
31841  -41.954  -63.160  -3.019 0.4000000060
31851  -40.835  -63.676  -3.362 0.4000000060
31852  -41.808  -63.575  -3.125 0.4000000060
32805  -38.108  -62.458  1.350 0.4000000060
32827  -40.999  -61.902  -1.614 0.3000000119
32836  -40.718  -61.925  -2.579 0.4000000060
32846  -41.439  -62.657  -3.021 0.4000000060
33826  -37.010  -61.802  -1.284 0.4000000060
36837  -32.694  -58.607  1.735 0.3000000119
37833  -39.683  -57.696  -1.297 0.5000000000
121460  -38.777  -71.123  -2.606 0.6999999881
125510  -42.247  -71.680  -4.191 0.6999999881
126551  -37.357  -63.880  1.574 0.4000000060
129079  -42.449  -82.135  -3.036 0.4000000060
131639  -43.196  -83.775  0.754 0.4000000060
131681  -40.684  -66.942  -3.562 0.5000000000
131717  -44.141  -87.693  -2.282 0.3000000119
133197  -45.182  -72.601  -1.082 0.4000000060
133439  -43.210  -77.830  0.844 0.6000000238
135597  -39.825  -66.951  -3.403 0.5000000000
135627  -45.058  -86.588  -1.233 0.3000000119
135990  -46.873  -84.678  2.178 0.3000000119
136814  -44.312  -82.427  -0.774 0.4000000060
138275  -48.012  -81.973  -0.693 0.4000000060
139372  -40.996  -61.344  -1.223 0.4000000060
140723  -39.516  -60.541  -1.701 0.4000000060
142663  -44.755  -87.288  -1.296 0.3000000119
142722  -38.466  -72.916  0.273 0.5000000000
143737  -34.393  -55.765  1.122 0.4000000060
144483  -35.094  -70.612  1.482 0.4000000060
145366  -41.982  -76.642  0.249 0.6999999881
145589  -36.513  -71.207  0.591 0.6000000238
145934  -46.682  -85.386  0.816 0.3000000119
