#!ascii label  , from subject sub-v1s7x0051327_ses-1 vox2ras=TkReg
862
42852  27.473  -45.654  86.109 0.0000000000
61132  43.332  -30.538  69.744 0.0000000000
63352  49.419  -26.911  66.849 0.0000000000
51530  43.434  -38.485  80.724 0.0000000000
39606  32.538  -49.606  80.565 0.0000000000
37507  31.024  -51.244  85.322 0.0000000000
63315  46.981  -27.812  69.247 0.0000000000
59137  48.944  -31.388  74.027 0.0000000000
147213  38.593  -40.640  82.243 0.0000000000
38513  37.190  -50.187  81.712 0.0000000000
69622  57.101  -21.361  62.121 0.0000000000
67457  49.786  -23.466  65.434 0.0000000000
53624  39.786  -36.825  76.146 0.0000000000
58075  44.508  -33.410  75.963 0.0000000000
41736  30.768  -47.777  83.789 0.0000000000
145026  29.050  -48.441  85.312 0.0000000000
62192  44.713  -28.900  69.360 0.0000000000
62150  48.831  -29.183  72.058 0.0000000000
61100  45.632  -30.291  71.885 0.0000000000
41776  42.232  -47.227  78.785 0.0000000000
127676  34.172  -52.507  83.933 0.0000000000
38533  35.353  -50.728  81.542 0.0000000000
35406  35.846  -52.802  82.508 0.0000000000
137628  55.641  -21.114  64.621 0.0000000000
67509  54.162  -23.322  61.099 0.0000000000
67453  54.064  -23.047  65.810 0.0000000000
65483  48.656  -26.202  66.956 0.0000000000
66491  48.489  -24.513  65.466 0.0000000000
65505  49.011  -25.845  65.972 0.0000000000
65538  49.484  -24.730  62.947 0.0000000000
146840  47.991  -26.485  63.894 0.0000000000
50459  41.509  -39.622  81.771 0.0000000000
52559  38.833  -38.135  80.528 0.0000000000
54767  41.264  -36.302  80.041 0.0000000000
55967  41.701  -35.004  76.302 0.0000000000
137677  44.026  -35.373  79.306 0.0000000000
54791  46.278  -35.333  76.739 0.0000000000
51552  44.004  -37.531  78.100 0.0000000000
38498  32.346  -50.212  83.696 0.0000000000
63341  46.466  -27.388  66.715 0.0000000000
63329  49.427  -27.344  68.713 0.0000000000
61138  50.191  -28.932  69.989 0.0000000000
59170  48.928  -31.214  70.739 0.0000000000
44063  37.497  -45.772  81.766 0.0000000000
45200  39.186  -44.886  81.147 0.0000000000
46187  41.632  -43.387  80.012 0.0000000000
47199  43.029  -42.613  78.472 0.0000000000
49416  41.752  -40.280  78.336 0.0000000000
41754  37.402  -46.881  81.206 0.0000000000
39602  38.439  -49.838  81.057 0.0000000000
69666  56.493  -21.108  58.420 0.0000000000
69577  51.259  -22.701  65.544 0.0000000000
133875  51.866  -24.279  63.636 0.0000000000
64511  50.203  -26.394  60.792 0.0000000000
59140  44.256  -32.239  72.891 0.0000000000
59118  46.620  -32.248  75.230 0.0000000000
54821  47.171  -35.008  74.621 0.0000000000
41711  27.567  -47.292  85.242 0.0000000000
41698  28.779  -46.793  85.400 0.0000000000
40602  27.994  -48.192  84.993 0.0000000000
61139  44.365  -29.519  69.810 0.0000000000
61129  45.449  -29.377  70.829 0.0000000000
61115  44.422  -30.316  70.909 0.0000000000
133457  35.371  -53.030  83.107 0.0000000000
69599  53.619  -21.501  63.981 0.0000000000
68512  55.312  -22.285  65.510 0.0000000000
135154  53.668  -21.951  65.577 0.0000000000
64461  49.227  -26.441  67.013 0.0000000000
66475  48.795  -25.763  66.060 0.0000000000
124218  49.125  -26.340  66.515 0.0000000000
64480  48.447  -26.227  64.611 0.0000000000
50457  43.172  -38.862  81.450 0.0000000000
52543  41.022  -37.779  81.760 0.0000000000
53554  43.115  -37.472  81.358 0.0000000000
55907  43.025  -35.446  79.892 0.0000000000
128293  43.749  -37.093  80.691 0.0000000000
146680  45.133  -36.544  78.892 0.0000000000
142103  43.532  -38.258  79.708 0.0000000000
144837  31.341  -48.943  84.170 0.0000000000
38465  31.786  -50.714  85.123 0.0000000000
36482  32.702  -52.197  84.656 0.0000000000
63332  45.629  -27.935  68.114 0.0000000000
63342  45.722  -27.792  67.096 0.0000000000
63331  46.492  -27.554  67.609 0.0000000000
149764  48.224  -26.680  67.690 0.0000000000
64420  48.833  -27.176  68.846 0.0000000000
145131  49.748  -27.728  69.386 0.0000000000
63296  48.882  -27.969  70.006 0.0000000000
61087  48.813  -30.285  73.157 0.0000000000
138977  49.682  -29.842  72.295 0.0000000000
59150  49.372  -31.240  72.428 0.0000000000
58131  47.969  -32.539  71.506 0.0000000000
57079  47.823  -33.369  72.876 0.0000000000
42907  38.946  -47.090  81.351 0.0000000000
45201  38.377  -45.181  81.761 0.0000000000
42919  40.190  -47.074  80.369 0.0000000000
44114  42.718  -45.412  79.011 0.0000000000
47184  42.782  -42.614  79.269 0.0000000000
39572  36.229  -50.381  81.929 0.0000000000
39588  36.854  -49.111  81.240 0.0000000000
134480  37.325  -48.868  81.495 0.0000000000
40637  37.808  -48.512  81.534 0.0000000000
38532  37.681  -50.271  81.504 0.0000000000
71554  57.081  -20.175  62.936 0.0000000000
69654  56.475  -21.368  59.257 0.0000000000
67502  53.534  -23.957  61.690 0.0000000000
144183  49.006  -24.058  65.589 0.0000000000
67481  48.558  -23.633  64.412 0.0000000000
68532  49.096  -23.327  64.982 0.0000000000
68547  49.624  -22.740  63.857 0.0000000000
67456  50.551  -23.160  65.702 0.0000000000
66488  51.855  -23.550  65.384 0.0000000000
67470  50.945  -23.416  65.461 0.0000000000
65539  48.467  -25.838  62.386 0.0000000000
124109  49.968  -25.224  61.918 0.0000000000
136095  37.080  -41.734  83.058 0.0000000000
50463  37.029  -39.895  82.288 0.0000000000
52572  39.517  -37.664  78.353 0.0000000000
51555  38.538  -38.676  77.416 0.0000000000
57042  43.067  -34.145  76.092 0.0000000000
57055  42.127  -34.534  74.978 0.0000000000
57064  42.998  -33.905  74.193 0.0000000000
58114  43.162  -33.227  73.026 0.0000000000
58099  44.024  -32.999  74.185 0.0000000000
59130  45.349  -32.065  74.124 0.0000000000
58086  45.848  -32.698  75.814 0.0000000000
53622  46.081  -36.337  76.285 0.0000000000
53621  46.688  -35.505  75.918 0.0000000000
53649  45.791  -36.478  74.535 0.0000000000
135562  45.720  -36.030  73.297 0.0000000000
41708  30.354  -47.978  85.029 0.0000000000
126982  30.337  -49.588  85.288 0.0000000000
38481  29.469  -51.037  84.835 0.0000000000
39535  29.008  -49.576  84.973 0.0000000000
62190  46.478  -28.398  69.769 0.0000000000
62178  48.445  -28.402  70.726 0.0000000000
62162  46.168  -29.013  71.030 0.0000000000
61112  46.789  -29.565  71.986 0.0000000000
60094  47.300  -30.514  73.605 0.0000000000
38516  33.395  -51.015  82.598 0.0000000000
38553  33.818  -50.760  80.722 0.0000000000
37540  34.864  -51.434  82.745 0.0000000000
37538  36.090  -51.746  82.647 0.0000000000
37549  36.626  -51.702  82.246 0.0000000000
37558  37.587  -51.364  81.226 0.0000000000
36521  36.776  -52.501  81.184 0.0000000000
69598  56.785  -21.080  63.853 0.0000000000
136153  55.740  -22.455  61.999 0.0000000000
68545  55.813  -22.420  64.090 0.0000000000
140678  54.593  -23.470  63.635 0.0000000000
66531  53.214  -24.385  62.613 0.0000000000
65508  47.087  -26.137  65.422 0.0000000000
65506  48.194  -24.996  65.790 0.0000000000
66476  48.694  -24.951  65.639 0.0000000000
148119  49.631  -24.098  65.240 0.0000000000
66505  49.906  -24.051  64.801 0.0000000000
65516  49.286  -24.667  65.126 0.0000000000
64490  48.185  -25.889  63.543 0.0000000000
49368  39.952  -40.205  81.534 0.0000000000
51516  38.732  -38.815  82.031 0.0000000000
51515  40.163  -38.710  81.697 0.0000000000
53574  40.068  -37.233  80.261 0.0000000000
53595  40.565  -36.710  78.679 0.0000000000
54802  40.891  -35.847  76.392 0.0000000000
54781  41.637  -35.618  78.667 0.0000000000
134517  42.807  -34.721  78.573 0.0000000000
57014  44.122  -34.126  78.108 0.0000000000
57027  45.332  -34.042  77.433 0.0000000000
55923  45.184  -35.261  78.576 0.0000000000
52577  45.359  -36.520  77.569 0.0000000000
51570  44.033  -37.693  76.119 0.0000000000
41747  30.938  -47.817  83.042 0.0000000000
40625  31.704  -48.844  82.980 0.0000000000
136406  32.224  -49.655  82.735 0.0000000000
38497  33.200  -51.201  83.655 0.0000000000
133174  33.117  -52.805  84.425 0.0000000000
65484  47.909  -26.374  66.884 0.0000000000
64453  49.008  -26.515  67.498 0.0000000000
124513  49.455  -26.988  67.470 0.0000000000
62210  50.016  -28.261  67.953 0.0000000000
61159  49.825  -29.007  68.214 0.0000000000
143842  49.112  -30.281  68.937 0.0000000000
62158  49.742  -28.888  71.165 0.0000000000
60126  49.878  -29.706  70.563 0.0000000000
45202  36.901  -44.676  81.954 0.0000000000
45194  37.348  -44.336  82.383 0.0000000000
46165  38.159  -43.682  82.356 0.0000000000
47158  39.002  -42.466  81.517 0.0000000000
42934  40.785  -46.512  79.780 0.0000000000
45209  40.614  -44.577  80.145 0.0000000000
136132  39.907  -42.252  80.813 0.0000000000
48271  41.640  -41.130  80.858 0.0000000000
48269  42.592  -40.927  80.513 0.0000000000
130008  42.716  -40.597  79.860 0.0000000000
50488  42.484  -39.320  79.117 0.0000000000
48321  42.615  -41.385  78.632 0.0000000000
42895  37.493  -46.670  81.353 0.0000000000
138573  38.339  -48.221  81.498 0.0000000000
134246  39.258  -49.104  80.758 0.0000000000
37557  38.165  -50.898  80.705 0.0000000000
37556  38.784  -50.732  80.107 0.0000000000
124200  57.351  -20.576  58.240 0.0000000000
136830  52.200  -21.911  64.534 0.0000000000
68507  52.463  -22.783  65.932 0.0000000000
66502  53.044  -24.274  64.491 0.0000000000
66533  52.188  -24.640  62.881 0.0000000000
66519  50.497  -24.614  62.930 0.0000000000
65537  50.971  -25.220  62.115 0.0000000000
65563  51.144  -25.649  60.929 0.0000000000
126358  37.465  -38.925  79.906 0.0000000000
59164  42.963  -32.114  71.101 0.0000000000
59163  43.655  -31.743  71.354 0.0000000000
59151  44.627  -31.551  72.450 0.0000000000
60085  46.763  -31.115  73.983 0.0000000000
59127  48.054  -31.472  74.573 0.0000000000
57039  46.719  -33.910  76.515 0.0000000000
55977  47.558  -33.933  75.558 0.0000000000
57069  48.512  -32.914  74.263 0.0000000000
56011  47.447  -34.163  73.293 0.0000000000
50489  42.401  -38.666  78.277 0.0000000000
51554  42.374  -38.387  77.280 0.0000000000
42866  27.930  -46.568  85.463 0.0000000000
42867  27.129  -46.429  85.761 0.0000000000
41710  28.445  -47.492  85.314 0.0000000000
61140  43.691  -29.853  69.486 0.0000000000
61130  44.711  -29.764  70.541 0.0000000000
61131  44.005  -30.271  70.238 0.0000000000
69583  54.065  -21.623  64.935 0.0000000000
69600  52.735  -21.766  63.743 0.0000000000
63365  49.077  -27.033  66.125 0.0000000000
64470  48.867  -26.307  65.704 0.0000000000
147350  43.384  -38.956  81.227 0.0000000000
51512  43.625  -38.281  81.873 0.0000000000
51523  43.558  -38.254  81.430 0.0000000000
53562  43.278  -37.262  81.112 0.0000000000
52557  43.637  -37.775  80.674 0.0000000000
51529  44.117  -37.908  80.027 0.0000000000
51537  43.234  -38.761  80.233 0.0000000000
38466  30.779  -50.368  85.360 0.0000000000
124841  31.499  -50.111  85.178 0.0000000000
137060  31.442  -50.710  85.297 0.0000000000
37518  30.587  -51.817  84.923 0.0000000000
141285  46.606  -27.665  68.501 0.0000000000
63330  47.372  -27.364  68.793 0.0000000000
63314  48.140  -27.504  69.287 0.0000000000
63313  49.245  -27.568  69.371 0.0000000000
60092  49.073  -30.621  73.390 0.0000000000
133238  49.469  -30.297  72.774 0.0000000000
58110  49.193  -31.237  73.633 0.0000000000
58121  49.077  -31.816  73.062 0.0000000000
58111  48.954  -32.037  73.921 0.0000000000
137180  39.426  -48.151  80.848 0.0000000000
41765  39.478  -47.499  80.845 0.0000000000
41764  40.242  -47.960  80.349 0.0000000000
38514  36.589  -50.518  81.950 0.0000000000
39589  36.060  -49.960  81.217 0.0000000000
39571  36.869  -49.720  81.686 0.0000000000
39570  37.515  -49.143  81.554 0.0000000000
69621  57.376  -20.649  62.480 0.0000000000
70607  57.457  -20.071  62.534 0.0000000000
69631  57.576  -20.872  61.583 0.0000000000
69643  57.011  -21.356  59.953 0.0000000000
69632  56.845  -21.485  60.906 0.0000000000
68517  49.461  -23.495  65.345 0.0000000000
126108  49.982  -23.213  65.563 0.0000000000
64502  48.183  -26.281  62.165 0.0000000000
65552  48.863  -26.221  61.753 0.0000000000
48256  38.025  -41.278  82.429 0.0000000000
49359  37.089  -40.710  82.826 0.0000000000
133809  37.435  -40.479  82.612 0.0000000000
52579  39.546  -37.573  77.493 0.0000000000
52587  39.372  -37.532  76.597 0.0000000000
57041  43.856  -33.774  76.517 0.0000000000
57054  42.828  -34.073  75.039 0.0000000000
57053  43.691  -33.730  75.517 0.0000000000
57063  43.568  -33.634  74.592 0.0000000000
58088  44.300  -33.253  75.032 0.0000000000
58087  45.068  -32.858  75.496 0.0000000000
58074  45.221  -33.171  76.306 0.0000000000
52593  45.511  -36.828  75.945 0.0000000000
53635  46.114  -36.359  75.459 0.0000000000
52605  45.351  -36.919  75.071 0.0000000000
52618  45.060  -36.889  74.223 0.0000000000
41709  29.855  -47.843  85.404 0.0000000000
42865  29.984  -47.168  85.287 0.0000000000
40601  30.309  -48.723  85.201 0.0000000000
39534  29.722  -49.174  85.280 0.0000000000
62201  44.316  -28.698  68.657 0.0000000000
63316  45.107  -28.355  68.824 0.0000000000
62191  45.519  -28.619  69.562 0.0000000000
62180  45.919  -28.868  70.307 0.0000000000
61113  46.012  -29.634  71.551 0.0000000000
61099  46.339  -30.081  72.351 0.0000000000
61098  47.264  -29.718  72.583 0.0000000000
61089  46.925  -30.106  73.037 0.0000000000
37541  33.988  -51.468  83.208 0.0000000000
37550  33.962  -51.314  82.308 0.0000000000
37530  34.669  -51.941  83.466 0.0000000000
36505  35.687  -52.336  83.109 0.0000000000
36504  36.207  -52.175  82.635 0.0000000000
36512  36.471  -52.260  82.090 0.0000000000
70592  55.239  -20.674  63.562 0.0000000000
70591  56.264  -20.660  63.918 0.0000000000
70590  56.758  -20.719  63.611 0.0000000000
70581  56.315  -21.202  64.353 0.0000000000
68544  56.511  -21.657  63.816 0.0000000000
68528  56.091  -21.863  64.628 0.0000000000
147349  54.751  -22.738  65.653 0.0000000000
67478  55.099  -23.070  64.455 0.0000000000
67479  54.262  -23.672  64.345 0.0000000000
66515  53.932  -24.006  63.364 0.0000000000
67480  53.629  -24.111  64.196 0.0000000000
65497  48.286  -25.792  66.315 0.0000000000
65507  47.778  -25.569  65.753 0.0000000000
66490  49.143  -24.430  65.341 0.0000000000
65525  47.896  -25.935  62.771 0.0000000000
64491  47.500  -26.586  63.267 0.0000000000
135787  40.892  -39.799  81.629 0.0000000000
50447  40.157  -39.144  81.705 0.0000000000
50460  40.874  -39.137  81.814 0.0000000000
53565  41.463  -36.799  81.146 0.0000000000
53566  40.910  -37.017  81.155 0.0000000000
53573  40.769  -36.826  80.553 0.0000000000
53583  40.625  -36.745  79.661 0.0000000000
54782  41.134  -36.145  79.189 0.0000000000
54793  41.087  -36.142  78.216 0.0000000000
54766  41.753  -35.763  79.520 0.0000000000
55906  43.617  -35.460  79.939 0.0000000000
55925  42.890  -34.976  79.320 0.0000000000
135720  43.431  -34.665  78.745 0.0000000000
55943  43.475  -34.272  78.102 0.0000000000
55942  44.164  -34.775  78.673 0.0000000000
55941  44.996  -34.863  78.446 0.0000000000
54765  44.732  -35.298  79.064 0.0000000000
52571  44.809  -36.922  78.419 0.0000000000
52570  45.299  -36.296  78.186 0.0000000000
52578  44.794  -37.076  77.419 0.0000000000
51561  43.952  -37.466  77.085 0.0000000000
42886  30.304  -46.820  83.269 0.0000000000
42897  30.599  -47.275  82.738 0.0000000000
42885  30.579  -47.321  83.413 0.0000000000
39557  31.798  -49.335  83.792 0.0000000000
38517  32.696  -50.658  83.005 0.0000000000
127551  32.565  -50.895  84.303 0.0000000000
142912  46.472  -27.254  65.876 0.0000000000
125999  47.093  -26.849  66.425 0.0000000000
64442  48.895  -26.910  68.192 0.0000000000
64441  49.297  -26.954  67.849 0.0000000000
63340  49.844  -27.567  67.773 0.0000000000
63328  49.691  -27.356  68.266 0.0000000000
63312  50.007  -27.954  69.728 0.0000000000
62200  50.165  -28.413  68.792 0.0000000000
61149  50.105  -29.065  69.094 0.0000000000
61150  49.435  -29.691  68.572 0.0000000000
60134  49.717  -29.674  69.479 0.0000000000
62160  48.005  -28.818  71.442 0.0000000000
62159  49.241  -28.820  71.365 0.0000000000
59161  49.697  -30.401  72.247 0.0000000000
60119  49.873  -29.642  71.626 0.0000000000
59169  49.671  -30.401  71.279 0.0000000000
60127  49.291  -30.606  70.418 0.0000000000
124514  37.170  -44.924  82.059 0.0000000000
143510  37.554  -44.993  82.138 0.0000000000
46178  38.583  -44.252  81.765 0.0000000000
46164  38.709  -43.346  81.657 0.0000000000
46177  39.232  -43.822  81.141 0.0000000000
41777  41.643  -47.659  79.169 0.0000000000
42933  41.649  -46.852  79.294 0.0000000000
45218  42.087  -44.776  79.453 0.0000000000
44095  41.224  -44.962  79.709 0.0000000000
46188  40.757  -43.733  80.248 0.0000000000
46176  40.047  -43.200  80.597 0.0000000000
47170  40.957  -42.917  80.300 0.0000000000
47157  41.015  -42.055  80.468 0.0000000000
47169  41.799  -42.568  80.184 0.0000000000
47183  42.912  -42.306  79.081 0.0000000000
47167  42.694  -42.036  79.482 0.0000000000
48295  42.724  -41.666  79.481 0.0000000000
49388  42.721  -40.913  80.132 0.0000000000
48306  42.941  -41.896  79.015 0.0000000000
48307  42.761  -41.324  78.871 0.0000000000
48320  42.922  -42.164  78.597 0.0000000000
38534  34.418  -51.107  81.640 0.0000000000
38566  34.278  -50.463  79.888 0.0000000000
38552  34.659  -50.667  80.639 0.0000000000
41766  37.107  -47.400  80.507 0.0000000000
42921  36.951  -46.513  80.087 0.0000000000
42909  37.226  -46.372  80.959 0.0000000000
42896  37.416  -46.199  81.500 0.0000000000
135600  38.214  -49.094  81.459 0.0000000000
40636  38.103  -48.642  81.557 0.0000000000
40648  39.032  -48.653  81.062 0.0000000000
39585  38.606  -49.268  81.134 0.0000000000
37564  39.377  -51.024  79.350 0.0000000000
70645  57.135  -20.991  58.992 0.0000000000
70654  56.507  -20.758  57.620 0.0000000000
70655  55.821  -20.835  57.059 0.0000000000
68564  54.929  -22.907  61.477 0.0000000000
66492  47.696  -24.761  64.935 0.0000000000
66507  46.926  -25.162  64.421 0.0000000000
68530  50.262  -22.600  64.580 0.0000000000
69602  50.939  -22.240  64.059 0.0000000000
69585  51.482  -22.175  64.762 0.0000000000
69576  52.132  -22.339  65.470 0.0000000000
68515  51.734  -23.009  65.947 0.0000000000
66503  52.292  -24.053  64.518 0.0000000000
67469  52.746  -23.765  65.335 0.0000000000
66517  52.622  -24.458  63.678 0.0000000000
65524  49.515  -24.472  64.163 0.0000000000
66520  50.083  -24.238  63.847 0.0000000000
65551  49.736  -26.018  61.428 0.0000000000
65550  50.674  -25.781  61.245 0.0000000000
65549  51.368  -25.325  61.537 0.0000000000
138638  50.721  -26.085  60.679 0.0000000000
52552  38.833  -38.251  81.195 0.0000000000
140289  37.705  -38.826  81.480 0.0000000000
52560  38.132  -38.506  80.257 0.0000000000
143202  41.273  -35.403  76.347 0.0000000000
57065  42.230  -34.229  74.190 0.0000000000
58123  43.618  -32.680  72.532 0.0000000000
58124  42.898  -32.985  72.267 0.0000000000
59153  43.312  -32.407  71.794 0.0000000000
59152  43.971  -32.011  72.099 0.0000000000
60107  44.292  -31.311  71.683 0.0000000000
59129  46.246  -31.728  74.498 0.0000000000
59138  45.771  -31.363  73.675 0.0000000000
59128  47.210  -31.605  74.609 0.0000000000
59117  47.495  -32.089  74.992 0.0000000000
138520  46.052  -34.883  77.153 0.0000000000
58064  45.874  -34.036  77.015 0.0000000000
55954  46.495  -34.882  76.651 0.0000000000
54810  47.049  -35.146  75.355 0.0000000000
55978  47.357  -34.549  75.450 0.0000000000
55989  47.557  -34.455  74.934 0.0000000000
57062  48.236  -33.147  74.786 0.0000000000
56001  47.606  -34.324  74.201 0.0000000000
57070  48.091  -33.574  73.817 0.0000000000
54831  47.023  -34.884  73.742 0.0000000000
54843  45.580  -35.741  72.578 0.0000000000
49409  42.484  -40.400  78.958 0.0000000000
149656  42.077  -39.507  78.611 0.0000000000
144438  29.507  -46.991  85.366 0.0000000000
148000  29.190  -47.508  85.413 0.0000000000
126430  43.993  -29.181  69.153 0.0000000000
62181  45.062  -29.113  70.107 0.0000000000
61114  45.054  -30.075  71.323 0.0000000000
35397  34.294  -53.085  83.746 0.0000000000
36494  34.928  -52.647  83.498 0.0000000000
35407  34.666  -53.367  83.190 0.0000000000
35416  35.094  -53.502  82.530 0.0000000000
70583  54.601  -21.146  64.272 0.0000000000
70576  55.364  -21.637  65.248 0.0000000000
70582  54.898  -21.436  65.042 0.0000000000
69582  54.534  -21.888  65.626 0.0000000000
69574  53.706  -22.334  65.848 0.0000000000
65482  49.028  -26.219  66.873 0.0000000000
65496  48.665  -25.747  66.194 0.0000000000
145043  49.033  -26.150  66.616 0.0000000000
64479  48.863  -25.585  65.042 0.0000000000
50458  42.251  -39.436  81.674 0.0000000000
148547  41.629  -39.052  81.822 0.0000000000
51513  42.423  -38.522  81.680 0.0000000000
53555  42.444  -37.253  81.418 0.0000000000
54726  41.963  -36.356  80.780 0.0000000000
54747  41.899  -36.098  80.218 0.0000000000
54725  42.550  -36.297  80.767 0.0000000000
54745  43.561  -35.857  80.325 0.0000000000
54744  44.256  -35.693  79.861 0.0000000000
53571  44.888  -35.846  79.370 0.0000000000
128710  44.427  -37.166  80.013 0.0000000000
52563  44.595  -37.018  79.322 0.0000000000
51544  43.908  -37.468  79.088 0.0000000000
41724  30.948  -48.404  84.154 0.0000000000
40612  31.128  -48.998  84.546 0.0000000000
39546  31.562  -49.497  84.609 0.0000000000
39545  32.050  -50.093  84.504 0.0000000000
143914  32.471  -51.478  84.701 0.0000000000
37505  32.041  -51.520  85.002 0.0000000000
143306  45.033  -28.025  67.438 0.0000000000
64454  47.228  -26.983  67.269 0.0000000000
64444  47.327  -27.239  68.073 0.0000000000
64443  48.142  -27.054  68.537 0.0000000000
63295  49.727  -27.964  69.940 0.0000000000
62176  49.898  -28.398  70.384 0.0000000000
61096  49.275  -29.720  72.465 0.0000000000
62149  49.578  -29.305  71.832 0.0000000000
60104  49.358  -30.211  72.768 0.0000000000
59162  49.267  -31.211  71.638 0.0000000000
58138  48.435  -31.876  71.105 0.0000000000
58130  48.770  -31.923  72.016 0.0000000000
58122  48.297  -32.628  72.464 0.0000000000
57087  47.516  -33.192  71.936 0.0000000000
42908  38.406  -46.739  81.570 0.0000000000
129991  38.088  -46.016  81.755 0.0000000000
42920  39.503  -46.638  80.845 0.0000000000
44097  39.650  -45.732  80.698 0.0000000000
135803  42.453  -46.354  78.941 0.0000000000
45207  42.252  -43.861  79.521 0.0000000000
46186  42.332  -42.985  79.656 0.0000000000
46199  42.909  -43.441  79.065 0.0000000000
46198  43.115  -43.020  78.672 0.0000000000
38551  35.317  -50.398  80.610 0.0000000000
40676  36.353  -48.956  79.517 0.0000000000
40661  36.861  -48.536  80.453 0.0000000000
40650  37.380  -48.102  81.216 0.0000000000
41746  37.579  -47.572  81.338 0.0000000000
40638  37.582  -48.330  81.446 0.0000000000
39569  37.916  -49.101  81.568 0.0000000000
39586  38.096  -49.654  81.418 0.0000000000
69642  57.602  -21.001  60.591 0.0000000000
145179  57.051  -21.171  59.459 0.0000000000
67501  54.340  -23.401  61.967 0.0000000000
67472  48.068  -24.073  64.821 0.0000000000
67471  48.838  -23.835  65.285 0.0000000000
68548  48.973  -23.029  64.224 0.0000000000
68531  49.599  -22.956  65.102 0.0000000000
68516  50.439  -22.950  65.612 0.0000000000
126809  51.052  -23.152  66.014 0.0000000000
67455  51.476  -23.104  65.969 0.0000000000
66504  51.384  -23.837  64.583 0.0000000000
143452  48.540  -25.351  62.923 0.0000000000
127207  49.128  -25.506  62.211 0.0000000000
47134  36.622  -41.832  83.123 0.0000000000
126114  39.169  -37.995  78.983 0.0000000000
51546  38.486  -38.561  78.845 0.0000000000
52573  38.960  -38.270  78.028 0.0000000000
51565  38.384  -38.673  76.685 0.0000000000
55966  42.493  -34.599  76.676 0.0000000000
55980  41.646  -34.919  75.405 0.0000000000
55979  42.354  -34.625  75.725 0.0000000000
57071  42.730  -33.773  73.524 0.0000000000
57080  42.470  -33.558  72.738 0.0000000000
58100  43.418  -33.470  73.784 0.0000000000
58113  43.845  -32.866  73.336 0.0000000000
58112  44.581  -32.496  73.695 0.0000000000
58098  44.846  -32.674  74.579 0.0000000000
59119  45.683  -32.296  75.029 0.0000000000
139266  46.322  -35.771  76.465 0.0000000000
54800  46.608  -35.361  76.234 0.0000000000
53634  46.484  -35.968  75.973 0.0000000000
54811  46.633  -35.741  75.446 0.0000000000
53648  46.430  -35.980  74.787 0.0000000000
54832  46.691  -35.538  74.236 0.0000000000
53659  46.141  -36.085  73.955 0.0000000000
41737  30.320  -46.978  84.169 0.0000000000
132911  30.244  -47.278  84.864 0.0000000000
41725  30.573  -47.775  84.444 0.0000000000
40600  30.788  -48.886  84.834 0.0000000000
39533  30.955  -49.501  85.138 0.0000000000
37508  30.162  -51.172  85.219 0.0000000000
38467  29.740  -50.246  85.194 0.0000000000
38468  28.913  -50.474  84.647 0.0000000000
39536  28.253  -49.118  84.761 0.0000000000
63333  44.682  -28.307  68.052 0.0000000000
125542  45.932  -27.956  69.092 0.0000000000
63297  47.632  -28.142  69.938 0.0000000000
62179  47.022  -28.630  70.678 0.0000000000
62161  46.870  -29.080  71.492 0.0000000000
62151  47.660  -29.260  72.078 0.0000000000
61097  48.344  -29.641  72.662 0.0000000000
61088  47.827  -30.076  73.198 0.0000000000
139783  48.790  -30.725  73.686 0.0000000000
40675  41.270  -48.760  79.449 0.0000000000
38536  32.872  -50.428  82.022 0.0000000000
39605  32.949  -50.478  80.994 0.0000000000
38535  33.535  -50.924  81.631 0.0000000000
36493  35.241  -52.129  83.330 0.0000000000
37539  35.434  -51.785  83.032 0.0000000000
150157  35.177  -51.110  82.205 0.0000000000
38515  35.873  -51.067  82.462 0.0000000000
37537  36.611  -51.077  82.141 0.0000000000
37548  37.233  -51.045  81.799 0.0000000000
36511  37.047  -51.807  81.695 0.0000000000
35423  36.806  -52.667  80.020 0.0000000000
70589  57.100  -20.701  62.969 0.0000000000
69613  57.001  -21.132  63.128 0.0000000000
68563  56.333  -21.962  61.550 0.0000000000
68553  56.579  -21.834  62.682 0.0000000000
68554  55.856  -22.417  63.045 0.0000000000
67500  55.129  -23.009  62.401 0.0000000000
68529  55.656  -22.400  64.964 0.0000000000
67489  55.205  -23.037  63.374 0.0000000000
67491  53.901  -23.853  62.469 0.0000000000
141513  52.850  -24.527  61.836 0.0000000000
66493  47.331  -25.422  65.119 0.0000000000
144363  47.945  -24.977  65.533 0.0000000000
66489  50.062  -23.605  65.369 0.0000000000
65517  48.838  -25.115  64.077 0.0000000000
49369  39.110  -40.056  82.070 0.0000000000
50449  38.698  -39.705  82.250 0.0000000000
50448  39.398  -39.415  81.900 0.0000000000
146302  39.356  -38.647  81.772 0.0000000000
52551  39.719  -37.890  81.417 0.0000000000
136314  40.424  -38.119  81.703 0.0000000000
53567  40.239  -37.299  81.070 0.0000000000
52564  39.384  -37.783  79.905 0.0000000000
53584  39.873  -37.286  79.147 0.0000000000
53596  39.953  -37.089  78.135 0.0000000000
53609  40.028  -36.976  77.411 0.0000000000
54803  40.345  -36.266  76.067 0.0000000000
128379  40.979  -36.046  77.286 0.0000000000
55957  41.892  -34.950  77.248 0.0000000000
55926  42.229  -35.124  79.090 0.0000000000
55944  42.150  -35.108  78.177 0.0000000000
55956  42.695  -34.644  77.659 0.0000000000
57030  43.256  -34.131  77.127 0.0000000000
57029  43.987  -33.847  77.438 0.0000000000
57040  44.628  -33.477  76.890 0.0000000000
57028  44.658  -33.865  77.494 0.0000000000
57012  45.230  -34.625  77.853 0.0000000000
54779  45.773  -35.435  77.510 0.0000000000
132285  45.314  -36.013  78.767 0.0000000000
53594  45.576  -35.864  77.917 0.0000000000
53606  45.870  -35.755  77.131 0.0000000000
52585  45.469  -36.709  76.778 0.0000000000
52586  44.800  -37.212  76.471 0.0000000000
40651  31.742  -48.936  81.084 0.0000000000
40626  31.270  -48.466  83.515 0.0000000000
40639  31.798  -48.896  82.130 0.0000000000
39590  32.328  -49.651  81.572 0.0000000000
37531  33.830  -51.849  83.948 0.0000000000
37516  33.113  -51.712  84.412 0.0000000000
36495  33.473  -52.405  84.347 0.0000000000
35398  33.700  -53.023  84.152 0.0000000000
65498  47.560  -26.268  66.082 0.0000000000
64452  49.210  -26.572  67.307 0.0000000000
62230  49.359  -27.723  66.547 0.0000000000
133211  49.669  -27.403  67.179 0.0000000000
62219  49.833  -28.042  67.187 0.0000000000
61170  49.581  -28.835  67.383 0.0000000000
63327  50.055  -27.770  68.577 0.0000000000
62177  49.529  -28.428  70.615 0.0000000000
61128  49.960  -28.924  70.854 0.0000000000
61111  49.692  -29.353  71.718 0.0000000000
60135  49.204  -30.433  69.689 0.0000000000
46179  36.207  -43.236  81.593 0.0000000000
46167  36.705  -43.005  82.635 0.0000000000
44062  37.855  -45.320  82.038 0.0000000000
46166  37.619  -43.852  82.517 0.0000000000
46156  37.024  -42.889  82.894 0.0000000000
46155  37.531  -43.017  82.589 0.0000000000
47132  37.721  -42.135  82.472 0.0000000000
47143  38.469  -41.839  81.901 0.0000000000
41778  40.899  -47.388  79.682 0.0000000000
132016  40.134  -46.316  80.392 0.0000000000
45210  39.934  -44.965  80.484 0.0000000000
44115  41.630  -45.796  79.418 0.0000000000
46189  39.931  -44.179  80.589 0.0000000000
136005  39.350  -43.035  81.180 0.0000000000
48273  39.460  -41.570  81.390 0.0000000000
48254  39.950  -40.834  81.340 0.0000000000
48253  41.005  -40.457  81.234 0.0000000000
49380  41.829  -40.533  81.349 0.0000000000
47168  42.353  -42.122  79.917 0.0000000000
48270  42.273  -41.364  80.488 0.0000000000
134653  42.194  -40.672  81.145 0.0000000000
49379  42.961  -40.365  80.982 0.0000000000
129617  42.994  -40.149  80.632 0.0000000000
50475  42.863  -39.775  80.235 0.0000000000
139402  42.788  -39.049  79.776 0.0000000000
49408  42.674  -40.344  79.586 0.0000000000
47215  42.779  -42.329  78.187 0.0000000000
47216  42.152  -42.351  77.572 0.0000000000
127942  33.413  -50.184  80.136 0.0000000000
38565  35.019  -50.339  79.865 0.0000000000
44080  37.125  -45.419  81.381 0.0000000000
44064  37.260  -45.615  81.703 0.0000000000
42894  37.838  -46.962  81.592 0.0000000000
41745  37.685  -47.721  81.427 0.0000000000
41744  38.092  -48.119  81.573 0.0000000000
41753  38.378  -47.538  81.526 0.0000000000
41752  38.881  -47.999  81.318 0.0000000000
39600  40.015  -49.277  80.321 0.0000000000
37547  37.749  -50.784  81.394 0.0000000000
38531  38.119  -50.306  81.226 0.0000000000
37565  38.534  -51.312  79.621 0.0000000000
38550  38.628  -50.284  80.663 0.0000000000
38549  39.406  -50.377  80.060 0.0000000000
70653  57.184  -20.209  57.366 0.0000000000
69575  52.990  -22.267  65.754 0.0000000000
68514  53.531  -22.801  65.987 0.0000000000
67440  52.148  -23.068  66.019 0.0000000000
140516  53.178  -23.237  65.843 0.0000000000
67468  53.649  -23.709  65.143 0.0000000000
66516  53.192  -24.426  63.575 0.0000000000
136389  52.715  -24.608  63.028 0.0000000000
66532  52.386  -24.753  62.266 0.0000000000
145170  50.519  -23.836  64.751 0.0000000000
124911  50.934  -24.186  63.715 0.0000000000
147244  50.212  -24.885  62.392 0.0000000000
66518  51.422  -24.672  62.837 0.0000000000
65536  51.767  -25.040  62.184 0.0000000000
65535  51.860  -25.068  61.776 0.0000000000
142458  51.450  -25.344  60.693 0.0000000000
60136  42.699  -30.795  69.362 0.0000000000
51517  37.457  -39.230  81.959 0.0000000000
51525  37.018  -39.180  81.386 0.0000000000
58125  42.238  -33.347  71.961 0.0000000000
59172  42.608  -31.860  70.399 0.0000000000
60122  43.297  -31.483  70.661 0.0000000000
60128  43.544  -30.927  70.280 0.0000000000
60121  43.963  -30.967  70.924 0.0000000000
60120  44.551  -30.709  71.351 0.0000000000
60105  45.706  -30.607  72.397 0.0000000000
59139  44.940  -31.764  73.297 0.0000000000
60096  45.303  -31.063  72.857 0.0000000000
60095  46.268  -30.663  73.137 0.0000000000
60084  47.728  -30.999  74.159 0.0000000000
59126  48.567  -31.446  74.278 0.0000000000
58073  45.802  -33.204  76.386 0.0000000000
58085  46.514  -32.824  75.976 0.0000000000
54790  46.753  -35.090  76.094 0.0000000000
57038  47.233  -33.845  76.097 0.0000000000
58084  47.564  -32.615  75.283 0.0000000000
58083  48.054  -32.737  75.030 0.0000000000
58097  48.570  -32.208  74.494 0.0000000000
56023  47.110  -33.896  72.363 0.0000000000
54842  46.265  -35.431  73.272 0.0000000000
56012  46.748  -34.667  72.781 0.0000000000
51545  43.147  -38.226  78.843 0.0000000000
51553  43.110  -37.943  77.710 0.0000000000
50498  41.766  -39.153  77.878 0.0000000000
51562  43.115  -37.849  76.702 0.0000000000
37506  31.615  -51.203  85.203 0.0000000000
38479  32.084  -50.806  84.898 0.0000000000
38480  31.751  -50.085  85.013 0.0000000000
39587  37.703  -49.627  81.537 0.0000000000
39601  39.170  -49.711  80.593 0.0000000000
39603  36.333  -49.421  80.337 0.0000000000
40649  38.491  -48.678  81.374 0.0000000000
40652  31.406  -48.344  81.732 0.0000000000
40660  39.733  -48.638  80.573 0.0000000000
40673  42.202  -47.955  78.590 0.0000000000
44079  38.880  -46.047  81.381 0.0000000000
44096  40.532  -45.551  80.053 0.0000000000
45183  37.107  -43.522  82.616 0.0000000000
45193  38.000  -44.564  82.344 0.0000000000
45195  36.957  -43.983  82.375 0.0000000000
45203  36.624  -44.107  81.496 0.0000000000
45208  41.421  -44.196  79.838 0.0000000000
45217  42.903  -44.397  78.993 0.0000000000
47133  37.129  -42.133  83.013 0.0000000000
47135  36.235  -41.857  82.817 0.0000000000
47144  38.238  -42.791  82.155 0.0000000000
47156  41.867  -41.871  80.422 0.0000000000
48237  37.372  -41.707  82.806 0.0000000000
48238  37.007  -41.175  83.071 0.0000000000
48255  39.011  -40.855  81.838 0.0000000000
48272  40.511  -41.307  80.934 0.0000000000
48284  42.426  -41.494  80.172 0.0000000000
49358  38.139  -40.466  82.445 0.0000000000
49367  41.607  -40.095  81.621 0.0000000000
49398  42.767  -41.229  79.546 0.0000000000
50450  37.370  -40.041  82.500 0.0000000000
50451  36.844  -40.430  82.529 0.0000000000
50456  43.860  -38.561  81.784 0.0000000000
50461  40.014  -39.538  81.622 0.0000000000
50462  37.600  -39.510  82.257 0.0000000000
50469  43.206  -39.369  81.200 0.0000000000
50470  42.881  -39.662  81.349 0.0000000000
51508  39.202  -39.063  82.027 0.0000000000
51509  38.217  -39.400  82.257 0.0000000000
51514  41.351  -38.440  81.835 0.0000000000
51518  36.597  -39.847  81.812 0.0000000000
51524  38.348  -38.676  81.771 0.0000000000
51531  37.528  -38.809  80.807 0.0000000000
51538  38.073  -38.651  79.497 0.0000000000
51547  38.210  -38.902  78.059 0.0000000000
52539  43.838  -38.240  81.691 0.0000000000
52540  43.417  -37.964  81.552 0.0000000000
52541  42.875  -37.881  81.545 0.0000000000
52542  41.916  -37.788  81.665 0.0000000000
52544  39.872  -38.220  81.608 0.0000000000
52545  39.037  -38.389  81.600 0.0000000000
52549  43.446  -37.798  81.319 0.0000000000
52550  40.504  -37.637  81.498 0.0000000000
52553  38.248  -38.472  81.108 0.0000000000
52558  39.526  -37.691  80.827 0.0000000000
52565  38.687  -38.271  79.659 0.0000000000
53556  41.601  -37.199  81.463 0.0000000000
53557  41.081  -37.275  81.454 0.0000000000
53563  42.830  -36.867  81.182 0.0000000000
53564  42.100  -36.690  81.188 0.0000000000
53572  44.470  -36.391  80.033 0.0000000000
53582  44.826  -36.460  79.363 0.0000000000
53607  45.812  -36.142  76.945 0.0000000000
53608  40.552  -36.652  77.740 0.0000000000
53623  40.397  -36.581  76.834 0.0000000000
53637  39.200  -37.383  75.778 0.0000000000
54723  43.735  -36.410  80.495 0.0000000000
54724  43.141  -36.385  80.749 0.0000000000
54746  43.048  -35.821  80.354 0.0000000000
54748  41.395  -36.546  80.714 0.0000000000
54764  45.197  -35.542  78.898 0.0000000000
54780  45.396  -35.541  78.266 0.0000000000
54792  41.551  -35.592  77.732 0.0000000000
54799  46.913  -35.050  75.850 0.0000000000
54801  41.353  -35.428  76.883 0.0000000000
54822  46.853  -35.527  74.926 0.0000000000
55908  42.419  -35.539  79.749 0.0000000000
55924  43.528  -35.137  79.324 0.0000000000
55940  45.492  -35.052  77.936 0.0000000000
55955  45.655  -34.583  77.491 0.0000000000
55988  47.810  -33.906  75.026 0.0000000000
56000  47.995  -33.692  74.579 0.0000000000
57013  44.745  -34.421  77.988 0.0000000000
57025  46.840  -34.470  76.403 0.0000000000
57026  46.442  -34.489  76.739 0.0000000000
57051  47.886  -33.401  75.160 0.0000000000
57052  47.584  -33.233  75.560 0.0000000000
57078  48.548  -32.739  73.466 0.0000000000
58065  45.732  -33.641  76.855 0.0000000000
58066  45.210  -33.440  76.974 0.0000000000
58071  47.028  -33.120  76.017 0.0000000000
58072  46.325  -33.440  76.490 0.0000000000
59116  48.104  -32.032  74.806 0.0000000000
59125  48.968  -30.938  73.850 0.0000000000
59149  49.452  -30.878  73.003 0.0000000000
60083  48.489  -30.993  74.087 0.0000000000
60091  49.218  -30.699  73.371 0.0000000000
60093  48.248  -30.565  73.738 0.0000000000
60106  45.035  -30.843  71.956 0.0000000000
60129  42.947  -31.194  70.006 0.0000000000
61095  49.603  -29.691  72.213 0.0000000000
61127  50.119  -28.358  70.010 0.0000000000
61148  50.214  -28.489  69.502 0.0000000000
62189  50.174  -27.995  69.366 0.0000000000
67439  52.768  -22.974  66.089 0.0000000000
67452  55.138  -22.761  65.268 0.0000000000
67454  52.351  -23.220  65.895 0.0000000000
67490  54.503  -23.465  62.826 0.0000000000
68506  53.070  -22.684  65.965 0.0000000000
68511  56.029  -21.606  64.818 0.0000000000
68513  54.475  -22.435  65.816 0.0000000000
69572  55.658  -21.832  65.279 0.0000000000
69573  55.150  -21.977  65.662 0.0000000000
69581  55.846  -21.501  64.896 0.0000000000
69584  53.029  -21.821  64.954 0.0000000000
69586  50.840  -22.496  64.986 0.0000000000
127437  40.603  -38.508  81.783 0.0000000000
128325  38.062  -39.064  82.135 0.0000000000
129826  56.329  -21.429  64.330 0.0000000000
130014  37.970  -40.022  82.489 0.0000000000
131693  45.643  -36.088  77.570 0.0000000000
133019  42.499  -35.937  80.306 0.0000000000
134018  39.834  -37.107  76.892 0.0000000000
134053  43.265  -39.276  80.746 0.0000000000
135891  37.386  -41.154  82.766 0.0000000000
137557  49.875  -27.670  69.046 0.0000000000
137936  47.099  -32.550  75.539 0.0000000000
140096  47.152  -34.517  75.956 0.0000000000
141775  54.527  -23.203  65.217 0.0000000000
142485  42.282  -40.166  81.492 0.0000000000
142950  55.849  -21.991  65.172 0.0000000000
145917  43.778  -34.409  78.429 0.0000000000
146117  30.270  -46.796  82.557 0.0000000000
147938  41.875  -39.880  81.741 0.0000000000
148377  49.130  -30.998  73.806 0.0000000000
148598  40.476  -42.597  80.524 0.0000000000
148788  32.711  -50.738  83.698 0.0000000000
149357  29.809  -48.496  85.375 0.0000000000
149916  36.880  -44.718  81.460 0.0000000000
