#!ascii label  , from subject sub-v1s7x0051327_ses-1 vox2ras=TkReg
1774
3338  19.219  -89.017  5.185 0.6999999881
3339  18.346  -89.138  5.309 0.8000000119
4432  18.172  -87.733  5.804 0.8000000119
4433  17.170  -87.812  5.749 0.6999999881
2244  18.431  -91.684  3.584 0.6000000238
2767  18.432  -90.431  4.542 0.6000000238
3898  17.480  -89.078  5.237 0.6000000238
2253  18.670  -92.151  2.978 0.6000000238
5040  19.878  -86.855  5.949 0.8000000119
5041  18.712  -86.995  6.064 0.6999999881
5656  18.648  -85.592  6.702 0.6999999881
149620  17.862  -85.128  6.860 0.6999999881
2766  19.110  -90.289  4.380 0.6000000238
3884  18.782  -88.407  5.498 0.6999999881
5657  17.671  -85.660  6.559 0.6999999881
1813  19.273  -92.290  2.341 0.6000000238
131573  19.737  -91.996  0.578 0.6000000238
1823  18.629  -92.389  0.786 0.6000000238
134145  19.171  -91.351  -1.895 0.6000000238
127895  19.008  -91.796  -1.122 0.6000000238
5655  20.009  -85.331  6.369 0.8000000119
132376  19.915  -83.884  7.147 0.8000000119
6308  19.366  -84.239  7.457 0.6999999881
6998  19.212  -82.908  8.137 0.6999999881
7748  18.687  -82.313  8.596 0.6999999881
5031  20.132  -86.100  6.186 0.8000000119
5647  19.396  -85.083  6.960 0.6999999881
6999  18.662  -82.925  8.127 0.6999999881
4430  20.170  -87.440  5.326 0.6999999881
139791  19.518  -85.673  6.499 0.8000000119
6321  18.572  -84.834  7.278 0.6999999881
3882  20.192  -88.141  5.083 0.6999999881
2777  18.927  -91.191  4.181 0.6999999881
2265  20.114  -91.953  1.731 0.6000000238
2252  19.504  -91.659  3.249 0.6000000238
2292  19.610  -91.500  -1.290 0.6000000238
139334  18.865  -92.035  -0.201 0.6000000238
2827  20.302  -90.357  -2.738 0.6000000238
2834  20.187  -89.935  -4.987 0.6999999881
2835  19.243  -90.336  -4.500 0.6000000238
2319  21.563  -91.082  -5.277 0.5000000000
2841  20.390  -90.267  -5.550 0.6000000238
1843  21.455  -92.097  -4.769 0.5000000000
144499  19.685  -83.212  7.282 0.8999999762
7760  19.506  -82.722  7.745 0.8000000119
8522  19.222  -81.505  8.465 0.6999999881
6320  20.239  -84.921  6.008 0.6999999881
7027  20.038  -84.127  6.314 0.8999999762
8524  18.422  -81.588  9.258 0.6999999881
5053  20.515  -86.981  5.023 0.8000000119
5679  20.520  -86.091  5.272 0.8000000119
4455  20.264  -87.690  4.474 0.8000000119
132057  19.727  -90.200  3.487 0.6999999881
3348  19.934  -89.072  4.377 0.6999999881
2784  20.048  -90.891  3.125 0.8000000119
2251  20.263  -91.368  2.364 0.8000000119
2274  20.683  -91.551  0.833 0.6999999881
2281  20.541  -91.569  -0.088 0.6999999881
2818  20.622  -90.716  -1.640 0.6000000238
2325  21.499  -90.070  -5.472 0.6999999881
150318  19.745  -82.833  5.924 0.8999999762
8534  19.467  -81.696  7.721 0.8000000119
9303  18.680  -80.096  9.568 0.6999999881
134183  20.143  -84.926  4.798 0.8000000119
6334  20.151  -84.373  5.355 0.8000000119
5696  19.878  -86.076  4.236 0.6999999881
4470  19.364  -88.671  3.119 0.6999999881
4456  19.576  -87.585  3.612 0.6000000238
3914  19.876  -89.332  3.789 0.8000000119
3367  19.942  -89.995  2.724 0.8000000119
2264  20.735  -91.279  1.419 0.8000000119
2273  21.259  -91.205  0.238 0.6999999881
2817  21.155  -90.204  -1.253 0.8000000119
2810  20.943  -90.981  -0.639 0.6999999881
3396  21.769  -89.607  -1.987 0.8000000119
3407  21.887  -88.982  -4.672 0.6999999881
2826  21.029  -89.936  -2.443 0.6999999881
2840  22.396  -89.888  -5.439 0.6999999881
3410  21.158  -89.593  -5.128 0.6999999881
129560  9.652  -77.249  6.090 0.6000000238
12775  9.141  -76.223  5.848 0.6000000238
13680  7.454  -75.821  6.296 0.6000000238
13694  5.704  -74.825  5.929 0.6999999881
125446  19.654  -82.374  6.776 0.8999999762
9321  19.320  -80.630  8.187 0.6999999881
5697  18.885  -85.843  3.560 0.6000000238
4471  18.516  -87.925  2.652 0.6000000238
5084  18.765  -86.841  3.069 0.6000000238
143899  18.406  -88.923  2.147 0.6999999881
3929  20.023  -89.494  1.504 0.6999999881
3368  19.092  -89.419  2.062 0.6999999881
11872  16.739  -77.273  7.703 0.6999999881
10994  16.254  -78.315  7.943 0.6999999881
3373  20.631  -90.079  1.656 0.8000000119
2795  20.310  -90.595  2.335 0.8000000119
138746  16.191  -76.830  7.174 0.6000000238
11873  15.983  -77.347  7.552 0.6000000238
11002  14.815  -78.560  6.967 0.6999999881
2793  21.322  -90.803  1.135 0.6999999881
11880  14.541  -77.342  6.972 0.5000000000
11012  14.238  -78.332  6.216 0.6999999881
3388  21.650  -89.477  -0.813 0.8000000119
126152  21.603  -90.551  -0.225 0.8000000119
12761  14.833  -76.608  6.740 0.5000000000
11891  14.019  -77.327  5.960 0.5000000000
3959  22.308  -88.761  -3.754 0.6999999881
12773  13.473  -76.419  5.699 0.5000000000
13705  12.607  -75.297  5.086 0.6000000238
12774  12.720  -75.916  5.489 0.5000000000
11903  12.110  -77.172  5.176 0.6000000238
147482  12.062  -77.891  4.912 0.6999999881
11025  10.532  -78.644  5.089 0.6999999881
132474  11.882  -76.220  5.055 0.5000000000
11904  11.567  -77.472  4.911 0.6000000238
11024  11.275  -78.431  4.831 0.6000000238
12782  9.920  -76.578  5.081 0.6000000238
13706  12.040  -75.287  4.361 0.6000000238
11913  10.352  -76.866  4.282 0.6000000238
11914  9.863  -76.943  4.109 0.6000000238
12794  11.053  -75.890  4.020 0.5000000000
12795  10.378  -76.949  3.666 0.5000000000
13707  8.243  -75.851  4.020 0.6000000238
13693  7.885  -74.982  5.539 0.6000000238
14640  6.336  -74.210  5.323 0.6999999881
16521  4.421  -72.444  5.564 0.6000000238
15602  4.221  -73.130  5.487 0.6999999881
11922  9.798  -77.378  3.133 0.6000000238
13725  8.462  -76.180  3.033 0.6000000238
14638  8.075  -74.740  4.671 0.6000000238
14654  6.722  -73.895  4.678 0.6999999881
16520  5.156  -72.313  5.109 0.5000000000
9332  19.451  -80.699  7.131 0.8999999762
5681  19.541  -85.264  4.295 0.6000000238
6349  19.399  -84.343  4.492 0.6999999881
10151  19.426  -79.609  7.462 0.8000000119
10123  18.422  -79.451  9.896 0.6999999881
10152  19.052  -78.939  8.304 0.6999999881
10159  19.070  -78.687  7.481 0.8000000119
144608  17.897  -77.559  6.599 0.8000000119
10993  17.056  -77.823  8.320 0.6000000238
147884  17.518  -77.294  6.301 0.6999999881
11890  16.597  -76.756  5.508 0.6000000238
3387  22.481  -89.277  0.070 0.8000000119
3380  22.287  -89.528  0.633 0.8000000119
3947  22.676  -88.438  -0.095 0.8000000119
12771  15.364  -76.240  5.731 0.5000000000
3395  21.906  -88.616  -1.185 0.8000000119
12772  14.444  -76.413  5.829 0.5000000000
13703  14.517  -75.418  4.569 0.5000000000
126731  13.992  -74.939  4.267 0.6000000238
136951  13.989  -75.245  4.951 0.6000000238
13722  12.653  -74.833  3.831 0.6000000238
13723  11.583  -75.346  3.078 0.6000000238
18388  4.861  -70.170  6.371 0.5000000000
12807  9.994  -77.323  2.423 0.5000000000
18402  5.065  -71.046  5.776 0.5000000000
17420  3.809  -71.851  6.198 0.6000000238
13737  8.887  -76.409  2.375 0.6000000238
13708  8.030  -75.223  3.589 0.6999999881
14672  7.165  -73.916  4.348 0.6999999881
15614  6.320  -73.306  4.682 0.6999999881
129734  9.788  -75.825  2.127 0.6000000238
15613  6.933  -73.319  4.405 0.6000000238
15637  9.709  -74.509  2.438 0.6999999881
15630  7.764  -73.742  4.051 0.6000000238
16533  7.341  -72.787  4.347 0.5000000000
133545  19.415  -82.894  5.010 0.6999999881
7776  19.477  -82.149  5.563 0.6999999881
8551  19.589  -81.437  6.025 0.6999999881
10158  19.567  -80.048  6.354 0.8000000119
10165  19.159  -79.847  5.522 0.6999999881
11010  18.434  -78.164  5.987 0.6999999881
11001  18.519  -78.131  7.036 0.6999999881
20455  4.794  -68.820  7.635 0.5000000000
127649  13.446  -75.680  1.496 0.5000000000
13733  13.295  -75.217  2.279 0.6000000238
19420  4.314  -69.477  7.087 0.5000000000
13760  12.535  -75.323  0.626 0.5000000000
13759  13.146  -75.371  0.380 0.5000000000
126321  11.835  -75.887  1.673 0.6000000238
13735  10.439  -76.654  1.793 0.6000000238
17440  6.410  -71.663  4.790 0.5000000000
14700  12.458  -74.864  0.543 0.5000000000
14690  11.875  -75.456  0.841 0.6000000238
14682  10.736  -75.639  1.654 0.6000000238
15646  11.709  -74.656  0.982 0.6000000238
7803  18.575  -82.803  4.289 0.6999999881
8552  19.181  -81.389  5.223 0.6999999881
9345  19.430  -80.666  5.705 0.6999999881
16559  10.378  -72.778  2.950 0.5000000000
15658  14.363  -73.244  -0.007 0.5000000000
127329  8.931  -72.346  3.856 0.5000000000
15660  12.569  -73.865  0.915 0.5000000000
134901  11.387  -73.459  2.078 0.5000000000
15636  10.571  -73.707  2.420 0.5000000000
15629  8.805  -73.375  3.514 0.5000000000
17464  10.743  -71.902  3.305 0.5000000000
17453  10.646  -70.983  3.801 0.5000000000
17475  13.031  -71.882  2.457 0.5000000000
17463  11.616  -71.830  2.862 0.5000000000
16548  9.751  -72.435  3.512 0.5000000000
15645  13.355  -73.044  1.003 0.5000000000
16558  11.845  -72.526  2.232 0.5000000000
130830  11.121  -72.671  2.667 0.5000000000
16583  13.992  -72.895  0.526 0.5000000000
16571  12.025  -73.382  1.541 0.5000000000
17462  12.789  -71.270  3.151 0.5000000000
136887  5.887  -70.216  8.676 0.6000000238
19378  4.182  -69.408  9.148 0.6000000238
19376  5.819  -68.451  8.859 0.5000000000
18363  6.833  -70.456  8.620 0.6999999881
17387  5.425  -71.249  8.625 0.6000000238
16491  4.610  -71.722  8.757 0.6000000238
15580  5.639  -72.915  8.718 0.6999999881
17385  7.297  -71.401  8.446 0.6000000238
146998  6.918  -71.993  8.451 0.6999999881
16490  5.334  -72.190  8.626 0.6999999881
15581  4.708  -72.665  8.835 0.6999999881
15559  7.021  -73.608  8.873 0.8000000119
17384  8.178  -71.555  8.410 0.5000000000
124139  7.733  -70.673  8.609 0.5000000000
142091  6.378  -73.078  8.680 0.8000000119
15578  7.817  -72.965  8.801 0.6000000238
13642  8.037  -75.724  10.315 0.6999999881
18360  9.703  -70.857  8.657 0.5000000000
147964  8.951  -70.130  8.794 0.5000000000
14603  7.328  -74.407  9.304 0.6999999881
13655  6.516  -75.016  9.519 0.6999999881
15558  8.019  -73.759  9.221 0.6999999881
16488  8.507  -72.405  8.497 0.6999999881
12734  7.515  -76.239  10.827 0.6999999881
13653  8.528  -75.226  9.909 0.6999999881
17383  9.156  -71.703  8.324 0.6000000238
15577  8.718  -73.234  8.793 0.8000000119
14566  5.241  -74.563  12.622 0.6999999881
14556  6.479  -74.809  13.634 0.8000000119
18343  11.736  -70.460  10.172 0.4000000060
12717  8.683  -76.678  11.648 0.6999999881
147508  11.235  -70.577  9.483 0.5000000000
12733  8.439  -76.145  10.982 0.6999999881
132594  10.959  -71.262  8.884 0.6000000238
16486  10.388  -72.655  8.599 0.6000000238
144378  9.052  -74.815  9.641 0.6999999881
15576  9.457  -73.449  8.838 0.8000000119
15556  9.883  -73.958  9.112 0.8000000119
23577  4.057  -66.590  17.568 0.5000000000
23588  2.544  -66.145  16.392 0.5000000000
22503  2.031  -67.084  16.833 0.5000000000
18334  2.291  -70.420  10.693 0.5000000000
17358  3.782  -71.396  11.332 0.6000000238
18333  3.218  -70.434  11.316 0.6000000238
18344  1.518  -70.407  10.794 0.6000000238
131498  0.711  -69.175  13.848 0.6000000238
125527  3.737  -72.633  11.181 0.6999999881
16455  2.993  -72.220  11.055 0.6999999881
15538  4.419  -73.706  11.569 0.6999999881
15539  3.544  -73.809  11.244 0.6999999881
12694  10.337  -76.637  13.895 0.6999999881
13593  10.266  -75.839  15.199 0.6999999881
14540  9.675  -74.690  15.002 0.8000000119
17376  12.556  -71.899  9.859 0.5000000000
128031  9.486  -76.788  11.957 0.6999999881
17377  11.865  -71.954  9.130 0.6000000238
13629  10.077  -75.799  10.753 0.8000000119
15555  10.743  -73.844  9.198 0.6999999881
13628  11.040  -76.056  11.296 0.8000000119
13652  9.855  -75.196  9.912 0.8000000119
23586  4.914  -66.270  16.752 0.5000000000
23587  3.652  -66.224  16.583 0.6000000238
24700  4.756  -65.473  15.319 0.5000000000
23604  3.188  -65.654  15.772 0.6000000238
23589  1.663  -66.242  16.090 0.6000000238
22511  1.411  -66.826  15.855 0.6000000238
22527  1.264  -66.363  15.615 0.6000000238
21405  1.114  -67.481  14.728 0.5000000000
19344  2.777  -69.577  11.110 0.5000000000
19356  1.966  -69.602  10.663 0.5000000000
18331  4.965  -70.865  11.595 0.6000000238
19345  1.310  -69.586  10.849 0.6000000238
137286  0.131  -70.160  11.950 0.6999999881
20341  0.928  -68.320  14.303 0.6000000238
17357  4.691  -72.010  11.397 0.6000000238
124875  4.516  -73.010  11.397 0.6999999881
127028  2.733  -73.200  11.029 0.6999999881
16469  1.326  -72.121  10.987 0.6999999881
17361  0.544  -71.987  11.732 0.8000000119
144610  0.032  -69.936  12.671 0.6999999881
136519  5.816  -72.893  11.774 0.6999999881
15515  5.831  -73.604  12.170 0.6999999881
15514  6.818  -73.424  12.460 0.6999999881
14565  6.389  -74.257  12.896 0.8000000119
14554  8.992  -74.317  13.930 0.8000000119
129903  8.169  -74.491  13.891 0.8000000119
16468  12.868  -72.830  10.275 0.5000000000
15536  12.415  -74.131  11.509 0.6000000238
12693  11.139  -76.241  13.787 0.8000000119
14539  10.821  -75.401  14.593 0.8000000119
15554  11.716  -73.649  9.425 0.6000000238
15543  12.438  -73.793  10.179 0.6999999881
12715  11.434  -76.251  12.258 0.8000000119
14595  11.919  -74.587  10.403 0.6999999881
13640  11.537  -75.314  10.885 0.6999999881
13651  10.755  -75.036  9.831 0.8000000119
23585  6.033  -66.038  16.985 0.4000000060
23602  5.359  -65.761  16.089 0.5000000000
24701  3.712  -65.114  15.036 0.4000000060
23605  2.177  -65.590  15.659 0.5000000000
22546  0.933  -66.847  14.243 0.5000000000
18332  4.133  -70.300  11.681 0.5000000000
20390  1.742  -69.000  10.719 0.6000000238
148257  1.391  -68.258  11.494 0.6000000238
21421  0.795  -67.582  13.686 0.6000000238
149816  5.833  -70.828  11.713 0.6000000238
19326  0.262  -69.361  12.317 0.6999999881
20355  0.659  -68.571  13.427 0.6999999881
17355  6.315  -71.317  11.776 0.6000000238
14563  8.193  -73.931  13.183 0.8000000119
15510  12.145  -73.897  12.207 0.6999999881
13611  11.808  -75.686  12.585 0.6999999881
14552  11.435  -74.855  14.010 0.8000000119
14553  9.972  -74.206  14.152 0.8000000119
14584  12.150  -74.831  11.322 0.6999999881
24699  6.259  -65.434  16.387 0.4000000060
24672  7.173  -64.609  17.116 0.4000000060
130784  6.884  -64.687  17.410 0.4000000060
24724  4.640  -65.038  14.500 0.5000000000
124202  5.652  -65.264  15.338 0.4000000060
25765  6.475  -64.322  17.725 0.5000000000
23622  1.461  -65.734  14.811 0.5000000000
22570  1.201  -66.232  12.823 0.5000000000
22556  0.836  -66.759  13.427 0.5000000000
23661  2.682  -65.664  12.019 0.5000000000
21439  0.734  -68.087  12.837 0.6999999881
16452  6.913  -72.010  12.052 0.6000000238
15491  9.386  -73.846  13.198 0.8000000119
129359  11.677  -73.513  12.786 0.6000000238
15511  10.856  -73.376  13.126 0.6000000238
16443  10.036  -72.798  12.809 0.6999999881
146267  8.368  -72.668  12.449 0.6999999881
14562  11.675  -74.270  12.984 0.6999999881
25781  4.552  -63.210  17.219 0.3000000119
128500  6.418  -64.330  14.607 0.4000000060
24698  7.037  -64.450  15.806 0.3000000119
24684  7.459  -64.336  16.769 0.4000000060
24671  7.431  -64.246  17.118 0.4000000060
25779  6.833  -63.458  17.345 0.4000000060
25780  5.852  -63.648  17.543 0.5000000000
24725  3.629  -64.752  13.890 0.4000000060
26851  5.017  -62.573  16.589 0.3000000119
134006  2.837  -64.900  14.272 0.4000000060
22569  2.141  -66.332  12.154 0.5000000000
131919  2.167  -64.713  13.747 0.4000000060
22580  2.824  -66.389  11.398 0.6000000238
24738  3.363  -64.079  13.205 0.4000000060
23660  3.410  -65.587  11.286 0.4000000060
24753  1.906  -64.749  12.842 0.5000000000
133502  7.763  -73.226  12.522 0.6999999881
15512  9.773  -73.332  12.775 0.6999999881
25766  5.465  -64.004  17.955 0.4000000060
147079  5.755  -63.127  17.119 0.4000000060
25812  5.531  -64.129  13.545 0.3000000119
25833  2.998  -64.025  12.816 0.4000000060
24771  3.693  -64.640  11.468 0.4000000060
24751  3.283  -64.440  12.302 0.4000000060
25791  7.838  -63.851  16.338 0.3000000119
124082  8.033  -63.137  16.699 0.3000000119
26849  7.513  -62.908  16.997 0.4000000060
27918  7.326  -62.182  16.553 0.3000000119
26850  6.371  -62.549  16.802 0.3000000119
25811  7.424  -63.739  15.132 0.3000000119
24737  4.404  -64.311  13.483 0.3000000119
25848  4.426  -63.270  12.188 0.3000000119
25832  3.873  -63.827  12.669 0.3000000119
25864  4.485  -63.945  11.192 0.3000000119
26848  7.879  -62.584  16.553 0.3000000119
27926  6.994  -61.406  16.047 0.3000000119
26862  8.286  -62.661  16.107 0.3000000119
130100  8.152  -61.749  16.094 0.3000000119
26898  5.768  -62.885  12.356 0.3000000119
26911  5.243  -62.366  11.608 0.3000000119
26921  5.098  -62.648  11.099 0.3000000119
127489  4.028  -62.609  16.390 0.3000000119
134173  8.227  -62.990  15.087 0.3000000119
26861  8.696  -62.191  15.499 0.3000000119
26910  6.168  -62.318  11.879 0.3000000119
11013  13.504  -78.180  5.658 0.6000000238
11014  12.647  -77.816  5.273 0.6999999881
11023  12.367  -78.661  4.654 0.6999999881
10176  12.174  -79.273  4.025 0.6999999881
23648  1.477  -65.393  13.245 0.4000000060
21438  1.579  -67.033  12.207 0.6000000238
27927  5.779  -61.243  15.820 0.3000000119
2768  17.512  -90.264  4.386 0.6999999881
7015  18.038  -83.211  7.727 0.6999999881
3360  19.670  -89.899  4.142 0.8000000119
138183  20.006  -90.160  -3.891 0.6000000238
3403  20.881  -89.638  -4.003 0.6999999881
5068  19.414  -86.626  3.781 0.6000000238
10141  18.816  -79.311  9.155 0.6999999881
2803  22.190  -90.055  0.230 0.8000000119
3402  21.573  -89.080  -3.337 0.6999999881
3401  22.174  -88.786  -2.585 0.8000000119
15615  5.487  -73.281  4.868 0.6999999881
11892  13.211  -77.293  5.673 0.5000000000
141987  10.356  -77.574  5.159 0.6000000238
16507  3.046  -72.169  6.725 0.6000000238
14670  8.264  -74.713  3.318 0.6999999881
10991  18.440  -78.247  8.171 0.8000000119
12778  15.998  -76.245  5.208 0.5000000000
12779  15.268  -75.844  4.924 0.6000000238
13749  11.357  -75.887  1.410 0.6000000238
12716  10.434  -76.531  11.926 0.8000000119
1102  21.658  -94.686  1.913 0.4000000060
1447  22.528  -94.214  3.079 0.4000000060
1453  21.938  -93.183  0.124 0.3000000119
1106  21.818  -94.163  1.058 0.4000000060
1103  21.452  -94.897  1.521 0.4000000060
126609  21.804  -95.122  2.399 0.4000000060
2272  23.798  -91.512  0.140 0.4000000060
1816  23.361  -92.116  0.708 0.5000000000
129311  23.285  -92.039  1.476 0.5000000000
1821  23.236  -92.154  -0.177 0.3000000119
150062  22.285  -93.285  1.660 0.4000000060
1828  22.697  -92.657  -0.606 0.3000000119
144416  22.303  -93.392  1.030 0.3000000119
128896  21.922  -93.932  1.760 0.3000000119
1457  22.057  -93.083  -1.139 0.3000000119
2280  23.677  -91.747  -0.896 0.4000000060
130201  24.386  -91.039  -0.380 0.4000000060
2261  25.207  -90.874  0.969 0.5000000000
2279  24.163  -90.916  -1.394 0.3000000119
1827  23.238  -92.383  -1.021 0.3000000119
146791  21.727  -93.170  -2.883 0.4000000060
1835  22.457  -92.313  -2.745 0.3000000119
1840  21.814  -92.502  -3.871 0.4000000060
1466  21.576  -93.231  -3.336 0.4000000060
1470  21.165  -93.199  -4.188 0.4000000060
2809  25.014  -90.394  -0.910 0.4000000060
2816  24.795  -90.213  -1.966 0.4000000060
3394  26.239  -89.167  -2.110 0.5000000000
2290  23.503  -91.405  -1.929 0.4000000060
2824  24.721  -90.022  -3.048 0.4000000060
1839  22.308  -92.010  -3.538 0.4000000060
2825  24.027  -90.502  -3.479 0.4000000060
1842  22.135  -91.518  -4.488 0.4000000060
2842  19.456  -90.282  -5.607 0.6000000238
1849  20.116  -91.615  -5.831 0.4000000060
3952  26.790  -88.084  -1.885 0.6000000238
4509  25.723  -87.645  -2.702 0.6000000238
3405  24.847  -88.836  -4.057 0.6000000238
4512  25.136  -87.942  -3.843 0.6000000238
3406  24.277  -89.030  -4.527 0.6000000238
4513  24.453  -87.910  -3.828 0.6999999881
2839  23.090  -89.838  -5.155 0.5000000000
3408  23.570  -89.104  -5.102 0.6000000238
3958  22.875  -88.349  -3.416 0.6999999881
5120  24.709  -86.503  -0.880 0.6999999881
5127  24.300  -86.584  -1.142 0.6999999881
4505  25.480  -87.076  -2.243 0.6000000238
4506  24.767  -87.023  -2.026 0.6999999881
4487  22.664  -88.014  0.393 0.6999999881
3926  22.418  -88.789  0.706 0.6999999881
3372  21.416  -89.712  1.244 0.6999999881
4511  24.344  -87.585  -2.576 0.6999999881
143764  22.435  -88.031  -1.062 0.6999999881
131364  22.911  -88.512  -2.102 0.6999999881
132820  23.121  -85.957  1.665 0.5000000000
5098  22.497  -86.788  1.420 0.6000000238
4498  22.963  -87.383  -0.602 0.6999999881
4478  22.374  -87.957  1.104 0.6000000238
143000  22.147  -88.610  1.196 0.6999999881
5100  21.143  -87.222  1.271 0.6999999881
4507  23.875  -87.012  -1.507 0.6999999881
3927  21.636  -88.896  1.307 0.6999999881
3928  20.420  -88.927  1.144 0.6000000238
5099  21.939  -86.771  1.670 0.6000000238
127081  20.810  -86.033  1.410 0.6000000238
4488  20.305  -87.975  0.928 0.6000000238
5111  20.127  -86.925  0.793 0.6000000238
5085  17.859  -87.115  2.444 0.5000000000
6322  17.377  -84.290  6.967 0.6000000238
5658  17.073  -85.003  6.458 0.6000000238
130846  19.337  -88.669  0.638 0.6000000238
3938  18.465  -88.934  0.539 0.6000000238
3939  17.511  -88.799  0.421 0.5000000000
4472  17.638  -88.162  1.876 0.5000000000
7750  16.888  -82.532  8.318 0.6000000238
7749  17.785  -82.586  8.132 0.6000000238
7016  16.983  -83.021  7.528 0.6000000238
4489  19.406  -87.843  0.254 0.6000000238
3948  17.935  -88.616  0.075 0.5000000000
3930  18.235  -89.073  1.269 0.5000000000
9289  15.805  -80.256  11.303 0.6000000238
9288  16.765  -80.371  11.165 0.6000000238
8489  17.280  -80.805  10.872 0.6000000238
7731  16.792  -81.685  10.391 0.6000000238
146996  17.173  -81.877  9.692 0.6000000238
9304  18.262  -80.004  10.305 0.6000000238
8506  17.688  -81.373  10.009 0.6000000238
7065  18.350  -83.427  3.727 0.6000000238
4490  18.572  -88.490  -0.030 0.6000000238
10110  16.443  -79.733  10.787 0.6000000238
10144  15.333  -79.485  8.847 0.6000000238
10109  17.271  -79.787  10.756 0.6000000238
10125  16.858  -78.899  9.253 0.6000000238
139674  17.095  -79.294  10.137 0.6000000238
10142  16.594  -78.650  8.519 0.5000000000
10972  18.318  -78.835  9.631 0.6000000238
10992  17.755  -77.962  8.472 0.5000000000
9274  15.218  -80.741  11.801 0.6999999881
9290  14.794  -80.169  11.109 0.6000000238
10126  15.969  -79.273  9.681 0.6000000238
10143  16.076  -79.241  8.585 0.6000000238
10160  15.554  -79.192  7.465 0.6000000238
8546  11.778  -81.540  7.087 0.6000000238
9305  14.339  -79.877  10.192 0.6000000238
10127  14.853  -79.571  9.540 0.6000000238
9333  15.430  -79.858  7.564 0.5000000000
124660  14.063  -80.638  8.290 0.6000000238
8544  13.355  -81.135  6.791 0.6000000238
8545  12.773  -81.440  6.691 0.6000000238
141389  12.222  -81.935  4.876 0.6000000238
9325  13.585  -80.136  8.999 0.6000000238
10161  15.107  -79.839  6.851 0.6000000238
9334  13.841  -80.891  7.478 0.6000000238
132345  14.467  -80.462  6.881 0.5000000000
148896  13.937  -80.995  5.633 0.6000000238
8554  13.080  -81.609  5.057 0.5000000000
143618  12.738  -81.227  4.192 0.5000000000
10168  13.944  -79.252  5.564 0.6000000238
9354  13.433  -79.969  4.987 0.6000000238
9355  13.030  -80.439  4.334 0.6000000238
9361  11.667  -80.529  3.670 0.6000000238
10186  11.178  -79.992  4.028 0.6999999881
128254  10.094  -80.358  3.822 0.6999999881
10177  9.330  -79.700  4.256 0.6999999881
146208  8.208  -79.241  4.919 0.6999999881
10175  12.699  -79.523  4.287 0.6000000238
10185  11.907  -79.798  3.743 0.6999999881
11015  9.327  -79.106  6.153 0.6999999881
11027  8.962  -79.319  5.471 0.6999999881
125936  8.213  -78.898  5.676 0.6000000238
11906  10.121  -78.216  5.576 0.6000000238
5730  17.090  -85.958  1.211 0.5000000000
5714  18.206  -86.189  2.803 0.5000000000
6388  17.093  -84.553  1.559 0.5000000000
133511  17.467  -85.152  1.910 0.5000000000
6377  17.548  -84.198  2.386 0.6000000238
136439  15.429  -83.853  0.419 0.6000000238
6389  16.401  -84.075  1.071 0.6000000238
6378  16.990  -83.837  1.797 0.6000000238
7066  17.789  -83.362  3.015 0.6000000238
7804  18.065  -82.687  3.546 0.6000000238
7088  15.810  -83.191  1.044 0.5000000000
7819  16.680  -82.489  2.201 0.6000000238
7789  18.264  -82.091  4.091 0.6000000238
8611  16.184  -81.704  1.881 0.6000000238
8579  17.061  -80.889  2.931 0.5000000000
8578  17.493  -81.558  3.213 0.6000000238
8564  18.511  -81.412  4.536 0.6000000238
9373  16.556  -80.181  2.675 0.5000000000
131712  17.628  -80.804  3.604 0.6000000238
11900  17.240  -77.482  4.970 0.5000000000
11021  17.346  -78.464  4.292 0.5000000000
10166  18.520  -79.048  5.364 0.6000000238
10174  17.865  -79.205  4.574 0.6000000238
132290  22.144  -90.681  -5.276 0.6000000238
3962  22.932  -88.622  -4.514 0.6999999881
6376  18.134  -85.168  2.777 0.5000000000
9346  14.202  -80.365  5.608 0.6000000238
10187  10.393  -79.635  4.596 0.6999999881
6362  18.196  -84.155  3.242 0.6000000238
10173  18.436  -79.914  4.756 0.6000000238
142319  17.895  -78.306  5.142 0.6000000238
1454  21.379  -93.817  0.296 0.3000000119
1822  22.687  -92.637  0.388 0.3000000119
1812  22.754  -92.732  1.205 0.4000000060
1832  22.646  -92.484  -1.695 0.3000000119
1831  23.181  -92.030  -1.572 0.4000000060
2301  22.889  -91.668  -3.239 0.4000000060
2815  25.682  -89.785  -1.575 0.4000000060
2289  24.095  -90.756  -2.479 0.3000000119
2823  25.427  -89.528  -2.557 0.5000000000
3957  25.765  -88.121  -2.911 0.6000000238
2300  23.541  -91.307  -2.946 0.5000000000
2833  23.689  -89.915  -4.421 0.5000000000
2311  22.663  -91.210  -3.998 0.5000000000
4510  25.153  -87.595  -3.058 0.6000000238
5110  22.799  -86.972  0.403 0.6999999881
9324  14.559  -79.935  8.692 0.6000000238
11028  7.439  -78.650  4.744 0.6000000238
7087  16.546  -83.210  1.666 0.6000000238
8612  15.276  -81.738  1.348 0.5000000000
7077  17.151  -83.265  2.358 0.6000000238
7818  17.447  -82.443  2.891 0.6000000238
7828  16.009  -82.457  1.493 0.5000000000
138426  16.877  -81.689  2.582 0.6000000238
8596  15.442  -80.947  1.661 0.5000000000
9359  17.262  -80.105  3.298 0.5000000000
10183  17.368  -79.311  3.745 0.5000000000
136201  22.766  -94.861  17.830 0.4000000060
696  22.151  -95.296  17.119 0.5000000000
992  20.636  -94.047  19.752 0.5000000000
681  20.139  -94.681  20.443 0.5000000000
462  18.888  -96.040  20.530 0.5000000000
999  20.794  -94.077  18.822 0.5000000000
991  21.413  -94.072  19.558 0.5000000000
1012  23.515  -94.383  16.573 0.4000000060
1016  23.371  -94.119  15.710 0.4000000060
703  23.112  -94.818  15.927 0.5000000000
542  22.119  -96.334  5.732 0.3000000119
131349  21.566  -96.441  5.929 0.3000000119
558  21.451  -96.396  4.168 0.3000000119
557  21.893  -96.020  4.076 0.3000000119
680  20.987  -94.260  20.537 0.4000000060
139179  20.473  -95.201  21.259 0.5000000000
675  20.254  -95.780  21.724 0.5000000000
146445  21.792  -93.980  20.125 0.4000000060
998  22.011  -94.542  18.753 0.4000000060
140471  23.581  -94.266  18.064 0.3000000119
138398  23.786  -93.672  18.570 0.3000000119
1367  22.781  -93.951  14.643 0.4000000060
1348  23.715  -93.708  16.592 0.3000000119
1357  23.335  -93.312  15.878 0.4000000060
1023  23.009  -94.222  15.086 0.5000000000
535  22.180  -96.109  6.393 0.3000000119
537  20.721  -96.342  6.157 0.3000000119
549  21.992  -96.390  4.849 0.3000000119
774  22.473  -95.719  4.508 0.3000000119
128486  22.042  -95.594  3.577 0.3000000119
984  21.751  -94.038  20.934 0.3000000119
147042  21.178  -94.690  21.340 0.4000000060
128839  22.519  -93.783  20.149 0.3000000119
1713  23.740  -93.031  16.850 0.3000000119
1730  21.710  -92.824  14.664 0.4000000060
1368  22.218  -93.470  14.191 0.4000000060
135380  22.598  -92.704  15.733 0.4000000060
1706  23.264  -92.358  17.394 0.3000000119
751  23.399  -95.501  7.359 0.4000000060
752  22.694  -95.644  7.149 0.4000000060
753  22.156  -95.536  7.133 0.4000000060
1073  20.818  -94.453  6.698 0.4000000060
1083  19.955  -94.261  6.444 0.4000000060
1434  19.584  -93.483  6.670 0.5000000000
1082  23.757  -95.235  6.261 0.3000000119
534  22.677  -95.954  6.231 0.3000000119
148507  22.937  -95.609  5.108 0.3000000119
1095  22.535  -94.892  3.936 0.3000000119
1450  22.316  -93.626  2.320 0.3000000119
129902  22.682  -93.716  21.229 0.3000000119
1725  21.120  -92.284  15.307 0.3000000119
1731  20.756  -92.440  14.536 0.3000000119
1744  20.459  -92.928  13.326 0.4000000060
1384  20.294  -93.461  12.844 0.4000000060
2114  22.279  -91.513  17.608 0.3000000119
1715  21.683  -92.081  16.075 0.3000000119
142514  21.751  -91.610  16.930 0.3000000119
1775  19.258  -92.182  9.114 0.5000000000
124827  19.040  -92.743  9.926 0.5000000000
1409  25.112  -93.961  9.783 0.3000000119
1059  24.539  -94.437  9.109 0.3000000119
1065  24.481  -94.708  8.513 0.3000000119
1067  23.376  -94.763  8.377 0.3000000119
141704  22.839  -95.167  7.650 0.4000000060
125122  21.311  -92.180  7.253 0.5000000000
1794  19.557  -92.403  7.370 0.5000000000
743  24.116  -95.264  7.957 0.3000000119
1072  21.808  -94.714  7.367 0.4000000060
125572  21.083  -93.704  6.830 0.4000000060
1426  20.784  -92.773  6.768 0.5000000000
1793  19.964  -92.564  6.676 0.5000000000
769  23.312  -95.196  5.307 0.3000000119
771  22.917  -95.250  4.688 0.3000000119
1446  22.909  -93.886  3.949 0.3000000119
1449  22.867  -93.067  3.027 0.4000000060
2134  20.406  -91.771  15.056 0.3000000119
1739  20.116  -92.197  13.285 0.4000000060
2103  22.656  -91.007  18.240 0.3000000119
2133  20.834  -91.547  15.776 0.3000000119
1745  19.809  -92.746  12.752 0.4000000060
1750  19.190  -92.554  11.895 0.4000000060
1403  18.980  -92.889  10.867 0.5000000000
125288  19.282  -91.449  10.238 0.4000000060
1765  19.238  -92.090  10.078 0.5000000000
148386  26.307  -92.279  11.083 0.3000000119
2201  19.646  -91.589  8.083 0.5000000000
2191  19.497  -91.251  9.251 0.5000000000
1410  24.287  -93.901  9.643 0.3000000119
2200  20.333  -91.081  7.825 0.4000000060
2736  19.948  -90.767  8.527 0.5000000000
1408  25.754  -93.755  9.949 0.3000000119
1060  23.814  -94.423  9.061 0.4000000060
1418  22.841  -93.827  8.662 0.4000000060
1785  21.526  -91.457  7.870 0.5000000000
1071  24.486  -94.900  7.711 0.3000000119
1068  22.558  -94.480  8.010 0.4000000060
1419  21.785  -93.486  7.597 0.5000000000
1089  24.225  -94.456  6.211 0.3000000119
1441  24.021  -93.605  5.544 0.4000000060
1800  23.759  -92.647  4.924 0.3000000119
1444  23.523  -93.738  4.743 0.4000000060
131435  23.233  -92.792  4.060 0.4000000060
132036  15.973  -91.523  -1.047 0.5000000000
1811  22.592  -92.728  2.030 0.3000000119
3194  22.771  -89.759  17.504 0.3000000119
2115  21.566  -91.015  17.231 0.3000000119
2148  20.024  -91.331  13.204 0.3000000119
2642  22.174  -90.542  17.653 0.3000000119
2153  19.572  -90.948  12.390 0.3000000119
2160  19.158  -91.099  10.854 0.5000000000
3298  19.795  -89.845  9.649 0.4000000060
2713  19.450  -90.265  10.571 0.3000000119
133526  26.804  -91.948  11.230 0.3000000119
2724  20.166  -90.131  8.947 0.5000000000
1762  25.199  -92.962  10.777 0.3000000119
2190  21.598  -90.750  8.482 0.4000000060
2735  20.578  -90.488  8.339 0.4000000060
131757  23.673  -93.015  9.998 0.4000000060
1773  22.796  -92.878  9.315 0.4000000060
1774  22.224  -91.752  8.926 0.4000000060
1064  24.855  -94.356  8.450 0.3000000119
1424  25.030  -93.507  8.128 0.3000000119
1784  22.058  -92.581  8.261 0.4000000060
1796  24.578  -92.423  6.716 0.3000000119
2223  24.634  -91.538  6.148 0.4000000060
1805  23.689  -91.692  4.170 0.4000000060
147839  15.998  -91.879  0.124 0.5000000000
1809  23.349  -91.887  3.276 0.4000000060
2305  16.822  -91.159  -2.154 0.5000000000
3195  22.069  -89.836  17.031 0.3000000119
7732  16.075  -82.480  10.039 0.5000000000
3287  20.260  -89.377  9.355 0.3000000119
3288  19.860  -89.027  9.766 0.3000000119
7000  16.320  -82.938  7.872 0.5000000000
7716  15.614  -82.697  10.882 0.6000000238
2706  27.258  -91.189  11.206 0.3000000119
136379  25.903  -91.784  10.945 0.3000000119
2173  27.633  -91.760  11.361 0.3000000119
2174  25.705  -92.445  10.958 0.3000000119
133757  24.986  -91.592  10.725 0.3000000119
2723  21.457  -90.007  9.031 0.4000000060
3308  20.747  -89.917  8.849 0.4000000060
5043  16.752  -86.983  5.625 0.5000000000
7692  12.786  -82.436  12.522 0.5000000000
1764  23.473  -92.236  10.340 0.3000000119
2177  23.062  -91.530  10.330 0.3000000119
2189  22.390  -90.947  9.721 0.3000000119
2711  22.874  -90.655  10.347 0.3000000119
4434  16.591  -87.818  5.042 0.5000000000
1790  25.457  -92.722  8.403 0.3000000119
1791  24.953  -92.480  7.554 0.3000000119
3352  16.760  -89.944  4.119 0.5000000000
2213  24.986  -91.654  6.984 0.3000000119
2256  15.886  -91.465  2.147 0.5000000000
2222  25.357  -90.906  6.353 0.4000000060
1820  16.650  -92.092  0.578 0.6000000238
148008  25.435  -90.619  5.711 0.4000000060
2236  24.226  -90.888  4.216 0.5000000000
1829  17.161  -92.181  0.033 0.5000000000
2774  24.538  -90.501  3.443 0.4000000060
2243  23.735  -90.865  3.364 0.3000000119
131967  23.624  -91.156  2.668 0.4000000060
2294  17.502  -91.519  -1.464 0.6000000238
2258  27.825  -90.862  1.996 0.3000000119
2259  26.964  -90.901  1.874 0.4000000060
144701  25.030  -90.885  1.742 0.4000000060
2250  23.825  -91.241  1.850 0.3000000119
2312  17.925  -90.823  -3.359 0.6000000238
2313  17.027  -90.837  -3.148 0.5000000000
2789  28.185  -90.421  1.805 0.3000000119
133025  27.431  -90.589  1.326 0.5000000000
2792  26.192  -90.696  0.821 0.4000000060
2802  25.446  -90.714  0.080 0.4000000060
3370  28.185  -89.746  1.301 0.3000000119
2800  27.660  -90.143  0.691 0.5000000000
136361  26.573  -90.356  0.089 0.4000000060
3936  27.904  -89.179  0.406 0.4000000060
3379  27.676  -89.511  0.010 0.5000000000
2808  25.982  -89.982  -0.627 0.4000000060
3393  26.982  -88.919  -1.517 0.5000000000
7715  16.084  -81.904  11.100 0.6000000238
127475  15.533  -82.155  11.971 0.6000000238
3279  28.457  -90.053  11.275 0.3000000119
3280  27.564  -90.270  10.805 0.3000000119
3281  26.611  -90.229  10.328 0.3000000119
2708  25.279  -90.888  10.490 0.3000000119
8472  15.358  -81.392  12.068 0.6000000238
8461  14.221  -81.874  12.589 0.6000000238
2705  28.240  -91.014  11.526 0.3000000119
2709  24.308  -90.700  10.491 0.3000000119
8475  12.870  -81.388  11.576 0.6000000238
129314  29.574  -90.931  11.072 0.3000000119
136839  24.081  -91.367  10.552 0.3000000119
139356  23.403  -91.199  10.466 0.3000000119
8476  12.155  -81.777  11.258 0.6000000238
2212  25.468  -91.877  7.731 0.3000000119
8508  11.408  -81.402  9.251 0.6000000238
8509  10.981  -81.940  9.580 0.6000000238
7733  10.327  -82.272  9.503 0.6000000238
7753  9.296  -82.420  8.368 0.5000000000
2772  26.317  -90.838  3.809 0.4000000060
131314  26.221  -90.939  2.206 0.4000000060
124882  27.876  -88.655  1.138 0.4000000060
3945  27.708  -88.793  -0.393 0.5000000000
3822  29.475  -88.809  11.367 0.3000000119
3823  28.643  -89.117  10.818 0.3000000119
3824  27.812  -89.356  10.320 0.3000000119
3282  25.678  -90.121  10.059 0.3000000119
3283  24.631  -89.974  10.167 0.3000000119
3284  23.679  -89.811  10.419 0.3000000119
148900  15.837  -81.459  11.588 0.5000000000
2695  28.969  -90.482  11.625 0.3000000119
2704  28.969  -91.126  11.609 0.3000000119
148124  13.747  -80.697  11.324 0.5000000000
8474  13.771  -81.181  11.878 0.6000000238
143114  29.348  -90.587  11.547 0.3000000119
8491  12.459  -81.147  10.665 0.6000000238
2694  29.908  -90.312  11.386 0.3000000119
8492  11.669  -81.725  10.218 0.6000000238
2235  27.170  -91.050  5.005 0.3000000119
2230  26.212  -90.647  5.664 0.3000000119
8528  9.852  -81.902  8.090 0.6000000238
7771  8.281  -82.257  6.482 0.6000000238
9292  12.900  -80.493  10.187 0.6000000238
9307  12.693  -80.435  9.218 0.5000000000
8536  11.806  -81.128  8.110 0.6000000238
125075  11.237  -81.330  8.500 0.6000000238
7761  10.272  -81.747  7.358 0.6000000238
145110  9.545  -81.996  7.185 0.6000000238
131114  8.550  -82.089  5.448 0.6000000238
7769  10.048  -81.964  6.504 0.6000000238
7791  8.315  -82.119  4.473 0.5000000000
9306  13.516  -80.134  9.780 0.5000000000
9335  13.225  -80.759  8.404 0.5000000000
146223  11.231  -81.350  7.843 0.5000000000
7779  9.712  -82.102  5.512 0.6000000238
8615  6.802  -80.872  2.919 0.5000000000
11039  6.649  -78.713  3.773 0.6000000238
10190  6.959  -79.143  2.993 0.6000000238
10200  6.294  -79.495  2.530 0.5000000000
11040  6.096  -78.705  2.853 0.6000000238
10201  5.665  -79.654  2.464 0.6000000238
8535  12.731  -81.227  7.665 0.5000000000
7790  10.395  -82.126  4.617 0.5000000000
140493  9.484  -81.665  3.773 0.5000000000
144626  9.382  -82.111  4.525 0.6000000238
9363  8.892  -80.479  3.700 0.6000000238
9375  8.372  -80.898  3.339 0.5000000000
8599  7.167  -81.165  3.390 0.5000000000
9364  8.114  -79.765  3.604 0.6000000238
11003  8.720  -78.353  6.422 0.6000000238
124535  7.615  -79.149  3.908 0.6000000238
11030  4.922  -77.772  3.682 0.5000000000
10929  6.332  -78.036  13.303 0.5000000000
7778  10.800  -82.201  5.602 0.5000000000
8582  10.410  -81.391  3.797 0.6000000238
10906  6.198  -78.198  15.539 0.5000000000
10897  5.122  -78.125  16.877 0.6000000238
10915  6.313  -78.273  14.415 0.6000000238
11813  6.966  -77.730  14.101 0.6000000238
10916  5.622  -78.735  14.807 0.5000000000
10940  6.044  -77.785  12.353 0.5000000000
11827  5.768  -77.542  11.509 0.5000000000
11018  3.974  -77.999  4.879 0.5000000000
11909  4.504  -77.673  4.494 0.5000000000
14529  8.208  -74.948  15.335 0.6000000238
14543  6.962  -74.992  14.351 0.6999999881
13582  8.134  -75.592  15.932 0.6000000238
13583  7.196  -75.558  15.992 0.6999999881
12672  5.316  -75.872  16.168 0.6000000238
12661  5.843  -76.814  17.263 0.6000000238
13572  7.619  -75.981  16.430 0.6000000238
13573  6.937  -75.991  16.660 0.6000000238
12669  9.558  -76.108  15.688 0.6000000238
12670  8.791  -76.254  16.047 0.6000000238
11777  7.208  -77.052  16.800 0.6000000238
12660  6.763  -76.670  17.038 0.5000000000
11780  4.668  -77.583  17.635 0.6000000238
12680  10.059  -76.409  14.998 0.6000000238
11788  8.235  -76.849  15.539 0.6000000238
11790  6.763  -77.592  16.341 0.5000000000
11791  5.981  -77.888  16.608 0.6000000238
11799  8.493  -77.126  14.624 0.6000000238
11800  7.647  -77.426  14.881 0.6000000238
11811  8.594  -77.177  13.559 0.6000000238
11812  7.713  -77.383  13.832 0.6000000238
11817  7.749  -77.368  12.769 0.6000000238
11826  6.541  -77.277  11.897 0.5000000000
11841  5.165  -77.302  10.817 0.5000000000
12737  4.632  -76.631  10.208 0.5000000000
12746  3.989  -76.180  9.808 0.5000000000
12747  3.834  -76.139  9.333 0.5000000000
13596  5.671  -75.701  15.105 0.6000000238
12683  4.352  -76.283  15.572 0.6999999881
144680  9.426  -76.955  13.404 0.5000000000
12705  7.946  -77.059  11.921 0.6000000238
12735  6.508  -76.467  10.757 0.6000000238
12720  5.872  -76.974  10.997 0.5000000000
13644  5.971  -75.669  10.161 0.6000000238
13657  4.730  -75.918  8.991 0.5000000000
143416  5.158  -75.332  8.891 0.6000000238
13658  3.707  -75.493  8.959 0.6000000238
18315  8.112  -70.998  12.751 0.4000000060
14568  3.485  -75.266  12.078 0.6999999881
15517  2.133  -74.365  12.380 0.5000000000
15492  2.757  -73.812  13.225 0.5000000000
17342  8.483  -71.900  12.510 0.6000000238
16445  7.734  -72.323  12.278 0.5000000000
14558  2.827  -74.810  12.927 0.6000000238
13598  3.238  -75.509  13.914 0.5000000000
17341  9.402  -72.143  12.798 0.5000000000
14567  4.282  -75.071  12.308 0.6000000238
144164  3.464  -75.511  12.468 0.8000000119
14557  5.650  -75.050  13.354 0.6999999881
13607  4.082  -76.177  13.682 0.8000000119
13597  3.530  -76.177  15.038 0.6999999881
13643  6.960  -75.581  10.367 0.6000000238
13656  5.502  -75.576  9.076 0.6000000238
125357  2.728  -72.842  13.520 0.5000000000
17344  6.909  -71.074  12.211 0.5000000000
146259  1.915  -74.188  11.490 0.6999999881
138212  3.433  -73.098  13.859 0.5000000000
18307  9.230  -70.992  13.870 0.4000000060
17336  8.914  -71.361  13.016 0.4000000060
17334  10.768  -71.894  13.778 0.4000000060
16424  11.533  -72.462  13.270 0.5000000000
16441  12.151  -73.061  12.608 0.4000000060
16447  0.872  -73.264  12.423 0.5000000000
16426  2.061  -72.016  13.796 0.5000000000
18310  6.696  -70.468  12.865 0.3000000119
18317  6.305  -70.508  11.988 0.3000000119
15518  1.192  -74.013  12.125 0.6000000238
16423  12.371  -72.240  13.077 0.4000000060
16451  13.066  -72.707  11.263 0.4000000060
16448  0.489  -72.648  12.110 0.6000000238
16457  1.030  -73.094  11.124 0.6000000238
16440  12.771  -72.493  12.143 0.4000000060
17338  0.332  -71.586  12.954 0.5000000000
20339  7.879  -68.208  14.682 0.3000000119
19309  6.513  -69.786  13.523 0.3000000119
19323  5.940  -70.055  12.885 0.3000000119
18318  4.804  -70.021  12.156 0.4000000060
18330  13.034  -71.058  11.969 0.3000000119
17371  13.042  -71.976  10.773 0.4000000060
125136  12.841  -71.352  11.224 0.4000000060
131538  5.033  -69.029  12.967 0.4000000060
18319  0.045  -70.796  12.613 0.6000000238
17330  1.343  -71.255  14.029 0.4000000060
19325  4.655  -69.300  12.451 0.4000000060
21401  8.918  -67.117  14.974 0.3000000119
21403  7.201  -67.588  14.417 0.3000000119
17331  0.510  -71.021  13.507 0.5000000000
20377  4.024  -68.955  11.980 0.4000000060
20379  2.184  -68.786  10.737 0.4000000060
21451  1.791  -67.667  11.424 0.5000000000
136428  3.095  -67.825  11.170 0.4000000060
131173  2.456  -68.050  10.851 0.4000000060
135925  5.860  -64.306  10.880 0.3000000119
24787  5.404  -63.819  10.483 0.3000000119
24769  5.068  -64.401  10.975 0.3000000119
24770  4.217  -64.756  11.120 0.3000000119
24788  4.982  -63.800  10.797 0.3000000119
24673  6.467  -64.980  18.133 0.4000000060
25880  6.770  -63.230  9.972 0.3000000119
3285  22.833  -89.667  10.421 0.3000000119
2758  25.424  -90.522  5.070 0.4000000060
21449  3.513  -67.300  11.365 0.3000000119
14604  5.803  -74.826  8.934 0.6000000238
24661  5.518  -64.328  18.850 0.4000000060
16442  11.154  -72.983  13.034 0.5000000000
23659  3.841  -65.774  11.079 0.3000000119
2262  24.071  -91.268  1.037 0.3000000119
2260  26.087  -90.883  1.537 0.4000000060
8547  10.913  -82.000  6.713 0.5000000000
997  22.902  -94.495  18.623 0.4000000060
682  19.747  -95.796  21.021 0.5000000000
1024  22.662  -94.578  14.615 0.5000000000
536  21.638  -96.204  6.290 0.4000000060
989  23.241  -93.949  19.129 0.4000000060
1724  22.713  -93.231  15.003 0.4000000060
1375  21.755  -93.707  13.614 0.4000000060
763  22.755  -95.814  6.829 0.4000000060
764  21.560  -95.860  6.642 0.4000000060
765  20.493  -95.350  6.486 0.4000000060
966  21.877  -94.654  21.774 0.3000000119
2113  23.276  -91.888  18.116 0.3000000119
145859  21.986  -92.607  15.341 0.3000000119
1738  21.226  -93.042  13.874 0.4000000060
1376  21.029  -93.569  13.268 0.4000000060
761  24.021  -95.442  7.185 0.3000000119
1081  24.292  -95.002  6.884 0.4000000060
144479  20.470  -92.535  13.838 0.4000000060
1385  19.613  -93.436  12.323 0.4000000060
2215  20.110  -91.799  7.244 0.5000000000
2275  15.926  -91.824  0.687 0.5000000000
1090  23.727  -94.525  5.427 0.4000000060
2651  21.233  -90.553  16.598 0.3000000119
135324  19.608  -91.877  12.578 0.4000000060
128778  18.894  -91.923  10.979 0.5000000000
1763  24.261  -92.651  10.521 0.3000000119
1417  25.351  -93.658  9.040 0.3000000119
1433  24.594  -94.339  6.992 0.3000000119
1440  24.395  -93.485  6.392 0.3000000119
2295  16.642  -91.555  -1.249 0.6000000238
2696  19.328  -90.597  11.469 0.3000000119
125342  19.230  -91.501  11.712 0.4000000060
148079  16.826  -91.130  3.169 0.5000000000
1804  24.270  -91.520  5.126 0.4000000060
3829  20.304  -88.546  9.947 0.3000000119
2712  22.174  -89.858  10.012 0.3000000119
2248  27.172  -91.046  2.705 0.4000000060
2249  25.189  -90.510  2.722 0.4000000060
2775  24.228  -90.638  2.640 0.4000000060
3366  28.520  -90.081  2.258 0.3000000119
3294  26.980  -89.422  9.909 0.3000000119
8507  12.174  -80.982  9.684 0.6000000238
143911  26.930  -91.161  3.409 0.3000000119
3295  26.122  -89.345  9.645 0.3000000119
3842  25.642  -88.409  9.303 0.3000000119
2721  30.177  -90.477  10.478 0.3000000119
134991  8.251  -81.597  3.629 0.5000000000
9365  7.578  -80.038  3.137 0.6000000238
13606  5.077  -75.797  13.988 0.6999999881
13608  3.721  -76.071  14.060 0.6999999881
13612  4.615  -75.721  12.958 0.6999999881
14569  2.509  -74.930  12.109 0.6000000238
143055  7.076  -69.444  14.245 0.3000000119
20340  6.965  -68.491  14.583 0.3000000119
1814  18.171  -92.326  2.223 0.5000000000
2254  17.817  -91.982  2.945 0.5000000000
128169  23.986  -86.038  -0.497 0.6000000238
7777  11.321  -82.057  4.666 0.4000000060
8581  11.343  -81.098  3.793 0.5000000000
11908  5.278  -77.576  4.556 0.5000000000
137708  7.869  -77.228  6.640 0.5000000000
11005  7.085  -77.990  6.256 0.5000000000
11895  6.301  -77.890  5.809 0.5000000000
11896  4.689  -77.587  5.541 0.5000000000
130398  5.297  -77.303  6.320 0.5000000000
12762  8.227  -76.504  6.424 0.5000000000
12766  3.850  -76.568  6.117 0.4000000060
13681  6.351  -75.772  6.464 0.5000000000
12764  5.984  -76.775  6.663 0.5000000000
12765  4.834  -76.619  6.390 0.5000000000
12767  3.343  -76.620  6.535 0.5000000000
13682  5.281  -75.803  6.544 0.6000000238
127197  3.407  -75.683  6.334 0.5000000000
14619  2.774  -75.233  8.615 0.5000000000
14642  4.197  -73.845  5.622 0.6000000238
14624  1.606  -75.120  8.107 0.5000000000
13659  1.795  -75.078  8.487 0.5000000000
13696  3.825  -74.963  6.063 0.6000000238
14630  2.781  -74.222  7.052 0.6000000238
13684  2.638  -76.054  7.140 0.5000000000
15601  4.867  -73.511  5.216 0.6000000238
15603  3.341  -73.477  5.852 0.6000000238
14644  2.939  -74.058  6.015 0.6000000238
15564  1.855  -73.787  8.354 0.6000000238
16508  2.290  -72.406  6.953 0.6000000238
15563  2.239  -73.668  8.627 0.5000000000
125891  4.058  -74.174  9.159 0.5000000000
15590  2.045  -72.741  7.208 0.6000000238
14623  1.813  -74.364  7.620 0.6000000238
12662  4.905  -76.521  17.389 0.5000000000
13585  3.887  -75.508  16.479 0.5000000000
12673  4.752  -76.122  16.628 0.5000000000
15561  4.308  -73.486  9.101 0.6000000238
17395  2.212  -71.403  7.657 0.6000000238
141692  3.712  -72.737  9.137 0.6000000238
16493  1.991  -72.915  8.158 0.6000000238
16482  2.385  -72.330  8.897 0.6000000238
17380  2.552  -71.323  8.858 0.6000000238
133267  3.783  -68.138  11.732 0.3000000119
23575  6.206  -65.705  17.943 0.3000000119
3946  27.343  -88.354  -1.133 0.4000000060
5124  26.230  -87.148  -1.175 0.5000000000
2836  18.204  -90.534  -4.562 0.5000000000
2829  18.693  -90.716  -3.531 0.5000000000
5119  25.444  -86.594  -0.601 0.4000000060
2828  19.430  -90.765  -2.962 0.4000000060
5726  23.494  -85.540  2.075 0.4000000060
2266  17.347  -92.021  2.313 0.4000000060
143295  17.935  -92.157  -0.032 0.4000000060
1824  17.605  -92.350  0.710 0.4000000060
132546  18.153  -91.777  -0.835 0.4000000060
2293  18.383  -91.503  -1.699 0.4000000060
6374  21.694  -84.106  2.639 0.4000000060
5713  21.247  -84.737  2.280 0.4000000060
5728  21.651  -85.552  1.921 0.4000000060
5712  22.199  -85.029  2.369 0.4000000060
5727  22.634  -85.884  2.037 0.4000000060
5735  19.787  -85.827  0.627 0.4000000060
5112  19.251  -86.759  -0.010 0.5000000000
18377  2.654  -70.948  7.378 0.5000000000
18389  3.292  -70.553  6.971 0.5000000000
18367  2.489  -70.518  7.997 0.5000000000
146059  2.958  -70.329  7.539 0.5000000000
19398  3.858  -69.053  8.041 0.5000000000
18354  2.885  -70.367  9.109 0.5000000000
19366  4.518  -68.531  9.173 0.5000000000
13586  3.282  -75.307  15.390 0.4000000060
135510  2.988  -74.709  14.748 0.4000000060
19379  3.599  -69.352  8.616 0.5000000000
138400  3.083  -71.881  9.239 0.5000000000
5109  23.432  -85.970  0.455 0.5000000000
128366  23.078  -85.187  2.572 0.4000000060
5729  20.580  -84.907  1.974 0.4000000060
686  19.374  -95.118  20.184 0.4000000060
687  18.597  -95.605  19.831 0.4000000060
308  15.250  -96.658  15.823 0.4000000060
993  19.971  -94.131  19.473 0.4000000060
690  19.125  -94.290  19.225 0.4000000060
482  15.704  -95.979  16.191 0.4000000060
691  18.368  -94.886  18.912 0.4000000060
306  17.894  -97.105  14.742 0.4000000060
716  16.495  -95.624  15.738 0.4000000060
700  16.400  -95.450  16.782 0.4000000060
1000  19.733  -93.938  18.429 0.5000000000
1006  20.341  -94.307  17.934 0.4000000060
709  17.101  -94.845  16.302 0.4000000060
1005  21.550  -94.948  18.043 0.5000000000
697  21.083  -95.295  17.340 0.5000000000
1007  19.232  -94.026  17.505 0.4000000060
131590  18.829  -93.888  18.221 0.4000000060
140595  20.809  -95.605  16.722 0.4000000060
698  20.136  -94.959  17.161 0.4000000060
496  19.876  -96.817  14.677 0.4000000060
488  19.705  -96.518  15.392 0.4000000060
489  18.441  -95.523  15.733 0.4000000060
708  17.957  -94.657  16.208 0.4000000060
1002  17.749  -94.369  17.583 0.4000000060
131706  18.121  -96.304  15.234 0.4000000060
715  17.482  -95.470  15.624 0.4000000060
714  21.052  -96.022  15.928 0.5000000000
706  20.159  -95.639  16.477 0.4000000060
707  19.320  -94.700  16.692 0.4000000060
1013  18.503  -94.148  16.785 0.4000000060
487  20.541  -96.418  15.220 0.5000000000
480  20.199  -96.248  15.907 0.4000000060
481  19.412  -95.766  16.021 0.4000000060
146197  18.713  -94.891  16.306 0.4000000060
134114  21.099  -96.619  12.601 0.3000000119
130085  20.589  -96.973  11.935 0.3000000119
506  20.896  -96.402  12.188 0.4000000060
146380  21.506  -96.282  13.095 0.3000000119
730  21.038  -95.596  12.368 0.4000000060
505  21.472  -96.104  12.749 0.4000000060
128579  18.512  -95.938  9.612 0.3000000119
733  19.509  -96.115  11.052 0.4000000060
510  20.271  -96.762  11.541 0.4000000060
732  20.395  -95.891  11.784 0.4000000060
1054  18.873  -95.002  10.747 0.4000000060
130680  19.561  -95.041  11.513 0.4000000060
1049  19.569  -94.191  11.940 0.3000000119
495  20.837  -96.500  14.230 0.3000000119
1040  20.968  -94.719  12.618 0.3000000119
729  21.561  -95.273  12.949 0.4000000060
1061  18.585  -94.957  9.809 0.4000000060
1048  20.288  -94.945  12.133 0.3000000119
135018  19.034  -94.014  11.074 0.4000000060
126320  18.883  -93.389  10.279 0.4000000060
500  21.590  -96.130  13.777 0.4000000060
725  21.812  -95.705  13.502 0.4000000060
1041  20.214  -94.130  12.466 0.3000000119
1421  18.311  -93.899  8.236 0.4000000060
1062  18.429  -94.808  8.964 0.4000000060
1420  18.863  -93.032  7.702 0.4000000060
144054  18.933  -93.263  8.513 0.4000000060
124190  18.703  -94.093  10.113 0.4000000060
486  21.597  -96.086  14.828 0.4000000060
721  22.077  -95.625  14.263 0.4000000060
1033  21.550  -94.349  13.207 0.3000000119
1032  21.967  -94.979  13.518 0.4000000060
1429  18.546  -93.696  7.332 0.4000000060
1435  19.003  -93.745  6.831 0.4000000060
1428  19.270  -93.111  6.987 0.4000000060
1786  19.175  -92.492  8.250 0.4000000060
1412  19.078  -93.200  9.270 0.4000000060
704  22.530  -95.357  16.188 0.4000000060
1374  22.302  -94.294  13.906 0.3000000119
695  23.085  -95.039  16.809 0.4000000060
705  21.652  -95.627  16.490 0.4000000060
712  22.622  -95.220  15.382 0.4000000060
131840  22.236  -95.584  14.914 0.4000000060
720  22.493  -95.135  14.714 0.4000000060
5113  18.587  -86.593  -0.554 0.4000000060
1413  18.774  -94.007  9.125 0.4000000060
372  21.180  -96.846  4.764 0.3000000119
501  21.119  -96.653  13.239 0.3000000119
530  22.246  -95.870  6.762 0.4000000060
548  22.615  -95.999  5.371 0.3000000119
713  22.030  -95.715  15.597 0.4000000060
724  22.325  -95.123  14.063 0.3000000119
744  23.661  -95.180  8.021 0.4000000060
754  21.431  -95.297  6.903 0.4000000060
762  23.320  -95.681  6.693 0.4000000060
782  21.716  -95.593  2.760 0.3000000119
990  22.379  -94.199  19.381 0.4000000060
1004  23.453  -94.556  17.291 0.3000000119
1008  18.380  -93.948  17.413 0.4000000060
1009  17.761  -94.175  16.832 0.4000000060
1017  22.906  -94.643  15.211 0.5000000000
1058  25.015  -94.240  9.219 0.3000000119
1066  24.082  -94.928  8.556 0.3000000119
1093  23.204  -94.628  4.654 0.3000000119
1096  22.196  -95.054  2.979 0.4000000060
1099  22.058  -94.495  2.394 0.4000000060
1358  23.120  -93.809  15.230 0.5000000000
1402  24.755  -93.464  10.326 0.3000000119
1411  23.470  -93.655  9.399 0.4000000060
1425  24.802  -94.229  7.719 0.3000000119
1427  20.316  -93.425  6.556 0.5000000000
1714  22.656  -92.362  16.674 0.3000000119
1759  27.190  -92.269  11.040 0.3000000119
1761  25.887  -93.038  10.822 0.3000000119
1792  20.806  -91.460  7.373 0.5000000000
1799  24.242  -92.521  5.798 0.3000000119
1817  19.348  -92.323  1.460 0.6000000238
1818  18.724  -92.460  1.657 0.6000000238
1819  17.233  -92.216  1.539 0.4000000060
1834  22.974  -91.874  -2.366 0.4000000060
1836  21.980  -92.720  -3.123 0.4000000060
2122  21.235  -91.255  16.478 0.3000000119
2171  29.127  -91.457  10.684 0.3000000119
2175  24.678  -92.199  10.760 0.3000000119
2176  23.785  -91.870  10.530 0.3000000119
2178  19.567  -90.744  9.977 0.4000000060
2214  21.034  -90.737  7.817 0.4000000060
2231  24.841  -90.806  5.630 0.4000000060
2242  26.197  -90.865  3.002 0.3000000119
2245  17.457  -91.381  3.395 0.5000000000
2255  16.895  -91.522  2.697 0.5000000000
2263  21.239  -91.175  0.863 0.6999999881
2267  16.694  -91.856  2.040 0.4000000060
2268  15.369  -91.474  1.104 0.5000000000
2271  24.550  -91.072  0.400 0.4000000060
2282  19.688  -91.719  -0.524 0.6000000238
2283  17.291  -91.876  -0.642 0.5000000000
2284  16.460  -91.882  -0.373 0.5000000000
2285  15.642  -91.628  -0.467 0.5000000000
2291  20.246  -91.292  -1.003 0.6000000238
2302  19.889  -90.996  -1.857 0.6000000238
2303  18.590  -91.122  -2.590 0.6000000238
2304  17.728  -91.198  -2.365 0.6000000238
2310  23.285  -90.889  -3.751 0.4000000060
2317  23.106  -90.540  -4.518 0.5000000000
2318  22.680  -90.676  -4.930 0.6000000238
2320  20.866  -91.400  -5.518 0.5000000000
2321  18.756  -90.597  -6.001 0.6000000238
2326  20.222  -90.760  -6.030 0.6000000238
2650  21.646  -90.414  17.082 0.3000000119
2707  26.239  -91.054  10.712 0.3000000119
2710  23.478  -90.550  10.466 0.3000000119
2725  19.766  -90.481  9.197 0.4000000060
2734  21.073  -90.309  8.373 0.4000000060
2763  26.342  -90.674  4.683 0.4000000060
2764  25.704  -90.606  4.283 0.4000000060
2765  24.964  -90.558  4.262 0.4000000060
2773  25.473  -90.575  3.552 0.4000000060
2776  19.478  -90.766  3.809 0.8000000119
2778  17.991  -91.039  4.083 0.4000000060
2779  16.832  -90.631  3.632 0.5000000000
2790  27.941  -90.299  1.298 0.3000000119
2791  27.036  -90.449  0.749 0.4000000060
2794  20.753  -90.790  1.676 0.8000000119
2801  27.305  -90.084  0.165 0.4000000060
2804  21.605  -90.672  0.528 0.8000000119
2832  24.464  -89.567  -3.894 0.5000000000
2847  19.528  -90.590  -6.067 0.6000000238
3267  29.563  -89.968  11.630 0.3000000119
3278  30.552  -89.894  11.072 0.3000000119
3296  25.189  -89.215  9.738 0.3000000119
3349  19.448  -89.450  4.657 0.6999999881
3350  18.780  -89.735  4.917 0.6999999881
3351  17.946  -89.799  5.015 0.8000000119
3371  22.072  -89.291  1.125 0.8000000119
3374  19.873  -89.775  2.026 0.8000000119
3378  27.919  -89.812  0.703 0.5000000000
3381  21.822  -90.099  0.934 0.6999999881
3382  19.128  -89.230  1.463 0.6999999881
3385  27.056  -89.630  -0.607 0.5000000000
3386  26.486  -89.481  -1.325 0.4000000060
3399  25.716  -88.763  -2.871 0.6000000238
3400  25.205  -89.184  -3.522 0.6000000238
3404  25.293  -88.356  -3.684 0.6000000238
3409  21.916  -89.344  -5.379 0.6999999881
3810  29.207  -89.659  11.532 0.3000000119
3883  19.681  -88.246  5.265 0.6999999881
3885  17.792  -88.470  5.567 0.6000000238
3886  17.096  -88.423  5.379 0.6000000238
3896  20.188  -88.377  4.582 0.8000000119
3897  19.843  -88.722  4.896 0.6999999881
3913  20.180  -88.784  4.133 0.8000000119
3921  19.486  -89.443  2.836 0.6999999881
3931  17.622  -88.806  1.286 0.5000000000
3937  19.395  -89.043  1.091 0.6999999881
3953  26.359  -88.483  -2.298 0.5000000000
3954  23.608  -87.982  -3.070 0.6999999881
3955  23.442  -87.892  -1.779 0.6999999881
3956  26.273  -87.882  -2.428 0.6000000238
3960  24.736  -88.390  -4.189 0.6000000238
3961  23.860  -88.599  -4.512 0.6999999881
3963  23.284  -88.800  -5.055 0.6999999881
4431  19.334  -87.628  5.652 0.8000000119
4443  20.307  -87.732  4.948 0.6999999881
4479  22.057  -87.865  1.486 0.6999999881
4480  21.308  -88.080  1.277 0.6999999881
4481  16.978  -88.204  0.827 0.5000000000
4485  27.682  -88.358  0.164 0.4000000060
4497  23.586  -86.434  -0.540 0.6999999881
4499  18.600  -87.623  -0.395 0.4000000060
4504  26.260  -87.298  -2.081 0.5000000000
5032  19.250  -86.269  6.324 0.8000000119
5033  18.082  -86.293  6.363 0.6999999881
5034  16.880  -86.088  6.285 0.6000000238
5039  20.325  -86.514  5.587 0.6999999881
5042  17.479  -87.029  6.089 0.6999999881
5067  20.167  -86.884  4.342 0.6000000238
5097  23.927  -85.688  1.179 0.4000000060
5101  17.224  -87.149  1.538 0.5000000000
5125  25.541  -86.844  -1.547 0.6000000238
5126  24.984  -86.766  -1.586 0.6000000238
5664  20.398  -85.743  5.839 0.8000000119
5680  20.304  -85.628  4.766 0.8000000119
5715  17.643  -86.101  2.144 0.5000000000
6307  19.905  -84.598  6.751 0.8000000119
6309  18.329  -84.005  7.599 0.6999999881
6333  20.421  -85.288  5.351 0.6999999881
6361  18.712  -84.805  3.757 0.6000000238
7013  19.475  -83.436  7.612 0.6999999881
7014  18.976  -83.507  7.859 0.6999999881
7028  17.344  -83.572  7.360 0.6999999881
7038  19.888  -83.526  5.687 0.8999999762
7056  19.711  -83.680  4.948 0.6999999881
7057  18.922  -83.541  4.448 0.6000000238
7075  21.060  -83.269  2.430 0.4000000060
7689  15.038  -81.966  12.608 0.6000000238
7691  13.618  -82.530  12.736 0.5000000000
7702  12.564  -81.895  12.012 0.6000000238
7730  17.641  -82.111  9.084 0.6000000238
7747  19.253  -82.215  8.318 0.6999999881
7751  16.737  -82.300  9.377 0.6000000238
7752  9.789  -82.223  8.889 0.6000000238
7768  19.864  -83.356  6.611 0.8999999762
7770  9.140  -81.941  6.363 0.6000000238
7788  18.885  -82.116  4.741 0.6999999881
7805  9.012  -82.032  3.992 0.5000000000
8462  13.275  -81.813  12.343 0.6000000238
8471  15.881  -80.875  11.537 0.5000000000
8473  14.778  -81.281  12.319 0.6000000238
8490  13.204  -80.791  11.073 0.6000000238
8505  18.376  -80.775  9.841 0.6000000238
8523  18.970  -80.975  9.073 0.6999999881
8525  12.318  -80.745  8.537 0.5000000000
8526  11.859  -80.791  8.867 0.6000000238
8527  10.543  -81.715  8.851 0.6000000238
8537  10.612  -81.515  8.044 0.6000000238
8543  19.510  -81.409  6.798 0.8999999762
8553  13.491  -81.383  5.835 0.5000000000
8565  17.975  -81.447  3.870 0.6000000238
8566  11.848  -81.486  4.074 0.5000000000
8567  10.889  -81.610  4.161 0.4000000060
8568  9.989  -82.032  3.955 0.5000000000
8580  12.059  -80.982  3.700 0.6000000238
8595  16.335  -80.943  2.291 0.6000000238
8597  8.240  -81.023  3.304 0.5000000000
8598  7.998  -81.137  3.309 0.5000000000
8614  7.323  -80.891  3.224 0.5000000000
9275  14.356  -80.692  11.579 0.5000000000
9287  17.616  -80.108  10.742 0.6000000238
9291  13.775  -80.295  10.763 0.5000000000
9322  19.053  -80.145  8.893 0.6999999881
9323  15.546  -79.898  8.029 0.6000000238
9340  14.756  -80.268  6.169 0.5000000000
9341  14.084  -80.823  6.276 0.6000000238
9344  19.554  -80.828  6.348 0.6999999881
9347  13.592  -81.022  4.993 0.6000000238
9352  18.848  -80.650  4.979 0.6999999881
9353  18.165  -80.724  4.306 0.6000000238
9360  12.363  -80.239  3.769 0.6000000238
9362  10.795  -80.819  3.721 0.5000000000
9376  8.059  -80.544  3.322 0.5000000000
9377  7.340  -80.698  3.127 0.6000000238
9378  6.568  -80.382  2.543 0.5000000000
9386  7.864  -80.879  3.206 0.5000000000
10111  15.339  -79.723  10.497 0.6000000238
10124  17.929  -79.379  10.317 0.6999999881
10140  19.193  -79.696  8.401 0.6999999881
10153  15.967  -79.378  7.951 0.6000000238
10162  9.103  -78.797  6.330 0.6000000238
10167  14.716  -79.515  6.087 0.6000000238
10169  13.021  -78.922  5.125 0.6999999881
10178  8.462  -79.478  4.200 0.6999999881
10188  8.514  -79.829  3.828 0.6000000238
10189  7.769  -79.622  3.398 0.6000000238
10199  7.053  -79.857  2.825 0.6000000238
10907  5.430  -78.475  15.826 0.5000000000
10973  17.763  -78.737  9.658 0.6000000238
10981  18.578  -78.633  8.939 0.6999999881
10982  18.119  -78.280  9.097 0.5000000000
10983  17.450  -78.320  8.910 0.5000000000
10995  15.342  -77.887  7.428 0.6000000238
11004  7.985  -78.347  6.269 0.6000000238
11011  17.774  -77.599  5.772 0.6999999881
11016  8.829  -79.031  6.227 0.6000000238
11017  7.287  -78.255  5.610 0.6000000238
11026  9.697  -79.170  5.299 0.6999999881
11029  5.665  -78.201  3.655 0.5000000000
11037  11.765  -79.194  4.244 0.6999999881
11038  11.089  -79.216  4.683 0.6999999881
11041  5.400  -78.503  3.101 0.5000000000
11049  5.705  -79.017  2.631 0.6000000238
11769  4.832  -76.976  17.748 0.6000000238
11778  6.502  -77.251  17.083 0.5000000000
11779  5.512  -77.374  17.250 0.6000000238
11789  7.408  -77.191  15.871 0.6000000238
11801  6.888  -77.773  15.180 0.6000000238
11818  6.812  -77.548  12.610 0.5000000000
11825  7.210  -77.183  12.131 0.5000000000
11871  17.663  -77.602  7.642 0.8000000119
11877  17.121  -77.017  6.921 0.6999999881
11878  16.462  -76.674  6.422 0.6000000238
11879  15.315  -76.915  7.264 0.6000000238
11881  8.788  -77.373  6.506 0.5000000000
11882  8.183  -77.797  6.470 0.5000000000
11883  7.434  -77.687  6.446 0.5000000000
11884  6.365  -77.560  6.435 0.5000000000
11885  4.302  -77.230  6.053 0.4000000060
11886  3.825  -77.276  6.106 0.5000000000
11889  17.161  -77.100  5.961 0.6999999881
11893  12.611  -76.751  5.492 0.5000000000
11894  9.339  -78.286  6.353 0.6000000238
11897  4.116  -77.671  5.413 0.5000000000
11905  10.822  -77.513  4.972 0.6000000238
11907  6.426  -78.082  4.635 0.6000000238
11915  9.277  -77.230  3.014 0.6000000238
12658  8.163  -76.137  16.284 0.6000000238
12659  7.422  -76.429  16.624 0.6000000238
12663  4.470  -75.909  17.237 0.5000000000
12671  7.782  -76.528  16.177 0.6000000238
12679  10.792  -76.073  14.508 0.6999999881
12681  9.189  -76.613  15.349 0.6000000238
12682  4.562  -76.329  14.833 0.6999999881
12684  4.097  -76.182  15.835 0.5000000000
12692  11.563  -76.019  13.187 0.8000000119
12695  9.419  -76.893  14.375 0.6000000238
12696  3.930  -76.436  14.775 0.6999999881
12702  10.861  -76.475  12.955 0.8000000119
12703  9.903  -76.770  12.745 0.6999999881
12704  8.819  -77.026  12.513 0.6999999881
12718  7.127  -76.782  11.476 0.6000000238
12719  6.356  -76.998  11.325 0.5000000000
12732  9.483  -76.257  11.271 0.8000000119
12736  5.523  -76.474  10.467 0.5000000000
12760  15.644  -76.538  6.677 0.6000000238
12763  7.496  -76.682  6.591 0.5000000000
12770  16.054  -76.379  5.947 0.5000000000
12781  11.097  -76.800  4.555 0.6000000238
12796  9.134  -76.523  3.585 0.6000000238
12808  9.300  -77.243  2.444 0.6000000238
13574  6.158  -76.056  16.921 0.6000000238
13580  9.661  -75.553  15.523 0.6000000238
13581  9.042  -75.941  16.131 0.6000000238
13584  6.302  -75.564  16.128 0.6000000238
13594  7.475  -75.154  15.247 0.6000000238
13595  6.623  -75.382  15.150 0.6999999881
13604  11.385  -75.636  13.989 0.8000000119
13605  6.088  -75.312  14.224 0.6999999881
13613  3.812  -75.949  12.662 0.6999999881
13614  3.606  -75.977  13.101 0.8000000119
13615  3.168  -75.316  12.670 0.6000000238
13627  11.862  -75.616  11.807 0.6999999881
13630  2.894  -75.250  11.942 0.6000000238
13641  9.068  -75.692  10.361 0.6999999881
13645  5.162  -76.089  9.483 0.5000000000
13654  7.612  -75.073  9.845 0.6999999881
13668  3.120  -75.811  8.621 0.5000000000
13676  1.826  -75.497  7.675 0.5000000000
13677  1.582  -75.992  7.979 0.5000000000
13679  8.351  -75.705  5.922 0.5000000000
13683  4.173  -75.801  6.147 0.5000000000
13689  14.664  -75.725  5.192 0.6000000238
13690  13.329  -75.437  5.366 0.6000000238
13691  9.320  -75.789  4.888 0.6000000238
13692  8.744  -75.278  5.261 0.6000000238
13695  4.702  -74.967  6.206 0.5000000000
13704  13.284  -74.867  4.591 0.6000000238
13720  14.345  -75.221  3.577 0.5000000000
13721  13.575  -74.707  3.392 0.6000000238
13724  10.582  -76.497  2.677 0.5000000000
13734  12.591  -75.029  2.654 0.6000000238
13736  9.566  -76.942  1.960 0.5000000000
13747  12.860  -75.562  0.881 0.5000000000
13748  12.104  -75.766  0.933 0.6000000238
14528  8.942  -75.186  15.591 0.6000000238
14541  8.648  -74.612  14.823 0.8000000119
14542  7.794  -74.751  14.548 0.6000000238
14544  3.184  -74.178  13.793 0.5000000000
14551  11.715  -75.280  13.249 0.8000000119
14555  7.320  -74.476  13.545 0.8000000119
14561  12.091  -74.893  12.263 0.6999999881
14564  7.295  -73.882  12.871 0.8000000119
14570  1.860  -74.355  11.906 0.6000000238
14583  12.497  -74.220  10.867 0.6999999881
14585  3.920  -74.427  11.781 0.6000000238
14586  3.031  -74.804  11.508 0.6999999881
14587  2.443  -74.661  11.687 0.6000000238
14596  11.275  -75.057  10.146 0.8000000119
14599  11.285  -74.477  9.685 0.6999999881
14600  10.358  -74.522  9.500 0.8000000119
14601  9.614  -74.511  9.460 0.8000000119
14602  8.265  -74.563  9.516 0.6999999881
14605  4.944  -74.289  9.080 0.6000000238
14606  3.446  -74.615  8.856 0.5000000000
14607  2.429  -74.404  8.656 0.5000000000
14608  1.834  -74.300  8.478 0.5000000000
14620  1.717  -74.491  8.314 0.6000000238
14629  3.190  -74.667  6.250 0.5000000000
14639  7.161  -74.321  4.966 0.6000000238
14641  5.550  -73.914  5.280 0.6999999881
14643  3.559  -74.250  5.855 0.6000000238
14653  7.517  -74.242  4.207 0.6000000238
14655  6.092  -73.649  5.000 0.6999999881
14669  9.090  -74.254  2.971 0.6999999881
14671  7.702  -74.486  3.911 0.6999999881
14683  8.837  -75.281  2.483 0.6999999881
14699  13.078  -74.966  0.119 0.5000000000
15490  10.699  -73.921  13.576 0.8000000119
15493  1.934  -73.492  12.755 0.5000000000
15509  12.647  -73.325  11.746 0.4000000060
15513  8.750  -73.282  12.704 0.6999999881
15516  4.833  -74.104  11.955 0.6999999881
15519  0.763  -73.425  11.842 0.6000000238
15535  12.840  -73.567  10.947 0.4000000060
15537  5.174  -73.307  11.661 0.6999999881
15540  2.543  -74.156  11.246 0.6999999881
15541  1.188  -73.977  11.564 0.6000000238
15553  12.327  -73.149  9.616 0.5000000000
15557  8.994  -74.060  9.182 0.6999999881
15560  5.964  -73.805  8.868 0.6999999881
15562  3.190  -73.602  8.983 0.5000000000
15575  10.169  -73.297  8.766 0.8000000119
15579  7.001  -72.710  8.585 0.8000000119
15582  2.192  -73.437  7.174 0.6000000238
15583  1.867  -73.324  7.664 0.6000000238
15604  2.753  -73.477  6.548 0.6000000238
15616  4.938  -72.916  4.978 0.6000000238
15638  9.719  -73.454  2.946 0.5000000000
15647  11.036  -74.588  1.594 0.6000000238
15659  13.379  -73.922  0.375 0.5000000000
16425  10.380  -72.416  13.086 0.5000000000
16427  1.489  -72.650  13.106 0.5000000000
16428  0.641  -72.320  12.725 0.5000000000
16444  9.095  -72.679  12.612 0.6999999881
16446  6.450  -72.836  12.042 0.6999999881
16453  6.111  -72.200  11.701 0.6999999881
16454  5.353  -72.508  11.546 0.6999999881
16456  1.949  -72.495  10.738 0.6999999881
16458  0.685  -72.752  11.615 0.6000000238
16479  11.809  -72.783  9.089 0.6000000238
16480  10.997  -73.097  8.916 0.6000000238
16481  2.874  -72.694  9.166 0.6000000238
16483  2.197  -73.010  8.527 0.6000000238
16485  11.055  -72.261  8.774 0.6000000238
16487  9.520  -72.680  8.507 0.8000000119
16489  7.626  -72.197  8.473 0.6000000238
16492  2.185  -72.061  8.454 0.6000000238
16498  1.952  -72.570  7.637 0.6000000238
16509  2.062  -72.096  7.375 0.6000000238
16522  3.574  -72.652  5.956 0.6999999881
16523  2.834  -72.875  6.474 0.6000000238
16532  7.808  -72.158  4.435 0.5000000000
16534  6.435  -72.557  4.602 0.6000000238
16535  5.732  -72.030  4.806 0.5000000000
16549  8.201  -72.701  4.092 0.5000000000
16557  12.305  -71.824  2.562 0.5000000000
16570  12.545  -72.450  1.932 0.5000000000
17335  9.794  -71.663  13.318 0.4000000060
17337  0.927  -71.866  13.452 0.5000000000
17343  7.597  -71.488  12.392 0.4000000060
17345  0.242  -71.753  12.280 0.6000000238
17354  13.062  -71.887  11.644 0.4000000060
17356  5.585  -71.610  11.548 0.6000000238
17359  2.678  -71.391  10.941 0.5000000000
17360  0.880  -72.275  11.346 0.8000000119
17372  12.445  -71.205  10.434 0.5000000000
17373  1.799  -71.351  10.745 0.6999999881
17378  3.707  -71.251  9.176 0.6000000238
17379  3.044  -70.966  9.177 0.5000000000
17382  10.172  -71.889  8.403 0.6000000238
17386  6.440  -71.282  8.524 0.6999999881
17388  4.358  -70.668  9.000 0.6000000238
17389  2.233  -71.299  8.210 0.6000000238
17390  1.985  -71.998  7.885 0.6000000238
17403  4.049  -70.943  6.332 0.6000000238
17404  3.140  -71.313  6.794 0.6000000238
17405  2.414  -71.696  7.176 0.5000000000
17418  5.320  -71.698  5.302 0.5000000000
17419  4.641  -71.716  5.665 0.5000000000
18309  7.440  -70.320  13.423 0.3000000119
18311  0.308  -70.050  13.458 0.5000000000
18316  7.385  -70.852  12.663 0.3000000119
18335  0.970  -71.346  11.220 0.8000000119
18336  0.271  -71.058  11.779 0.8000000119
18353  3.455  -70.292  9.204 0.5000000000
18361  8.667  -70.817  8.540 0.5000000000
18362  8.154  -69.930  8.879 0.5000000000
18365  5.006  -70.090  8.746 0.6000000238
18366  2.923  -69.977  8.633 0.5000000000
18376  3.497  -69.858  7.383 0.5000000000
19300  6.415  -68.864  13.910 0.3000000119
19311  0.316  -69.330  13.089 0.6999999881
19324  5.268  -69.642  12.693 0.3000000119
19342  4.267  -69.631  12.020 0.4000000060
19343  3.600  -69.584  11.625 0.5000000000
19346  0.649  -69.453  11.507 0.6000000238
19367  3.485  -69.693  9.023 0.5000000000
19377  5.190  -68.851  9.182 0.6000000238
19380  3.047  -69.740  8.031 0.5000000000
20367  5.264  -68.418  13.152 0.4000000060
20369  0.478  -68.800  12.748 0.6999999881
20378  3.133  -68.707  11.368 0.4000000060
20380  1.922  -68.329  10.784 0.6000000238
20381  0.725  -68.619  11.954 0.6000000238
20399  4.080  -68.875  9.047 0.5000000000
20412  4.426  -68.412  9.121 0.5000000000
20433  4.503  -68.371  8.707 0.5000000000
20434  4.093  -68.703  8.806 0.5000000000
21369  1.660  -67.168  16.119 0.6000000238
21385  1.460  -67.275  15.541 0.6000000238
21402  8.163  -67.356  14.483 0.3000000119
21450  2.247  -67.621  11.016 0.4000000060
22509  2.120  -66.754  16.776 0.5000000000
22510  1.624  -66.860  16.264 0.6000000238
22528  1.208  -66.814  15.195 0.5000000000
22545  1.131  -66.313  14.654 0.5000000000
22555  1.089  -66.222  13.690 0.4000000060
22571  0.828  -67.156  12.822 0.5000000000
22579  3.298  -66.422  11.183 0.3000000119
22581  2.293  -67.058  11.558 0.5000000000
23574  6.700  -65.235  17.254 0.4000000060
23578  2.889  -66.510  17.385 0.5000000000
23603  4.299  -65.825  15.868 0.5000000000
23606  1.619  -65.804  15.476 0.5000000000
23634  1.386  -65.791  14.066 0.5000000000
23647  1.856  -65.440  12.573 0.5000000000
23658  4.746  -65.279  11.299 0.3000000119
24685  6.893  -64.862  16.593 0.4000000060
24702  2.740  -65.163  15.169 0.5000000000
24723  6.238  -64.799  15.163 0.3000000119
24726  2.036  -65.187  14.780 0.5000000000
24727  1.714  -65.202  13.981 0.5000000000
24739  2.287  -64.394  13.117 0.4000000060
24752  2.556  -64.499  12.655 0.5000000000
24772  3.049  -65.016  12.052 0.5000000000
24786  6.570  -63.964  10.631 0.3000000119
25764  7.175  -64.222  17.349 0.4000000060
25778  7.654  -63.737  17.112 0.4000000060
25847  4.913  -62.927  12.258 0.3000000119
25849  3.915  -63.874  12.040 0.3000000119
25863  4.688  -63.238  11.507 0.3000000119
25881  5.782  -63.466  10.054 0.3000000119
26863  5.412  -61.892  16.185 0.3000000119
27919  6.404  -61.828  16.340 0.3000000119
124656  10.919  -81.592  7.445 0.5000000000
124958  12.344  -70.486  11.208 0.4000000060
125155  12.631  -75.584  1.461 0.5000000000
125192  10.575  -74.678  14.519 0.8000000119
125254  11.878  -71.169  9.554 0.5000000000
126082  14.781  -80.346  7.648 0.5000000000
127110  12.577  -81.791  5.917 0.6000000238
127964  2.753  -64.336  13.433 0.4000000060
127969  8.144  -63.324  15.977 0.3000000119
127990  1.778  -73.610  11.100 0.6999999881
128002  11.317  -75.352  1.187 0.6000000238
128151  20.210  -88.455  3.927 0.8000000119
128535  22.873  -92.099  9.924 0.3000000119
128899  4.896  -74.198  5.751 0.6000000238
128990  4.671  -63.590  12.731 0.3000000119
129246  17.851  -82.046  3.508 0.6000000238
129506  20.859  -89.484  1.379 0.6000000238
129786  23.561  -88.256  -3.943 0.6999999881
130012  19.150  -78.982  6.410 0.6999999881
130524  18.995  -81.779  8.814 0.6999999881
130694  2.746  -75.137  7.001 0.6000000238
130814  4.302  -74.920  9.113 0.6000000238
130924  0.749  -70.322  11.317 0.6999999881
131360  5.648  -70.210  11.975 0.6000000238
131416  3.919  -70.162  6.745 0.5000000000
131815  17.793  -80.024  4.033 0.6000000238
132602  24.684  -90.759  4.909 0.5000000000
132802  1.671  -74.037  8.111 0.6000000238
132904  22.738  -89.029  -5.325 0.6999999881
132928  5.513  -64.740  14.361 0.4000000060
132986  5.435  -76.297  16.950 0.6000000238
132996  7.790  -69.081  14.643 0.3000000119
133306  13.304  -72.414  1.693 0.5000000000
133842  10.384  -74.837  2.082 0.6000000238
134015  5.614  -72.739  4.746 0.6999999881
134088  23.196  -92.024  2.356 0.4000000060
134196  8.851  -81.196  3.494 0.5000000000
134217  17.120  -89.536  4.646 0.6999999881
134645  2.793  -67.213  11.178 0.6000000238
135071  23.120  -95.660  5.844 0.3000000119
135104  7.936  -76.554  11.382 0.6999999881
135591  9.809  -81.044  3.540 0.6000000238
135721  6.828  -74.936  5.821 0.6000000238
135873  12.659  -74.965  4.563 0.6000000238
136386  8.405  -75.660  2.877 0.6999999881
136455  1.272  -68.832  11.131 0.6000000238
136858  7.106  -77.659  13.265 0.6000000238
136876  7.147  -72.792  12.232 0.6000000238
137179  24.709  -93.385  7.245 0.3000000119
138179  2.469  -73.006  8.917 0.6000000238
138625  27.513  -89.071  -0.801 0.5000000000
138825  18.984  -96.276  15.439 0.4000000060
138936  17.875  -80.572  10.442 0.6000000238
139765  18.619  -84.065  3.981 0.6000000238
139869  2.330  -64.987  12.447 0.5000000000
140298  18.079  -92.459  1.389 0.5000000000
140407  11.634  -81.971  5.928 0.6000000238
140728  5.520  -77.744  6.014 0.5000000000
140871  18.747  -90.392  -5.399 0.5000000000
141472  14.042  -75.776  5.429 0.6000000238
142022  7.002  -77.142  6.633 0.5000000000
142132  8.864  -76.895  2.730 0.6000000238
142150  11.212  -76.432  1.945 0.6000000238
142196  5.142  -73.431  8.938 0.6000000238
142863  10.090  -71.583  3.754 0.5000000000
143006  4.500  -76.221  9.749 0.5000000000
143326  8.870  -82.202  7.030 0.6000000238
143378  4.821  -62.803  11.800 0.3000000119
143516  2.619  -70.683  8.529 0.5000000000
143551  4.255  -74.447  5.886 0.6000000238
143621  10.778  -75.468  10.418 0.8000000119
143788  7.029  -80.488  2.921 0.5000000000
143888  6.423  -64.969  15.860 0.4000000060
143948  2.346  -72.943  6.861 0.6000000238
144128  12.748  -72.989  1.377 0.5000000000
144569  16.275  -91.846  1.367 0.6000000238
145124  19.192  -93.440  11.680 0.4000000060
145611  16.493  -81.110  11.275 0.5000000000
145781  19.533  -94.918  6.394 0.4000000060
145934  11.874  -78.495  4.604 0.6999999881
146022  6.545  -74.355  9.023 0.8000000119
146043  1.824  -64.756  13.318 0.4000000060
146156  21.222  -90.322  1.344 0.8000000119
146276  26.756  -90.714  1.302 0.5000000000
146486  20.815  -94.037  12.875 0.3000000119
146619  1.173  -67.813  12.171 0.6000000238
146731  10.241  -75.220  15.058 0.8000000119
146778  19.863  -91.918  2.498 0.6000000238
146858  2.201  -72.565  8.531 0.6000000238
146942  2.105  -74.800  7.347 0.6000000238
146993  18.813  -95.762  10.354 0.4000000060
147298  4.009  -72.076  9.023 0.6999999881
147477  21.099  -96.566  5.912 0.3000000119
147491  25.390  -87.919  -3.360 0.6000000238
147717  20.906  -90.647  -5.578 0.5000000000
148094  11.517  -82.166  5.253 0.5000000000
148158  11.887  -74.154  9.881 0.6999999881
148337  12.348  -72.514  9.524 0.5000000000
148356  9.112  -75.269  9.931 0.6999999881
148610  6.177  -72.235  8.558 0.6999999881
148906  21.763  -87.514  1.469 0.6999999881
149237  6.034  -63.973  10.465 0.3000000119
149370  20.546  -92.060  6.924 0.5000000000
149427  6.860  -76.480  6.635 0.5000000000
149531  10.286  -76.209  11.306 0.8000000119
149801  14.095  -79.844  9.437 0.6000000238
149918  11.515  -74.003  1.529 0.6000000238
150345  17.132  -85.157  1.414 0.5000000000
150444  14.450  -76.873  6.566 0.5000000000
150489  20.399  -86.326  4.787 0.6999999881
