#!ascii label  , from subject sub-v1s7x0051327_ses-1 vox2ras=TkReg
419
19159  47.599  -69.849  24.442 0.0000000000
30130  49.055  -58.943  10.567 0.0000000000
145201  47.783  -69.636  16.826 0.0000000000
25758  48.817  -63.522  17.484 0.0000000000
126313  51.108  -65.191  11.308 0.0000000000
21386  50.060  -67.354  14.345 0.0000000000
24757  48.073  -64.185  11.242 0.0000000000
27933  49.038  -61.290  14.863 0.0000000000
27912  45.727  -61.259  17.412 0.0000000000
140392  48.004  -70.244  20.288 0.0000000000
21352  50.528  -67.160  17.946 0.0000000000
24686  51.934  -63.767  15.049 0.0000000000
139732  51.480  -61.578  11.504 0.0000000000
23698  49.568  -65.639  7.703 0.0000000000
22383  44.615  -66.214  24.613 0.0000000000
18198  44.349  -70.631  22.763 0.0000000000
19243  44.689  -69.940  18.719 0.0000000000
24629  45.143  -64.843  21.138 0.0000000000
24730  47.473  -64.788  13.049 0.0000000000
29029  48.524  -60.211  12.478 0.0000000000
29007  46.890  -60.515  14.997 0.0000000000
18256  47.431  -70.497  18.343 0.0000000000
20301  49.542  -68.629  16.908 0.0000000000
22558  50.567  -66.331  12.436 0.0000000000
23607  51.627  -65.167  14.736 0.0000000000
24728  52.146  -63.825  13.058 0.0000000000
26883  52.037  -62.441  13.461 0.0000000000
24754  52.072  -63.485  11.567 0.0000000000
25916  49.399  -64.005  7.694 0.0000000000
149737  42.778  -70.198  20.980 0.0000000000
18237  44.833  -70.497  20.127 0.0000000000
19245  42.959  -69.219  19.246 0.0000000000
23535  48.918  -66.096  19.095 0.0000000000
24638  46.556  -64.408  18.873 0.0000000000
28984  43.523  -60.365  17.986 0.0000000000
27885  43.763  -62.203  19.203 0.0000000000
21372  47.981  -67.913  15.400 0.0000000000
20315  48.770  -68.414  15.076 0.0000000000
21409  48.530  -67.200  13.723 0.0000000000
22560  49.053  -66.690  12.451 0.0000000000
23652  49.308  -65.082  11.248 0.0000000000
26846  49.640  -62.723  16.406 0.0000000000
26841  47.411  -62.460  17.387 0.0000000000
28989  47.326  -61.044  16.188 0.0000000000
28991  45.776  -60.422  16.607 0.0000000000
144375  47.386  -60.435  9.403 0.0000000000
18195  47.554  -70.329  22.724 0.0000000000
22466  49.981  -66.985  19.124 0.0000000000
23551  50.347  -65.839  17.770 0.0000000000
21360  50.425  -67.091  16.272 0.0000000000
23579  51.404  -65.063  16.465 0.0000000000
25770  50.973  -63.592  16.238 0.0000000000
26868  51.244  -62.388  14.814 0.0000000000
29015  50.347  -60.988  12.814 0.0000000000
30116  50.199  -59.856  10.987 0.0000000000
23670  50.683  -65.056  9.108 0.0000000000
25885  50.943  -63.275  9.186 0.0000000000
26932  50.122  -62.138  9.233 0.0000000000
28002  49.114  -60.877  9.273 0.0000000000
23449  45.738  -65.868  25.638 0.0000000000
21259  45.846  -67.533  24.942 0.0000000000
20207  44.604  -68.990  23.606 0.0000000000
18184  46.112  -70.426  23.330 0.0000000000
132238  46.289  -70.550  21.183 0.0000000000
126519  46.403  -70.496  19.199 0.0000000000
19251  46.548  -69.814  17.694 0.0000000000
147867  44.981  -67.868  17.740 0.0000000000
21362  46.069  -67.528  16.993 0.0000000000
25748  44.953  -63.670  19.298 0.0000000000
20180  47.241  -68.527  25.376 0.0000000000
20176  47.809  -67.881  25.300 0.0000000000
20189  47.783  -69.260  24.832 0.0000000000
30100  49.343  -59.640  11.404 0.0000000000
18273  47.893  -69.974  17.153 0.0000000000
19249  48.834  -69.862  17.649 0.0000000000
19261  48.196  -69.545  16.579 0.0000000000
23635  51.201  -65.567  12.125 0.0000000000
22557  51.288  -65.820  12.981 0.0000000000
133165  51.599  -64.856  11.874 0.0000000000
25834  52.358  -63.345  12.440 0.0000000000
24755  51.570  -64.380  11.156 0.0000000000
23703  48.295  -66.186  6.035 0.0000000000
19216  43.092  -70.122  20.385 0.0000000000
129128  48.442  -64.811  18.222 0.0000000000
23553  48.123  -65.400  18.740 0.0000000000
25746  48.155  -64.121  17.897 0.0000000000
28965  42.794  -60.837  18.838 0.0000000000
21389  48.305  -67.525  14.484 0.0000000000
145847  48.056  -66.912  14.332 0.0000000000
24741  47.759  -64.430  12.110 0.0000000000
22550  48.538  -66.443  13.051 0.0000000000
23637  48.830  -65.885  12.156 0.0000000000
23636  49.354  -66.016  11.902 0.0000000000
146274  48.748  -64.468  11.055 0.0000000000
125491  49.600  -61.718  15.198 0.0000000000
27916  48.064  -61.601  16.370 0.0000000000
28995  48.225  -61.106  15.157 0.0000000000
135285  46.266  -60.249  15.303 0.0000000000
30072  45.867  -60.139  15.925 0.0000000000
30073  44.743  -59.428  16.453 0.0000000000
18216  47.609  -70.266  21.782 0.0000000000
19206  48.118  -69.559  21.329 0.0000000000
18233  48.468  -69.763  20.593 0.0000000000
22483  50.169  -66.472  18.373 0.0000000000
139401  50.521  -66.108  17.703 0.0000000000
21371  49.548  -67.868  14.705 0.0000000000
20313  49.733  -67.871  15.623 0.0000000000
21370  50.196  -67.229  15.278 0.0000000000
24704  51.923  -64.338  14.785 0.0000000000
23590  51.715  -64.926  15.707 0.0000000000
148413  51.677  -64.550  16.122 0.0000000000
133103  51.315  -64.663  16.553 0.0000000000
25769  51.572  -63.973  16.016 0.0000000000
25783  51.284  -63.291  15.713 0.0000000000
26854  51.492  -62.945  15.201 0.0000000000
27967  51.629  -61.726  12.216 0.0000000000
27955  51.692  -61.826  13.103 0.0000000000
27956  51.114  -61.210  12.573 0.0000000000
29027  50.537  -60.642  11.942 0.0000000000
29041  51.185  -60.972  11.020 0.0000000000
21492  44.243  -68.094  7.277 0.0000000000
22619  48.572  -66.480  7.362 0.0000000000
136424  47.472  -66.947  7.949 0.0000000000
22602  48.640  -66.414  8.015 0.0000000000
23684  50.231  -65.226  8.284 0.0000000000
24789  51.486  -64.080  9.677 0.0000000000
24808  50.316  -64.519  8.182 0.0000000000
25896  48.966  -63.236  7.951 0.0000000000
26951  50.172  -63.103  9.038 0.0000000000
26952  49.424  -62.616  8.738 0.0000000000
28001  50.034  -61.130  9.418 0.0000000000
28027  48.840  -61.844  8.859 0.0000000000
23450  44.937  -65.633  25.338 0.0000000000
22372  45.325  -66.166  25.324 0.0000000000
134356  45.993  -66.627  25.509 0.0000000000
22382  45.395  -66.674  24.996 0.0000000000
18186  43.369  -70.293  23.115 0.0000000000
19178  43.445  -69.748  23.346 0.0000000000
19177  44.410  -70.076  23.428 0.0000000000
20206  45.450  -69.376  23.906 0.0000000000
18185  44.946  -70.475  23.185 0.0000000000
18196  46.588  -70.586  22.798 0.0000000000
130232  45.562  -70.516  21.467 0.0000000000
18249  44.759  -70.316  19.376 0.0000000000
18248  45.561  -70.483  19.476 0.0000000000
18259  45.278  -70.298  18.863 0.0000000000
18267  46.216  -70.128  18.215 0.0000000000
19253  45.092  -69.501  18.214 0.0000000000
23567  43.627  -66.016  17.405 0.0000000000
22497  44.395  -66.568  17.480 0.0000000000
21353  45.579  -68.216  17.546 0.0000000000
148800  46.723  -62.286  17.599 0.0000000000
26828  46.835  -63.008  17.815 0.0000000000
26829  45.078  -62.931  18.599 0.0000000000
26806  44.060  -63.025  20.437 0.0000000000
29017  48.711  -60.682  13.574 0.0000000000
29005  48.462  -60.892  14.354 0.0000000000
139768  47.735  -70.499  19.291 0.0000000000
18246  48.469  -70.100  19.748 0.0000000000
19241  48.815  -69.807  18.447 0.0000000000
20289  50.204  -67.854  17.535 0.0000000000
22548  50.621  -66.656  13.178 0.0000000000
22530  50.600  -66.659  14.149 0.0000000000
22547  51.168  -65.856  13.994 0.0000000000
23623  51.756  -65.017  13.853 0.0000000000
24703  52.124  -63.654  14.357 0.0000000000
25792  52.006  -63.331  14.546 0.0000000000
25813  52.315  -63.236  13.254 0.0000000000
26912  52.397  -62.797  12.029 0.0000000000
126912  51.823  -62.763  11.191 0.0000000000
24809  49.767  -64.770  7.651 0.0000000000
24827  48.674  -65.199  6.862 0.0000000000
24811  48.404  -64.602  6.973 0.0000000000
18220  43.842  -70.545  21.982 0.0000000000
126620  44.242  -70.513  20.936 0.0000000000
18239  43.326  -70.374  21.171 0.0000000000
18238  44.006  -70.268  20.112 0.0000000000
19244  43.838  -69.501  18.980 0.0000000000
24637  47.018  -65.284  19.270 0.0000000000
147751  46.054  -64.938  19.440 0.0000000000
27913  44.797  -61.196  17.745 0.0000000000
27896  44.209  -61.730  18.461 0.0000000000
27897  43.350  -61.537  19.026 0.0000000000
28956  42.985  -61.135  19.741 0.0000000000
20302  47.652  -68.601  16.239 0.0000000000
19275  48.476  -69.017  15.907 0.0000000000
20316  48.286  -68.576  15.588 0.0000000000
20328  48.824  -68.077  14.335 0.0000000000
20342  48.970  -67.924  13.796 0.0000000000
21423  48.926  -67.206  13.069 0.0000000000
21407  49.304  -67.505  13.274 0.0000000000
22549  49.944  -67.108  12.756 0.0000000000
22559  49.762  -66.436  12.212 0.0000000000
26840  49.322  -63.069  16.989 0.0000000000
25759  47.780  -63.261  17.609 0.0000000000
128027  48.355  -62.657  17.150 0.0000000000
27910  47.747  -61.960  16.958 0.0000000000
27911  46.483  -61.273  17.092 0.0000000000
28996  47.463  -60.869  15.486 0.0000000000
28990  46.560  -60.817  16.578 0.0000000000
28981  46.028  -60.843  16.998 0.0000000000
28983  44.460  -60.482  17.520 0.0000000000
30060  44.032  -59.761  17.134 0.0000000000
30146  48.737  -58.912  10.049 0.0000000000
19174  47.610  -70.126  24.046 0.0000000000
20204  47.788  -69.662  23.709 0.0000000000
19191  47.848  -69.896  22.997 0.0000000000
23552  49.728  -65.988  18.343 0.0000000000
24663  49.284  -64.479  17.788 0.0000000000
135153  50.622  -67.072  17.202 0.0000000000
22513  50.808  -66.420  15.844 0.0000000000
22504  50.929  -66.309  16.796 0.0000000000
138063  50.686  -66.324  17.496 0.0000000000
23565  50.813  -65.571  17.311 0.0000000000
125096  50.324  -64.648  17.400 0.0000000000
25757  49.855  -63.844  17.241 0.0000000000
25771  50.229  -63.406  16.626 0.0000000000
26856  49.845  -62.256  15.741 0.0000000000
27932  49.869  -61.548  14.539 0.0000000000
27940  51.647  -62.168  14.040 0.0000000000
27931  50.827  -61.741  14.319 0.0000000000
27942  50.123  -61.308  13.721 0.0000000000
29016  49.433  -60.788  13.138 0.0000000000
29043  50.087  -59.966  11.328 0.0000000000
30117  49.640  -59.370  10.939 0.0000000000
24756  49.085  -64.771  10.695 0.0000000000
21470  45.679  -67.758  7.586 0.0000000000
23663  50.437  -65.113  9.726 0.0000000000
23649  51.155  -64.882  10.593 0.0000000000
24773  51.425  -64.475  10.115 0.0000000000
25865  51.679  -63.623  10.488 0.0000000000
26922  51.573  -62.654  10.257 0.0000000000
144300  50.688  -62.550  9.336 0.0000000000
27981  51.084  -61.166  10.337 0.0000000000
29081  50.386  -60.665  10.068 0.0000000000
29082  49.633  -60.171  9.818 0.0000000000
30145  49.263  -59.329  10.098 0.0000000000
29084  48.199  -60.476  9.312 0.0000000000
25627  46.573  -64.310  25.999 0.0000000000
127849  45.379  -65.134  25.666 0.0000000000
23448  46.342  -65.512  25.954 0.0000000000
136154  46.473  -66.144  25.804 0.0000000000
21250  46.443  -67.355  25.461 0.0000000000
19144  46.894  -69.202  25.046 0.0000000000
20224  43.235  -68.164  22.983 0.0000000000
21260  45.000  -67.260  24.354 0.0000000000
20191  45.270  -68.274  24.141 0.0000000000
19161  46.408  -69.723  24.315 0.0000000000
18171  47.430  -70.268  24.099 0.0000000000
148912  47.230  -70.531  22.995 0.0000000000
18217  47.046  -70.688  22.105 0.0000000000
138863  46.992  -70.389  20.977 0.0000000000
18236  45.577  -70.549  20.470 0.0000000000
18235  46.281  -70.514  20.136 0.0000000000
18247  47.120  -70.348  19.922 0.0000000000
129156  47.042  -70.588  18.957 0.0000000000
18266  46.901  -70.304  17.893 0.0000000000
19263  46.913  -69.423  17.263 0.0000000000
130116  45.492  -69.063  17.872 0.0000000000
20291  46.241  -69.065  17.526 0.0000000000
20303  46.956  -68.803  16.941 0.0000000000
128007  47.117  -63.868  18.122 0.0000000000
25747  46.008  -63.550  18.554 0.0000000000
25733  45.026  -64.114  19.947 0.0000000000
26817  44.174  -63.009  19.446 0.0000000000
25734  44.464  -63.648  20.129 0.0000000000
18182  47.729  -70.120  23.112 0.0000000000
18183  47.520  -70.285  23.540 0.0000000000
18194  47.936  -70.002  22.268 0.0000000000
18197  45.489  -70.548  22.559 0.0000000000
18199  43.517  -70.521  22.813 0.0000000000
18215  47.970  -69.925  21.234 0.0000000000
18218  46.268  -70.619  22.047 0.0000000000
18219  44.735  -70.484  21.762 0.0000000000
18234  47.585  -70.178  20.859 0.0000000000
18255  48.238  -70.317  18.753 0.0000000000
18257  46.636  -70.419  18.511 0.0000000000
18258  45.924  -70.309  18.733 0.0000000000
18264  48.174  -70.266  17.756 0.0000000000
18265  47.511  -70.250  17.655 0.0000000000
19143  47.547  -69.343  25.002 0.0000000000
19158  47.677  -69.792  24.263 0.0000000000
19160  47.233  -69.920  24.549 0.0000000000
19173  47.705  -70.077  23.656 0.0000000000
19175  46.761  -70.353  24.017 0.0000000000
19176  45.721  -70.164  23.613 0.0000000000
19230  48.792  -69.710  19.248 0.0000000000
19231  44.176  -70.013  19.339 0.0000000000
19232  43.464  -69.832  19.647 0.0000000000
19233  42.631  -69.652  19.939 0.0000000000
19242  45.498  -70.030  18.427 0.0000000000
19250  48.488  -69.833  17.053 0.0000000000
19252  45.842  -69.665  18.034 0.0000000000
19262  47.300  -69.869  17.326 0.0000000000
19274  48.883  -68.855  15.611 0.0000000000
19276  47.972  -69.244  16.267 0.0000000000
20179  47.723  -68.582  25.229 0.0000000000
20181  46.615  -68.208  25.272 0.0000000000
20190  46.107  -68.700  24.573 0.0000000000
20208  43.798  -68.779  23.325 0.0000000000
20209  42.785  -69.172  23.298 0.0000000000
20304  46.370  -68.301  17.143 0.0000000000
20314  49.147  -68.423  15.132 0.0000000000
20327  49.035  -68.176  14.369 0.0000000000
20329  48.540  -68.039  14.764 0.0000000000
21249  46.930  -67.753  25.581 0.0000000000
21334  49.683  -67.689  19.648 0.0000000000
21354  44.354  -67.560  17.875 0.0000000000
21373  47.325  -67.377  15.862 0.0000000000
21387  49.395  -67.774  13.893 0.0000000000
21388  48.689  -67.791  14.018 0.0000000000
21406  49.996  -67.366  13.452 0.0000000000
21408  48.873  -67.618  13.510 0.0000000000
21422  49.357  -67.086  12.735 0.0000000000
21469  46.953  -67.430  7.693 0.0000000000
22371  46.864  -66.898  25.711 0.0000000000
22482  50.397  -66.672  18.142 0.0000000000
22495  51.061  -65.658  17.020 0.0000000000
22496  45.187  -67.199  17.430 0.0000000000
22512  51.263  -65.625  16.269 0.0000000000
22529  51.250  -65.903  15.155 0.0000000000
22601  49.173  -66.161  7.798 0.0000000000
22620  48.080  -66.801  7.632 0.0000000000
23538  45.403  -64.815  20.164 0.0000000000
23564  51.153  -65.184  16.908 0.0000000000
23624  47.857  -65.656  13.453 0.0000000000
23638  48.200  -65.396  12.603 0.0000000000
23651  49.906  -65.522  11.398 0.0000000000
23653  48.546  -64.787  11.657 0.0000000000
23662  50.988  -64.914  9.863 0.0000000000
23685  49.701  -65.804  8.199 0.0000000000
24534  46.855  -64.987  26.243 0.0000000000
24552  46.115  -64.880  26.013 0.0000000000
24650  50.540  -65.271  17.457 0.0000000000
24651  49.951  -65.269  17.828 0.0000000000
24652  47.552  -64.655  18.501 0.0000000000
24662  50.947  -64.937  17.090 0.0000000000
24675  50.840  -64.168  16.765 0.0000000000
24729  52.148  -64.131  13.826 0.0000000000
24740  52.114  -64.133  12.113 0.0000000000
24790  51.147  -64.568  9.388 0.0000000000
24799  51.173  -64.009  9.130 0.0000000000
24800  50.723  -64.572  8.741 0.0000000000
24810  49.040  -64.590  7.225 0.0000000000
25732  45.601  -64.292  19.329 0.0000000000
25782  51.746  -63.479  15.239 0.0000000000
25884  51.430  -63.392  9.660 0.0000000000
25894  50.512  -63.910  8.601 0.0000000000
25895  49.752  -63.521  8.333 0.0000000000
25915  50.046  -64.132  7.982 0.0000000000
25917  48.746  -63.963  7.429 0.0000000000
26807  43.620  -62.338  20.085 0.0000000000
26830  44.422  -62.427  18.675 0.0000000000
26842  46.235  -61.815  17.559 0.0000000000
26843  45.203  -62.004  17.985 0.0000000000
26845  50.529  -62.993  16.042 0.0000000000
26847  48.930  -62.510  16.727 0.0000000000
26855  50.858  -62.646  15.446 0.0000000000
26867  51.793  -62.887  14.659 0.0000000000
26882  52.268  -62.836  13.373 0.0000000000
26899  52.379  -62.886  12.748 0.0000000000
26900  52.167  -62.401  12.650 0.0000000000
26931  51.212  -62.550  9.639 0.0000000000
27872  43.382  -61.620  20.179 0.0000000000
27886  43.394  -61.781  19.673 0.0000000000
27909  48.407  -62.138  16.712 0.0000000000
27915  48.956  -62.105  16.294 0.0000000000
27917  47.182  -61.396  16.729 0.0000000000
27921  50.414  -62.033  15.034 0.0000000000
27922  48.819  -61.586  15.669 0.0000000000
27923  47.961  -61.258  15.796 0.0000000000
27941  51.072  -61.417  13.490 0.0000000000
27968  51.103  -61.073  11.728 0.0000000000
27980  51.536  -61.855  10.846 0.0000000000
27999  51.360  -61.905  10.050 0.0000000000
28000  50.800  -61.669  9.665 0.0000000000
28026  49.541  -61.722  9.130 0.0000000000
28964  43.887  -60.951  18.290 0.0000000000
28982  45.314  -60.712  17.164 0.0000000000
28992  44.947  -60.141  16.825 0.0000000000
28997  46.700  -60.545  15.904 0.0000000000
29004  49.261  -61.071  14.059 0.0000000000
29006  47.653  -60.733  14.630 0.0000000000
29028  49.704  -60.410  12.130 0.0000000000
29042  50.658  -60.414  11.241 0.0000000000
29060  50.584  -60.422  10.724 0.0000000000
29061  49.804  -59.760  10.536 0.0000000000
29083  48.913  -59.721  9.623 0.0000000000
30087  47.033  -60.391  14.019 0.0000000000
30118  49.019  -58.870  10.948 0.0000000000
30147  47.950  -59.492  9.690 0.0000000000
124108  45.708  -59.783  15.076 0.0000000000
124500  47.052  -70.496  23.592 0.0000000000
125436  51.927  -62.200  11.744 0.0000000000
125460  46.987  -61.807  17.246 0.0000000000
126001  49.104  -65.359  18.319 0.0000000000
127163  47.869  -68.958  24.549 0.0000000000
127962  45.341  -59.861  16.346 0.0000000000
130779  49.198  -69.403  17.260 0.0000000000
130900  46.046  -62.562  18.021 0.0000000000
131527  47.475  -69.321  16.817 0.0000000000
133652  46.416  -67.804  7.486 0.0000000000
134355  44.546  -67.995  23.664 0.0000000000
135652  52.097  -62.842  14.039 0.0000000000
136996  51.834  -64.196  15.600 0.0000000000
139785  43.959  -62.402  20.784 0.0000000000
140171  47.903  -68.400  25.091 0.0000000000
144262  52.245  -63.227  13.941 0.0000000000
144737  51.760  -64.766  12.824 0.0000000000
145973  44.983  -70.459  20.908 0.0000000000
146195  44.042  -69.442  23.449 0.0000000000
147143  46.240  -60.489  16.298 0.0000000000
147340  44.067  -70.557  23.101 0.0000000000
147832  51.807  -63.866  15.495 0.0000000000
148807  52.254  -63.546  13.767 0.0000000000
149429  47.539  -67.936  16.071 0.0000000000
149492  46.759  -65.862  25.976 0.0000000000
150099  50.607  -66.726  14.950 0.0000000000
150384  50.764  -65.864  17.388 0.0000000000
