#!ascii label  , from subject sub-v1s7x0051327_ses-1 vox2ras=TkReg
287
84174  23.977  -7.802  -3.087 0.0000000000
74159  21.914  -17.226  -0.266 0.0000000000
125684  21.633  -3.642  -0.441 0.0000000000
140280  17.651  6.529  -1.718 0.0000000000
72208  20.591  -19.215  0.509 0.0000000000
90913  24.219  -0.855  -2.190 0.0000000000
139841  23.714  2.176  -1.698 0.0000000000
81225  22.931  -11.328  -1.531 0.0000000000
79154  23.291  -12.949  -3.345 0.0000000000
142652  24.496  -10.726  -4.861 0.0000000000
86069  25.201  -5.641  -4.867 0.0000000000
83314  26.141  -8.561  -6.906 0.0000000000
86040  23.879  -5.732  -1.037 0.0000000000
87961  23.914  -3.731  -3.000 0.0000000000
94388  18.583  3.961  -2.269 0.0000000000
95299  22.666  4.480  -1.578 0.0000000000
77161  24.272  -14.465  -1.215 0.0000000000
91810  22.100  0.841  -0.391 0.0000000000
92711  21.094  1.724  -0.717 0.0000000000
145978  23.019  -9.292  -1.618 0.0000000000
146919  23.314  -10.472  -3.643 0.0000000000
83292  23.791  -9.250  -4.172 0.0000000000
73177  21.123  -18.361  -0.287 0.0000000000
128346  22.665  -4.927  -0.510 0.0000000000
86989  23.810  -4.299  -1.938 0.0000000000
87951  23.663  -3.760  -0.891 0.0000000000
91829  24.172  0.576  -3.240 0.0000000000
136508  24.212  -0.894  -3.220 0.0000000000
96137  15.698  6.100  -2.618 0.0000000000
94402  17.125  4.178  -3.558 0.0000000000
95303  18.056  4.911  -2.232 0.0000000000
98467  21.900  8.156  -1.803 0.0000000000
97715  23.057  7.212  -1.888 0.0000000000
131051  21.447  5.573  -1.364 0.0000000000
141601  23.269  5.873  -1.831 0.0000000000
95310  24.128  4.702  -2.710 0.0000000000
80211  24.678  -12.208  -3.322 0.0000000000
78129  23.294  -14.116  -2.450 0.0000000000
71258  19.858  -19.820  0.341 0.0000000000
128635  22.950  -2.277  -0.676 0.0000000000
90903  22.534  -0.687  -0.508 0.0000000000
137828  23.723  0.841  -1.519 0.0000000000
93549  24.544  2.307  -2.914 0.0000000000
79138  21.749  -12.895  -1.786 0.0000000000
80194  22.930  -11.899  -2.415 0.0000000000
80233  23.754  -11.963  -4.161 0.0000000000
81253  25.418  -11.461  -4.195 0.0000000000
84187  24.630  -7.227  -3.606 0.0000000000
83290  24.910  -8.330  -5.162 0.0000000000
84204  26.056  -7.353  -6.083 0.0000000000
83243  23.865  -8.852  -1.552 0.0000000000
84155  22.654  -7.457  -0.835 0.0000000000
84161  24.242  -7.451  -1.590 0.0000000000
86059  24.600  -5.905  -3.017 0.0000000000
87001  24.450  -4.390  -3.668 0.0000000000
87980  24.776  -3.566  -4.974 0.0000000000
89004  24.203  -2.285  -2.036 0.0000000000
89031  24.322  -2.542  -4.376 0.0000000000
94387  19.448  3.120  -2.074 0.0000000000
138975  18.882  6.345  -1.135 0.0000000000
132299  20.477  5.604  -1.364 0.0000000000
136175  20.822  4.305  -1.422 0.0000000000
148817  20.839  3.048  -1.152 0.0000000000
93539  22.444  2.946  -1.341 0.0000000000
94398  24.421  3.233  -2.684 0.0000000000
75204  21.009  -16.257  -1.425 0.0000000000
78130  21.281  -14.272  -2.272 0.0000000000
82314  25.395  -10.052  -6.166 0.0000000000
81262  26.750  -10.986  -5.984 0.0000000000
91820  20.684  0.869  -0.913 0.0000000000
92719  20.444  1.702  -1.412 0.0000000000
82274  23.613  -9.170  -2.594 0.0000000000
82294  23.409  -9.613  -3.576 0.0000000000
83277  23.645  -8.684  -3.323 0.0000000000
70289  19.279  -21.759  1.571 0.0000000000
70288  19.827  -21.133  1.594 0.0000000000
86962  22.308  -4.255  -0.470 0.0000000000
126964  23.197  -3.121  -0.663 0.0000000000
92736  24.041  1.400  -3.830 0.0000000000
91838  23.712  0.312  -4.440 0.0000000000
136645  16.536  6.385  -2.451 0.0000000000
95312  17.210  4.936  -2.695 0.0000000000
96123  17.409  5.655  -2.238 0.0000000000
96954  23.656  6.572  -2.165 0.0000000000
96135  23.902  5.639  -2.468 0.0000000000
79135  24.699  -12.413  -2.501 0.0000000000
74169  20.258  -17.812  -1.114 0.0000000000
89971  21.452  -1.530  -0.205 0.0000000000
129219  21.806  -0.889  -0.187 0.0000000000
92709  22.531  1.617  -0.699 0.0000000000
91819  23.064  0.907  -0.747 0.0000000000
92717  23.374  1.565  -1.312 0.0000000000
92726  24.206  1.667  -2.078 0.0000000000
96945  15.593  7.499  -2.110 0.0000000000
80195  22.200  -12.132  -1.670 0.0000000000
140474  23.429  -11.278  -4.071 0.0000000000
130985  23.911  -11.299  -4.552 0.0000000000
149280  24.951  -11.757  -4.359 0.0000000000
132863  25.423  -11.153  -4.872 0.0000000000
72197  20.586  -20.026  0.986 0.0000000000
85122  25.213  -6.450  -4.162 0.0000000000
132337  25.722  -7.074  -5.433 0.0000000000
85133  25.548  -6.474  -5.035 0.0000000000
83244  22.928  -8.847  -1.470 0.0000000000
86027  22.474  -5.694  -0.467 0.0000000000
85091  22.587  -6.688  -0.593 0.0000000000
134506  23.490  -7.239  -0.998 0.0000000000
85100  24.027  -6.630  -1.246 0.0000000000
85099  24.590  -6.868  -1.816 0.0000000000
86039  24.297  -6.190  -1.593 0.0000000000
86988  24.252  -4.695  -2.739 0.0000000000
87011  24.755  -4.226  -4.616 0.0000000000
146250  24.366  -3.660  -4.079 0.0000000000
90914  23.800  -1.002  -1.556 0.0000000000
89984  23.686  -1.858  -1.403 0.0000000000
89983  24.193  -1.515  -1.930 0.0000000000
90005  24.365  -1.665  -3.893 0.0000000000
89047  24.408  -3.018  -5.415 0.0000000000
95311  17.682  4.380  -2.852 0.0000000000
94411  17.682  3.383  -4.057 0.0000000000
94401  17.909  3.652  -3.301 0.0000000000
94400  18.520  3.011  -2.785 0.0000000000
97700  21.254  7.857  -1.180 0.0000000000
135014  20.033  6.372  -1.300 0.0000000000
96940  21.015  6.346  -1.307 0.0000000000
95300  21.754  4.658  -1.335 0.0000000000
95301  20.926  4.988  -1.371 0.0000000000
141211  20.800  3.548  -1.387 0.0000000000
94384  22.127  3.768  -1.351 0.0000000000
93540  21.482  3.046  -1.058 0.0000000000
95320  24.414  4.605  -3.692 0.0000000000
135637  24.112  3.891  -2.550 0.0000000000
94410  24.379  3.896  -4.113 0.0000000000
94409  24.406  3.200  -3.478 0.0000000000
75205  20.383  -16.402  -1.382 0.0000000000
79137  22.679  -12.861  -2.608 0.0000000000
79155  22.113  -13.638  -2.350 0.0000000000
128120  22.881  -13.533  -3.002 0.0000000000
77172  24.053  -14.221  -2.014 0.0000000000
77174  22.756  -14.737  -2.194 0.0000000000
77173  23.654  -14.693  -1.719 0.0000000000
77163  23.153  -15.273  -1.406 0.0000000000
84215  25.698  -8.244  -6.452 0.0000000000
83302  25.219  -8.847  -6.009 0.0000000000
83315  25.743  -9.234  -6.464 0.0000000000
137874  21.225  0.348  -0.417 0.0000000000
91811  21.357  1.104  -0.520 0.0000000000
92710  21.816  1.704  -0.458 0.0000000000
82257  23.608  -10.344  -1.981 0.0000000000
81224  23.378  -11.104  -2.067 0.0000000000
124478  23.328  -9.983  -2.765 0.0000000000
81265  23.592  -10.334  -4.414 0.0000000000
82307  24.223  -9.791  -4.881 0.0000000000
73163  20.608  -18.645  0.044 0.0000000000
73162  21.335  -18.647  0.604 0.0000000000
74149  22.168  -18.171  0.990 0.0000000000
87010  25.066  -4.771  -5.182 0.0000000000
147265  25.543  -5.886  -5.432 0.0000000000
86028  21.650  -5.558  -0.543 0.0000000000
86026  23.343  -5.296  -0.550 0.0000000000
86976  24.018  -5.311  -1.906 0.0000000000
86977  23.758  -4.804  -0.906 0.0000000000
87950  23.976  -3.254  -1.783 0.0000000000
90923  24.156  -0.142  -2.691 0.0000000000
90934  24.054  -0.282  -3.853 0.0000000000
90950  23.356  -0.681  -4.951 0.0000000000
134898  22.585  7.794  -1.990 0.0000000000
97699  22.159  7.265  -1.533 0.0000000000
96939  21.936  6.383  -1.319 0.0000000000
96120  22.468  5.516  -1.469 0.0000000000
96119  23.220  5.060  -2.089 0.0000000000
95298  23.502  4.212  -2.111 0.0000000000
96149  24.316  5.350  -3.353 0.0000000000
79153  23.424  -12.875  -3.373 0.0000000000
78142  23.067  -13.571  -3.155 0.0000000000
79152  24.146  -12.769  -3.000 0.0000000000
78128  23.794  -13.488  -2.610 0.0000000000
71259  19.199  -20.389  0.271 0.0000000000
72219  19.208  -19.712  -0.128 0.0000000000
73164  19.913  -18.946  -0.155 0.0000000000
73178  20.455  -18.358  -0.691 0.0000000000
74168  21.113  -17.753  -0.762 0.0000000000
75193  21.418  -16.758  -0.882 0.0000000000
87940  21.585  -2.905  -0.414 0.0000000000
87939  22.383  -3.077  -0.477 0.0000000000
88986  21.985  -2.275  -0.328 0.0000000000
89969  23.126  -1.300  -0.908 0.0000000000
90902  23.309  -0.446  -1.025 0.0000000000
90904  21.864  -0.136  -0.317 0.0000000000
142294  23.392  0.279  -1.069 0.0000000000
90924  23.942  -0.079  -1.689 0.0000000000
91830  24.235  0.714  -2.283 0.0000000000
92725  24.363  1.372  -2.784 0.0000000000
97716  15.010  7.193  -2.202 0.0000000000
96955  15.562  6.948  -2.494 0.0000000000
96944  16.461  7.208  -2.210 0.0000000000
81254  23.195  -11.220  -3.130 0.0000000000
80224  23.471  -12.126  -3.733 0.0000000000
79165  23.675  -12.466  -3.798 0.0000000000
79174  24.013  -12.311  -4.135 0.0000000000
80222  25.028  -11.978  -3.946 0.0000000000
80210  25.330  -11.532  -3.286 0.0000000000
84197  24.724  -7.979  -4.342 0.0000000000
84186  25.273  -7.330  -4.698 0.0000000000
84205  25.431  -7.850  -5.681 0.0000000000
84214  25.949  -7.670  -7.072 0.0000000000
85140  25.774  -6.267  -5.987 0.0000000000
85149  26.299  -6.810  -6.612 0.0000000000
84226  27.383  -7.860  -8.084 0.0000000000
128418  23.600  -9.732  -1.617 0.0000000000
82256  23.090  -8.371  -1.623 0.0000000000
83258  23.911  -8.403  -2.497 0.0000000000
126821  23.216  -8.074  -1.306 0.0000000000
149923  23.890  -7.993  -1.556 0.0000000000
84173  24.420  -7.548  -2.163 0.0000000000
147096  24.342  -7.262  -2.900 0.0000000000
134931  24.796  -6.364  -3.447 0.0000000000
86058  25.072  -5.740  -3.760 0.0000000000
148429  24.442  -5.432  -2.625 0.0000000000
130626  24.620  -5.174  -3.330 0.0000000000
87000  24.843  -4.970  -4.260 0.0000000000
87979  25.147  -4.034  -5.274 0.0000000000
89005  23.683  -2.776  -1.280 0.0000000000
126540  23.855  -2.952  -2.812 0.0000000000
89995  24.216  -1.558  -2.690 0.0000000000
89016  24.103  -2.327  -3.222 0.0000000000
87970  24.055  -3.032  -3.639 0.0000000000
146989  24.438  -3.143  -4.510 0.0000000000
93551  19.135  2.259  -2.449 0.0000000000
96943  18.315  7.250  -1.155 0.0000000000
96942  19.584  7.303  -0.992 0.0000000000
96122  18.436  5.610  -1.628 0.0000000000
96121  19.470  5.552  -1.353 0.0000000000
134454  19.068  4.785  -1.621 0.0000000000
95302  20.071  4.839  -1.362 0.0000000000
94386  19.877  3.963  -1.612 0.0000000000
138392  20.345  3.124  -1.493 0.0000000000
93542  20.056  2.390  -1.824 0.0000000000
93541  20.809  2.510  -1.030 0.0000000000
93531  22.118  2.366  -0.672 0.0000000000
92718  22.873  2.230  -1.286 0.0000000000
94399  23.883  3.397  -2.120 0.0000000000
93550  24.204  2.608  -2.212 0.0000000000
93561  24.057  2.400  -4.085 0.0000000000
78143  22.688  -14.018  -2.683 0.0000000000
77185  22.060  -14.444  -2.420 0.0000000000
77175  21.463  -15.095  -2.289 0.0000000000
131783  22.167  -15.477  -1.977 0.0000000000
76198  21.740  -16.040  -1.278 0.0000000000
83291  24.432  -8.829  -4.635 0.0000000000
83303  24.807  -9.361  -5.407 0.0000000000
82315  25.085  -10.432  -5.433 0.0000000000
81279  26.628  -10.381  -6.419 0.0000000000
81273  26.324  -11.144  -6.288 0.0000000000
81263  25.692  -10.694  -6.116 0.0000000000
81252  25.973  -11.257  -4.882 0.0000000000
79164  24.046  -12.565  -3.776 0.0000000000
80212  23.145  -12.290  -3.149 0.0000000000
80223  24.505  -12.211  -4.058 0.0000000000
80231  24.780  -11.316  -4.671 0.0000000000
80232  24.287  -11.889  -4.368 0.0000000000
81264  25.484  -11.220  -5.530 0.0000000000
81274  25.759  -11.302  -6.251 0.0000000000
82323  26.431  -9.542  -6.622 0.0000000000
82324  26.046  -10.361  -6.456 0.0000000000
83242  24.116  -8.201  -1.778 0.0000000000
83276  24.300  -8.328  -3.790 0.0000000000
84213  26.873  -7.307  -7.302 0.0000000000
84227  26.599  -8.198  -7.457 0.0000000000
85090  23.373  -6.206  -0.667 0.0000000000
85111  24.551  -6.726  -2.705 0.0000000000
86047  24.547  -6.125  -2.185 0.0000000000
86961  23.238  -4.453  -0.599 0.0000000000
87938  22.918  -3.709  -0.525 0.0000000000
89970  22.322  -1.499  -0.376 0.0000000000
91809  22.718  0.133  -0.622 0.0000000000
93532  21.505  2.276  -0.686 0.0000000000
93538  23.420  2.824  -1.698 0.0000000000
94383  23.020  3.604  -1.665 0.0000000000
94385  21.415  3.865  -1.366 0.0000000000
95309  24.401  3.943  -3.172 0.0000000000
96956  14.948  6.622  -2.336 0.0000000000
125108  22.272  -8.009  -0.991 0.0000000000
132722  23.297  -10.502  -1.612 0.0000000000
135410  25.897  -10.995  -3.551 0.0000000000
149109  16.175  5.446  -2.596 0.0000000000
149651  22.313  -3.666  -0.503 0.0000000000
