#!ascii label  , from subject sub-v1s7x0051323_ses-1 vox2ras=TkReg
1676
55802  -47.593  -35.354  69.374 0.0000000000
42394  -41.789  -48.938  74.540 0.0000000000
61222  -55.440  -29.794  55.306 0.0000000000
54116  -43.812  -37.249  59.340 0.0000000000
57850  -52.189  -34.036  62.712 0.0000000000
50770  -48.837  -40.360  72.828 0.0000000000
44622  -50.429  -46.178  66.039 0.0000000000
47856  -48.731  -43.540  59.260 0.0000000000
44448  -31.766  -45.946  75.130 0.0000000000
63259  -58.747  -28.430  58.600 0.0000000000
42517  -39.580  -48.546  63.283 0.0000000000
54080  -46.078  -37.297  64.438 0.0000000000
56867  -47.717  -34.409  61.358 0.0000000000
56810  -49.712  -34.898  66.093 0.0000000000
54035  -50.306  -38.029  71.397 0.0000000000
153202  -54.067  -40.326  65.757 0.0000000000
150256  -48.510  -39.629  64.473 0.0000000000
148256  -45.565  -40.193  59.627 0.0000000000
64190  -61.812  -27.329  56.333 0.0000000000
40338  -35.579  -50.532  74.591 0.0000000000
42448  -34.074  -48.717  67.525 0.0000000000
43487  -38.141  -47.507  68.904 0.0000000000
61138  -53.537  -30.200  60.323 0.0000000000
46674  -45.365  -44.544  73.261 0.0000000000
47765  -43.468  -43.367  67.521 0.0000000000
49803  -48.738  -41.761  66.188 0.0000000000
45805  -51.045  -44.956  61.150 0.0000000000
42374  -28.479  -48.106  74.611 0.0000000000
59860  -56.178  -32.036  66.198 0.0000000000
59936  -58.148  -31.855  61.998 0.0000000000
138707  -58.128  -28.025  63.420 0.0000000000
59983  -59.625  -32.585  58.909 0.0000000000
57911  -62.691  -33.571  55.305 0.0000000000
44571  -29.114  -45.928  67.923 0.0000000000
43539  -43.344  -47.465  65.847 0.0000000000
54978  -47.216  -36.383  67.106 0.0000000000
55835  -47.999  -35.473  65.944 0.0000000000
134932  -48.171  -34.493  68.195 0.0000000000
140457  -48.416  -36.746  71.043 0.0000000000
151941  -49.361  -38.899  68.021 0.0000000000
150937  -47.778  -37.456  68.163 0.0000000000
53077  -46.162  -38.746  64.724 0.0000000000
61287  -54.543  -30.179  52.485 0.0000000000
61268  -56.311  -30.559  53.556 0.0000000000
137518  -38.318  -51.654  74.798 0.0000000000
40366  -37.192  -50.471  71.126 0.0000000000
43444  -39.488  -47.827  71.957 0.0000000000
133959  -43.326  -35.449  57.916 0.0000000000
56870  -50.236  -34.138  61.959 0.0000000000
58860  -48.592  -32.788  59.883 0.0000000000
58862  -50.355  -32.650  60.839 0.0000000000
61150  -51.042  -30.524  59.090 0.0000000000
137001  -52.262  -32.121  61.821 0.0000000000
49694  -46.712  -41.663  73.477 0.0000000000
49741  -45.775  -41.723  69.652 0.0000000000
49743  -48.302  -41.315  70.048 0.0000000000
49884  -50.524  -41.896  61.955 0.0000000000
48875  -53.425  -42.521  62.768 0.0000000000
47858  -49.888  -44.094  60.166 0.0000000000
53117  -45.032  -38.649  59.748 0.0000000000
61087  -56.884  -31.005  64.860 0.0000000000
59921  -61.193  -33.257  62.212 0.0000000000
59967  -62.012  -33.542  61.000 0.0000000000
58940  -61.516  -32.756  57.273 0.0000000000
59985  -62.483  -32.876  59.441 0.0000000000
60034  -65.287  -32.252  55.658 0.0000000000
44433  -29.162  -45.966  74.983 0.0000000000
135119  -28.536  -47.141  71.481 0.0000000000
44499  -30.594  -45.915  71.279 0.0000000000
42499  -35.736  -48.766  64.676 0.0000000000
43562  -33.081  -47.175  63.681 0.0000000000
152056  -36.419  -48.000  61.689 0.0000000000
47828  -45.895  -43.638  63.685 0.0000000000
45752  -42.646  -44.820  64.468 0.0000000000
44618  -46.591  -46.668  65.252 0.0000000000
54108  -44.863  -37.096  61.999 0.0000000000
55893  -45.306  -35.116  60.875 0.0000000000
127975  -47.033  -35.415  63.367 0.0000000000
55856  -49.135  -35.030  63.934 0.0000000000
130515  -51.819  -34.765  65.084 0.0000000000
51855  -50.636  -39.772  73.161 0.0000000000
49747  -52.360  -41.178  69.820 0.0000000000
51916  -52.361  -39.617  69.646 0.0000000000
52010  -50.502  -39.772  64.099 0.0000000000
50947  -48.601  -40.246  61.518 0.0000000000
48895  -46.860  -42.448  60.017 0.0000000000
52046  -47.435  -39.595  62.138 0.0000000000
53108  -45.818  -38.595  61.756 0.0000000000
63281  -59.306  -28.372  56.607 0.0000000000
66966  -60.331  -23.717  57.280 0.0000000000
43408  -33.253  -48.089  74.897 0.0000000000
43461  -32.724  -47.218  71.517 0.0000000000
41410  -34.826  -49.813  71.577 0.0000000000
40423  -36.640  -49.837  67.886 0.0000000000
42469  -38.383  -48.594  65.935 0.0000000000
56898  -46.059  -33.976  58.996 0.0000000000
61183  -52.364  -29.988  57.026 0.0000000000
61168  -54.461  -30.102  58.029 0.0000000000
44469  -44.097  -46.653  74.211 0.0000000000
45667  -41.843  -45.613  71.358 0.0000000000
46705  -44.419  -44.042  70.668 0.0000000000
49823  -45.839  -41.682  66.044 0.0000000000
47817  -49.256  -43.377  64.026 0.0000000000
49806  -52.996  -41.303  66.626 0.0000000000
47820  -54.436  -43.219  64.677 0.0000000000
43558  -53.654  -46.189  65.194 0.0000000000
145389  -48.409  -33.368  71.508 0.0000000000
43378  -41.819  -47.791  76.213 0.0000000000
47634  -45.136  -43.691  75.773 0.0000000000
49676  -47.015  -41.448  75.185 0.0000000000
57793  -50.837  -33.806  69.760 0.0000000000
56789  -52.500  -34.628  68.626 0.0000000000
56814  -53.983  -34.502  66.479 0.0000000000
58778  -54.877  -33.745  66.889 0.0000000000
58804  -54.050  -33.439  64.942 0.0000000000
59901  -54.608  -31.360  63.269 0.0000000000
61126  -55.524  -30.505  61.619 0.0000000000
148882  -56.553  -31.104  59.396 0.0000000000
61103  -60.263  -31.376  63.755 0.0000000000
59951  -58.907  -32.749  60.696 0.0000000000
149843  -57.577  -30.600  56.817 0.0000000000
61249  -59.081  -30.819  54.983 0.0000000000
58925  -64.282  -33.216  57.901 0.0000000000
41408  -28.281  -49.675  71.625 0.0000000000
43551  -28.220  -46.779  64.173 0.0000000000
43501  -31.914  -46.993  67.960 0.0000000000
44657  -30.878  -46.281  63.080 0.0000000000
45693  -40.407  -45.542  69.249 0.0000000000
44591  -39.753  -46.517  66.709 0.0000000000
42489  -41.104  -48.672  66.251 0.0000000000
41459  -43.834  -49.367  68.049 0.0000000000
55809  -47.539  -35.667  68.773 0.0000000000
55819  -47.706  -35.064  67.716 0.0000000000
56785  -47.687  -34.975  68.647 0.0000000000
54963  -47.732  -36.013  69.965 0.0000000000
54048  -48.220  -37.516  68.942 0.0000000000
54973  -47.605  -36.554  68.672 0.0000000000
54054  -47.249  -37.370  67.388 0.0000000000
61221  -54.515  -29.872  55.207 0.0000000000
61267  -55.051  -30.086  53.900 0.0000000000
61288  -55.340  -30.465  52.610 0.0000000000
143034  -56.125  -29.865  54.997 0.0000000000
40348  -40.424  -50.284  74.103 0.0000000000
147528  -38.776  -50.212  72.828 0.0000000000
42408  -40.154  -48.947  73.259 0.0000000000
54121  -43.206  -37.021  58.432 0.0000000000
55037  -43.419  -36.050  58.503 0.0000000000
56859  -51.531  -34.415  62.744 0.0000000000
57848  -50.740  -33.736  61.840 0.0000000000
57857  -51.210  -33.245  61.786 0.0000000000
58843  -51.683  -32.662  61.762 0.0000000000
58825  -52.506  -33.270  62.610 0.0000000000
50747  -47.159  -40.887  73.134 0.0000000000
50811  -47.192  -40.769  71.167 0.0000000000
128671  -48.279  -40.887  71.332 0.0000000000
48880  -49.187  -42.346  61.169 0.0000000000
48881  -50.014  -42.741  61.420 0.0000000000
47857  -49.438  -43.863  59.597 0.0000000000
46825  -49.108  -44.332  58.680 0.0000000000
134372  -44.585  -37.715  59.868 0.0000000000
53121  -43.418  -38.803  58.503 0.0000000000
53116  -43.480  -37.847  58.712 0.0000000000
62244  -60.037  -29.953  60.770 0.0000000000
61156  -60.407  -30.615  59.543 0.0000000000
59984  -62.034  -32.521  59.965 0.0000000000
61171  -60.311  -30.176  58.464 0.0000000000
45605  -30.306  -45.402  75.312 0.0000000000
45637  -29.970  -45.794  73.978 0.0000000000
44463  -31.368  -46.025  73.444 0.0000000000
42501  -37.570  -48.458  64.245 0.0000000000
43565  -35.911  -47.843  63.307 0.0000000000
42527  -37.987  -48.339  62.374 0.0000000000
41530  -38.042  -49.479  61.752 0.0000000000
41515  -39.770  -49.262  62.635 0.0000000000
127974  -48.126  -45.066  64.382 0.0000000000
45756  -46.340  -45.473  64.313 0.0000000000
44620  -48.312  -46.387  65.571 0.0000000000
55002  -45.816  -36.544  63.367 0.0000000000
55015  -45.744  -35.803  62.655 0.0000000000
55003  -46.507  -35.959  63.654 0.0000000000
55828  -48.715  -35.140  66.071 0.0000000000
153564  -48.468  -35.265  64.957 0.0000000000
56821  -50.001  -35.028  65.175 0.0000000000
56831  -50.107  -34.840  64.238 0.0000000000
56822  -50.871  -34.876  65.607 0.0000000000
52986  -50.780  -38.891  72.802 0.0000000000
51895  -51.895  -39.805  70.942 0.0000000000
53008  -50.824  -38.681  70.961 0.0000000000
128131  -49.066  -39.288  66.115 0.0000000000
129420  -50.115  -39.490  66.150 0.0000000000
52009  -49.543  -39.662  64.714 0.0000000000
52048  -49.891  -39.813  62.479 0.0000000000
127857  -48.900  -39.763  62.634 0.0000000000
52055  -47.884  -39.907  61.627 0.0000000000
52028  -47.205  -39.562  63.292 0.0000000000
141485  -46.019  -37.940  64.989 0.0000000000
139102  -45.906  -38.975  64.057 0.0000000000
54091  -45.803  -37.402  63.788 0.0000000000
53107  -45.203  -37.901  61.831 0.0000000000
131726  -34.147  -49.324  74.620 0.0000000000
41395  -34.054  -49.335  72.980 0.0000000000
40353  -35.324  -50.105  72.988 0.0000000000
42420  -37.552  -49.878  69.696 0.0000000000
40391  -36.909  -50.513  69.888 0.0000000000
42435  -37.413  -49.596  67.942 0.0000000000
41470  -37.430  -50.018  66.951 0.0000000000
42451  -37.915  -48.711  67.528 0.0000000000
55894  -46.119  -34.687  60.896 0.0000000000
56879  -45.866  -34.623  60.202 0.0000000000
56880  -46.621  -34.312  60.406 0.0000000000
152421  -48.610  -32.104  58.910 0.0000000000
58881  -47.716  -32.702  58.977 0.0000000000
58920  -47.803  -32.148  57.732 0.0000000000
61136  -52.018  -30.497  60.098 0.0000000000
61165  -51.600  -30.287  58.349 0.0000000000
61166  -52.771  -29.953  58.529 0.0000000000
128726  -53.029  -29.755  57.616 0.0000000000
130952  -53.474  -30.003  58.914 0.0000000000
45643  -44.828  -45.686  74.062 0.0000000000
45670  -44.431  -45.029  72.342 0.0000000000
46689  -45.194  -44.231  72.308 0.0000000000
146684  -47.524  -41.384  67.489 0.0000000000
49779  -45.897  -41.487  67.937 0.0000000000
151225  -47.114  -41.498  66.183 0.0000000000
48827  -46.852  -41.906  64.992 0.0000000000
144952  -48.815  -42.058  65.091 0.0000000000
50853  -53.411  -40.316  68.460 0.0000000000
147325  -52.936  -41.141  68.244 0.0000000000
49807  -53.679  -40.609  66.798 0.0000000000
47846  -52.778  -44.160  62.241 0.0000000000
48864  -55.188  -42.991  63.896 0.0000000000
45793  -54.075  -44.714  63.603 0.0000000000
45762  -54.463  -45.199  65.006 0.0000000000
50960  -45.738  -41.018  59.703 0.0000000000
144526  -46.444  -42.389  75.107 0.0000000000
52956  -48.799  -38.709  75.695 0.0000000000
57781  -49.334  -33.350  70.382 0.0000000000
56765  -53.224  -34.534  70.206 0.0000000000
56777  -53.934  -34.998  69.690 0.0000000000
56813  -52.910  -34.498  66.975 0.0000000000
57809  -54.037  -34.161  67.723 0.0000000000
58790  -55.086  -33.230  66.643 0.0000000000
57826  -55.015  -34.291  66.103 0.0000000000
58805  -54.622  -33.177  65.281 0.0000000000
153296  -54.538  -31.994  63.933 0.0000000000
59877  -54.912  -32.235  64.688 0.0000000000
61088  -58.089  -31.446  64.844 0.0000000000
134570  -56.262  -30.681  62.984 0.0000000000
61127  -57.077  -31.071  61.643 0.0000000000
128289  -56.210  -30.867  60.087 0.0000000000
59949  -57.727  -31.755  61.016 0.0000000000
62220  -59.201  -29.635  63.705 0.0000000000
58886  -60.742  -34.086  60.787 0.0000000000
144583  -60.422  -33.901  62.040 0.0000000000
59982  -58.777  -32.155  59.060 0.0000000000
59981  -57.883  -31.630  59.128 0.0000000000
60000  -58.865  -31.699  58.146 0.0000000000
61225  -58.390  -30.581  55.515 0.0000000000
61226  -59.224  -30.973  56.014 0.0000000000
60033  -61.413  -32.444  56.309 0.0000000000
60050  -60.376  -31.802  54.866 0.0000000000
58971  -60.814  -32.541  54.493 0.0000000000
64189  -60.721  -27.623  56.014 0.0000000000
61191  -63.020  -31.066  57.378 0.0000000000
61207  -63.655  -30.000  56.840 0.0000000000
133038  -28.876  -46.364  69.422 0.0000000000
43474  -28.371  -47.735  70.002 0.0000000000
44570  -28.521  -46.466  67.707 0.0000000000
43532  -27.662  -47.591  65.696 0.0000000000
44610  -28.490  -46.435  65.574 0.0000000000
152945  -32.971  -48.194  69.610 0.0000000000
43475  -32.350  -47.179  70.202 0.0000000000
43502  -32.608  -47.761  67.553 0.0000000000
44637  -31.516  -46.631  63.882 0.0000000000
41539  -33.042  -49.327  60.474 0.0000000000
46717  -42.542  -44.548  69.432 0.0000000000
45679  -40.774  -45.380  70.114 0.0000000000
46729  -41.743  -44.553  68.540 0.0000000000
132137  -42.904  -46.719  65.111 0.0000000000
45733  -41.029  -45.780  65.528 0.0000000000
43537  -41.457  -47.246  66.112 0.0000000000
131634  -40.448  -48.190  66.450 0.0000000000
148972  -41.924  -47.881  66.592 0.0000000000
154214  -42.777  -49.816  66.620 0.0000000000
54986  -47.003  -36.477  66.191 0.0000000000
55834  -47.392  -35.891  65.658 0.0000000000
55826  -47.438  -35.807  66.496 0.0000000000
55827  -47.929  -35.149  66.784 0.0000000000
129257  -48.923  -34.323  67.827 0.0000000000
54034  -48.958  -37.227  71.626 0.0000000000
53007  -50.017  -38.047  70.590 0.0000000000
54040  -49.055  -37.794  70.374 0.0000000000
142316  -48.741  -38.639  68.005 0.0000000000
132405  -47.708  -38.732  66.663 0.0000000000
53067  -46.880  -39.101  65.025 0.0000000000
53041  -47.148  -38.117  66.774 0.0000000000
54063  -46.841  -37.250  66.620 0.0000000000
60080  -56.596  -31.263  52.327 0.0000000000
39139  -36.931  -51.215  74.250 0.0000000000
39154  -36.412  -50.711  72.940 0.0000000000
131309  -37.696  -50.756  72.298 0.0000000000
41411  -38.329  -49.902  71.715 0.0000000000
43462  -38.243  -48.232  70.568 0.0000000000
56868  -48.613  -34.341  61.586 0.0000000000
56882  -48.358  -34.053  60.822 0.0000000000
57856  -49.180  -33.808  61.238 0.0000000000
58861  -49.355  -32.620  60.312 0.0000000000
58884  -49.953  -32.006  60.242 0.0000000000
129111  -50.274  -30.943  58.909 0.0000000000
59962  -50.591  -31.117  59.901 0.0000000000
59948  -52.035  -31.018  60.761 0.0000000000
61137  -52.699  -30.507  60.515 0.0000000000
47687  -46.043  -43.412  73.134 0.0000000000
48730  -45.612  -42.998  71.647 0.0000000000
48731  -46.064  -42.103  71.923 0.0000000000
50842  -47.063  -40.931  69.118 0.0000000000
128529  -48.299  -41.568  67.806 0.0000000000
50923  -52.464  -40.225  63.458 0.0000000000
49867  -53.992  -41.028  63.908 0.0000000000
48873  -51.384  -42.288  62.230 0.0000000000
47844  -51.061  -44.040  61.195 0.0000000000
45817  -50.407  -44.627  60.659 0.0000000000
45803  -49.634  -45.296  60.625 0.0000000000
45826  -49.148  -44.855  59.259 0.0000000000
52066  -45.682  -39.426  59.867 0.0000000000
52071  -43.923  -39.870  58.633 0.0000000000
139413  -56.699  -31.611  66.418 0.0000000000
59879  -56.800  -31.514  65.705 0.0000000000
59861  -57.333  -31.572  66.187 0.0000000000
59880  -59.182  -32.286  66.018 0.0000000000
59903  -59.306  -31.605  64.746 0.0000000000
64136  -58.429  -27.599  62.215 0.0000000000
62231  -60.128  -30.247  62.345 0.0000000000
132067  -60.617  -30.532  61.605 0.0000000000
59952  -61.582  -33.405  61.643 0.0000000000
58905  -60.638  -33.717  59.837 0.0000000000
149149  -60.281  -32.231  57.625 0.0000000000
58907  -61.587  -33.771  59.054 0.0000000000
57890  -62.431  -34.111  59.259 0.0000000000
58942  -63.359  -34.011  57.703 0.0000000000
64192  -63.691  -27.307  56.380 0.0000000000
62279  -64.130  -29.540  56.529 0.0000000000
62289  -64.439  -29.771  55.773 0.0000000000
43406  -28.504  -47.107  75.018 0.0000000000
43424  -28.532  -47.662  73.703 0.0000000000
44460  -28.777  -46.643  73.699 0.0000000000
44498  -29.666  -46.065  71.586 0.0000000000
44536  -29.595  -46.025  69.695 0.0000000000
42483  -34.680  -48.782  65.725 0.0000000000
155134  -33.520  -48.176  65.678 0.0000000000
154402  -34.668  -48.079  64.068 0.0000000000
43578  -34.785  -47.276  62.200 0.0000000000
43610  -34.788  -47.707  61.061 0.0000000000
153154  -34.755  -49.777  60.795 0.0000000000
41528  -36.271  -49.430  61.149 0.0000000000
47800  -44.115  -42.892  64.866 0.0000000000
47798  -42.749  -43.716  65.741 0.0000000000
46784  -44.288  -44.070  63.768 0.0000000000
44640  -44.424  -46.206  64.536 0.0000000000
43541  -45.306  -47.404  65.681 0.0000000000
54112  -44.624  -37.234  60.513 0.0000000000
155205  -44.217  -35.834  59.891 0.0000000000
55881  -45.143  -35.675  61.691 0.0000000000
137165  -46.496  -35.263  62.419 0.0000000000
55864  -47.256  -35.074  62.732 0.0000000000
55854  -47.429  -35.534  63.937 0.0000000000
55855  -48.289  -35.102  63.652 0.0000000000
55865  -48.119  -34.684  62.970 0.0000000000
56843  -49.938  -34.821  63.343 0.0000000000
149254  -50.758  -34.687  62.923 0.0000000000
56846  -52.363  -34.510  63.691 0.0000000000
140892  -49.616  -40.098  73.637 0.0000000000
50813  -50.472  -41.133  71.343 0.0000000000
50814  -51.288  -40.889  71.302 0.0000000000
50830  -53.014  -40.419  69.600 0.0000000000
133555  -53.341  -40.080  67.490 0.0000000000
136429  -51.003  -39.269  67.912 0.0000000000
132261  -51.203  -39.681  66.195 0.0000000000
146084  -51.867  -39.795  64.509 0.0000000000
151027  -50.589  -39.920  62.519 0.0000000000
50948  -49.538  -40.479  61.675 0.0000000000
49893  -48.245  -42.077  61.019 0.0000000000
48904  -47.901  -43.087  58.929 0.0000000000
49892  -47.332  -41.753  60.736 0.0000000000
50952  -47.238  -40.666  60.860 0.0000000000
52061  -46.640  -40.139  60.599 0.0000000000
52007  -46.573  -39.315  64.179 0.0000000000
52053  -46.542  -39.270  61.767 0.0000000000
53113  -45.987  -39.040  61.027 0.0000000000
53112  -45.436  -38.357  60.998 0.0000000000
54113  -44.943  -37.561  61.118 0.0000000000
64175  -58.594  -28.235  57.788 0.0000000000
65117  -59.233  -26.157  57.697 0.0000000000
66056  -59.438  -25.495  56.690 0.0000000000
66077  -60.448  -25.479  55.696 0.0000000000
133454  -61.190  -24.806  55.684 0.0000000000
66069  -63.402  -25.403  56.401 0.0000000000
44435  -32.366  -46.472  75.588 0.0000000000
132786  -32.027  -46.382  73.740 0.0000000000
42391  -33.131  -47.937  72.977 0.0000000000
42413  -33.675  -48.739  71.445 0.0000000000
41424  -34.492  -49.241  69.240 0.0000000000
40373  -36.309  -50.448  70.829 0.0000000000
41425  -35.773  -50.191  69.622 0.0000000000
42449  -34.748  -49.316  67.718 0.0000000000
41481  -36.007  -49.380  66.270 0.0000000000
42486  -37.138  -49.083  65.299 0.0000000000
129951  -38.954  -48.521  64.816 0.0000000000
55898  -44.476  -35.265  59.613 0.0000000000
56896  -44.560  -34.467  58.538 0.0000000000
57873  -47.399  -33.226  59.444 0.0000000000
128799  -53.944  -30.154  55.901 0.0000000000
128301  -55.102  -30.180  56.861 0.0000000000
43426  -42.869  -47.614  74.253 0.0000000000
43446  -41.253  -47.390  73.213 0.0000000000
138079  -43.259  -46.423  72.832 0.0000000000
45682  -43.325  -44.768  71.140 0.0000000000
46718  -43.524  -44.043  69.176 0.0000000000
47717  -44.966  -43.158  70.118 0.0000000000
48782  -44.652  -42.893  68.762 0.0000000000
47766  -44.146  -42.805  67.086 0.0000000000
48843  -46.129  -42.356  64.511 0.0000000000
154509  -47.950  -43.535  64.117 0.0000000000
45759  -50.026  -45.000  64.554 0.0000000000
49745  -49.915  -41.508  69.748 0.0000000000
128752  -50.370  -41.723  68.534 0.0000000000
49804  -49.893  -41.835  66.622 0.0000000000
49868  -54.710  -41.591  64.622 0.0000000000
48848  -54.228  -42.380  65.084 0.0000000000
48830  -51.263  -42.259  64.869 0.0000000000
131952  -51.677  -43.394  64.226 0.0000000000
45760  -51.030  -44.795  64.632 0.0000000000
48908  -47.267  -42.675  57.465 0.0000000000
55790  -47.621  -35.002  71.219 0.0000000000
56757  -47.848  -34.309  70.798 0.0000000000
44417  -28.654  -46.172  76.222 0.0000000000
44434  -31.866  -45.849  76.074 0.0000000000
43372  -32.906  -47.163  76.187 0.0000000000
43373  -33.389  -47.967  76.871 0.0000000000
39115  -37.125  -51.259  76.032 0.0000000000
39117  -38.892  -51.111  75.993 0.0000000000
40333  -41.068  -50.713  75.819 0.0000000000
41385  -42.011  -49.062  75.458 0.0000000000
43410  -43.734  -47.482  75.052 0.0000000000
44440  -44.466  -46.712  75.105 0.0000000000
45629  -45.396  -45.735  74.929 0.0000000000
46633  -44.819  -44.631  75.851 0.0000000000
132404  -45.864  -44.432  74.888 0.0000000000
48691  -46.456  -42.796  74.598 0.0000000000
149882  -46.790  -42.015  74.929 0.0000000000
50727  -47.759  -40.540  74.721 0.0000000000
51839  -48.988  -39.849  74.184 0.0000000000
51840  -49.290  -39.388  74.310 0.0000000000
52971  -49.798  -38.742  74.022 0.0000000000
55791  -47.818  -35.722  71.653 0.0000000000
57791  -48.615  -33.670  69.750 0.0000000000
57801  -49.472  -33.810  68.780 0.0000000000
57802  -50.426  -33.907  68.901 0.0000000000
57783  -52.375  -33.946  70.882 0.0000000000
56776  -51.641  -34.234  69.188 0.0000000000
56800  -50.920  -34.432  67.402 0.0000000000
56823  -52.014  -34.651  66.052 0.0000000000
56824  -52.756  -34.479  65.279 0.0000000000
56835  -53.316  -34.203  65.056 0.0000000000
57810  -54.396  -34.061  67.161 0.0000000000
132597  -54.111  -34.292  65.624 0.0000000000
57851  -52.854  -33.798  63.254 0.0000000000
58826  -53.148  -32.952  63.029 0.0000000000
154234  -53.521  -31.371  62.178 0.0000000000
61112  -54.096  -30.782  61.961 0.0000000000
61100  -56.087  -30.859  63.941 0.0000000000
61114  -55.482  -30.585  62.352 0.0000000000
140117  -54.389  -30.136  60.287 0.0000000000
61154  -54.728  -30.205  59.464 0.0000000000
128506  -55.358  -30.406  57.776 0.0000000000
128505  -55.925  -30.295  57.041 0.0000000000
61089  -59.348  -31.479  65.698 0.0000000000
59904  -59.702  -32.048  63.632 0.0000000000
61116  -60.608  -31.493  62.914 0.0000000000
58827  -59.694  -33.363  62.210 0.0000000000
59937  -58.835  -32.700  61.503 0.0000000000
59965  -58.001  -32.052  59.972 0.0000000000
61187  -57.376  -30.986  57.967 0.0000000000
152659  -56.302  -30.243  56.396 0.0000000000
61223  -56.796  -30.174  55.117 0.0000000000
61270  -57.909  -30.979  54.028 0.0000000000
60062  -58.509  -31.539  53.453 0.0000000000
145287  -60.023  -31.412  56.070 0.0000000000
60063  -59.333  -31.834  53.726 0.0000000000
58998  -58.546  -32.802  52.385 0.0000000000
61189  -61.058  -30.573  58.058 0.0000000000
58908  -63.666  -33.305  58.661 0.0000000000
57901  -63.795  -33.889  56.929 0.0000000000
58943  -64.985  -32.648  56.320 0.0000000000
57913  -64.227  -33.615  55.933 0.0000000000
57925  -63.281  -34.081  54.859 0.0000000000
42411  -28.557  -48.254  71.915 0.0000000000
44481  -32.023  -46.378  71.895 0.0000000000
44538  -31.275  -46.301  69.536 0.0000000000
44557  -30.382  -45.881  67.794 0.0000000000
43534  -32.007  -47.179  66.061 0.0000000000
141342  -31.323  -46.590  65.556 0.0000000000
45732  -29.898  -45.746  65.364 0.0000000000
44655  -29.201  -46.156  63.195 0.0000000000
43463  -40.269  -46.612  71.524 0.0000000000
44522  -39.817  -46.447  70.543 0.0000000000
44560  -39.147  -46.255  68.571 0.0000000000
45716  -40.946  -44.889  66.747 0.0000000000
45714  -39.776  -45.904  67.212 0.0000000000
44574  -38.688  -46.944  67.593 0.0000000000
43504  -39.119  -47.254  66.865 0.0000000000
42488  -39.858  -48.521  65.941 0.0000000000
42504  -40.286  -48.673  64.917 0.0000000000
42477  -47.086  -48.126  66.925 0.0000000000
42475  -45.328  -48.449  66.870 0.0000000000
42473  -43.435  -48.560  67.204 0.0000000000
41472  -42.316  -48.981  66.989 0.0000000000
41484  -41.644  -49.110  65.882 0.0000000000
41494  -40.790  -48.976  64.129 0.0000000000
56774  -47.758  -34.675  69.444 0.0000000000
54968  -47.632  -36.109  69.288 0.0000000000
62287  -55.005  -29.730  54.672 0.0000000000
61245  -55.640  -29.918  54.559 0.0000000000
41392  -41.276  -49.950  74.743 0.0000000000
41397  -40.073  -49.782  73.561 0.0000000000
41398  -40.889  -49.477  73.911 0.0000000000
55033  -43.646  -36.504  59.049 0.0000000000
57849  -51.423  -33.842  62.253 0.0000000000
57858  -51.865  -33.318  62.219 0.0000000000
50769  -47.860  -40.463  72.926 0.0000000000
50792  -47.936  -40.585  72.072 0.0000000000
48897  -48.859  -43.061  60.444 0.0000000000
48898  -49.682  -43.416  60.606 0.0000000000
128811  -42.796  -38.003  58.083 0.0000000000
63244  -58.794  -28.316  59.430 0.0000000000
132967  -59.795  -29.927  59.847 0.0000000000
63245  -59.194  -29.038  59.183 0.0000000000
147238  -59.689  -29.648  58.830 0.0000000000
45623  -31.076  -45.614  74.797 0.0000000000
45638  -30.796  -45.841  74.033 0.0000000000
132344  -31.589  -46.048  74.272 0.0000000000
42516  -38.661  -48.356  63.945 0.0000000000
42515  -37.840  -48.261  63.230 0.0000000000
142839  -38.650  -48.427  62.860 0.0000000000
42528  -39.243  -48.804  62.643 0.0000000000
42529  -39.937  -48.835  62.842 0.0000000000
45736  -48.690  -45.774  65.023 0.0000000000
45757  -47.788  -45.893  64.840 0.0000000000
44621  -49.277  -46.290  65.795 0.0000000000
54092  -46.213  -36.704  63.959 0.0000000000
54999  -46.595  -36.444  64.521 0.0000000000
155167  -49.225  -35.083  65.508 0.0000000000
56811  -50.811  -34.741  66.525 0.0000000000
54027  -50.425  -37.938  72.368 0.0000000000
52997  -50.886  -38.886  71.835 0.0000000000
51993  -48.731  -39.443  65.367 0.0000000000
52030  -49.437  -39.754  63.543 0.0000000000
52029  -48.242  -39.700  63.504 0.0000000000
129321  -48.041  -39.665  62.673 0.0000000000
53076  -45.788  -38.175  64.272 0.0000000000
40337  -34.965  -50.142  74.708 0.0000000000
41391  -34.643  -49.735  74.306 0.0000000000
40345  -35.182  -50.091  73.944 0.0000000000
42428  -37.766  -48.623  69.580 0.0000000000
42427  -37.530  -49.750  68.915 0.0000000000
42436  -37.722  -48.599  68.480 0.0000000000
43493  -38.127  -47.603  67.991 0.0000000000
56866  -46.793  -34.463  61.202 0.0000000000
59978  -48.861  -31.787  58.517 0.0000000000
58903  -48.208  -32.255  58.456 0.0000000000
61152  -52.895  -30.119  59.586 0.0000000000
61153  -53.860  -29.995  59.560 0.0000000000
45657  -45.049  -45.090  73.714 0.0000000000
46673  -44.941  -44.828  72.813 0.0000000000
49781  -48.086  -41.709  66.990 0.0000000000
132912  -47.268  -41.431  66.824 0.0000000000
49802  -47.760  -41.630  66.235 0.0000000000
49826  -48.070  -41.830  65.604 0.0000000000
50866  -53.484  -40.357  67.159 0.0000000000
49786  -53.449  -40.533  67.912 0.0000000000
142299  -53.980  -40.444  66.236 0.0000000000
46795  -51.756  -44.592  61.820 0.0000000000
133624  -52.942  -44.757  62.472 0.0000000000
45792  -52.302  -45.265  62.472 0.0000000000
45791  -51.591  -45.060  61.905 0.0000000000
50959  -45.138  -40.797  59.237 0.0000000000
56791  -54.008  -34.775  68.861 0.0000000000
59842  -55.717  -32.199  66.661 0.0000000000
58779  -55.064  -32.790  67.083 0.0000000000
58798  -55.271  -32.916  66.269 0.0000000000
58806  -55.247  -32.584  65.641 0.0000000000
145592  -58.320  -31.344  63.813 0.0000000000
61102  -57.391  -31.047  62.755 0.0000000000
64107  -57.913  -27.021  64.225 0.0000000000
144782  -58.346  -28.865  63.973 0.0000000000
153641  -58.551  -28.856  63.220 0.0000000000
58904  -59.661  -33.206  59.889 0.0000000000
60014  -58.991  -31.263  57.155 0.0000000000
60001  -59.635  -31.990  57.896 0.0000000000
58957  -62.150  -32.947  55.861 0.0000000000
58956  -61.139  -32.375  55.318 0.0000000000
58972  -61.698  -33.030  54.839 0.0000000000
63283  -61.558  -28.316  56.359 0.0000000000
131182  -61.960  -29.084  56.500 0.0000000000
135113  -63.017  -29.201  56.754 0.0000000000
42390  -28.676  -48.969  73.674 0.0000000000
44555  -28.690  -46.390  68.592 0.0000000000
145317  -28.365  -46.580  66.978 0.0000000000
44588  -28.849  -45.942  66.955 0.0000000000
151499  -33.366  -48.387  68.126 0.0000000000
42425  -33.186  -48.178  69.040 0.0000000000
42447  -33.353  -48.198  67.143 0.0000000000
41538  -32.060  -48.901  60.279 0.0000000000
46730  -42.851  -44.208  68.667 0.0000000000
47764  -42.845  -43.757  67.828 0.0000000000
44615  -41.949  -46.517  65.349 0.0000000000
43538  -42.351  -47.404  65.966 0.0000000000
43522  -42.736  -48.113  66.753 0.0000000000
143295  -47.498  -35.595  67.223 0.0000000000
56798  -48.396  -34.697  67.390 0.0000000000
54039  -48.733  -37.297  70.770 0.0000000000
129533  -48.444  -38.161  68.395 0.0000000000
53042  -47.967  -38.364  67.522 0.0000000000
53055  -47.123  -38.805  65.989 0.0000000000
54985  -46.607  -37.173  65.861 0.0000000000
61266  -54.149  -29.918  53.304 0.0000000000
131729  -56.077  -30.780  52.844 0.0000000000
61289  -56.894  -30.954  53.023 0.0000000000
39140  -37.645  -51.506  74.531 0.0000000000
39156  -37.516  -51.156  73.624 0.0000000000
39157  -38.273  -51.310  74.021 0.0000000000
41412  -38.814  -49.731  72.372 0.0000000000
41403  -38.258  -50.417  72.218 0.0000000000
42415  -38.808  -48.878  71.899 0.0000000000
42414  -38.221  -49.079  71.219 0.0000000000
137571  -38.819  -48.048  71.325 0.0000000000
56869  -49.490  -34.281  61.821 0.0000000000
58841  -50.543  -33.207  61.355 0.0000000000
57867  -49.796  -33.163  60.897 0.0000000000
135952  -49.898  -32.666  60.578 0.0000000000
59961  -49.865  -31.456  59.469 0.0000000000
58863  -50.796  -31.870  60.701 0.0000000000
59933  -51.658  -31.817  61.199 0.0000000000
59934  -52.566  -31.172  61.299 0.0000000000
133633  -46.215  -42.299  72.869 0.0000000000
49705  -46.523  -41.294  72.460 0.0000000000
50812  -47.976  -41.147  70.692 0.0000000000
50828  -47.200  -40.766  70.007 0.0000000000
129589  -47.834  -41.331  69.277 0.0000000000
49763  -48.506  -41.538  68.653 0.0000000000
49875  -51.184  -41.046  62.308 0.0000000000
49876  -52.222  -41.428  62.675 0.0000000000
47843  -50.388  -43.743  60.856 0.0000000000
48882  -50.808  -43.143  61.671 0.0000000000
47859  -50.421  -44.281  60.642 0.0000000000
45816  -49.892  -44.788  60.261 0.0000000000
46826  -49.512  -44.533  59.599 0.0000000000
52065  -44.823  -39.829  59.345 0.0000000000
53122  -44.206  -39.080  59.169 0.0000000000
61067  -56.498  -31.179  66.862 0.0000000000
59845  -58.993  -31.562  66.289 0.0000000000
59862  -58.690  -31.974  66.175 0.0000000000
131256  -59.341  -32.083  66.104 0.0000000000
61079  -59.348  -31.894  66.180 0.0000000000
64145  -58.703  -27.583  61.270 0.0000000000
65064  -58.976  -26.663  61.894 0.0000000000
63213  -58.630  -28.465  61.606 0.0000000000
62230  -58.930  -29.221  62.017 0.0000000000
62243  -59.458  -29.383  61.300 0.0000000000
61142  -60.772  -31.008  60.717 0.0000000000
61157  -61.637  -32.386  61.199 0.0000000000
58866  -61.353  -34.162  61.291 0.0000000000
58887  -61.756  -34.123  60.495 0.0000000000
58906  -61.450  -34.024  59.740 0.0000000000
59969  -62.755  -33.846  59.536 0.0000000000
57875  -62.581  -34.028  59.566 0.0000000000
149837  -62.967  -34.141  59.178 0.0000000000
58924  -62.855  -34.078  58.497 0.0000000000
57883  -63.262  -34.009  59.148 0.0000000000
133283  -64.231  -28.960  56.169 0.0000000000
44446  -28.804  -46.498  74.581 0.0000000000
44447  -29.277  -46.068  74.193 0.0000000000
44479  -30.346  -45.912  72.211 0.0000000000
44478  -29.506  -46.152  72.428 0.0000000000
132263  -29.848  -45.982  70.599 0.0000000000
42484  -35.402  -49.007  65.538 0.0000000000
42498  -34.844  -48.519  64.834 0.0000000000
43580  -36.461  -47.775  62.638 0.0000000000
43579  -35.650  -47.515  62.451 0.0000000000
43592  -34.460  -47.361  61.441 0.0000000000
42541  -36.014  -47.975  61.346 0.0000000000
41542  -35.864  -48.596  60.943 0.0000000000
135713  -36.716  -48.526  61.524 0.0000000000
40479  -38.953  -50.522  62.463 0.0000000000
40478  -38.293  -50.394  62.128 0.0000000000
47827  -45.062  -43.469  63.764 0.0000000000
47811  -43.707  -43.611  64.423 0.0000000000
46785  -45.164  -44.193  63.616 0.0000000000
44642  -46.122  -46.194  64.757 0.0000000000
133237  -45.686  -45.720  64.381 0.0000000000
44641  -45.325  -46.251  64.699 0.0000000000
44616  -44.857  -46.862  65.108 0.0000000000
44617  -45.754  -46.798  65.174 0.0000000000
55027  -44.713  -36.548  61.294 0.0000000000
55028  -45.076  -36.290  62.126 0.0000000000
154507  -46.532  -35.498  63.004 0.0000000000
55844  -47.316  -35.816  64.759 0.0000000000
129039  -47.958  -35.435  65.194 0.0000000000
55846  -49.123  -35.143  64.806 0.0000000000
55845  -48.255  -35.316  64.444 0.0000000000
56842  -49.031  -34.769  63.144 0.0000000000
56832  -50.940  -34.839  64.751 0.0000000000
56844  -50.667  -34.734  63.544 0.0000000000
138316  -51.004  -34.668  64.046 0.0000000000
56845  -51.542  -34.637  63.403 0.0000000000
56833  -51.875  -34.719  64.260 0.0000000000
50750  -50.295  -40.264  73.255 0.0000000000
50794  -50.422  -40.550  71.987 0.0000000000
50772  -50.505  -40.389  72.717 0.0000000000
51917  -52.587  -39.984  70.266 0.0000000000
137771  -53.020  -39.954  69.532 0.0000000000
134471  -53.330  -40.100  68.310 0.0000000000
51940  -52.888  -39.793  68.910 0.0000000000
131768  -49.857  -38.645  69.250 0.0000000000
132768  -50.467  -38.682  70.114 0.0000000000
51961  -50.270  -38.981  68.480 0.0000000000
51995  -50.660  -39.723  65.275 0.0000000000
51979  -50.909  -39.411  67.041 0.0000000000
51996  -52.206  -39.814  65.773 0.0000000000
129258  -51.265  -39.776  63.531 0.0000000000
50935  -49.318  -39.909  61.907 0.0000000000
50936  -50.129  -40.114  62.084 0.0000000000
49882  -48.904  -41.166  61.310 0.0000000000
50953  -48.009  -40.951  61.123 0.0000000000
50946  -47.784  -40.266  61.264 0.0000000000
52054  -47.201  -39.814  61.243 0.0000000000
53103  -46.113  -38.827  62.558 0.0000000000
52059  -45.634  -38.805  60.304 0.0000000000
66965  -59.733  -24.545  56.960 0.0000000000
66068  -59.750  -25.408  55.951 0.0000000000
66980  -60.081  -24.067  56.361 0.0000000000
147987  -61.037  -24.084  55.650 0.0000000000
67942  -61.415  -23.341  55.663 0.0000000000
66078  -62.431  -25.137  56.121 0.0000000000
66990  -62.253  -24.105  55.725 0.0000000000
43390  -32.811  -47.276  75.202 0.0000000000
43407  -32.924  -47.428  74.390 0.0000000000
154352  -33.285  -47.987  74.373 0.0000000000
41401  -34.161  -49.161  72.037 0.0000000000
42406  -33.615  -48.716  72.591 0.0000000000
41409  -34.202  -49.335  71.067 0.0000000000
42419  -33.571  -48.784  70.591 0.0000000000
41416  -34.235  -49.398  70.179 0.0000000000
40355  -36.604  -50.766  72.061 0.0000000000
40364  -36.108  -50.551  71.618 0.0000000000
40365  -36.794  -50.570  71.311 0.0000000000
40410  -36.952  -50.227  68.714 0.0000000000
40409  -36.559  -50.324  69.310 0.0000000000
41439  -35.803  -49.915  68.885 0.0000000000
41438  -34.995  -49.546  68.538 0.0000000000
41454  -35.727  -49.697  67.944 0.0000000000
41468  -35.361  -49.254  66.949 0.0000000000
134929  -36.354  -49.742  67.153 0.0000000000
151911  -37.667  -49.473  66.651 0.0000000000
41483  -37.213  -49.528  66.311 0.0000000000
42468  -37.689  -48.896  65.967 0.0000000000
42502  -38.171  -48.623  65.059 0.0000000000
152776  -38.797  -48.573  65.415 0.0000000000
128086  -44.647  -35.476  60.331 0.0000000000
56890  -45.611  -34.437  59.475 0.0000000000
56897  -45.318  -34.208  58.797 0.0000000000
57865  -48.008  -33.575  60.052 0.0000000000
58902  -47.421  -32.574  58.299 0.0000000000
61164  -50.811  -30.593  58.202 0.0000000000
131648  -52.233  -30.011  57.879 0.0000000000
61200  -52.513  -30.086  56.136 0.0000000000
61185  -53.884  -29.946  57.421 0.0000000000
61184  -53.300  -29.893  56.664 0.0000000000
128432  -54.277  -30.144  56.691 0.0000000000
146164  -54.623  -30.162  57.344 0.0000000000
43427  -43.655  -47.307  74.590 0.0000000000
44468  -43.253  -46.910  73.639 0.0000000000
150576  -43.810  -46.475  73.390 0.0000000000
46687  -44.230  -44.565  71.409 0.0000000000
45669  -43.753  -45.188  71.936 0.0000000000
46704  -43.739  -44.334  70.525 0.0000000000
148427  -43.314  -44.271  69.740 0.0000000000
46719  -43.900  -43.868  69.936 0.0000000000
49715  -45.687  -42.077  71.046 0.0000000000
148747  -45.276  -43.112  70.846 0.0000000000
48748  -45.463  -42.325  70.196 0.0000000000
49800  -45.916  -41.545  66.999 0.0000000000
48783  -45.264  -42.203  68.371 0.0000000000
48800  -45.376  -42.076  67.453 0.0000000000
48799  -44.719  -42.595  67.846 0.0000000000
140153  -44.908  -42.422  67.071 0.0000000000
48825  -44.735  -42.444  65.449 0.0000000000
48826  -45.494  -42.141  65.293 0.0000000000
47816  -48.376  -43.009  64.160 0.0000000000
47815  -47.433  -43.058  63.979 0.0000000000
46773  -48.530  -44.070  64.053 0.0000000000
46774  -49.518  -44.303  64.109 0.0000000000
49730  -51.124  -41.348  70.913 0.0000000000
49729  -50.329  -41.437  70.619 0.0000000000
49746  -51.159  -41.561  70.193 0.0000000000
49785  -52.698  -41.236  67.351 0.0000000000
49784  -51.611  -41.495  68.072 0.0000000000
49805  -51.136  -41.608  67.012 0.0000000000
49783  -50.186  -41.753  67.590 0.0000000000
150425  -52.023  -41.664  66.590 0.0000000000
49877  -53.292  -41.513  63.128 0.0000000000
49878  -54.240  -41.939  63.682 0.0000000000
47821  -55.049  -43.162  64.615 0.0000000000
48849  -55.001  -42.593  64.746 0.0000000000
48831  -52.669  -42.312  64.913 0.0000000000
47819  -52.756  -42.877  64.537 0.0000000000
129355  -51.456  -42.738  64.417 0.0000000000
46776  -52.905  -43.799  64.474 0.0000000000
44664  -54.033  -45.633  64.706 0.0000000000
45761  -53.638  -45.217  65.565 0.0000000000
45740  -53.667  -45.747  65.681 0.0000000000
143137  -52.194  -45.344  65.495 0.0000000000
44624  -53.519  -46.126  65.784 0.0000000000
48903  -46.956  -42.639  58.762 0.0000000000
44405  -32.519  -46.374  77.847 0.0000000000
40331  -36.349  -51.058  75.883 0.0000000000
42358  -41.927  -49.013  75.599 0.0000000000
42359  -42.494  -48.487  75.394 0.0000000000
150262  -42.947  -47.908  75.369 0.0000000000
143862  -44.943  -46.304  75.057 0.0000000000
45610  -44.873  -45.644  75.486 0.0000000000
47633  -44.324  -43.767  76.455 0.0000000000
149287  -45.512  -44.359  75.348 0.0000000000
47647  -45.875  -43.713  75.185 0.0000000000
47660  -46.114  -43.670  74.707 0.0000000000
48680  -46.243  -43.119  75.056 0.0000000000
49675  -46.070  -41.755  75.430 0.0000000000
49684  -47.300  -41.372  74.935 0.0000000000
50709  -47.661  -40.465  75.153 0.0000000000
51826  -48.204  -39.796  75.318 0.0000000000
51827  -48.640  -39.509  74.889 0.0000000000
51828  -48.747  -39.097  75.215 0.0000000000
52957  -49.020  -38.634  74.738 0.0000000000
54006  -49.381  -37.998  74.343 0.0000000000
54018  -50.068  -38.057  73.669 0.0000000000
57780  -48.367  -33.633  70.685 0.0000000000
56764  -47.921  -34.150  69.964 0.0000000000
57782  -50.216  -33.472  70.256 0.0000000000
57792  -49.622  -33.582  69.521 0.0000000000
142488  -52.894  -34.672  69.525 0.0000000000
57794  -52.056  -34.280  70.130 0.0000000000
56788  -51.241  -34.231  68.265 0.0000000000
56801  -52.163  -34.629  67.681 0.0000000000
56812  -51.774  -34.738  66.916 0.0000000000
147494  -53.157  -34.484  66.083 0.0000000000
56834  -52.704  -34.508  64.392 0.0000000000
56825  -53.849  -34.460  65.759 0.0000000000
59828  -54.077  -32.660  67.402 0.0000000000
57834  -54.599  -34.077  65.688 0.0000000000
57833  -53.665  -33.837  64.994 0.0000000000
148430  -53.572  -33.444  63.968 0.0000000000
59900  -53.906  -32.298  63.406 0.0000000000
59919  -54.010  -31.377  62.671 0.0000000000
59878  -55.843  -31.413  65.044 0.0000000000
61115  -56.277  -30.625  62.139 0.0000000000
61125  -54.808  -30.496  61.760 0.0000000000
61139  -54.941  -30.332  60.991 0.0000000000
129783  -55.274  -30.351  60.194 0.0000000000
61155  -55.644  -30.624  59.384 0.0000000000
61169  -55.985  -30.759  58.635 0.0000000000
128302  -56.364  -30.682  57.868 0.0000000000
62211  -59.593  -30.629  64.199 0.0000000000
62201  -59.277  -30.729  64.898 0.0000000000
61090  -59.368  -31.455  64.749 0.0000000000
59882  -59.500  -31.614  64.064 0.0000000000
61128  -60.925  -31.182  62.231 0.0000000000
61117  -61.121  -32.158  62.446 0.0000000000
58864  -59.775  -33.547  61.579 0.0000000000
129442  -59.010  -32.721  62.355 0.0000000000
59950  -58.176  -32.164  60.597 0.0000000000
59999  -58.188  -31.463  58.381 0.0000000000
61186  -56.752  -30.473  57.026 0.0000000000
61203  -56.980  -30.381  56.010 0.0000000000
61204  -57.776  -30.485  55.978 0.0000000000
61248  -58.222  -30.624  54.744 0.0000000000
60048  -58.756  -31.195  54.238 0.0000000000
60016  -60.679  -32.013  56.797 0.0000000000
58970  -60.096  -32.158  54.104 0.0000000000
58983  -59.006  -32.301  52.967 0.0000000000
64187  -58.683  -27.836  56.882 0.0000000000
138423  -59.623  -29.386  57.780 0.0000000000
62268  -59.836  -29.040  56.833 0.0000000000
60003  -63.379  -32.152  58.092 0.0000000000
131073  -63.888  -34.099  57.808 0.0000000000
57892  -64.141  -33.990  57.980 0.0000000000
60017  -65.022  -31.467  56.305 0.0000000000
149229  -64.377  -30.465  56.677 0.0000000000
57926  -64.604  -33.791  54.939 0.0000000000
43442  -28.581  -47.194  72.356 0.0000000000
142335  -28.482  -47.955  70.938 0.0000000000
42433  -28.157  -48.011  69.147 0.0000000000
42424  -28.155  -48.581  69.752 0.0000000000
42445  -27.378  -48.706  67.442 0.0000000000
43533  -28.000  -47.021  65.106 0.0000000000
149912  -27.539  -47.484  65.093 0.0000000000
43550  -27.591  -47.430  64.487 0.0000000000
43576  -27.200  -47.361  62.584 0.0000000000
43443  -32.665  -47.121  72.481 0.0000000000
132968  -31.994  -46.454  72.945 0.0000000000
43491  -31.964  -46.868  68.900 0.0000000000
43485  -32.009  -46.830  69.662 0.0000000000
44558  -31.062  -46.301  68.463 0.0000000000
44573  -31.177  -46.396  67.434 0.0000000000
43536  -33.423  -47.929  65.008 0.0000000000
43535  -32.805  -47.746  65.639 0.0000000000
43552  -32.736  -47.367  64.589 0.0000000000
44612  -31.397  -46.605  64.688 0.0000000000
151285  -30.635  -46.128  65.021 0.0000000000
44589  -30.515  -46.012  65.941 0.0000000000
45751  -29.966  -45.855  64.465 0.0000000000
45750  -29.338  -45.819  64.860 0.0000000000
44656  -29.967  -46.099  63.427 0.0000000000
40495  -34.898  -50.333  61.135 0.0000000000
40506  -34.223  -50.008  60.838 0.0000000000
44485  -41.695  -46.704  72.710 0.0000000000
44484  -40.743  -46.901  72.397 0.0000000000
44503  -41.261  -46.271  71.856 0.0000000000
44541  -40.248  -45.825  70.086 0.0000000000
44540  -39.616  -46.168  69.484 0.0000000000
45692  -39.778  -45.886  68.664 0.0000000000
46765  -42.150  -44.451  65.175 0.0000000000
46756  -42.205  -44.139  66.220 0.0000000000
46764  -41.685  -44.657  65.743 0.0000000000
44592  -40.405  -46.297  66.131 0.0000000000
45723  -40.547  -45.614  66.081 0.0000000000
45722  -40.111  -45.965  66.486 0.0000000000
44575  -39.269  -46.464  67.365 0.0000000000
42487  -39.442  -48.578  65.274 0.0000000000
146801  -40.548  -48.678  65.937 0.0000000000
154993  -46.668  -48.577  67.363 0.0000000000
42476  -46.250  -48.288  66.809 0.0000000000
42455  -45.887  -48.846  67.410 0.0000000000
41460  -44.500  -49.373  68.154 0.0000000000
42453  -43.977  -48.914  67.707 0.0000000000
42452  -43.364  -49.027  67.470 0.0000000000
42472  -42.717  -48.791  67.079 0.0000000000
41457  -42.855  -49.127  67.200 0.0000000000
40446  -42.748  -50.347  65.859 0.0000000000
41485  -42.352  -49.369  66.446 0.0000000000
40455  -42.186  -49.801  65.270 0.0000000000
41495  -41.560  -49.350  64.736 0.0000000000
40454  -41.829  -50.019  64.572 0.0000000000
55818  -47.401  -35.735  67.975 0.0000000000
56775  -48.160  -34.180  69.073 0.0000000000
54964  -48.228  -36.702  70.385 0.0000000000
134350  -48.517  -37.300  70.148 0.0000000000
54969  -48.061  -36.864  69.583 0.0000000000
152733  -47.366  -36.641  67.852 0.0000000000
128395  -53.550  -30.023  55.042 0.0000000000
61244  -54.271  -29.982  54.360 0.0000000000
128322  -54.924  -30.189  53.135 0.0000000000
136673  -55.803  -30.243  53.942 0.0000000000
61246  -56.433  -30.274  54.374 0.0000000000
40339  -39.018  -51.090  74.134 0.0000000000
153702  -38.993  -50.750  73.615 0.0000000000
40347  -39.383  -50.352  73.485 0.0000000000
41404  -39.386  -49.649  73.047 0.0000000000
42407  -39.458  -48.788  72.565 0.0000000000
55902  -43.700  -35.391  58.593 0.0000000000
56858  -50.799  -34.269  62.341 0.0000000000
58842  -51.030  -32.607  61.290 0.0000000000
151175  -52.188  -32.785  62.171 0.0000000000
59917  -52.707  -32.499  62.389 0.0000000000
50791  -46.995  -40.618  72.173 0.0000000000
49883  -49.714  -41.499  61.594 0.0000000000
47865  -49.508  -44.150  59.387 0.0000000000
47864  -49.186  -44.028  58.589 0.0000000000
46837  -48.654  -44.090  57.690 0.0000000000
137850  -44.064  -38.223  59.291 0.0000000000
63230  -58.891  -28.332  60.807 0.0000000000
63231  -59.252  -29.041  60.224 0.0000000000
129250  -61.483  -31.829  60.315 0.0000000000
59968  -62.269  -33.813  60.192 0.0000000000
61172  -61.100  -31.201  59.169 0.0000000000
61173  -61.796  -31.624  58.761 0.0000000000
45621  -29.729  -45.691  74.713 0.0000000000
44462  -30.424  -45.832  73.162 0.0000000000
44480  -31.260  -45.970  72.564 0.0000000000
42500  -36.610  -48.756  64.480 0.0000000000
42514  -36.088  -48.383  63.965 0.0000000000
146653  -36.837  -48.150  63.497 0.0000000000
43566  -37.261  -48.093  62.585 0.0000000000
43595  -36.781  -48.011  62.023 0.0000000000
41529  -37.616  -48.816  61.699 0.0000000000
42543  -38.322  -48.723  62.104 0.0000000000
41514  -38.915  -49.558  62.317 0.0000000000
40480  -39.603  -50.173  62.603 0.0000000000
45774  -46.444  -44.498  63.870 0.0000000000
151961  -45.762  -44.334  63.690 0.0000000000
130286  -47.195  -45.221  64.339 0.0000000000
44643  -46.930  -46.048  64.762 0.0000000000
44619  -47.439  -46.519  65.381 0.0000000000
55014  -45.332  -36.695  62.670 0.0000000000
147550  -48.579  -35.256  65.417 0.0000000000
51872  -50.839  -39.725  72.359 0.0000000000
52998  -51.430  -39.265  71.190 0.0000000000
53009  -51.695  -39.345  70.506 0.0000000000
147914  -48.942  -38.977  67.496 0.0000000000
51960  -49.951  -39.135  67.616 0.0000000000
51978  -49.539  -39.241  66.867 0.0000000000
51994  -49.587  -39.529  65.521 0.0000000000
52047  -48.418  -39.734  61.995 0.0000000000
53087  -45.720  -38.361  63.387 0.0000000000
53102  -45.525  -38.146  62.522 0.0000000000
54102  -45.492  -37.399  63.095 0.0000000000
153314  -33.905  -49.043  74.757 0.0000000000
133313  -33.709  -48.685  74.375 0.0000000000
41390  -34.188  -49.266  73.845 0.0000000000
41396  -34.699  -49.699  73.439 0.0000000000
41402  -34.762  -49.723  72.518 0.0000000000
41418  -37.414  -50.238  70.298 0.0000000000
131931  -37.165  -50.407  70.223 0.0000000000
41426  -37.306  -50.309  69.480 0.0000000000
41440  -37.186  -50.089  68.592 0.0000000000
149842  -37.041  -49.874  68.082 0.0000000000
41455  -37.122  -50.064  67.271 0.0000000000
41456  -37.269  -49.963  67.486 0.0000000000
42450  -37.737  -49.728  67.062 0.0000000000
139494  -38.181  -48.741  66.673 0.0000000000
55899  -45.101  -34.894  59.978 0.0000000000
56891  -46.342  -34.147  59.695 0.0000000000
147363  -48.017  -32.952  59.507 0.0000000000
58882  -48.369  -32.464  59.196 0.0000000000
61151  -51.963  -30.243  59.141 0.0000000000
155257  -52.145  -30.099  58.456 0.0000000000
61167  -53.641  -29.847  58.210 0.0000000000
129325  -54.202  -30.057  58.791 0.0000000000
137430  -44.631  -46.207  74.333 0.0000000000
44470  -44.374  -46.082  73.537 0.0000000000
45656  -44.690  -45.440  73.193 0.0000000000
46688  -44.712  -44.523  72.052 0.0000000000
47701  -44.819  -44.150  71.392 0.0000000000
49762  -46.562  -41.164  68.536 0.0000000000
49761  -45.848  -41.644  68.887 0.0000000000
49780  -46.668  -41.215  67.510 0.0000000000
49801  -46.560  -41.442  66.549 0.0000000000
49824  -46.634  -41.623  65.766 0.0000000000
137247  -46.168  -41.870  65.302 0.0000000000
49825  -47.362  -41.708  65.599 0.0000000000
48845  -48.394  -42.440  64.577 0.0000000000
48846  -49.277  -42.609  64.408 0.0000000000
49748  -53.051  -40.867  69.235 0.0000000000
49766  -52.584  -41.221  68.926 0.0000000000
47832  -52.601  -43.481  62.257 0.0000000000
48876  -54.494  -42.809  63.458 0.0000000000
47833  -53.742  -43.475  62.754 0.0000000000
47834  -54.662  -43.484  63.573 0.0000000000
46787  -54.843  -44.065  64.030 0.0000000000
46778  -54.413  -44.389  64.639 0.0000000000
142452  -54.458  -44.720  64.443 0.0000000000
45776  -53.321  -45.356  63.464 0.0000000000
49901  -46.086  -42.019  59.517 0.0000000000
148577  -42.609  -47.487  75.910 0.0000000000
44423  -42.118  -46.870  76.395 0.0000000000
48665  -44.607  -42.799  76.304 0.0000000000
48679  -45.688  -42.781  75.520 0.0000000000
49669  -45.204  -41.879  75.942 0.0000000000
57757  -49.061  -33.008  72.130 0.0000000000
57773  -49.232  -33.116  71.252 0.0000000000
139212  -50.308  -33.282  71.089 0.0000000000
56790  -53.550  -34.861  69.045 0.0000000000
56802  -53.334  -34.714  68.168 0.0000000000
56803  -53.809  -34.386  67.503 0.0000000000
149252  -53.999  -31.916  67.046 0.0000000000
58789  -55.133  -33.940  66.311 0.0000000000
58797  -55.115  -33.792  65.938 0.0000000000
58814  -54.256  -32.811  64.355 0.0000000000
59902  -55.209  -31.412  63.965 0.0000000000
61101  -57.115  -30.866  63.820 0.0000000000
147210  -56.213  -30.689  61.424 0.0000000000
61140  -55.769  -30.574  60.862 0.0000000000
61141  -56.698  -31.109  60.784 0.0000000000
59964  -57.220  -31.583  60.122 0.0000000000
63162  -58.197  -29.072  64.910 0.0000000000
62210  -59.034  -29.796  64.528 0.0000000000
58845  -61.047  -34.122  61.796 0.0000000000
58865  -60.619  -34.078  61.487 0.0000000000
58885  -59.759  -33.438  60.740 0.0000000000
59966  -58.744  -32.605  59.901 0.0000000000
61188  -58.218  -31.039  57.507 0.0000000000
61205  -58.362  -30.722  56.470 0.0000000000
60032  -60.571  -31.777  55.698 0.0000000000
58985  -60.516  -32.778  53.835 0.0000000000
64188  -59.563  -27.581  56.193 0.0000000000
62277  -61.016  -29.247  56.571 0.0000000000
62278  -61.944  -29.780  56.707 0.0000000000
61206  -62.753  -30.193  56.888 0.0000000000
61192  -63.877  -31.204  57.290 0.0000000000
58973  -65.878  -33.349  54.084 0.0000000000
58959  -65.419  -33.240  54.635 0.0000000000
41400  -28.381  -49.791  72.461 0.0000000000
144358  -28.512  -46.990  70.615 0.0000000000
150892  -28.570  -46.835  69.906 0.0000000000
43484  -28.386  -47.041  69.249 0.0000000000
43490  -28.207  -47.389  68.341 0.0000000000
42464  -27.635  -48.029  67.026 0.0000000000
43500  -28.104  -47.325  67.383 0.0000000000
144312  -28.182  -47.017  65.830 0.0000000000
145253  -28.484  -46.431  64.914 0.0000000000
42418  -32.886  -48.108  70.161 0.0000000000
140621  -32.674  -47.423  70.772 0.0000000000
43486  -32.541  -47.642  69.431 0.0000000000
43492  -32.557  -47.708  68.491 0.0000000000
150341  -33.389  -47.131  62.812 0.0000000000
44658  -32.309  -46.884  63.808 0.0000000000
129718  -31.827  -46.495  63.034 0.0000000000
151541  -30.200  -46.220  62.739 0.0000000000
42552  -30.679  -47.903  60.300 0.0000000000
41537  -31.009  -48.831  60.471 0.0000000000
40504  -32.309  -49.957  60.749 0.0000000000
39342  -33.233  -51.162  61.467 0.0000000000
45681  -42.385  -44.985  70.886 0.0000000000
45680  -41.494  -45.236  70.507 0.0000000000
46702  -42.119  -44.805  70.162 0.0000000000
45694  -41.380  -44.965  69.561 0.0000000000
45706  -40.881  -45.030  68.666 0.0000000000
44638  -42.484  -45.794  64.570 0.0000000000
45735  -42.023  -45.253  64.763 0.0000000000
140836  -41.658  -45.810  65.085 0.0000000000
44614  -41.117  -46.360  65.632 0.0000000000
43519  -39.849  -47.185  66.528 0.0000000000
43520  -40.632  -47.167  66.340 0.0000000000
43521  -41.279  -47.936  66.565 0.0000000000
42471  -41.321  -48.395  66.569 0.0000000000
41441  -43.709  -49.943  68.271 0.0000000000
41458  -43.371  -49.490  67.601 0.0000000000
54992  -46.352  -37.158  65.146 0.0000000000
54993  -46.813  -36.458  65.363 0.0000000000
56809  -48.823  -34.879  66.690 0.0000000000
56799  -49.641  -34.612  67.135 0.0000000000
142308  -49.834  -37.564  71.781 0.0000000000
131808  -49.461  -37.656  71.071 0.0000000000
53017  -49.443  -38.205  69.850 0.0000000000
53029  -49.196  -38.656  68.554 0.0000000000
54044  -48.646  -37.699  69.673 0.0000000000
53028  -48.906  -38.202  69.120 0.0000000000
53056  -48.484  -39.038  66.814 0.0000000000
51992  -47.759  -39.330  65.244 0.0000000000
53066  -46.471  -38.434  65.449 0.0000000000
53054  -46.603  -37.987  66.134 0.0000000000
54070  -46.362  -37.749  65.552 0.0000000000
61301  -55.028  -30.565  51.826 0.0000000000
39124  -36.311  -50.974  74.918 0.0000000000
40346  -35.769  -50.495  73.474 0.0000000000
39138  -36.311  -50.846  73.928 0.0000000000
39169  -36.936  -50.854  72.524 0.0000000000
128001  -37.663  -50.597  71.788 0.0000000000
40357  -38.061  -50.679  72.535 0.0000000000
40375  -37.414  -50.342  71.046 0.0000000000
41419  -37.799  -49.971  71.030 0.0000000000
42421  -37.745  -49.401  70.432 0.0000000000
57866  -48.869  -33.317  60.571 0.0000000000
137041  -50.044  -33.739  61.490 0.0000000000
58883  -49.080  -31.976  59.474 0.0000000000
59979  -49.548  -31.383  58.691 0.0000000000
59947  -51.379  -31.125  60.486 0.0000000000
59963  -51.367  -30.622  59.777 0.0000000000
132464  -53.240  -30.547  60.963 0.0000000000
47672  -45.744  -44.113  73.656 0.0000000000
48715  -45.590  -43.605  72.311 0.0000000000
48716  -45.927  -42.956  72.367 0.0000000000
49726  -46.041  -41.389  70.355 0.0000000000
49716  -46.425  -41.150  71.338 0.0000000000
49727  -46.660  -40.824  70.437 0.0000000000
49742  -46.498  -41.058  69.550 0.0000000000
128583  -47.436  -41.214  68.325 0.0000000000
49782  -49.064  -41.708  67.213 0.0000000000
52011  -53.014  -40.041  64.261 0.0000000000
50924  -53.621  -40.440  64.080 0.0000000000
50939  -52.948  -40.709  63.304 0.0000000000
48874  -52.300  -42.549  62.423 0.0000000000
48883  -51.637  -43.469  61.966 0.0000000000
47845  -51.723  -44.148  61.751 0.0000000000
46808  -51.017  -44.493  61.130 0.0000000000
45804  -50.333  -45.059  60.779 0.0000000000
45815  -49.387  -45.117  59.918 0.0000000000
45814  -48.653  -45.302  59.700 0.0000000000
50958  -44.506  -40.750  58.626 0.0000000000
50966  -44.059  -40.784  57.673 0.0000000000
61078  -57.910  -31.628  65.843 0.0000000000
59844  -58.226  -31.306  66.351 0.0000000000
154375  -59.041  -31.947  63.887 0.0000000000
63195  -58.454  -28.477  62.485 0.0000000000
131469  -59.186  -29.465  62.836 0.0000000000
61143  -61.372  -31.962  61.812 0.0000000000
58921  -60.534  -33.033  58.709 0.0000000000
58922  -61.028  -32.887  57.942 0.0000000000
57874  -62.137  -34.182  59.867 0.0000000000
58941  -62.413  -33.410  57.242 0.0000000000
58958  -63.084  -33.645  56.520 0.0000000000
64191  -62.719  -27.721  56.526 0.0000000000
63285  -63.429  -28.284  56.559 0.0000000000
143739  -63.850  -28.959  56.582 0.0000000000
62280  -64.360  -29.769  56.280 0.0000000000
152188  -65.234  -31.699  55.441 0.0000000000
140256  -28.520  -47.155  74.313 0.0000000000
151821  -28.601  -47.147  73.091 0.0000000000
44477  -28.937  -46.574  72.803 0.0000000000
44461  -29.501  -46.082  73.282 0.0000000000
44497  -28.937  -46.517  71.953 0.0000000000
44519  -28.966  -46.408  71.081 0.0000000000
44556  -29.442  -45.896  68.797 0.0000000000
42465  -34.116  -48.450  66.743 0.0000000000
42482  -34.046  -48.519  65.998 0.0000000000
42497  -34.082  -48.342  65.332 0.0000000000
138921  -33.548  -47.563  64.214 0.0000000000
43554  -35.327  -48.288  64.001 0.0000000000
43564  -34.910  -47.746  63.211 0.0000000000
153791  -33.662  -47.447  63.462 0.0000000000
43577  -33.829  -47.053  61.894 0.0000000000
42556  -34.506  -48.199  60.659 0.0000000000
40507  -35.350  -49.472  60.820 0.0000000000
133634  -37.149  -49.462  61.480 0.0000000000
40497  -36.610  -50.225  61.468 0.0000000000
47782  -43.419  -43.265  66.430 0.0000000000
47781  -42.842  -43.708  66.855 0.0000000000
47799  -43.397  -43.270  65.285 0.0000000000
46766  -42.922  -43.952  64.786 0.0000000000
46771  -43.437  -44.412  64.149 0.0000000000
45773  -45.567  -44.962  63.827 0.0000000000
45771  -43.904  -44.764  63.864 0.0000000000
45753  -43.287  -45.234  64.118 0.0000000000
44639  -43.451  -46.078  64.393 0.0000000000
138765  -43.881  -46.865  65.011 0.0000000000
43540  -44.349  -47.462  65.740 0.0000000000
54117  -44.205  -36.992  60.036 0.0000000000
55034  -43.968  -36.433  59.695 0.0000000000
55031  -44.420  -36.308  60.418 0.0000000000
55892  -44.729  -35.753  60.992 0.0000000000
55882  -46.057  -35.088  61.698 0.0000000000
55883  -47.053  -34.813  61.935 0.0000000000
56855  -47.922  -34.589  62.165 0.0000000000
154025  -46.920  -35.904  64.258 0.0000000000
128942  -47.628  -35.147  63.351 0.0000000000
56856  -48.873  -34.591  62.310 0.0000000000
56857  -49.888  -34.574  62.521 0.0000000000
56860  -52.101  -34.455  63.112 0.0000000000
50793  -49.354  -40.733  71.941 0.0000000000
50771  -50.031  -40.722  72.933 0.0000000000
49731  -51.783  -41.094  70.611 0.0000000000
50796  -51.536  -40.280  71.268 0.0000000000
50815  -51.986  -40.483  70.759 0.0000000000
50829  -52.436  -40.642  70.246 0.0000000000
50843  -53.293  -40.472  68.973 0.0000000000
134429  -53.456  -40.256  67.922 0.0000000000
51981  -53.570  -40.084  66.436 0.0000000000
53018  -51.074  -39.141  69.484 0.0000000000
51939  -51.702  -39.371  68.723 0.0000000000
51962  -52.257  -39.703  67.879 0.0000000000
51980  -52.373  -39.787  66.833 0.0000000000
51997  -53.359  -40.021  65.314 0.0000000000
52032  -52.030  -39.884  63.596 0.0000000000
50922  -51.392  -39.894  62.923 0.0000000000
50937  -50.883  -40.234  62.413 0.0000000000
52031  -50.563  -39.676  63.020 0.0000000000
50949  -50.333  -40.715  61.947 0.0000000000
48896  -47.854  -42.771  60.304 0.0000000000
49891  -46.454  -41.241  60.344 0.0000000000
52067  -46.093  -40.183  60.039 0.0000000000
52008  -47.486  -39.511  64.318 0.0000000000
52045  -46.696  -39.355  62.644 0.0000000000
53088  -46.286  -39.192  63.370 0.0000000000
128360  -46.543  -39.507  60.972 0.0000000000
52060  -46.143  -39.490  60.394 0.0000000000
53111  -45.164  -38.044  60.326 0.0000000000
64164  -58.612  -27.684  58.663 0.0000000000
65098  -58.728  -26.920  58.202 0.0000000000
65116  -58.745  -26.974  57.244 0.0000000000
66041  -59.727  -25.199  57.742 0.0000000000
65142  -59.049  -26.928  56.544 0.0000000000
64205  -59.535  -26.718  56.034 0.0000000000
65169  -59.906  -26.132  55.765 0.0000000000
65170  -60.718  -26.280  55.722 0.0000000000
67926  -60.574  -23.213  56.526 0.0000000000
66989  -60.290  -24.593  55.769 0.0000000000
65171  -61.801  -26.529  56.230 0.0000000000
65145  -62.795  -26.877  56.508 0.0000000000
148449  -63.594  -26.507  56.427 0.0000000000
65146  -64.070  -26.499  56.159 0.0000000000
66070  -64.144  -25.146  56.254 0.0000000000
66071  -64.243  -25.818  56.066 0.0000000000
44449  -32.326  -46.592  74.537 0.0000000000
43425  -32.624  -47.063  73.552 0.0000000000
42405  -33.317  -48.043  72.004 0.0000000000
42392  -33.624  -48.703  73.416 0.0000000000
42412  -33.177  -48.053  71.059 0.0000000000
42426  -33.581  -48.685  69.677 0.0000000000
42434  -34.247  -49.047  68.297 0.0000000000
40354  -35.921  -50.543  72.492 0.0000000000
40363  -35.410  -50.231  72.046 0.0000000000
40372  -35.535  -50.296  71.165 0.0000000000
133301  -36.430  -50.456  70.088 0.0000000000
40390  -35.663  -50.317  70.363 0.0000000000
41417  -34.874  -49.946  70.679 0.0000000000
136891  -34.973  -49.951  69.866 0.0000000000
153088  -34.661  -48.853  67.063 0.0000000000
42467  -35.155  -49.148  66.142 0.0000000000
42485  -36.239  -49.166  65.341 0.0000000000
41469  -36.936  -49.938  66.701 0.0000000000
41482  -36.664  -49.394  66.058 0.0000000000
44595  -49.939  -46.720  66.606 0.0000000000
55897  -43.872  -35.757  59.230 0.0000000000
55903  -44.185  -35.031  58.944 0.0000000000
56889  -44.882  -34.703  59.233 0.0000000000
56895  -43.818  -34.799  58.237 0.0000000000
56901  -44.177  -34.187  57.792 0.0000000000
56881  -47.466  -34.151  60.574 0.0000000000
56892  -47.105  -33.855  59.890 0.0000000000
57872  -46.691  -33.544  59.274 0.0000000000
57881  -46.365  -33.377  58.613 0.0000000000
128907  -53.198  -30.016  55.813 0.0000000000
61201  -54.796  -30.119  56.046 0.0000000000
42395  -42.617  -48.326  74.683 0.0000000000
143584  -41.964  -47.964  73.962 0.0000000000
43447  -42.245  -47.184  73.453 0.0000000000
44486  -42.583  -46.693  72.917 0.0000000000
44504  -42.421  -46.149  72.211 0.0000000000
44505  -43.399  -45.829  72.355 0.0000000000
45668  -42.844  -45.392  71.656 0.0000000000
46703  -42.921  -44.594  70.304 0.0000000000
152282  -43.116  -44.316  69.219 0.0000000000
47748  -43.515  -43.687  68.453 0.0000000000
47702  -45.217  -43.737  71.495 0.0000000000
47716  -44.889  -43.725  70.744 0.0000000000
48766  -45.191  -42.464  69.349 0.0000000000
47732  -44.650  -43.177  69.515 0.0000000000
47731  -44.468  -43.561  70.077 0.0000000000
47730  -44.143  -43.523  69.175 0.0000000000
47749  -44.081  -43.127  68.189 0.0000000000
47783  -44.052  -42.826  65.915 0.0000000000
48842  -45.067  -42.763  64.501 0.0000000000
47813  -45.715  -42.952  63.866 0.0000000000
47814  -46.509  -42.893  63.854 0.0000000000
46786  -46.767  -43.558  63.786 0.0000000000
46772  -47.503  -44.137  64.020 0.0000000000
45758  -49.067  -45.029  64.467 0.0000000000
45737  -49.672  -45.687  65.191 0.0000000000
49728  -49.148  -40.993  70.802 0.0000000000
145834  -49.273  -41.340  70.099 0.0000000000
49765  -51.419  -41.524  69.158 0.0000000000
146460  -50.464  -41.651  69.326 0.0000000000
49764  -49.529  -41.686  68.959 0.0000000000
128528  -49.298  -41.684  68.117 0.0000000000
50925  -54.387  -40.764  64.641 0.0000000000
49830  -54.289  -40.886  65.845 0.0000000000
136428  -53.805  -41.192  66.331 0.0000000000
137483  -55.076  -42.437  64.135 0.0000000000
49848  -54.068  -41.602  65.628 0.0000000000
49829  -52.592  -41.802  65.842 0.0000000000
49828  -50.873  -41.939  65.942 0.0000000000
49827  -49.630  -41.986  65.759 0.0000000000
48829  -49.990  -42.221  64.959 0.0000000000
47818  -50.691  -43.206  64.104 0.0000000000
134717  -50.075  -43.718  63.997 0.0000000000
154445  -53.379  -44.499  64.914 0.0000000000
144818  -52.231  -44.510  64.636 0.0000000000
144913  -50.290  -44.394  64.233 0.0000000000
45738  -50.840  -45.522  65.344 0.0000000000
44623  -51.906  -46.035  66.378 0.0000000000
49899  -44.990  -41.401  58.602 0.0000000000
55796  -47.601  -34.984  70.217 0.0000000000
57772  -47.807  -33.884  71.466 0.0000000000
43389  -28.424  -47.021  75.888 0.0000000000
44432  -28.752  -46.378  75.382 0.0000000000
45603  -29.066  -45.774  75.738 0.0000000000
45604  -29.539  -45.596  75.352 0.0000000000
45606  -31.214  -45.480  75.659 0.0000000000
45586  -31.359  -45.318  76.625 0.0000000000
43391  -33.383  -48.017  75.779 0.0000000000
42357  -33.880  -48.980  75.251 0.0000000000
133627  -34.394  -49.580  76.120 0.0000000000
141512  -34.802  -50.087  75.967 0.0000000000
40320  -35.186  -50.400  76.326 0.0000000000
40330  -35.668  -50.691  75.645 0.0000000000
39125  -37.013  -51.325  75.151 0.0000000000
39126  -37.807  -51.546  75.299 0.0000000000
39127  -38.618  -51.564  75.330 0.0000000000
40340  -39.720  -51.158  74.847 0.0000000000
40341  -40.594  -50.629  75.025 0.0000000000
40334  -41.426  -50.229  75.572 0.0000000000
41384  -41.709  -49.685  75.687 0.0000000000
42376  -41.853  -49.503  75.328 0.0000000000
42377  -42.527  -48.673  75.149 0.0000000000
43409  -43.239  -47.992  74.924 0.0000000000
44454  -44.159  -47.070  74.892 0.0000000000
43379  -43.079  -47.497  75.532 0.0000000000
43411  -44.134  -47.079  75.066 0.0000000000
44455  -44.587  -46.621  74.856 0.0000000000
45628  -45.039  -46.030  74.712 0.0000000000
45644  -45.266  -45.423  74.444 0.0000000000
46661  -45.452  -44.755  74.078 0.0000000000
46641  -45.523  -45.098  75.172 0.0000000000
46649  -45.629  -45.041  74.673 0.0000000000
47659  -45.821  -44.279  74.375 0.0000000000
47673  -46.147  -43.540  74.044 0.0000000000
48702  -46.459  -42.682  73.775 0.0000000000
49683  -46.837  -41.980  74.411 0.0000000000
49695  -47.305  -41.158  74.166 0.0000000000
50748  -47.800  -40.467  73.861 0.0000000000
50708  -47.345  -40.341  75.429 0.0000000000
50728  -48.343  -40.034  74.515 0.0000000000
50749  -48.650  -40.194  73.688 0.0000000000
51841  -50.134  -39.552  73.666 0.0000000000
52972  -50.448  -38.851  73.468 0.0000000000
54019  -50.510  -38.154  73.148 0.0000000000
54026  -50.119  -37.532  73.163 0.0000000000
54946  -48.876  -36.861  74.062 0.0000000000
54954  -49.390  -37.088  73.247 0.0000000000
142239  -49.698  -37.313  72.478 0.0000000000
54959  -48.816  -36.852  72.483 0.0000000000
55797  -47.871  -35.955  70.880 0.0000000000
57800  -48.850  -33.716  69.073 0.0000000000
56786  -48.839  -34.019  68.482 0.0000000000
56787  -49.901  -34.072  68.060 0.0000000000
57774  -51.593  -33.422  71.762 0.0000000000
129532  -51.231  -33.617  70.648 0.0000000000
151596  -52.321  -34.644  64.700 0.0000000000
131838  -52.529  -34.269  63.332 0.0000000000
136554  -54.118  -34.223  68.246 0.0000000000
57816  -54.361  -34.270  66.772 0.0000000000
57817  -54.883  -34.236  66.424 0.0000000000
57825  -54.621  -34.444  66.103 0.0000000000
57841  -53.078  -34.260  64.004 0.0000000000
59918  -53.330  -32.053  62.634 0.0000000000
129025  -52.930  -31.695  62.004 0.0000000000
59935  -53.371  -30.899  61.606 0.0000000000
61099  -55.379  -30.842  63.152 0.0000000000
61113  -54.735  -30.770  62.527 0.0000000000
129985  -54.067  -30.417  61.104 0.0000000000
129112  -55.061  -30.404  58.657 0.0000000000
61202  -55.627  -30.106  56.232 0.0000000000
59881  -59.408  -32.051  65.821 0.0000000000
135821  -58.783  -31.957  63.059 0.0000000000
62221  -60.006  -30.524  63.373 0.0000000000
58844  -60.438  -32.936  62.659 0.0000000000
59905  -60.134  -32.186  63.274 0.0000000000
59920  -59.661  -32.689  62.875 0.0000000000
151160  -57.287  -31.507  59.488 0.0000000000
61170  -56.899  -31.111  58.774 0.0000000000
128504  -56.216  -30.066  55.664 0.0000000000
61224  -57.608  -30.370  55.263 0.0000000000
61247  -57.347  -30.479  54.558 0.0000000000
61269  -57.090  -30.734  53.804 0.0000000000
60061  -57.701  -31.228  53.224 0.0000000000
60015  -59.778  -31.560  56.889 0.0000000000
60031  -59.831  -31.275  55.295 0.0000000000
60049  -59.595  -31.448  54.523 0.0000000000
60082  -58.220  -31.891  52.713 0.0000000000
63260  -58.998  -28.949  58.175 0.0000000000
62270  -61.262  -30.018  57.139 0.0000000000
60002  -62.591  -31.876  58.377 0.0000000000
59986  -63.111  -32.994  59.025 0.0000000000
57891  -63.545  -34.072  58.552 0.0000000000
60005  -64.481  -31.612  57.132 0.0000000000
143418  -64.725  -32.457  57.079 0.0000000000
57914  -64.923  -33.323  55.184 0.0000000000
57903  -64.675  -33.295  56.216 0.0000000000
57893  -64.571  -33.380  57.158 0.0000000000
57902  -64.194  -33.768  57.144 0.0000000000
57912  -63.581  -33.763  55.797 0.0000000000
138752  -28.549  -48.040  72.898 0.0000000000
42404  -28.603  -49.090  72.697 0.0000000000
138499  -28.572  -48.973  71.242 0.0000000000
42480  -26.519  -48.577  65.421 0.0000000000
43513  -27.489  -47.942  66.371 0.0000000000
141500  -27.078  -48.192  65.952 0.0000000000
146769  -31.178  -45.995  71.799 0.0000000000
44501  -32.212  -46.727  70.957 0.0000000000
44520  -31.750  -46.479  70.307 0.0000000000
133901  -30.942  -46.015  70.439 0.0000000000
138700  -30.425  -45.970  69.882 0.0000000000
44537  -30.375  -45.929  69.159 0.0000000000
45703  -29.753  -45.727  68.085 0.0000000000
43516  -32.675  -47.757  66.605 0.0000000000
43515  -31.986  -47.057  67.002 0.0000000000
44613  -32.008  -46.948  64.435 0.0000000000
44590  -31.245  -46.515  66.474 0.0000000000
44572  -30.442  -45.840  66.894 0.0000000000
45721  -29.556  -45.656  66.312 0.0000000000
45731  -29.238  -45.756  65.572 0.0000000000
44634  -28.764  -46.030  64.464 0.0000000000
44654  -28.698  -46.227  63.607 0.0000000000
148968  -28.560  -46.427  62.573 0.0000000000
44653  -27.769  -46.886  62.538 0.0000000000
149733  -33.775  -49.532  60.646 0.0000000000
42393  -41.058  -48.390  73.567 0.0000000000
43445  -40.308  -47.863  72.705 0.0000000000
152474  -39.752  -47.110  71.622 0.0000000000
44523  -40.807  -45.917  70.848 0.0000000000
151502  -39.365  -47.375  71.349 0.0000000000
146116  -39.005  -47.197  70.718 0.0000000000
43476  -38.427  -47.374  69.852 0.0000000000
46743  -42.236  -44.032  67.197 0.0000000000
46742  -41.579  -44.385  67.499 0.0000000000
46741  -40.842  -44.780  67.776 0.0000000000
45724  -41.141  -45.145  65.834 0.0000000000
45715  -40.327  -45.362  67.021 0.0000000000
45705  -40.130  -45.401  68.068 0.0000000000
45704  -39.411  -45.956  67.922 0.0000000000
149570  -38.925  -46.369  67.911 0.0000000000
44559  -38.556  -46.782  68.330 0.0000000000
43503  -38.492  -47.853  67.208 0.0000000000
43518  -38.729  -48.147  66.530 0.0000000000
141885  -39.417  -48.038  66.386 0.0000000000
42470  -39.076  -48.453  65.957 0.0000000000
42503  -39.549  -48.543  64.314 0.0000000000
128250  -40.130  -48.700  63.905 0.0000000000
44593  -47.923  -46.978  66.021 0.0000000000
43543  -47.054  -47.132  65.810 0.0000000000
43526  -47.503  -47.549  66.476 0.0000000000
43542  -46.200  -47.263  65.713 0.0000000000
43525  -45.769  -47.858  66.247 0.0000000000
43524  -44.820  -48.003  66.343 0.0000000000
43523  -43.816  -47.995  66.607 0.0000000000
42454  -44.885  -48.937  67.551 0.0000000000
42474  -44.339  -48.470  67.107 0.0000000000
130872  -42.008  -48.478  66.725 0.0000000000
41471  -41.754  -48.795  66.595 0.0000000000
42505  -41.121  -48.842  65.207 0.0000000000
42518  -40.248  -48.845  63.235 0.0000000000
41516  -40.217  -49.090  62.856 0.0000000000
40481  -40.227  -49.775  62.835 0.0000000000
39128  -39.449  -51.320  75.383 0.0000000000
39141  -38.955  -51.526  74.759 0.0000000000
39155  -36.919  -50.939  73.307 0.0000000000
39170  -37.397  -50.868  72.716 0.0000000000
39171  -37.907  -50.865  73.033 0.0000000000
40326  -40.839  -50.772  76.101 0.0000000000
40329  -35.062  -50.313  75.416 0.0000000000
40356  -37.190  -50.810  71.960 0.0000000000
40358  -38.526  -50.530  73.000 0.0000000000
40367  -37.856  -50.389  71.581 0.0000000000
40374  -36.887  -50.484  70.537 0.0000000000
40392  -37.094  -50.411  69.364 0.0000000000
40422  -36.478  -50.011  68.532 0.0000000000
40436  -42.821  -49.521  67.082 0.0000000000
40464  -40.597  -50.161  63.321 0.0000000000
40498  -37.487  -50.289  61.712 0.0000000000
41371  -34.790  -50.036  76.781 0.0000000000
41382  -34.531  -49.824  75.187 0.0000000000
41383  -41.408  -50.313  75.892 0.0000000000
41505  -40.560  -49.401  63.320 0.0000000000
41541  -35.148  -48.671  60.728 0.0000000000
42344  -42.414  -48.179  75.643 0.0000000000
42360  -43.129  -47.990  75.145 0.0000000000
42375  -33.265  -47.899  73.839 0.0000000000
42462  -26.666  -48.849  66.285 0.0000000000
42466  -34.706  -48.887  66.343 0.0000000000
42481  -27.065  -47.886  65.048 0.0000000000
42542  -37.522  -48.382  61.943 0.0000000000
42557  -35.342  -48.023  60.954 0.0000000000
43380  -43.584  -47.074  75.510 0.0000000000
43394  -43.581  -47.450  75.238 0.0000000000
43514  -28.043  -47.323  66.494 0.0000000000
43517  -33.376  -48.179  66.286 0.0000000000
43553  -34.129  -48.018  64.549 0.0000000000
43561  -27.537  -47.267  63.434 0.0000000000
43563  -34.071  -47.494  62.869 0.0000000000
43593  -35.374  -47.547  61.551 0.0000000000
43594  -36.159  -47.702  61.885 0.0000000000
44487  -43.870  -46.174  72.888 0.0000000000
44500  -31.495  -46.172  71.103 0.0000000000
44502  -39.667  -46.918  71.136 0.0000000000
44521  -39.035  -46.641  69.997 0.0000000000
44539  -38.743  -46.669  69.205 0.0000000000
44587  -28.471  -46.453  66.313 0.0000000000
44611  -28.832  -45.908  66.024 0.0000000000
44635  -28.834  -46.014  65.247 0.0000000000
44636  -30.738  -46.290  64.096 0.0000000000
44645  -54.061  -45.624  65.375 0.0000000000
44673  -30.446  -46.246  62.036 0.0000000000
45622  -30.385  -45.628  74.555 0.0000000000
45655  -44.147  -45.670  72.670 0.0000000000
45713  -29.642  -45.651  67.345 0.0000000000
45734  -41.539  -45.197  65.225 0.0000000000
45739  -53.075  -45.886  66.161 0.0000000000
45741  -54.257  -45.236  65.319 0.0000000000
45749  -29.269  -45.830  64.010 0.0000000000
45754  -44.072  -45.431  64.065 0.0000000000
45755  -44.967  -45.584  64.205 0.0000000000
45772  -44.621  -44.804  63.756 0.0000000000
45777  -54.222  -45.157  64.317 0.0000000000
46755  -41.630  -44.498  66.544 0.0000000000
46775  -51.057  -44.038  64.147 0.0000000000
46777  -54.277  -44.418  64.944 0.0000000000
46779  -55.025  -43.487  64.422 0.0000000000
46796  -53.955  -44.140  63.027 0.0000000000
46815  -49.857  -44.373  60.175 0.0000000000
47686  -45.649  -44.043  72.927 0.0000000000
47812  -44.420  -43.344  64.196 0.0000000000
47829  -55.172  -43.372  64.087 0.0000000000
48813  -44.724  -42.412  66.347 0.0000000000
48814  -45.349  -42.042  66.629 0.0000000000
48828  -47.753  -42.099  64.916 0.0000000000
48844  -47.087  -42.404  64.335 0.0000000000
48847  -50.372  -42.655  64.425 0.0000000000
48850  -55.203  -42.909  64.381 0.0000000000
49744  -48.849  -41.476  69.437 0.0000000000
49767  -53.260  -40.752  68.664 0.0000000000
49831  -54.596  -40.917  65.225 0.0000000000
49849  -54.768  -41.717  65.121 0.0000000000
49850  -55.058  -42.290  64.642 0.0000000000
50795  -50.924  -40.280  71.836 0.0000000000
50884  -54.291  -40.554  65.628 0.0000000000
50903  -54.166  -40.346  65.030 0.0000000000
50938  -51.842  -40.434  62.807 0.0000000000
51873  -51.283  -39.691  71.536 0.0000000000
51941  -53.302  -40.141  68.964 0.0000000000
51977  -48.037  -39.238  66.100 0.0000000000
57884  -63.847  -33.896  58.581 0.0000000000
58888  -62.274  -34.090  59.931 0.0000000000
58923  -61.969  -33.569  58.256 0.0000000000
60004  -64.033  -32.292  57.781 0.0000000000
60081  -57.406  -31.572  52.532 0.0000000000
61190  -61.984  -30.749  57.496 0.0000000000
61300  -54.177  -30.340  51.645 0.0000000000
62269  -60.471  -29.744  57.423 0.0000000000
63272  -58.981  -28.707  57.214 0.0000000000
63282  -60.256  -28.422  56.345 0.0000000000
63284  -62.576  -28.512  56.563 0.0000000000
63286  -64.042  -28.166  56.258 0.0000000000
64153  -58.712  -27.500  59.724 0.0000000000
64206  -60.221  -26.892  55.796 0.0000000000
64207  -61.027  -26.968  55.845 0.0000000000
65143  -59.429  -26.162  56.261 0.0000000000
65144  -62.826  -26.007  56.459 0.0000000000
66979  -59.771  -24.807  56.281 0.0000000000
66991  -63.392  -24.793  56.269 0.0000000000
67941  -60.650  -23.686  55.867 0.0000000000
129761  -46.652  -47.682  66.320 0.0000000000
129879  -38.437  -50.832  73.346 0.0000000000
130041  -42.204  -44.045  68.006 0.0000000000
130656  -45.224  -37.474  62.448 0.0000000000
130854  -30.233  -45.812  68.476 0.0000000000
133056  -39.753  -50.830  74.172 0.0000000000
134190  -28.183  -46.731  63.260 0.0000000000
134637  -45.186  -42.048  65.927 0.0000000000
135556  -64.683  -30.389  56.148 0.0000000000
136618  -34.170  -47.706  63.741 0.0000000000
137351  -28.998  -46.382  70.225 0.0000000000
137589  -55.585  -30.383  53.334 0.0000000000
138055  -35.209  -49.753  69.240 0.0000000000
139701  -63.873  -25.903  56.351 0.0000000000
139965  -33.909  -48.585  68.879 0.0000000000
140525  -61.504  -25.704  55.866 0.0000000000
141440  -54.755  -43.593  64.575 0.0000000000
144359  -32.049  -47.107  65.159 0.0000000000
145404  -34.521  -49.219  60.639 0.0000000000
145464  -33.728  -48.688  72.016 0.0000000000
145585  -47.801  -42.592  64.402 0.0000000000
146059  -40.045  -47.150  72.098 0.0000000000
146377  -65.155  -32.919  55.419 0.0000000000
148838  -49.890  -43.040  64.141 0.0000000000
149445  -35.367  -50.818  61.552 0.0000000000
150476  -64.402  -32.369  57.473 0.0000000000
150872  -52.777  -41.969  62.720 0.0000000000
151205  -59.098  -26.360  56.818 0.0000000000
151604  -63.968  -24.700  56.303 0.0000000000
151625  -29.913  -45.934  72.760 0.0000000000
151835  -28.480  -49.207  71.973 0.0000000000
152488  -58.322  -27.845  62.806 0.0000000000
153447  -63.213  -33.679  59.172 0.0000000000
153701  -36.832  -49.976  68.340 0.0000000000
153804  -58.563  -27.529  57.712 0.0000000000
153853  -51.860  -43.951  64.264 0.0000000000
155186  -52.059  -44.850  62.092 0.0000000000
