#!ascii label  , from subject sub-v1s7x0051323_ses-1 vox2ras=TkReg
1124
45555  -17.651  -44.994  77.970 0.0000000000
147252  -38.279  -38.330  66.483 0.0000000000
146127  -34.450  -32.319  65.637 0.0000000000
53023  -30.546  -37.404  68.886 0.0000000000
68917  -42.416  -22.088  54.169 0.0000000000
63263  -36.568  -28.110  57.172 0.0000000000
136562  -37.431  -36.459  73.817 0.0000000000
50836  -34.700  -39.989  68.128 0.0000000000
69931  -49.093  -21.384  57.763 0.0000000000
73777  -51.485  -17.148  55.687 0.0000000000
75542  -53.905  -15.453  52.800 0.0000000000
64987  -35.231  -26.236  66.508 0.0000000000
137142  -33.303  -29.319  61.264 0.0000000000
64097  -37.882  -26.090  63.135 0.0000000000
63226  -42.210  -26.438  61.084 0.0000000000
50834  -23.514  -38.816  67.866 0.0000000000
129509  -16.432  -45.019  83.682 0.0000000000
56794  -35.883  -35.085  67.305 0.0000000000
146697  -35.520  -29.605  69.701 0.0000000000
53060  -27.056  -37.525  64.551 0.0000000000
52002  -32.502  -39.040  63.836 0.0000000000
75589  -52.384  -15.459  46.889 0.0000000000
76443  -56.173  -13.941  50.544 0.0000000000
133809  -39.183  -25.787  56.240 0.0000000000
69910  -45.584  -21.580  59.985 0.0000000000
45633  -17.698  -44.282  73.411 0.0000000000
46559  -9.836  -44.090  84.324 0.0000000000
70894  -49.762  -19.108  56.391 0.0000000000
65025  -36.463  -25.910  64.081 0.0000000000
49789  -22.193  -41.780  66.666 0.0000000000
44349  -16.573  -45.776  80.315 0.0000000000
148669  -38.441  -36.976  64.755 0.0000000000
55824  -37.308  -36.595  66.647 0.0000000000
53048  -28.865  -37.013  66.948 0.0000000000
54075  -30.265  -36.857  64.272 0.0000000000
53049  -31.972  -37.282  67.045 0.0000000000
49776  -36.667  -40.518  67.142 0.0000000000
50879  -35.465  -41.107  65.684 0.0000000000
50881  -37.441  -40.311  64.904 0.0000000000
51907  -28.371  -38.929  69.997 0.0000000000
51952  -27.141  -38.475  68.090 0.0000000000
73828  -47.296  -17.564  50.726 0.0000000000
74738  -50.961  -16.566  48.019 0.0000000000
135209  -55.181  -14.714  51.782 0.0000000000
62248  -34.037  -28.355  58.799 0.0000000000
63275  -38.329  -27.803  56.384 0.0000000000
66928  -43.575  -23.995  61.358 0.0000000000
134599  -21.004  -42.201  70.542 0.0000000000
47675  -20.888  -43.078  72.479 0.0000000000
46653  -20.685  -43.457  73.659 0.0000000000
46664  -18.763  -44.241  72.141 0.0000000000
45493  -10.873  -45.115  81.903 0.0000000000
53005  -37.626  -37.527  70.149 0.0000000000
55800  -37.204  -35.828  69.375 0.0000000000
56733  -37.169  -34.810  73.428 0.0000000000
51890  -31.851  -38.508  71.023 0.0000000000
131583  -33.038  -38.344  68.940 0.0000000000
50806  -34.567  -39.226  70.541 0.0000000000
49712  -35.638  -39.520  70.450 0.0000000000
142012  -45.347  -21.587  56.108 0.0000000000
69988  -46.633  -19.806  55.344 0.0000000000
72855  -47.996  -17.828  54.261 0.0000000000
74690  -49.801  -16.109  52.795 0.0000000000
75552  -50.870  -15.343  51.264 0.0000000000
74672  -52.846  -16.309  54.279 0.0000000000
145867  -33.171  -29.582  65.508 0.0000000000
61094  -32.832  -30.857  63.921 0.0000000000
63168  -33.454  -27.647  63.462 0.0000000000
64127  -34.990  -26.469  61.647 0.0000000000
132763  -37.293  -26.990  60.163 0.0000000000
62249  -39.106  -27.037  58.912 0.0000000000
63186  -40.045  -27.311  61.665 0.0000000000
50819  -22.379  -39.564  68.717 0.0000000000
48756  -21.446  -41.964  69.122 0.0000000000
79376  -55.813  -11.850  45.718 0.0000000000
46542  -15.154  -43.737  84.844 0.0000000000
137000  -37.095  -36.097  64.309 0.0000000000
58796  -35.234  -33.098  66.230 0.0000000000
146267  -36.613  -33.977  69.419 0.0000000000
59818  -35.577  -32.000  68.263 0.0000000000
149263  -34.855  -30.937  67.054 0.0000000000
64041  -34.076  -27.575  68.845 0.0000000000
51987  -33.791  -39.525  65.779 0.0000000000
132245  -26.095  -38.877  69.372 0.0000000000
53044  -25.487  -38.328  66.100 0.0000000000
75568  -52.348  -14.698  50.346 0.0000000000
77455  -53.603  -13.499  49.248 0.0000000000
78416  -54.449  -12.625  47.070 0.0000000000
78404  -57.693  -12.793  49.442 0.0000000000
45573  -15.618  -45.335  76.373 0.0000000000
45536  -14.460  -45.371  78.379 0.0000000000
67934  -40.537  -22.778  56.109 0.0000000000
64170  -40.701  -25.933  58.999 0.0000000000
66948  -42.039  -23.308  58.756 0.0000000000
68863  -43.877  -22.074  57.619 0.0000000000
68838  -47.094  -21.307  58.792 0.0000000000
128313  -18.047  -44.714  76.177 0.0000000000
45504  -14.225  -45.198  81.542 0.0000000000
46573  -12.970  -44.463  83.683 0.0000000000
153409  -11.766  -43.051  85.304 0.0000000000
146660  -17.347  -45.526  79.102 0.0000000000
51975  -38.450  -38.525  65.748 0.0000000000
54068  -38.286  -37.354  65.712 0.0000000000
152229  -38.281  -37.581  66.634 0.0000000000
130731  -29.660  -37.590  68.684 0.0000000000
54050  -29.864  -36.916  67.236 0.0000000000
146971  -31.069  -37.098  68.341 0.0000000000
50864  -37.478  -39.429  66.783 0.0000000000
145272  -37.040  -40.305  65.786 0.0000000000
50882  -37.737  -39.756  65.766 0.0000000000
50900  -38.308  -39.990  64.656 0.0000000000
51908  -30.011  -38.194  70.243 0.0000000000
50780  -29.214  -39.353  71.532 0.0000000000
51932  -28.977  -38.388  69.668 0.0000000000
146497  -28.202  -37.959  68.424 0.0000000000
74737  -50.280  -16.352  48.800 0.0000000000
57829  -34.632  -33.916  64.970 0.0000000000
57828  -33.957  -33.478  64.482 0.0000000000
63248  -35.274  -27.975  58.448 0.0000000000
62264  -34.935  -29.306  56.970 0.0000000000
63264  -37.529  -27.785  57.192 0.0000000000
46694  -20.489  -42.896  70.674 0.0000000000
47690  -20.608  -42.678  71.595 0.0000000000
132204  -20.048  -43.342  70.992 0.0000000000
147489  -20.325  -43.562  72.494 0.0000000000
46691  -18.677  -44.520  70.673 0.0000000000
131205  -37.449  -37.206  72.053 0.0000000000
139093  -37.616  -36.155  71.860 0.0000000000
55771  -37.567  -35.773  73.394 0.0000000000
50783  -32.466  -38.748  72.263 0.0000000000
51891  -32.858  -38.561  70.892 0.0000000000
50784  -34.045  -38.761  71.849 0.0000000000
52933  -36.511  -37.129  74.260 0.0000000000
50786  -35.582  -38.985  72.103 0.0000000000
51853  -36.623  -38.097  72.275 0.0000000000
50808  -36.787  -39.083  69.768 0.0000000000
68882  -47.403  -21.576  56.843 0.0000000000
69976  -46.222  -20.638  55.575 0.0000000000
148465  -47.796  -20.884  56.460 0.0000000000
72835  -50.302  -18.405  55.950 0.0000000000
72845  -49.364  -18.260  55.119 0.0000000000
73786  -49.796  -17.684  54.661 0.0000000000
73810  -49.101  -16.643  53.358 0.0000000000
73799  -50.763  -16.585  54.184 0.0000000000
74680  -51.312  -16.110  53.645 0.0000000000
73789  -52.100  -16.552  55.019 0.0000000000
138199  -33.595  -27.715  66.128 0.0000000000
141418  -33.089  -28.646  64.910 0.0000000000
64078  -33.997  -26.861  64.544 0.0000000000
64079  -37.212  -25.788  63.668 0.0000000000
129894  -35.611  -25.864  63.078 0.0000000000
135796  -36.955  -26.039  62.382 0.0000000000
63200  -35.449  -26.598  60.913 0.0000000000
64129  -37.332  -26.245  61.708 0.0000000000
63203  -38.842  -26.989  61.162 0.0000000000
64115  -38.673  -26.484  62.415 0.0000000000
51904  -24.116  -38.090  69.174 0.0000000000
150901  -23.522  -38.246  69.495 0.0000000000
51926  -23.126  -38.700  68.529 0.0000000000
49769  -22.081  -41.546  67.667 0.0000000000
79372  -57.745  -11.045  47.823 0.0000000000
80273  -58.218  -10.457  47.315 0.0000000000
45459  -15.828  -44.455  84.399 0.0000000000
55832  -37.446  -36.438  65.683 0.0000000000
54996  -38.412  -36.810  64.317 0.0000000000
55840  -36.550  -35.992  65.514 0.0000000000
56817  -35.560  -35.212  65.503 0.0000000000
57813  -35.524  -34.483  66.636 0.0000000000
57768  -37.260  -34.239  71.300 0.0000000000
56770  -36.854  -34.629  69.530 0.0000000000
58754  -36.664  -32.585  70.764 0.0000000000
132004  -35.940  -29.944  70.089 0.0000000000
61019  -35.959  -31.118  69.614 0.0000000000
132418  -35.825  -30.321  69.374 0.0000000000
142834  -35.327  -31.109  68.042 0.0000000000
62164  -35.050  -29.713  68.193 0.0000000000
63129  -33.948  -29.243  68.097 0.0000000000
63121  -33.927  -28.129  69.446 0.0000000000
54076  -31.672  -37.518  64.282 0.0000000000
51934  -34.002  -39.717  68.264 0.0000000000
51953  -33.397  -38.477  67.466 0.0000000000
51973  -34.351  -39.688  66.697 0.0000000000
50897  -34.329  -40.961  64.340 0.0000000000
51886  -26.708  -39.920  70.360 0.0000000000
53047  -27.471  -37.505  66.631 0.0000000000
152908  -26.742  -37.952  67.472 0.0000000000
53045  -26.215  -37.947  65.945 0.0000000000
52001  -25.292  -39.019  64.162 0.0000000000
74706  -52.430  -15.693  52.286 0.0000000000
75567  -51.407  -14.980  50.538 0.0000000000
75569  -53.511  -14.804  51.335 0.0000000000
76433  -55.693  -14.317  50.912 0.0000000000
76432  -54.814  -14.355  50.682 0.0000000000
77449  -54.695  -13.467  49.312 0.0000000000
77456  -54.199  -13.078  48.577 0.0000000000
77457  -55.537  -13.121  49.212 0.0000000000
78409  -55.879  -12.507  48.675 0.0000000000
77450  -57.144  -13.399  49.658 0.0000000000
62225  -32.989  -29.555  61.985 0.0000000000
137267  -32.561  -31.348  62.049 0.0000000000
66995  -39.291  -24.089  54.639 0.0000000000
66975  -39.423  -24.035  56.090 0.0000000000
62251  -40.857  -27.141  59.648 0.0000000000
63253  -39.757  -27.056  58.314 0.0000000000
64158  -41.252  -26.217  59.722 0.0000000000
67871  -44.528  -23.046  61.421 0.0000000000
66938  -42.586  -23.992  60.137 0.0000000000
67887  -43.314  -22.611  59.269 0.0000000000
67885  -42.475  -22.645  58.122 0.0000000000
127967  -44.398  -21.726  58.130 0.0000000000
68864  -45.309  -21.619  57.828 0.0000000000
69918  -46.095  -21.188  59.425 0.0000000000
45635  -19.600  -44.167  74.192 0.0000000000
45616  -19.131  -44.400  74.732 0.0000000000
45598  -19.415  -44.465  75.731 0.0000000000
45596  -17.449  -44.734  75.052 0.0000000000
45595  -16.492  -45.123  75.126 0.0000000000
45613  -16.505  -45.071  74.154 0.0000000000
45521  -13.086  -45.533  79.331 0.0000000000
45512  -14.689  -45.369  80.099 0.0000000000
45511  -12.785  -45.295  80.177 0.0000000000
46577  -10.560  -44.943  82.675 0.0000000000
45483  -12.454  -44.539  82.871 0.0000000000
46560  -11.359  -43.997  84.098 0.0000000000
46548  -12.965  -43.785  85.077 0.0000000000
47573  -10.828  -43.607  84.376 0.0000000000
49680  -34.830  -39.138  73.878 0.0000000000
70858  -50.519  -20.137  58.371 0.0000000000
70880  -49.655  -20.320  57.132 0.0000000000
71854  -51.381  -18.934  58.513 0.0000000000
65010  -35.523  -26.043  65.475 0.0000000000
50874  -23.843  -39.776  65.935 0.0000000000
50846  -22.817  -39.855  67.404 0.0000000000
44342  -17.874  -45.823  81.581 0.0000000000
44330  -16.726  -45.572  82.164 0.0000000000
53074  -39.084  -38.395  64.142 0.0000000000
54990  -38.139  -36.942  65.396 0.0000000000
144433  -36.928  -36.298  66.883 0.0000000000
137616  -34.997  -27.904  70.857 0.0000000000
146729  -28.169  -37.220  66.505 0.0000000000
133675  -28.794  -36.952  64.520 0.0000000000
54056  -29.718  -36.713  66.171 0.0000000000
54065  -30.657  -36.741  65.297 0.0000000000
54059  -32.170  -37.277  65.372 0.0000000000
49796  -35.715  -40.533  67.233 0.0000000000
147820  -34.972  -40.516  66.326 0.0000000000
129441  -36.055  -41.236  66.014 0.0000000000
50880  -36.528  -40.855  65.224 0.0000000000
50899  -37.755  -40.452  63.678 0.0000000000
51887  -27.853  -39.571  70.316 0.0000000000
153282  -27.183  -39.108  69.531 0.0000000000
51906  -27.673  -39.057  69.696 0.0000000000
53034  -28.010  -37.571  67.551 0.0000000000
72869  -46.403  -18.129  51.511 0.0000000000
141743  -51.249  -15.796  47.870 0.0000000000
74684  -54.879  -15.493  53.328 0.0000000000
75556  -54.522  -15.006  51.919 0.0000000000
62236  -33.812  -28.795  59.920 0.0000000000
63290  -38.085  -28.433  55.567 0.0000000000
64180  -39.154  -26.958  56.270 0.0000000000
134020  -44.628  -24.683  62.516 0.0000000000
65078  -43.122  -24.736  61.341 0.0000000000
65999  -45.007  -24.004  62.627 0.0000000000
140141  -21.108  -41.844  70.815 0.0000000000
48722  -21.172  -41.771  71.317 0.0000000000
48700  -21.337  -42.523  73.391 0.0000000000
47662  -21.099  -43.204  73.238 0.0000000000
134174  -20.282  -43.766  73.171 0.0000000000
45648  -18.259  -44.241  72.739 0.0000000000
45647  -17.095  -44.424  72.404 0.0000000000
45660  -17.169  -45.207  71.642 0.0000000000
51957  -38.088  -38.248  67.820 0.0000000000
139637  -37.804  -37.063  67.639 0.0000000000
54042  -37.675  -36.803  69.506 0.0000000000
56754  -37.403  -35.105  71.943 0.0000000000
51909  -31.368  -38.084  70.454 0.0000000000
53024  -31.461  -37.500  68.938 0.0000000000
129357  -32.478  -38.455  70.322 0.0000000000
129849  -33.781  -39.021  69.157 0.0000000000
50835  -34.445  -39.805  69.011 0.0000000000
49709  -34.801  -39.523  71.771 0.0000000000
49735  -34.850  -39.631  70.154 0.0000000000
50837  -35.145  -40.097  68.240 0.0000000000
49757  -35.928  -40.173  68.483 0.0000000000
50839  -37.205  -39.418  68.422 0.0000000000
51868  -31.219  -38.491  71.757 0.0000000000
67949  -44.167  -21.978  55.587 0.0000000000
68934  -43.192  -21.768  53.653 0.0000000000
68920  -44.473  -21.459  55.245 0.0000000000
69986  -44.917  -20.285  54.370 0.0000000000
71901  -45.779  -18.731  53.662 0.0000000000
70901  -48.561  -19.652  55.921 0.0000000000
71903  -47.474  -18.413  54.690 0.0000000000
72853  -46.263  -18.111  53.346 0.0000000000
73808  -47.345  -17.088  52.526 0.0000000000
73819  -47.816  -16.667  52.018 0.0000000000
74718  -48.903  -16.249  50.567 0.0000000000
74719  -49.852  -15.780  50.747 0.0000000000
74704  -50.295  -15.611  51.968 0.0000000000
135911  -52.029  -15.942  52.687 0.0000000000
74693  -53.314  -15.740  53.142 0.0000000000
73790  -53.048  -16.511  55.038 0.0000000000
74683  -54.378  -15.713  53.785 0.0000000000
61073  -33.565  -30.866  65.363 0.0000000000
61095  -33.385  -31.378  64.847 0.0000000000
62195  -32.895  -29.790  64.955 0.0000000000
63155  -32.985  -28.570  64.109 0.0000000000
63183  -33.217  -28.594  62.322 0.0000000000
65038  -34.721  -26.261  64.025 0.0000000000
64111  -34.162  -26.914  62.903 0.0000000000
63199  -33.776  -27.901  61.596 0.0000000000
63218  -34.865  -27.358  60.322 0.0000000000
63236  -35.108  -27.688  59.418 0.0000000000
63237  -36.795  -27.128  59.217 0.0000000000
63250  -37.516  -27.731  58.053 0.0000000000
131802  -37.806  -27.291  59.495 0.0000000000
63221  -39.148  -27.227  60.612 0.0000000000
63224  -41.162  -27.174  60.875 0.0000000000
63188  -41.585  -26.741  61.827 0.0000000000
63209  -43.294  -26.114  62.255 0.0000000000
50818  -21.903  -40.169  69.262 0.0000000000
49753  -22.217  -40.588  67.936 0.0000000000
50832  -21.934  -40.413  68.665 0.0000000000
49734  -21.565  -41.221  69.319 0.0000000000
47707  -21.128  -42.396  69.743 0.0000000000
57830  -35.091  -34.411  65.316 0.0000000000
140777  -34.957  -32.677  65.987 0.0000000000
55806  -37.159  -36.038  68.380 0.0000000000
144665  -36.706  -35.724  68.072 0.0000000000
57806  -36.290  -34.873  68.336 0.0000000000
128677  -35.932  -32.539  69.031 0.0000000000
58786  -35.379  -33.753  67.335 0.0000000000
58774  -35.329  -32.446  67.297 0.0000000000
59830  -35.036  -31.842  66.831 0.0000000000
61061  -34.765  -31.394  66.726 0.0000000000
62185  -33.622  -29.814  66.349 0.0000000000
63133  -33.368  -28.686  66.778 0.0000000000
64986  -34.410  -26.838  67.223 0.0000000000
64031  -34.357  -27.450  69.768 0.0000000000
64959  -35.042  -26.611  68.484 0.0000000000
140351  -31.932  -37.392  68.040 0.0000000000
51971  -33.141  -38.266  66.657 0.0000000000
132334  -32.899  -38.716  64.549 0.0000000000
146030  -34.287  -40.179  65.831 0.0000000000
50877  -33.886  -40.136  64.859 0.0000000000
129884  -25.303  -38.658  69.732 0.0000000000
128995  -24.685  -38.312  68.257 0.0000000000
51929  -26.774  -38.682  68.895 0.0000000000
51950  -25.259  -38.172  67.799 0.0000000000
51949  -24.401  -38.295  67.372 0.0000000000
51984  -24.415  -39.510  65.415 0.0000000000
75576  -50.696  -15.466  49.513 0.0000000000
75577  -51.461  -15.039  49.390 0.0000000000
75584  -51.522  -15.008  48.325 0.0000000000
76431  -53.971  -14.323  50.897 0.0000000000
76439  -52.789  -13.939  49.463 0.0000000000
76447  -52.156  -14.650  47.606 0.0000000000
76456  -52.817  -14.057  47.278 0.0000000000
150790  -53.720  -13.769  46.285 0.0000000000
78424  -54.902  -12.843  45.586 0.0000000000
78417  -55.123  -12.422  47.010 0.0000000000
78418  -56.432  -11.754  47.840 0.0000000000
45554  -16.642  -45.134  77.373 0.0000000000
45537  -15.533  -45.302  78.091 0.0000000000
132982  -14.669  -45.472  77.545 0.0000000000
59886  -33.037  -32.397  63.081 0.0000000000
129060  -40.952  -22.214  54.783 0.0000000000
63252  -39.194  -27.533  57.955 0.0000000000
63277  -38.703  -26.390  57.091 0.0000000000
65129  -39.307  -25.650  57.368 0.0000000000
66034  -41.941  -24.448  60.043 0.0000000000
66052  -40.958  -24.738  58.809 0.0000000000
66050  -40.052  -24.352  57.703 0.0000000000
67899  -41.019  -22.992  57.476 0.0000000000
68880  -41.948  -22.489  56.427 0.0000000000
128817  -42.958  -22.127  56.062 0.0000000000
67921  -44.639  -22.188  56.702 0.0000000000
67888  -46.877  -21.757  57.732 0.0000000000
68852  -48.284  -21.858  57.851 0.0000000000
44398  -18.809  -44.820  78.012 0.0000000000
44414  -19.166  -44.658  77.464 0.0000000000
128862  -17.404  -45.036  77.323 0.0000000000
134402  -16.213  -45.158  75.779 0.0000000000
45594  -15.548  -45.668  75.420 0.0000000000
44348  -15.676  -45.554  79.817 0.0000000000
45505  -14.931  -45.290  81.093 0.0000000000
45486  -15.301  -45.240  82.782 0.0000000000
128958  -12.790  -45.028  81.791 0.0000000000
45484  -13.434  -44.837  82.761 0.0000000000
45470  -14.901  -44.664  83.945 0.0000000000
46549  -13.892  -44.025  85.086 0.0000000000
47565  -13.559  -43.455  85.340 0.0000000000
47562  -10.111  -43.431  84.430 0.0000000000
48567  -10.773  -42.746  84.920 0.0000000000
44380  -17.761  -45.252  78.608 0.0000000000
53051  -38.331  -37.844  66.200 0.0000000000
131578  -38.418  -37.952  67.021 0.0000000000
53036  -30.181  -37.207  68.109 0.0000000000
51956  -37.927  -38.675  67.140 0.0000000000
51974  -38.002  -38.910  66.193 0.0000000000
53012  -29.777  -37.920  69.331 0.0000000000
53022  -28.898  -37.894  68.965 0.0000000000
74730  -49.529  -16.667  49.240 0.0000000000
58802  -34.555  -33.003  65.315 0.0000000000
59865  -33.875  -32.359  64.855 0.0000000000
63262  -35.552  -28.382  57.530 0.0000000000
148399  -35.723  -28.829  56.796 0.0000000000
62265  -36.345  -28.898  56.306 0.0000000000
149558  -36.983  -28.255  56.505 0.0000000000
46693  -19.918  -43.461  69.969 0.0000000000
46692  -19.388  -44.010  70.549 0.0000000000
52984  -37.125  -37.143  72.707 0.0000000000
54944  -37.607  -36.057  73.134 0.0000000000
54943  -37.615  -35.997  73.577 0.0000000000
50762  -32.810  -38.907  72.804 0.0000000000
137613  -33.301  -38.657  72.200 0.0000000000
50763  -33.805  -38.926  72.449 0.0000000000
54002  -37.059  -36.884  74.193 0.0000000000
51836  -36.510  -37.489  73.173 0.0000000000
52968  -36.853  -37.164  73.141 0.0000000000
52983  -37.181  -37.757  72.099 0.0000000000
50738  -32.818  -39.077  73.599 0.0000000000
68883  -47.977  -21.502  57.183 0.0000000000
137797  -47.349  -21.314  56.398 0.0000000000
68884  -48.486  -21.027  56.995 0.0000000000
72847  -50.743  -17.721  55.433 0.0000000000
72846  -50.155  -18.207  55.147 0.0000000000
73787  -50.460  -17.405  54.790 0.0000000000
150110  -50.079  -17.033  54.357 0.0000000000
73788  -51.164  -16.897  54.919 0.0000000000
141300  -34.258  -26.823  66.324 0.0000000000
64063  -34.066  -26.857  65.470 0.0000000000
65009  -34.709  -26.304  65.754 0.0000000000
129854  -37.149  -25.746  63.030 0.0000000000
64114  -37.786  -26.241  62.474 0.0000000000
64130  -38.360  -26.526  61.744 0.0000000000
51927  -24.102  -38.159  68.546 0.0000000000
129332  -57.333  -10.755  46.972 0.0000000000
79373  -58.790  -10.928  47.933 0.0000000000
45487  -17.044  -45.203  83.403 0.0000000000
135078  -16.511  -44.758  84.077 0.0000000000
45471  -15.719  -44.767  84.062 0.0000000000
141494  -36.714  -36.168  66.068 0.0000000000
56805  -36.089  -35.599  66.406 0.0000000000
139422  -36.982  -33.274  70.889 0.0000000000
58747  -36.850  -32.557  71.588 0.0000000000
62157  -35.445  -30.416  68.499 0.0000000000
62156  -35.301  -29.617  68.999 0.0000000000
63125  -34.494  -28.951  68.809 0.0000000000
63122  -34.518  -28.794  69.718 0.0000000000
53071  -26.472  -38.068  63.880 0.0000000000
53072  -27.268  -37.721  63.340 0.0000000000
51955  -34.333  -39.759  67.638 0.0000000000
51954  -33.918  -39.314  67.524 0.0000000000
53046  -26.940  -37.642  65.735 0.0000000000
53033  -26.803  -37.738  66.724 0.0000000000
53059  -26.322  -37.980  64.965 0.0000000000
75541  -53.234  -15.610  52.499 0.0000000000
75554  -52.959  -15.358  51.851 0.0000000000
75555  -53.855  -15.406  52.099 0.0000000000
76442  -55.437  -13.869  50.115 0.0000000000
140345  -56.375  -13.596  49.868 0.0000000000
77458  -56.568  -13.004  49.207 0.0000000000
76435  -56.820  -13.803  50.392 0.0000000000
61122  -32.741  -30.541  61.864 0.0000000000
133100  -33.089  -30.062  61.203 0.0000000000
65156  -38.926  -26.349  55.256 0.0000000000
134756  -38.839  -26.856  54.852 0.0000000000
66074  -39.049  -25.551  55.313 0.0000000000
66986  -39.142  -24.667  55.207 0.0000000000
66063  -39.222  -24.899  56.273 0.0000000000
63239  -41.197  -27.062  60.143 0.0000000000
63255  -41.215  -26.762  59.842 0.0000000000
64148  -41.595  -26.374  60.252 0.0000000000
68829  -45.002  -22.239  60.743 0.0000000000
67876  -43.438  -22.765  60.230 0.0000000000
68828  -44.225  -22.335  60.608 0.0000000000
68848  -44.186  -22.054  59.329 0.0000000000
68835  -45.064  -21.928  59.739 0.0000000000
68836  -45.806  -21.587  59.155 0.0000000000
45634  -18.850  -44.224  73.696 0.0000000000
45615  -18.151  -44.409  74.394 0.0000000000
45614  -17.071  -44.322  74.036 0.0000000000
46570  -10.104  -44.700  83.448 0.0000000000
46571  -10.926  -44.402  83.230 0.0000000000
149300  -10.457  -44.129  83.814 0.0000000000
64989  -37.121  -25.929  66.574 0.0000000000
50859  -23.131  -40.279  66.482 0.0000000000
44350  -17.475  -45.862  80.835 0.0000000000
44343  -18.423  -45.938  81.020 0.0000000000
147838  -17.274  -45.757  81.650 0.0000000000
44341  -16.596  -45.759  81.233 0.0000000000
54982  -37.956  -37.005  66.110 0.0000000000
54981  -37.712  -36.634  65.852 0.0000000000
54055  -28.833  -36.988  65.775 0.0000000000
54051  -31.010  -37.056  67.362 0.0000000000
54057  -30.537  -36.806  66.457 0.0000000000
54058  -31.495  -37.069  66.112 0.0000000000
54066  -31.678  -36.902  64.963 0.0000000000
49775  -36.186  -40.442  67.711 0.0000000000
50861  -35.654  -40.922  66.502 0.0000000000
49797  -36.165  -40.839  66.842 0.0000000000
149389  -36.989  -40.706  64.189 0.0000000000
49820  -36.311  -41.217  64.136 0.0000000000
145323  -38.522  -40.148  63.616 0.0000000000
50803  -28.660  -39.313  70.764 0.0000000000
137818  -28.653  -39.896  71.409 0.0000000000
50802  -28.065  -39.983  71.021 0.0000000000
53035  -29.008  -37.266  68.112 0.0000000000
72870  -46.808  -17.650  51.274 0.0000000000
152719  -33.639  -29.305  59.030 0.0000000000
63274  -37.511  -28.172  56.404 0.0000000000
154564  -37.737  -28.345  55.982 0.0000000000
63291  -38.877  -27.706  55.834 0.0000000000
65060  -44.995  -24.447  62.899 0.0000000000
65998  -44.616  -24.514  62.466 0.0000000000
68822  -45.578  -22.728  62.202 0.0000000000
47691  -20.835  -42.261  71.373 0.0000000000
47676  -20.832  -42.613  72.166 0.0000000000
46677  -19.141  -44.164  71.465 0.0000000000
46665  -19.698  -44.037  72.501 0.0000000000
46651  -19.115  -44.153  72.921 0.0000000000
46663  -17.744  -44.460  71.813 0.0000000000
150054  -37.783  -38.455  68.436 0.0000000000
147692  -37.705  -37.371  69.017 0.0000000000
54038  -37.703  -36.720  70.523 0.0000000000
56744  -37.310  -35.189  72.806 0.0000000000
55782  -37.521  -35.719  72.384 0.0000000000
50805  -33.963  -38.520  70.663 0.0000000000
51911  -33.499  -38.683  70.093 0.0000000000
50820  -34.284  -39.258  69.865 0.0000000000
144372  -35.097  -38.702  73.989 0.0000000000
49699  -34.719  -39.517  72.550 0.0000000000
49710  -35.137  -39.502  71.104 0.0000000000
49722  -35.443  -39.836  69.998 0.0000000000
140510  -35.171  -40.055  69.623 0.0000000000
49736  -35.732  -40.098  69.269 0.0000000000
49774  -35.564  -40.220  67.980 0.0000000000
49723  -36.002  -39.801  69.706 0.0000000000
51912  -37.182  -38.775  69.443 0.0000000000
50824  -36.957  -39.236  69.084 0.0000000000
143429  -37.380  -38.892  68.779 0.0000000000
51935  -37.651  -38.866  68.050 0.0000000000
50782  -31.601  -38.860  72.347 0.0000000000
51889  -30.692  -38.336  71.062 0.0000000000
67950  -44.781  -21.629  55.759 0.0000000000
67951  -45.314  -21.369  55.708 0.0000000000
69987  -45.771  -20.014  54.969 0.0000000000
70908  -45.386  -19.479  54.026 0.0000000000
70909  -46.282  -19.280  54.531 0.0000000000
146205  -49.630  -19.843  56.715 0.0000000000
70893  -49.213  -19.841  56.318 0.0000000000
71883  -49.178  -19.180  56.074 0.0000000000
71904  -48.354  -18.194  55.111 0.0000000000
72854  -47.093  -17.955  53.819 0.0000000000
72863  -46.743  -17.515  53.020 0.0000000000
73796  -47.633  -17.404  53.444 0.0000000000
74689  -48.629  -16.191  52.482 0.0000000000
74702  -48.316  -16.298  51.370 0.0000000000
74703  -49.181  -15.756  51.743 0.0000000000
146101  -50.707  -15.841  52.705 0.0000000000
128782  -52.015  -16.091  53.289 0.0000000000
74691  -51.347  -15.937  53.003 0.0000000000
74692  -52.670  -15.871  52.883 0.0000000000
137238  -53.338  -16.054  53.712 0.0000000000
74674  -54.380  -16.079  54.595 0.0000000000
138904  -33.651  -30.448  65.761 0.0000000000
63156  -33.430  -27.651  64.272 0.0000000000
63167  -33.024  -28.496  63.229 0.0000000000
65011  -36.362  -25.601  65.025 0.0000000000
65024  -35.561  -25.869  64.485 0.0000000000
64112  -35.124  -26.256  62.465 0.0000000000
64095  -34.811  -26.259  63.250 0.0000000000
64126  -34.254  -26.915  62.020 0.0000000000
63217  -34.134  -27.909  60.605 0.0000000000
136084  -34.471  -27.049  61.152 0.0000000000
63201  -36.681  -26.316  60.828 0.0000000000
63219  -36.072  -27.181  60.031 0.0000000000
144873  -35.943  -27.259  59.001 0.0000000000
134510  -37.445  -27.443  58.724 0.0000000000
63204  -39.611  -27.333  61.292 0.0000000000
63223  -40.593  -27.352  60.796 0.0000000000
145519  -40.702  -27.280  61.288 0.0000000000
63171  -42.718  -26.428  62.820 0.0000000000
63172  -43.231  -26.345  63.108 0.0000000000
63189  -42.345  -26.489  62.114 0.0000000000
64132  -44.313  -25.336  62.454 0.0000000000
51903  -22.801  -38.866  68.986 0.0000000000
51902  -22.302  -39.372  69.495 0.0000000000
49770  -22.556  -40.897  67.090 0.0000000000
48773  -21.715  -42.157  68.225 0.0000000000
49752  -21.809  -41.346  68.533 0.0000000000
48739  -21.327  -41.893  70.007 0.0000000000
47557  -14.983  -43.247  85.059 0.0000000000
57820  -35.359  -34.065  65.890 0.0000000000
57819  -35.053  -33.457  65.677 0.0000000000
54966  -37.391  -36.341  68.898 0.0000000000
54971  -37.450  -36.536  67.904 0.0000000000
56781  -36.678  -35.118  68.721 0.0000000000
59804  -35.736  -31.697  69.179 0.0000000000
58775  -35.535  -33.053  68.189 0.0000000000
61049  -35.138  -31.389  67.274 0.0000000000
62186  -34.324  -30.781  66.514 0.0000000000
62172  -34.474  -30.332  67.068 0.0000000000
63124  -33.755  -28.344  68.512 0.0000000000
63128  -33.551  -28.590  67.669 0.0000000000
63127  -33.475  -28.104  67.220 0.0000000000
142502  -33.745  -27.703  67.843 0.0000000000
64927  -35.282  -26.841  70.821 0.0000000000
64019  -34.757  -27.184  70.485 0.0000000000
64960  -35.941  -26.545  68.311 0.0000000000
54074  -29.579  -36.900  63.845 0.0000000000
54073  -28.723  -37.208  63.478 0.0000000000
54086  -30.227  -37.203  63.576 0.0000000000
53025  -32.286  -37.901  68.738 0.0000000000
145157  -32.859  -38.069  68.164 0.0000000000
51972  -33.712  -38.938  66.627 0.0000000000
51986  -33.162  -38.666  65.685 0.0000000000
149631  -33.460  -39.260  64.902 0.0000000000
50878  -34.674  -40.728  65.318 0.0000000000
129970  -25.113  -38.581  68.962 0.0000000000
51928  -25.785  -38.471  68.557 0.0000000000
51930  -27.448  -38.633  68.903 0.0000000000
53032  -26.118  -37.830  66.825 0.0000000000
51951  -26.275  -38.221  67.805 0.0000000000
53031  -25.192  -37.720  67.013 0.0000000000
51970  -24.562  -38.775  66.346 0.0000000000
51985  -25.040  -39.079  65.307 0.0000000000
75566  -50.515  -15.412  50.334 0.0000000000
75578  -52.128  -14.571  49.447 0.0000000000
128591  -55.105  -14.944  52.233 0.0000000000
75570  -54.602  -14.651  51.371 0.0000000000
76440  -53.818  -14.188  50.085 0.0000000000
76448  -52.123  -14.319  48.680 0.0000000000
76449  -52.691  -13.810  48.429 0.0000000000
77463  -53.395  -13.424  48.006 0.0000000000
77464  -53.912  -12.902  47.548 0.0000000000
77467  -53.903  -13.074  46.563 0.0000000000
77469  -54.293  -13.481  45.792 0.0000000000
78420  -54.500  -12.705  46.228 0.0000000000
77459  -57.231  -12.866  49.106 0.0000000000
78410  -56.789  -12.435  48.511 0.0000000000
78411  -57.608  -12.373  48.731 0.0000000000
78419  -57.282  -11.867  48.108 0.0000000000
45553  -15.500  -45.265  77.290 0.0000000000
59887  -33.102  -31.922  63.999 0.0000000000
135863  -32.793  -31.508  62.994 0.0000000000
67947  -39.552  -23.160  54.954 0.0000000000
67948  -40.086  -22.980  54.380 0.0000000000
68915  -40.541  -22.520  54.386 0.0000000000
152662  -40.694  -22.431  55.419 0.0000000000
63238  -38.167  -27.462  58.808 0.0000000000
63251  -38.383  -27.678  58.014 0.0000000000
64169  -40.186  -26.432  58.556 0.0000000000
63267  -39.578  -26.732  57.799 0.0000000000
64168  -39.618  -26.495  57.871 0.0000000000
64181  -39.123  -25.908  57.289 0.0000000000
64182  -39.761  -25.927  58.150 0.0000000000
66007  -43.775  -24.417  61.725 0.0000000000
66019  -42.619  -24.675  60.626 0.0000000000
66020  -43.097  -24.284  61.084 0.0000000000
147727  -42.471  -23.568  59.341 0.0000000000
66949  -41.991  -23.999  59.376 0.0000000000
66963  -41.304  -24.000  58.671 0.0000000000
66051  -40.443  -24.597  58.263 0.0000000000
66962  -40.766  -23.740  58.002 0.0000000000
66961  -40.370  -23.651  57.384 0.0000000000
132191  -41.585  -23.016  58.016 0.0000000000
68862  -43.171  -22.383  57.244 0.0000000000
67900  -42.321  -22.565  57.389 0.0000000000
68881  -42.623  -22.395  56.626 0.0000000000
68899  -42.329  -22.268  55.886 0.0000000000
67919  -43.476  -22.382  56.438 0.0000000000
67936  -44.041  -22.382  56.114 0.0000000000
67920  -44.045  -22.515  56.795 0.0000000000
140853  -46.202  -21.591  58.114 0.0000000000
67903  -46.111  -21.794  57.475 0.0000000000
68850  -46.912  -21.652  58.332 0.0000000000
68865  -47.611  -21.919  57.892 0.0000000000
68851  -47.744  -21.837  58.345 0.0000000000
45576  -18.892  -44.599  76.501 0.0000000000
150482  -18.472  -44.746  77.168 0.0000000000
45575  -17.687  -44.932  76.837 0.0000000000
45574  -16.761  -45.039  76.604 0.0000000000
128815  -17.080  -44.816  75.943 0.0000000000
45612  -15.841  -45.711  74.672 0.0000000000
153085  -15.978  -45.360  75.230 0.0000000000
45524  -15.625  -45.362  78.956 0.0000000000
45523  -14.883  -45.372  79.306 0.0000000000
133666  -13.926  -45.243  80.652 0.0000000000
127854  -15.097  -45.303  81.966 0.0000000000
45494  -14.391  -45.126  82.387 0.0000000000
45501  -11.352  -45.577  81.168 0.0000000000
45502  -12.201  -45.223  80.966 0.0000000000
128425  -11.718  -45.002  81.659 0.0000000000
45485  -14.590  -45.009  83.258 0.0000000000
45469  -13.979  -44.589  83.809 0.0000000000
46563  -14.351  -44.303  84.483 0.0000000000
46562  -13.444  -44.224  84.513 0.0000000000
47574  -11.846  -43.445  84.924 0.0000000000
47564  -12.525  -43.127  85.352 0.0000000000
48569  -13.423  -42.664  85.252 0.0000000000
135070  -9.541  -43.306  84.695 0.0000000000
48566  -10.136  -43.111  84.576 0.0000000000
130999  -17.397  -45.790  79.798 0.0000000000
53063  -38.658  -38.053  65.269 0.0000000000
54060  -38.120  -37.276  66.430 0.0000000000
54975  -37.686  -36.914  66.996 0.0000000000
50849  -37.120  -40.075  67.367 0.0000000000
50862  -36.556  -40.780  66.322 0.0000000000
50863  -37.085  -40.170  66.569 0.0000000000
51988  -38.490  -39.321  65.243 0.0000000000
51867  -30.091  -38.678  71.720 0.0000000000
51888  -29.603  -38.755  70.910 0.0000000000
145265  -29.058  -38.717  70.305 0.0000000000
51931  -28.110  -38.456  69.130 0.0000000000
74701  -47.573  -16.759  50.928 0.0000000000
56828  -34.855  -34.846  64.447 0.0000000000
62258  -34.519  -28.884  57.831 0.0000000000
47706  -20.779  -42.489  70.660 0.0000000000
46679  -20.373  -43.118  71.853 0.0000000000
153975  -20.641  -43.289  72.491 0.0000000000
46678  -19.876  -43.680  71.717 0.0000000000
46676  -18.319  -44.546  71.266 0.0000000000
51893  -37.318  -38.159  70.496 0.0000000000
154239  -37.693  -36.552  71.325 0.0000000000
54032  -37.570  -36.630  72.033 0.0000000000
55772  -37.582  -35.815  73.021 0.0000000000
132687  -37.320  -35.219  73.712 0.0000000000
51869  -32.216  -38.618  71.646 0.0000000000
50804  -33.324  -38.506  71.567 0.0000000000
155105  -34.089  -38.526  71.233 0.0000000000
50742  -35.566  -38.884  73.155 0.0000000000
50743  -35.890  -38.628  72.847 0.0000000000
50766  -35.973  -38.443  72.130 0.0000000000
50787  -35.934  -39.044  71.208 0.0000000000
50807  -36.271  -39.336  70.132 0.0000000000
50788  -36.636  -38.871  70.610 0.0000000000
51892  -37.064  -38.625  70.193 0.0000000000
50761  -31.732  -39.227  72.887 0.0000000000
68903  -46.741  -21.574  56.387 0.0000000000
68902  -46.015  -21.420  56.047 0.0000000000
68922  -46.706  -21.210  55.948 0.0000000000
68923  -47.402  -20.917  56.122 0.0000000000
69977  -47.133  -20.538  55.739 0.0000000000
71884  -50.527  -18.737  56.631 0.0000000000
71895  -49.585  -18.652  55.771 0.0000000000
72856  -48.896  -17.676  54.580 0.0000000000
73797  -48.538  -17.236  53.829 0.0000000000
73798  -49.405  -17.089  54.156 0.0000000000
73811  -49.997  -16.640  53.696 0.0000000000
74679  -50.657  -16.155  53.364 0.0000000000
73800  -51.832  -16.256  54.179 0.0000000000
130652  -33.225  -28.723  65.747 0.0000000000
63144  -33.472  -27.693  65.133 0.0000000000
65039  -35.625  -25.997  63.680 0.0000000000
64096  -36.410  -25.825  63.420 0.0000000000
64113  -36.229  -25.839  62.697 0.0000000000
64128  -36.105  -26.181  61.805 0.0000000000
63202  -37.846  -26.619  60.990 0.0000000000
63185  -39.309  -26.958  61.723 0.0000000000
47722  -21.328  -42.547  68.710 0.0000000000
79371  -56.789  -11.298  47.359 0.0000000000
79377  -56.501  -11.253  46.333 0.0000000000
153533  -57.786  -10.429  46.545 0.0000000000
80279  -57.827  -10.418  45.693 0.0000000000
150070  -15.322  -44.122  84.617 0.0000000000
54989  -38.012  -36.718  65.206 0.0000000000
55841  -37.686  -36.462  64.907 0.0000000000
57821  -35.590  -34.998  66.113 0.0000000000
57812  -35.382  -33.876  66.245 0.0000000000
56761  -37.216  -34.435  70.380 0.0000000000
56771  -37.153  -35.177  69.922 0.0000000000
150486  -37.186  -33.885  70.633 0.0000000000
57788  -37.107  -33.700  70.080 0.0000000000
58760  -36.937  -33.008  70.169 0.0000000000
128071  -36.174  -31.415  70.367 0.0000000000
61018  -36.054  -30.640  70.077 0.0000000000
61034  -35.488  -31.008  68.897 0.0000000000
59803  -35.451  -31.475  68.390 0.0000000000
61048  -35.073  -30.591  67.673 0.0000000000
146203  -34.628  -29.885  67.629 0.0000000000
64928  -35.835  -26.454  70.506 0.0000000000
136211  -30.966  -37.039  64.281 0.0000000000
51933  -33.469  -38.948  68.266 0.0000000000
50898  -35.137  -41.199  64.737 0.0000000000
130707  -26.129  -39.377  70.139 0.0000000000
140187  -27.261  -37.863  67.570 0.0000000000
53058  -25.701  -38.552  65.185 0.0000000000
53070  -25.871  -38.405  64.297 0.0000000000
75553  -51.947  -15.354  51.595 0.0000000000
150868  -52.451  -14.937  51.211 0.0000000000
75571  -55.270  -14.557  51.297 0.0000000000
76441  -54.502  -13.951  49.939 0.0000000000
154762  -54.815  -13.035  48.845 0.0000000000
78408  -54.862  -12.497  48.212 0.0000000000
44413  -14.852  -46.143  75.765 0.0000000000
44396  -14.567  -45.908  76.734 0.0000000000
61108  -32.705  -30.389  62.768 0.0000000000
66073  -39.018  -25.355  54.613 0.0000000000
67933  -39.717  -23.199  55.666 0.0000000000
149990  -39.936  -27.289  59.443 0.0000000000
62259  -39.985  -27.296  58.786 0.0000000000
62260  -40.492  -27.138  58.991 0.0000000000
64157  -40.720  -26.619  59.165 0.0000000000
67870  -43.795  -23.262  61.109 0.0000000000
66927  -43.177  -23.653  60.613 0.0000000000
67875  -42.924  -23.308  59.707 0.0000000000
67886  -42.737  -22.886  58.892 0.0000000000
68847  -43.433  -22.201  58.308 0.0000000000
67901  -44.616  -22.137  57.214 0.0000000000
68849  -45.416  -21.713  58.761 0.0000000000
150795  -46.214  -21.510  58.610 0.0000000000
68837  -46.449  -21.308  58.849 0.0000000000
46643  -20.203  -43.838  74.161 0.0000000000
45617  -19.886  -44.234  74.986 0.0000000000
45597  -18.556  -44.557  75.433 0.0000000000
45522  -13.969  -45.397  79.198 0.0000000000
152829  -13.658  -45.304  79.863 0.0000000000
45503  -13.251  -45.140  81.168 0.0000000000
46578  -11.479  -44.624  82.471 0.0000000000
46572  -11.938  -44.291  83.412 0.0000000000
46561  -12.425  -44.083  84.421 0.0000000000
154994  -34.335  -39.543  74.225 0.0000000000
151463  -36.172  -36.921  75.282 0.0000000000
69943  -49.826  -20.738  57.681 0.0000000000
69942  -49.119  -20.929  57.238 0.0000000000
70867  -50.261  -20.047  57.610 0.0000000000
152469  -49.991  -19.774  57.149 0.0000000000
70881  -50.468  -19.415  57.431 0.0000000000
72836  -51.082  -17.924  56.373 0.0000000000
72837  -51.782  -17.263  56.417 0.0000000000
128348  -52.302  -16.724  55.841 0.0000000000
132025  -36.346  -26.267  66.014 0.0000000000
65026  -37.234  -25.701  64.516 0.0000000000
64098  -38.536  -26.227  63.148 0.0000000000
50860  -23.644  -39.232  66.930 0.0000000000
44321  -17.364  -45.429  82.945 0.0000000000
45496  -16.340  -45.260  82.993 0.0000000000
54077  -38.691  -37.480  64.707 0.0000000000
55823  -37.166  -36.440  66.239 0.0000000000
56806  -36.630  -35.969  66.716 0.0000000000
63113  -34.261  -28.006  70.206 0.0000000000
53061  -27.844  -37.200  65.429 0.0000000000
54072  -27.951  -37.356  64.064 0.0000000000
54064  -29.655  -36.860  64.978 0.0000000000
54067  -32.200  -37.344  64.782 0.0000000000
53073  -32.291  -38.112  64.332 0.0000000000
50848  -35.233  -40.146  67.562 0.0000000000
50847  -34.922  -39.920  67.180 0.0000000000
134917  -35.357  -40.454  66.924 0.0000000000
49819  -35.849  -41.266  65.013 0.0000000000
150942  -27.230  -39.770  69.964 0.0000000000
53021  -27.600  -38.319  68.254 0.0000000000
72861  -45.717  -18.739  51.733 0.0000000000
75588  -51.795  -15.559  47.483 0.0000000000
75535  -54.473  -15.452  53.069 0.0000000000
75543  -54.541  -15.274  52.456 0.0000000000
127902  -55.104  -15.300  52.718 0.0000000000
62226  -33.707  -28.756  60.944 0.0000000000
62235  -33.418  -29.530  60.564 0.0000000000
141639  -33.430  -29.841  59.684 0.0000000000
65128  -39.232  -26.542  56.222 0.0000000000
64141  -43.314  -25.479  61.783 0.0000000000
134296  -42.961  -25.270  61.419 0.0000000000
65069  -43.606  -24.911  61.799 0.0000000000
66929  -44.170  -23.907  61.735 0.0000000000
66916  -44.697  -23.764  62.040 0.0000000000
67865  -45.034  -22.899  61.702 0.0000000000
68830  -45.606  -21.926  61.122 0.0000000000
69911  -46.275  -20.996  60.136 0.0000000000
49698  -21.488  -41.538  72.117 0.0000000000
46652  -19.698  -44.067  73.427 0.0000000000
45481  -9.708  -44.845  83.916 0.0000000000
53038  -38.136  -37.636  67.683 0.0000000000
153180  -37.855  -37.337  68.234 0.0000000000
54046  -37.623  -36.859  68.504 0.0000000000
54961  -37.497  -36.248  69.946 0.0000000000
54957  -37.726  -36.127  70.934 0.0000000000
55788  -37.587  -35.646  71.467 0.0000000000
56762  -37.440  -35.075  70.937 0.0000000000
56717  -37.250  -34.166  74.685 0.0000000000
53013  -30.905  -37.591  69.708 0.0000000000
53014  -32.109  -38.136  69.564 0.0000000000
51910  -33.059  -38.501  69.648 0.0000000000
50740  -34.253  -39.301  72.786 0.0000000000
50764  -34.418  -39.281  72.092 0.0000000000
50785  -34.538  -39.148  71.388 0.0000000000
151326  -35.099  -39.568  71.967 0.0000000000
49720  -34.779  -39.371  70.852 0.0000000000
50821  -34.763  -39.792  69.681 0.0000000000
50822  -34.955  -40.213  68.944 0.0000000000
50823  -36.545  -39.554  69.373 0.0000000000
49758  -36.462  -40.118  68.321 0.0000000000
149903  -36.709  -40.291  67.756 0.0000000000
50850  -37.392  -39.400  67.642 0.0000000000
68918  -43.002  -21.939  54.505 0.0000000000
68919  -43.570  -21.695  54.898 0.0000000000
132810  -43.802  -21.276  54.258 0.0000000000
68936  -45.305  -20.900  55.249 0.0000000000
68935  -44.477  -20.923  54.617 0.0000000000
69955  -49.090  -20.474  56.679 0.0000000000
69966  -48.724  -20.247  56.342 0.0000000000
69978  -47.559  -19.744  55.594 0.0000000000
71894  -48.818  -18.794  55.602 0.0000000000
71893  -47.969  -18.956  55.361 0.0000000000
70910  -47.002  -18.993  55.069 0.0000000000
71902  -46.657  -18.605  54.150 0.0000000000
71910  -45.469  -18.423  52.719 0.0000000000
72862  -46.128  -17.938  52.427 0.0000000000
73807  -46.615  -17.405  52.061 0.0000000000
73818  -47.086  -17.033  51.534 0.0000000000
73809  -48.210  -16.901  52.974 0.0000000000
137270  -49.297  -16.254  49.844 0.0000000000
74705  -51.402  -15.695  52.215 0.0000000000
74673  -53.709  -16.252  54.251 0.0000000000
74682  -53.873  -15.706  53.456 0.0000000000
59848  -34.101  -31.650  65.527 0.0000000000
61084  -32.908  -30.532  64.720 0.0000000000
61083  -32.825  -29.651  63.814 0.0000000000
62216  -32.835  -29.300  62.857 0.0000000000
63198  -33.372  -28.819  61.607 0.0000000000
65023  -34.677  -26.178  64.938 0.0000000000
64094  -34.037  -26.905  63.705 0.0000000000
63184  -33.574  -27.684  62.587 0.0000000000
63235  -34.281  -27.931  59.770 0.0000000000
63249  -36.495  -27.655  58.268 0.0000000000
128890  -38.650  -27.161  59.680 0.0000000000
63220  -38.283  -27.101  60.369 0.0000000000
62237  -39.511  -27.183  59.935 0.0000000000
62238  -40.257  -27.264  60.116 0.0000000000
62239  -40.974  -27.271  60.214 0.0000000000
63225  -41.624  -26.883  60.884 0.0000000000
151193  -39.110  -26.427  62.766 0.0000000000
64116  -39.534  -26.859  62.117 0.0000000000
64117  -40.317  -26.919  62.153 0.0000000000
64100  -41.670  -26.455  62.873 0.0000000000
63169  -41.198  -26.678  62.282 0.0000000000
63187  -40.830  -27.079  61.713 0.0000000000
63206  -41.268  -27.027  61.342 0.0000000000
63207  -41.858  -26.710  61.478 0.0000000000
64140  -42.873  -26.101  61.713 0.0000000000
64131  -43.637  -25.685  62.101 0.0000000000
154000  -44.994  -24.851  62.971 0.0000000000
50833  -22.481  -39.573  68.154 0.0000000000
49719  -21.471  -41.256  70.266 0.0000000000
149609  -20.816  -42.756  69.862 0.0000000000
144499  -58.456  -10.151  46.583 0.0000000000
146097  -35.342  -35.254  64.819 0.0000000000
54052  -38.153  -37.352  67.012 0.0000000000
55815  -37.198  -36.365  67.509 0.0000000000
56782  -36.898  -35.460  68.938 0.0000000000
55805  -36.924  -35.870  68.118 0.0000000000
55814  -36.961  -36.183  67.435 0.0000000000
56795  -36.600  -35.803  67.471 0.0000000000
58759  -36.610  -32.438  70.203 0.0000000000
151383  -36.279  -32.226  69.654 0.0000000000
58765  -36.497  -32.915  69.656 0.0000000000
57797  -36.165  -33.561  68.824 0.0000000000
57805  -35.586  -34.149  68.082 0.0000000000
58785  -35.288  -33.263  66.604 0.0000000000
143892  -35.176  -32.556  66.685 0.0000000000
59817  -35.358  -31.675  67.652 0.0000000000
59831  -35.225  -32.002  67.009 0.0000000000
59850  -35.078  -32.369  66.577 0.0000000000
59849  -34.687  -31.936  66.249 0.0000000000
61074  -34.249  -31.202  66.036 0.0000000000
62171  -33.752  -29.486  67.303 0.0000000000
153465  -33.448  -28.000  66.765 0.0000000000
64052  -33.768  -27.527  66.915 0.0000000000
64943  -34.968  -26.554  69.958 0.0000000000
64942  -34.689  -26.964  69.123 0.0000000000
153219  -34.543  -26.977  68.637 0.0000000000
64970  -34.424  -26.929  68.136 0.0000000000
64971  -35.351  -26.402  67.635 0.0000000000
53037  -32.687  -37.775  67.294 0.0000000000
53050  -32.455  -37.782  66.227 0.0000000000
53062  -32.682  -37.821  65.063 0.0000000000
52003  -33.137  -39.627  64.204 0.0000000000
51884  -24.452  -38.426  70.080 0.0000000000
51905  -26.779  -39.392  69.763 0.0000000000
74731  -49.980  -15.934  49.689 0.0000000000
75583  -50.942  -15.674  48.570 0.0000000000
75579  -53.067  -14.469  50.293 0.0000000000
76459  -52.651  -14.744  46.836 0.0000000000
76460  -53.272  -14.390  46.451 0.0000000000
77466  -53.349  -13.485  46.941 0.0000000000
76463  -53.924  -14.349  45.828 0.0000000000
78421  -55.060  -12.166  45.967 0.0000000000
78422  -55.890  -11.819  46.874 0.0000000000
137431  -55.706  -11.941  47.996 0.0000000000
79366  -58.080  -11.579  48.422 0.0000000000
45539  -17.121  -45.187  78.101 0.0000000000
135998  -16.317  -45.238  77.885 0.0000000000
58809  -33.360  -32.943  63.731 0.0000000000
61132  -33.130  -30.488  60.324 0.0000000000
129502  -42.039  -22.337  54.965 0.0000000000
63265  -38.210  -27.568  57.187 0.0000000000
63266  -39.066  -26.751  57.401 0.0000000000
63276  -38.843  -26.903  56.516 0.0000000000
64159  -41.931  -25.776  60.369 0.0000000000
65089  -41.413  -25.529  59.730 0.0000000000
65105  -41.097  -25.182  59.198 0.0000000000
66033  -41.493  -24.577  59.305 0.0000000000
65104  -40.449  -25.279  58.587 0.0000000000
65130  -39.838  -25.256  58.112 0.0000000000
66065  -39.764  -24.915  57.764 0.0000000000
66064  -39.363  -24.936  57.171 0.0000000000
66976  -39.668  -24.238  57.012 0.0000000000
67916  -40.016  -23.487  56.646 0.0000000000
151333  -40.639  -23.074  56.958 0.0000000000
67917  -41.256  -22.673  56.701 0.0000000000
67935  -41.444  -22.388  55.818 0.0000000000
68900  -42.824  -22.085  55.276 0.0000000000
68901  -43.474  -22.006  55.440 0.0000000000
67922  -45.315  -21.840  56.596 0.0000000000
67902  -45.355  -21.980  57.081 0.0000000000
67938  -46.028  -21.699  56.485 0.0000000000
67923  -46.719  -21.834  57.004 0.0000000000
149036  -47.995  -21.826  57.588 0.0000000000
44397  -18.447  -44.962  78.425 0.0000000000
45556  -18.105  -44.857  77.688 0.0000000000
45632  -16.737  -44.673  73.241 0.0000000000
45631  -16.371  -45.517  73.323 0.0000000000
45538  -16.667  -45.346  78.602 0.0000000000
44362  -16.572  -45.570  79.433 0.0000000000
44340  -15.714  -45.566  80.700 0.0000000000
44329  -15.838  -45.540  81.600 0.0000000000
45495  -15.873  -45.421  82.321 0.0000000000
45510  -11.823  -45.603  80.246 0.0000000000
153864  -12.377  -44.753  82.259 0.0000000000
147723  -13.631  -45.093  81.945 0.0000000000
147419  -15.554  -45.036  83.519 0.0000000000
46564  -15.126  -44.375  84.403 0.0000000000
46550  -14.680  -44.067  84.829 0.0000000000
47566  -14.406  -43.681  85.176 0.0000000000
47556  -14.262  -43.045  85.288 0.0000000000
46547  -9.389  -43.637  85.151 0.0000000000
128642  -11.023  -43.194  84.933 0.0000000000
46666  -20.756  -43.457  72.907 0.0000000000
49688  -34.585  -39.381  73.292 0.0000000000
49689  -35.000  -39.410  73.049 0.0000000000
49701  -35.221  -39.451  72.298 0.0000000000
49711  -35.306  -39.417  71.374 0.0000000000
49721  -35.030  -39.675  70.348 0.0000000000
49737  -36.266  -39.971  68.957 0.0000000000
49756  -35.438  -40.202  68.741 0.0000000000
50704  -35.330  -38.447  74.455 0.0000000000
50724  -35.811  -38.350  73.316 0.0000000000
50739  -34.125  -39.483  73.467 0.0000000000
50765  -35.490  -39.130  72.732 0.0000000000
50767  -36.430  -38.575  71.536 0.0000000000
50838  -36.734  -39.731  68.706 0.0000000000
51822  -36.335  -37.454  73.552 0.0000000000
51835  -36.200  -37.983  73.208 0.0000000000
51852  -36.248  -38.201  72.745 0.0000000000
51870  -37.028  -38.317  71.196 0.0000000000
51913  -37.397  -38.257  69.771 0.0000000000
51936  -37.581  -38.377  69.041 0.0000000000
52932  -36.142  -37.302  74.757 0.0000000000
52952  -36.133  -37.286  74.009 0.0000000000
52953  -36.789  -37.211  74.011 0.0000000000
52969  -37.173  -36.821  73.102 0.0000000000
52995  -37.406  -37.734  71.227 0.0000000000
53015  -37.649  -37.863  69.275 0.0000000000
53026  -37.917  -37.889  68.495 0.0000000000
54014  -37.436  -36.441  73.308 0.0000000000
54015  -37.397  -36.560  72.742 0.0000000000
54951  -37.572  -36.144  72.617 0.0000000000
55756  -37.411  -35.502  73.874 0.0000000000
55794  -37.471  -35.684  70.443 0.0000000000
62250  -40.584  -27.221  59.477 0.0000000000
63170  -42.048  -26.517  62.493 0.0000000000
63190  -43.014  -26.341  62.481 0.0000000000
63205  -40.198  -27.421  61.235 0.0000000000
63208  -42.219  -26.521  61.420 0.0000000000
63222  -39.913  -27.387  60.764 0.0000000000
63240  -41.592  -26.664  60.529 0.0000000000
63254  -40.780  -27.009  59.396 0.0000000000
63268  -40.191  -26.850  58.576 0.0000000000
64149  -42.140  -26.220  60.720 0.0000000000
65049  -45.022  -25.008  63.009 0.0000000000
65059  -43.996  -24.864  61.956 0.0000000000
65068  -42.703  -25.882  61.299 0.0000000000
65070  -44.179  -24.642  62.140 0.0000000000
65077  -42.600  -25.235  60.822 0.0000000000
65090  -42.002  -25.087  60.265 0.0000000000
65989  -45.600  -24.377  63.345 0.0000000000
66008  -44.298  -24.232  61.891 0.0000000000
66985  -39.081  -24.889  54.248 0.0000000000
67904  -47.458  -21.759  57.403 0.0000000000
67918  -41.838  -22.669  57.091 0.0000000000
67937  -44.698  -21.894  56.167 0.0000000000
68866  -48.478  -21.474  57.440 0.0000000000
68898  -40.074  -22.532  55.117 0.0000000000
68904  -47.910  -21.166  56.785 0.0000000000
68905  -48.361  -20.695  56.604 0.0000000000
68921  -45.910  -21.144  55.772 0.0000000000
69919  -46.634  -20.908  59.344 0.0000000000
69965  -47.935  -20.367  56.161 0.0000000000
71867  -50.178  -19.337  56.873 0.0000000000
74681  -52.712  -16.061  53.554 0.0000000000
76434  -56.372  -14.151  51.044 0.0000000000
128247  -37.169  -37.001  73.572 0.0000000000
129296  -36.746  -37.530  72.757 0.0000000000
131389  -37.619  -37.092  71.238 0.0000000000
131522  -50.780  -19.679  59.218 0.0000000000
132911  -36.720  -37.275  73.480 0.0000000000
134169  -42.610  -26.373  61.916 0.0000000000
134748  -57.012  -13.894  51.020 0.0000000000
137282  -38.387  -27.207  57.049 0.0000000000
139231  -37.231  -34.851  74.193 0.0000000000
139238  -35.209  -39.593  70.588 0.0000000000
142177  -39.367  -23.762  55.304 0.0000000000
142231  -43.413  -22.203  55.863 0.0000000000
143385  -37.006  -39.966  68.099 0.0000000000
144568  -36.437  -37.927  72.765 0.0000000000
147289  -45.945  -21.927  56.930 0.0000000000
147947  -47.824  -21.415  58.917 0.0000000000
148262  -41.562  -24.949  59.748 0.0000000000
149098  -37.445  -35.507  73.287 0.0000000000
151425  -42.533  -25.712  60.918 0.0000000000
153320  -41.473  -26.975  61.114 0.0000000000
154647  -41.265  -27.117  60.523 0.0000000000
