#!ascii label  , from subject sub-v1s7x0051323_ses-1 vox2ras=TkReg
798
138380  -25.925  -52.232  75.224 0.0000000000
58714  -43.164  -32.549  75.541 0.0000000000
62146  -48.842  -30.105  70.068 0.0000000000
64056  -56.052  -27.757  66.217 0.0000000000
52935  -42.640  -38.271  75.981 0.0000000000
135603  -51.763  -29.324  67.433 0.0000000000
66015  -58.867  -24.213  60.926 0.0000000000
69925  -61.554  -21.006  59.969 0.0000000000
57733  -46.307  -33.180  74.463 0.0000000000
58734  -50.192  -32.155  73.462 0.0000000000
62103  -45.382  -29.517  72.933 0.0000000000
41315  -27.642  -49.449  80.161 0.0000000000
46592  -28.337  -44.039  79.175 0.0000000000
141570  -32.661  -44.776  80.367 0.0000000000
42307  -37.011  -48.043  79.814 0.0000000000
45570  -41.250  -45.457  77.079 0.0000000000
49668  -43.489  -41.633  76.951 0.0000000000
53972  -46.385  -36.968  77.058 0.0000000000
58763  -54.473  -33.721  69.580 0.0000000000
70871  -62.005  -19.936  58.541 0.0000000000
58706  -45.086  -32.076  76.396 0.0000000000
59708  -46.436  -30.054  75.430 0.0000000000
148872  -43.764  -30.861  74.346 0.0000000000
43339  -26.173  -47.668  77.909 0.0000000000
43328  -27.603  -47.113  79.825 0.0000000000
48646  -39.301  -43.279  77.169 0.0000000000
47620  -42.472  -43.426  77.123 0.0000000000
49652  -40.791  -41.209  78.081 0.0000000000
135049  -43.158  -35.950  75.677 0.0000000000
54904  -43.815  -36.804  77.870 0.0000000000
56670  -44.886  -34.586  77.497 0.0000000000
55749  -47.103  -35.397  76.264 0.0000000000
62106  -50.716  -29.185  72.933 0.0000000000
58749  -52.657  -33.099  71.894 0.0000000000
62123  -52.319  -29.837  71.176 0.0000000000
63135  -53.830  -28.615  66.560 0.0000000000
61058  -53.811  -30.734  67.084 0.0000000000
61068  -57.530  -30.681  66.687 0.0000000000
61079  -59.348  -31.894  66.180 0.0000000000
66004  -60.617  -25.178  61.456 0.0000000000
65994  -59.313  -24.843  63.540 0.0000000000
50706  -41.678  -40.696  75.411 0.0000000000
147017  -52.690  -28.678  63.516 0.0000000000
68839  -60.799  -21.961  60.929 0.0000000000
66042  -60.386  -24.942  59.054 0.0000000000
68910  -61.758  -22.445  55.700 0.0000000000
56756  -47.426  -34.444  71.800 0.0000000000
137586  -47.956  -32.298  73.640 0.0000000000
62079  -48.909  -29.067  74.209 0.0000000000
39109  -28.150  -51.486  77.875 0.0000000000
46626  -30.013  -44.765  77.067 0.0000000000
47594  -30.091  -43.026  80.559 0.0000000000
45565  -32.074  -45.633  78.482 0.0000000000
42327  -33.933  -48.569  78.726 0.0000000000
40313  -35.938  -50.510  77.519 0.0000000000
40317  -39.154  -50.397  77.034 0.0000000000
43347  -38.742  -47.300  78.340 0.0000000000
45592  -44.060  -45.814  76.047 0.0000000000
51771  -42.258  -38.762  78.332 0.0000000000
51799  -45.482  -39.179  76.573 0.0000000000
51812  -48.675  -39.328  75.806 0.0000000000
138246  -49.036  -37.415  74.471 0.0000000000
55775  -48.130  -36.099  73.685 0.0000000000
61028  -52.946  -30.347  69.210 0.0000000000
65983  -56.980  -25.087  63.953 0.0000000000
63161  -57.682  -28.084  65.415 0.0000000000
38065  -26.765  -52.446  77.034 0.0000000000
59698  -43.893  -31.921  76.282 0.0000000000
60893  -44.348  -31.451  76.023 0.0000000000
136683  -43.296  -31.551  74.366 0.0000000000
48677  -39.888  -42.732  76.354 0.0000000000
48630  -40.022  -42.672  77.319 0.0000000000
49667  -40.199  -41.749  77.073 0.0000000000
56718  -43.061  -34.491  75.437 0.0000000000
56677  -43.155  -34.774  77.407 0.0000000000
130425  -43.503  -33.087  76.991 0.0000000000
57703  -44.658  -33.349  77.126 0.0000000000
62122  -51.743  -29.519  71.693 0.0000000000
143013  -51.035  -29.185  70.584 0.0000000000
63136  -54.622  -28.278  66.558 0.0000000000
62177  -54.918  -28.923  66.911 0.0000000000
152228  -56.681  -28.863  66.459 0.0000000000
61069  -58.212  -30.769  66.476 0.0000000000
63138  -57.141  -28.862  66.404 0.0000000000
137966  -59.090  -26.764  60.179 0.0000000000
65074  -59.156  -26.747  61.022 0.0000000000
154006  -58.773  -28.140  60.154 0.0000000000
68854  -59.554  -21.703  59.114 0.0000000000
68841  -61.320  -21.732  60.654 0.0000000000
66935  -61.657  -23.083  61.131 0.0000000000
67892  -61.533  -22.429  59.816 0.0000000000
66952  -60.337  -24.338  58.102 0.0000000000
148966  -61.351  -22.435  58.824 0.0000000000
68889  -61.603  -21.694  56.382 0.0000000000
56736  -46.824  -34.234  73.548 0.0000000000
57755  -47.274  -33.519  72.942 0.0000000000
58732  -47.180  -32.759  73.498 0.0000000000
62076  -45.661  -28.882  75.003 0.0000000000
60928  -47.191  -29.603  74.896 0.0000000000
63065  -46.643  -28.708  73.804 0.0000000000
63066  -48.080  -28.582  73.601 0.0000000000
142985  -46.296  -29.312  72.285 0.0000000000
40311  -28.377  -50.763  78.262 0.0000000000
41316  -28.164  -49.646  79.672 0.0000000000
45529  -27.688  -45.806  79.468 0.0000000000
48629  -31.799  -42.944  79.525 0.0000000000
46585  -31.053  -44.009  80.563 0.0000000000
46603  -30.873  -44.206  79.933 0.0000000000
45545  -32.259  -45.580  79.842 0.0000000000
43341  -32.988  -47.168  78.639 0.0000000000
43329  -33.146  -47.104  79.887 0.0000000000
41337  -36.475  -49.610  78.879 0.0000000000
134912  -37.824  -50.678  77.389 0.0000000000
41339  -38.028  -49.041  78.786 0.0000000000
46606  -39.555  -45.166  77.599 0.0000000000
44392  -39.163  -46.486  77.951 0.0000000000
44408  -39.711  -46.285  77.749 0.0000000000
42330  -40.199  -48.185  76.812 0.0000000000
44422  -41.249  -46.947  76.628 0.0000000000
44424  -43.091  -46.791  75.949 0.0000000000
45590  -42.237  -45.811  76.562 0.0000000000
134780  -43.019  -42.312  77.044 0.0000000000
47633  -44.324  -43.767  76.455 0.0000000000
48665  -44.607  -42.799  76.304 0.0000000000
129272  -44.942  -40.981  76.243 0.0000000000
51798  -41.423  -39.379  77.068 0.0000000000
132058  -41.738  -38.723  77.305 0.0000000000
53971  -45.441  -36.683  77.504 0.0000000000
52902  -44.852  -37.400  77.447 0.0000000000
53985  -45.863  -37.432  77.018 0.0000000000
52936  -47.267  -38.605  76.370 0.0000000000
52937  -47.887  -38.179  76.516 0.0000000000
54926  -48.155  -37.011  76.218 0.0000000000
56720  -46.551  -33.978  75.098 0.0000000000
55759  -47.766  -35.815  74.642 0.0000000000
55774  -47.347  -35.199  73.659 0.0000000000
145583  -47.636  -35.442  72.932 0.0000000000
148373  -26.478  -49.247  79.875 0.0000000000
137890  -26.714  -50.334  79.993 0.0000000000
39104  -27.301  -51.779  79.419 0.0000000000
58740  -49.932  -32.621  72.888 0.0000000000
57759  -51.307  -32.921  72.545 0.0000000000
57785  -54.084  -33.999  70.633 0.0000000000
62166  -51.700  -29.341  68.297 0.0000000000
146016  -52.046  -29.455  69.499 0.0000000000
62162  -52.629  -29.510  68.036 0.0000000000
61059  -55.298  -31.676  67.080 0.0000000000
149252  -53.999  -31.916  67.046 0.0000000000
64122  -58.384  -27.036  63.316 0.0000000000
65984  -57.780  -25.020  64.022 0.0000000000
65977  -57.726  -25.716  64.274 0.0000000000
65034  -57.287  -26.303  64.858 0.0000000000
63178  -57.898  -27.951  64.535 0.0000000000
62210  -59.034  -29.796  64.528 0.0000000000
70861  -61.130  -19.528  59.250 0.0000000000
69935  -61.680  -20.416  59.175 0.0000000000
71846  -61.657  -19.197  58.710 0.0000000000
71857  -62.514  -18.377  58.407 0.0000000000
57722  -46.095  -33.258  75.653 0.0000000000
58716  -46.046  -32.200  75.002 0.0000000000
59706  -45.145  -31.391  75.950 0.0000000000
62063  -45.197  -30.067  75.408 0.0000000000
62101  -44.314  -30.173  73.721 0.0000000000
42300  -26.530  -48.316  79.644 0.0000000000
141253  -27.518  -47.896  80.055 0.0000000000
150810  -27.527  -44.614  78.901 0.0000000000
46608  -40.085  -44.319  77.606 0.0000000000
46621  -42.155  -44.058  77.149 0.0000000000
48648  -40.781  -43.023  77.578 0.0000000000
49659  -41.556  -41.912  77.802 0.0000000000
49660  -41.926  -41.286  77.938 0.0000000000
54925  -42.921  -36.646  76.212 0.0000000000
53983  -42.431  -37.440  77.449 0.0000000000
55728  -42.792  -35.887  77.415 0.0000000000
54894  -44.827  -35.804  77.583 0.0000000000
55730  -45.548  -35.616  77.492 0.0000000000
140985  -46.973  -35.980  76.668 0.0000000000
56681  -45.538  -35.235  77.241 0.0000000000
57714  -45.694  -33.539  76.528 0.0000000000
42314  -26.080  -48.424  78.507 0.0000000000
60951  -51.132  -31.203  73.478 0.0000000000
134869  -51.678  -32.587  72.874 0.0000000000
60964  -52.299  -31.384  72.646 0.0000000000
59766  -52.708  -31.358  71.902 0.0000000000
59783  -53.870  -32.153  70.553 0.0000000000
63130  -53.108  -29.121  66.898 0.0000000000
62168  -52.914  -29.341  67.329 0.0000000000
63131  -53.820  -28.881  66.924 0.0000000000
61066  -55.192  -30.251  67.010 0.0000000000
67859  -60.687  -23.173  62.638 0.0000000000
66910  -59.180  -23.769  63.259 0.0000000000
65995  -59.943  -24.444  63.023 0.0000000000
65064  -58.976  -26.663  61.894 0.0000000000
57732  -43.572  -33.828  74.265 0.0000000000
55758  -43.939  -35.265  74.322 0.0000000000
62158  -49.998  -29.948  68.945 0.0000000000
62188  -51.710  -29.621  65.812 0.0000000000
151177  -53.076  -28.817  65.876 0.0000000000
63145  -53.382  -28.560  65.297 0.0000000000
64070  -54.773  -27.726  64.880 0.0000000000
67872  -60.559  -22.607  61.532 0.0000000000
67867  -61.243  -22.832  62.234 0.0000000000
145560  -61.006  -24.734  60.927 0.0000000000
65099  -59.425  -26.268  58.829 0.0000000000
68870  -61.624  -21.351  57.754 0.0000000000
68909  -61.095  -22.791  56.025 0.0000000000
57772  -47.807  -33.884  71.466 0.0000000000
138978  -48.743  -32.635  72.688 0.0000000000
58733  -49.021  -32.136  73.552 0.0000000000
155194  -47.270  -31.373  74.385 0.0000000000
60929  -48.160  -30.182  74.455 0.0000000000
59722  -49.913  -31.057  74.238 0.0000000000
62093  -49.498  -28.909  73.857 0.0000000000
63098  -48.856  -28.917  72.249 0.0000000000
142801  -42.944  -32.150  72.859 0.0000000000
60962  -43.500  -31.134  72.819 0.0000000000
137067  -44.760  -30.645  71.142 0.0000000000
38066  -27.342  -52.076  76.156 0.0000000000
39123  -28.337  -51.095  76.018 0.0000000000
45585  -30.570  -45.117  76.277 0.0000000000
47600  -27.285  -44.142  78.068 0.0000000000
47591  -28.171  -43.747  79.159 0.0000000000
46593  -28.820  -43.537  79.429 0.0000000000
45563  -30.822  -44.801  77.307 0.0000000000
41370  -34.306  -49.460  77.146 0.0000000000
40321  -35.765  -50.696  76.623 0.0000000000
43361  -36.725  -47.787  78.257 0.0000000000
44390  -38.010  -47.337  78.618 0.0000000000
42317  -37.677  -48.246  79.241 0.0000000000
42329  -39.341  -48.607  77.492 0.0000000000
42342  -41.098  -49.333  76.289 0.0000000000
146282  -43.773  -44.517  76.537 0.0000000000
50687  -40.654  -40.845  77.445 0.0000000000
50658  -41.097  -40.366  78.240 0.0000000000
51784  -43.124  -39.829  77.809 0.0000000000
52880  -42.409  -38.082  78.149 0.0000000000
51785  -43.717  -39.088  77.557 0.0000000000
50690  -44.689  -39.998  76.477 0.0000000000
50691  -45.759  -40.170  76.102 0.0000000000
51811  -48.275  -39.616  75.498 0.0000000000
54947  -49.541  -37.454  73.801 0.0000000000
54934  -48.134  -36.505  75.439 0.0000000000
54946  -48.876  -36.861  74.062 0.0000000000
54954  -49.390  -37.088  73.247 0.0000000000
55785  -48.121  -36.041  72.540 0.0000000000
38044  -27.126  -52.441  78.627 0.0000000000
62149  -51.597  -29.348  69.994 0.0000000000
61027  -52.685  -30.170  69.984 0.0000000000
59796  -53.640  -31.591  69.510 0.0000000000
61057  -53.164  -30.189  67.601 0.0000000000
59827  -53.640  -32.530  67.759 0.0000000000
58768  -54.179  -33.792  68.547 0.0000000000
138828  -54.178  -27.915  63.908 0.0000000000
130520  -55.540  -27.396  65.524 0.0000000000
66909  -57.999  -24.084  63.220 0.0000000000
66907  -55.971  -24.680  62.484 0.0000000000
65044  -55.777  -25.753  63.649 0.0000000000
65032  -56.214  -26.356  64.535 0.0000000000
150915  -56.996  -27.310  66.043 0.0000000000
62199  -58.125  -29.343  65.804 0.0000000000
59704  -43.564  -32.065  76.063 0.0000000000
59705  -43.750  -31.463  75.650 0.0000000000
58722  -43.052  -32.304  74.664 0.0000000000
48689  -40.174  -43.126  75.276 0.0000000000
49666  -39.681  -42.406  76.952 0.0000000000
49672  -40.236  -42.140  76.358 0.0000000000
57721  -43.114  -33.580  75.761 0.0000000000
57712  -43.190  -33.619  76.782 0.0000000000
58703  -43.377  -32.849  76.397 0.0000000000
58704  -43.721  -32.513  76.708 0.0000000000
62136  -49.481  -29.423  70.796 0.0000000000
63115  -50.453  -29.084  71.323 0.0000000000
128292  -50.332  -29.280  70.433 0.0000000000
63147  -55.349  -27.875  66.294 0.0000000000
63137  -55.551  -28.331  66.475 0.0000000000
142031  -56.436  -28.430  66.384 0.0000000000
63148  -56.791  -27.819  66.216 0.0000000000
64153  -58.712  -27.500  59.724 0.0000000000
69924  -61.157  -20.712  60.126 0.0000000000
152372  -61.416  -22.111  60.905 0.0000000000
139802  -61.490  -21.824  60.433 0.0000000000
68855  -61.611  -21.712  59.563 0.0000000000
57745  -46.657  -33.387  73.730 0.0000000000
62091  -45.637  -29.132  73.989 0.0000000000
63053  -46.264  -28.670  74.710 0.0000000000
150470  -46.659  -28.915  72.812 0.0000000000
62117  -45.579  -29.696  72.160 0.0000000000
40292  -27.820  -50.112  79.958 0.0000000000
132487  -27.934  -45.069  79.330 0.0000000000
45543  -28.074  -45.433  79.187 0.0000000000
47587  -32.205  -43.999  80.620 0.0000000000
48615  -31.321  -42.945  80.441 0.0000000000
46586  -32.025  -44.511  80.519 0.0000000000
45530  -31.755  -44.714  80.262 0.0000000000
45531  -32.584  -45.457  80.276 0.0000000000
44372  -32.896  -46.310  80.215 0.0000000000
43332  -36.531  -48.108  79.895 0.0000000000
41318  -35.901  -49.071  79.398 0.0000000000
42306  -36.389  -48.622  79.709 0.0000000000
41338  -37.136  -49.747  78.592 0.0000000000
41320  -36.992  -48.934  79.293 0.0000000000
45550  -40.025  -45.082  77.694 0.0000000000
152590  -39.837  -45.677  77.722 0.0000000000
45569  -40.406  -45.697  77.495 0.0000000000
44409  -40.474  -46.579  77.286 0.0000000000
44410  -41.203  -46.183  76.831 0.0000000000
48664  -43.788  -42.371  76.710 0.0000000000
135275  -44.326  -41.761  76.453 0.0000000000
49669  -45.204  -41.879  75.942 0.0000000000
50689  -44.034  -40.830  76.645 0.0000000000
52934  -42.088  -38.895  76.389 0.0000000000
140096  -42.164  -38.134  76.977 0.0000000000
52920  -46.903  -37.770  76.772 0.0000000000
53986  -47.500  -37.248  76.727 0.0000000000
53994  -48.197  -37.763  76.348 0.0000000000
56721  -46.983  -34.804  74.602 0.0000000000
56735  -46.489  -33.889  74.143 0.0000000000
41314  -26.966  -49.450  80.306 0.0000000000
153002  -26.555  -49.747  80.035 0.0000000000
141002  -27.329  -50.027  80.242 0.0000000000
40291  -27.457  -50.825  79.793 0.0000000000
57758  -50.291  -32.870  72.028 0.0000000000
152679  -50.685  -32.766  72.731 0.0000000000
58757  -54.385  -33.418  70.339 0.0000000000
56766  -54.105  -34.700  70.181 0.0000000000
56778  -54.222  -34.816  69.741 0.0000000000
57803  -54.375  -34.522  69.310 0.0000000000
62167  -52.361  -29.371  67.683 0.0000000000
129865  -58.189  -24.031  61.757 0.0000000000
65045  -58.167  -26.060  64.076 0.0000000000
64107  -57.913  -27.021  64.225 0.0000000000
58707  -45.627  -32.544  76.115 0.0000000000
58715  -45.563  -31.590  75.791 0.0000000000
60905  -44.045  -30.979  75.290 0.0000000000
60906  -44.484  -30.846  75.553 0.0000000000
60926  -44.040  -30.693  74.750 0.0000000000
62074  -44.419  -30.095  74.504 0.0000000000
60949  -43.941  -30.612  74.106 0.0000000000
45542  -26.916  -45.408  79.040 0.0000000000
47632  -39.175  -43.573  76.908 0.0000000000
47616  -39.317  -43.999  77.329 0.0000000000
47604  -39.552  -44.451  77.524 0.0000000000
47617  -39.586  -43.710  77.463 0.0000000000
47606  -40.286  -43.722  77.534 0.0000000000
145531  -40.083  -43.322  77.479 0.0000000000
49651  -40.475  -41.989  77.636 0.0000000000
48631  -40.969  -42.026  77.897 0.0000000000
49653  -41.275  -41.210  78.153 0.0000000000
130512  -42.522  -36.466  77.147 0.0000000000
130612  -42.688  -35.807  76.733 0.0000000000
56678  -43.915  -34.428  77.528 0.0000000000
55718  -43.962  -35.285  77.556 0.0000000000
55719  -44.598  -35.257  77.538 0.0000000000
54906  -45.371  -35.974  77.616 0.0000000000
55720  -45.157  -35.308  77.550 0.0000000000
55731  -46.128  -35.873  77.160 0.0000000000
140279  -45.135  -34.890  77.468 0.0000000000
136946  -45.076  -32.947  76.795 0.0000000000
57713  -45.013  -33.861  77.078 0.0000000000
62095  -50.901  -30.019  73.368 0.0000000000
60963  -51.793  -30.741  73.000 0.0000000000
62107  -51.495  -29.745  72.573 0.0000000000
146519  -52.218  -30.370  72.078 0.0000000000
153878  -52.704  -30.519  71.399 0.0000000000
59782  -53.203  -31.209  71.113 0.0000000000
61002  -52.792  -30.301  70.726 0.0000000000
63134  -53.149  -28.865  66.534 0.0000000000
62178  -56.416  -29.475  66.647 0.0000000000
61067  -56.498  -31.179  66.862 0.0000000000
59843  -57.526  -31.364  66.363 0.0000000000
66005  -60.745  -24.017  62.614 0.0000000000
132088  -60.427  -24.956  62.352 0.0000000000
64136  -58.429  -27.599  62.215 0.0000000000
56734  -43.880  -34.509  73.847 0.0000000000
62189  -52.429  -29.168  66.132 0.0000000000
63159  -53.016  -28.678  64.324 0.0000000000
63146  -54.073  -27.999  65.710 0.0000000000
63160  -53.812  -28.217  64.587 0.0000000000
67878  -59.805  -23.028  60.493 0.0000000000
68823  -61.113  -22.436  61.901 0.0000000000
66942  -61.151  -24.147  60.324 0.0000000000
144510  -61.500  -23.731  61.508 0.0000000000
66028  -60.602  -25.058  60.018 0.0000000000
66027  -60.043  -25.649  59.439 0.0000000000
144033  -59.741  -25.670  58.563 0.0000000000
66966  -60.331  -23.717  57.280 0.0000000000
149860  -61.815  -20.620  58.636 0.0000000000
150896  -47.684  -34.396  71.290 0.0000000000
57771  -47.410  -33.847  72.160 0.0000000000
58739  -47.988  -32.685  73.037 0.0000000000
59718  -46.289  -31.040  75.360 0.0000000000
132692  -46.712  -31.642  74.558 0.0000000000
59719  -47.111  -30.619  74.701 0.0000000000
136099  -48.020  -29.340  74.371 0.0000000000
60930  -49.102  -29.768  74.399 0.0000000000
59721  -49.237  -30.842  74.384 0.0000000000
62080  -49.627  -29.440  74.188 0.0000000000
63080  -48.077  -28.748  72.664 0.0000000000
63081  -48.811  -28.593  73.175 0.0000000000
39108  -27.900  -51.952  77.492 0.0000000000
39113  -27.847  -51.896  76.729 0.0000000000
39114  -28.148  -51.494  76.826 0.0000000000
41353  -28.442  -49.985  77.464 0.0000000000
142304  -27.926  -47.910  79.653 0.0000000000
46613  -29.342  -45.029  77.208 0.0000000000
47612  -27.634  -43.378  77.834 0.0000000000
47601  -27.760  -43.746  78.629 0.0000000000
47593  -29.336  -43.058  80.027 0.0000000000
46601  -29.309  -43.755  79.260 0.0000000000
47602  -29.876  -43.292  80.205 0.0000000000
45544  -31.607  -44.865  79.143 0.0000000000
46615  -30.930  -44.470  78.536 0.0000000000
45564  -31.483  -45.074  77.758 0.0000000000
45586  -31.359  -45.318  76.625 0.0000000000
44404  -31.956  -45.731  77.141 0.0000000000
44418  -32.449  -46.396  76.626 0.0000000000
43359  -33.378  -47.956  78.079 0.0000000000
43373  -33.389  -47.967  76.871 0.0000000000
139385  -33.853  -48.733  77.583 0.0000000000
42340  -33.904  -48.807  76.441 0.0000000000
136792  -35.588  -49.360  78.929 0.0000000000
41354  -34.966  -49.386  78.657 0.0000000000
41355  -35.343  -49.824  78.197 0.0000000000
40312  -35.364  -50.279  77.366 0.0000000000
40322  -36.440  -50.849  76.785 0.0000000000
40316  -38.529  -50.567  77.312 0.0000000000
40324  -38.316  -50.992  76.798 0.0000000000
129415  -39.098  -50.855  76.627 0.0000000000
39118  -39.832  -51.052  76.045 0.0000000000
40325  -39.827  -50.549  76.429 0.0000000000
44391  -38.559  -46.847  78.219 0.0000000000
43346  -38.092  -47.639  78.767 0.0000000000
42318  -38.381  -48.104  78.723 0.0000000000
42328  -38.666  -48.568  78.260 0.0000000000
42319  -39.015  -47.863  78.238 0.0000000000
134272  -41.180  -48.348  76.354 0.0000000000
42343  -41.786  -48.838  75.940 0.0000000000
41374  -41.637  -49.688  75.867 0.0000000000
44425  -43.829  -46.511  75.751 0.0000000000
43395  -44.035  -46.919  75.322 0.0000000000
44426  -44.405  -46.300  75.495 0.0000000000
50705  -40.908  -41.359  76.232 0.0000000000
50688  -41.206  -40.314  76.672 0.0000000000
142786  -41.323  -39.053  77.948 0.0000000000
51783  -41.168  -39.618  78.174 0.0000000000
51770  -41.620  -39.398  78.309 0.0000000000
50659  -41.717  -40.415  78.275 0.0000000000
141626  -42.316  -39.637  78.312 0.0000000000
54903  -42.871  -36.814  77.771 0.0000000000
53954  -42.692  -37.505  77.974 0.0000000000
53955  -43.034  -37.413  78.087 0.0000000000
52918  -45.209  -38.200  76.957 0.0000000000
52901  -44.302  -38.277  77.549 0.0000000000
51786  -44.529  -39.094  76.960 0.0000000000
50672  -43.869  -39.913  77.033 0.0000000000
141670  -48.262  -39.023  76.101 0.0000000000
51810  -47.361  -39.440  75.797 0.0000000000
54005  -48.758  -37.838  75.078 0.0000000000
55742  -47.671  -36.206  76.176 0.0000000000
55760  -48.356  -36.481  74.616 0.0000000000
54953  -48.682  -36.607  73.242 0.0000000000
54959  -48.816  -36.852  72.483 0.0000000000
55784  -47.442  -35.185  72.091 0.0000000000
38045  -27.769  -52.003  78.664 0.0000000000
38054  -27.309  -52.235  77.823 0.0000000000
58741  -52.099  -33.171  72.347 0.0000000000
57775  -52.542  -33.525  71.545 0.0000000000
62148  -50.771  -29.340  69.648 0.0000000000
62151  -52.613  -29.682  68.782 0.0000000000
62150  -52.467  -29.723  69.403 0.0000000000
62169  -53.472  -29.536  67.225 0.0000000000
141027  -53.553  -31.547  67.442 0.0000000000
58777  -54.231  -33.676  67.602 0.0000000000
64088  -55.614  -27.052  64.695 0.0000000000
66900  -59.281  -24.191  63.498 0.0000000000
129304  -58.431  -23.786  62.746 0.0000000000
66899  -58.448  -24.374  63.729 0.0000000000
66898  -57.465  -24.593  63.583 0.0000000000
66897  -56.374  -24.783  63.282 0.0000000000
65993  -55.466  -24.973  62.728 0.0000000000
154398  -55.747  -25.127  63.279 0.0000000000
65981  -55.085  -25.395  62.913 0.0000000000
65982  -56.298  -25.233  63.694 0.0000000000
64090  -57.550  -26.968  65.157 0.0000000000
65033  -56.844  -26.291  64.942 0.0000000000
64089  -56.975  -26.802  65.614 0.0000000000
154727  -56.338  -26.937  65.459 0.0000000000
64073  -57.282  -27.372  65.730 0.0000000000
63149  -57.413  -28.262  66.053 0.0000000000
140249  -44.651  -32.548  76.731 0.0000000000
59699  -44.720  -31.738  76.269 0.0000000000
152325  -44.045  -31.689  76.179 0.0000000000
59717  -43.637  -31.096  74.885 0.0000000000
48663  -39.310  -42.913  76.968 0.0000000000
48647  -39.472  -42.731  77.030 0.0000000000
49657  -40.025  -42.129  77.171 0.0000000000
49658  -40.562  -41.395  77.593 0.0000000000
55748  -42.993  -35.179  76.070 0.0000000000
55741  -42.740  -35.140  77.062 0.0000000000
56704  -43.017  -34.366  76.476 0.0000000000
57700  -43.540  -33.783  77.322 0.0000000000
56679  -44.528  -34.023  77.490 0.0000000000
56680  -44.812  -34.057  77.448 0.0000000000
57702  -44.494  -33.499  77.310 0.0000000000
58697  -44.358  -32.909  77.019 0.0000000000
63083  -50.271  -28.937  72.377 0.0000000000
62121  -51.050  -29.192  72.054 0.0000000000
130467  -51.250  -29.204  71.307 0.0000000000
62137  -51.771  -29.371  70.855 0.0000000000
62179  -57.765  -29.952  66.696 0.0000000000
62180  -58.336  -30.558  66.386 0.0000000000
65065  -59.861  -25.894  61.738 0.0000000000
65075  -59.827  -26.079  60.764 0.0000000000
149646  -58.769  -27.432  60.516 0.0000000000
68840  -61.114  -21.278  60.550 0.0000000000
68831  -61.282  -22.190  61.158 0.0000000000
67873  -61.584  -22.581  61.525 0.0000000000
68832  -61.484  -22.360  61.233 0.0000000000
67879  -61.433  -23.209  60.068 0.0000000000
66953  -60.841  -24.024  59.259 0.0000000000
67891  -60.954  -23.288  58.701 0.0000000000
67907  -60.916  -22.818  57.693 0.0000000000
70884  -62.441  -19.631  57.621 0.0000000000
69946  -61.903  -20.592  57.528 0.0000000000
69958  -62.256  -20.825  56.389 0.0000000000
67943  -62.441  -23.151  55.593 0.0000000000
56746  -47.211  -34.552  72.707 0.0000000000
62065  -46.451  -29.269  75.303 0.0000000000
62077  -46.352  -28.783  75.082 0.0000000000
62078  -47.082  -28.949  74.839 0.0000000000
63055  -47.851  -28.811  74.163 0.0000000000
62092  -48.790  -28.741  73.814 0.0000000000
140850  -47.419  -28.553  73.963 0.0000000000
63079  -47.362  -28.645  73.213 0.0000000000
62105  -47.130  -29.272  72.030 0.0000000000
39106  -28.171  -51.356  78.746 0.0000000000
41334  -28.418  -49.864  78.757 0.0000000000
143713  -28.301  -48.995  79.207 0.0000000000
145994  -29.579  -44.438  77.920 0.0000000000
46594  -30.541  -43.485  80.445 0.0000000000
44405  -32.519  -46.374  77.847 0.0000000000
44388  -32.662  -46.361  79.223 0.0000000000
43342  -33.497  -47.876  79.360 0.0000000000
41336  -36.050  -49.732  78.784 0.0000000000
40314  -36.463  -50.500  77.628 0.0000000000
40307  -36.415  -50.102  78.363 0.0000000000
41357  -37.880  -50.023  77.936 0.0000000000
41358  -38.705  -49.552  77.636 0.0000000000
45568  -38.862  -45.893  77.653 0.0000000000
45548  -39.105  -45.943  77.728 0.0000000000
43363  -39.312  -47.094  78.009 0.0000000000
135571  -39.527  -47.718  77.754 0.0000000000
43378  -41.819  -47.791  76.213 0.0000000000
45591  -43.410  -45.847  76.286 0.0000000000
48651  -42.737  -42.886  77.064 0.0000000000
47621  -43.437  -43.745  76.691 0.0000000000
136391  -43.637  -43.059  76.737 0.0000000000
49675  -46.070  -41.755  75.430 0.0000000000
138342  -45.631  -41.095  75.753 0.0000000000
51808  -41.934  -39.745  75.923 0.0000000000
129814  -41.644  -38.831  78.217 0.0000000000
143024  -44.508  -36.872  77.734 0.0000000000
53970  -43.785  -37.524  77.925 0.0000000000
52919  -46.244  -38.367  76.703 0.0000000000
51800  -46.488  -39.257  76.268 0.0000000000
52938  -48.553  -38.565  76.149 0.0000000000
53995  -48.575  -37.849  75.919 0.0000000000
54927  -48.484  -37.219  75.531 0.0000000000
56706  -46.998  -34.843  75.700 0.0000000000
55750  -47.524  -35.622  75.581 0.0000000000
41313  -26.038  -50.058  79.459 0.0000000000
40290  -26.657  -51.394  79.687 0.0000000000
40304  -27.910  -51.413  79.248 0.0000000000
58750  -53.322  -33.387  71.270 0.0000000000
57784  -53.315  -34.003  70.761 0.0000000000
62159  -50.903  -29.519  68.651 0.0000000000
62160  -51.574  -29.312  69.138 0.0000000000
62161  -52.204  -29.377  68.722 0.0000000000
65055  -58.809  -25.760  63.486 0.0000000000
65985  -58.530  -25.003  63.856 0.0000000000
65976  -57.234  -25.680  64.404 0.0000000000
65035  -57.690  -26.326  64.605 0.0000000000
63162  -58.197  -29.072  64.910 0.0000000000
70851  -61.052  -20.022  59.787 0.0000000000
70852  -61.355  -20.122  59.403 0.0000000000
135781  -61.954  -19.666  58.682 0.0000000000
72804  -62.081  -18.365  58.553 0.0000000000
70872  -62.376  -19.107  58.403 0.0000000000
71872  -62.694  -18.561  58.156 0.0000000000
59707  -45.666  -30.733  75.642 0.0000000000
145199  -45.037  -30.884  75.744 0.0000000000
60907  -45.819  -29.928  75.550 0.0000000000
143671  -45.292  -29.467  75.137 0.0000000000
62090  -44.859  -29.517  74.229 0.0000000000
62102  -44.843  -29.730  73.325 0.0000000000
42301  -26.853  -48.709  80.175 0.0000000000
42302  -27.347  -48.678  80.260 0.0000000000
138652  -27.028  -47.965  80.181 0.0000000000
44370  -27.305  -46.379  79.761 0.0000000000
45528  -27.474  -45.615  79.461 0.0000000000
46591  -27.796  -44.790  79.231 0.0000000000
43343  -36.030  -47.756  79.293 0.0000000000
46607  -39.903  -44.900  77.656 0.0000000000
134734  -40.910  -45.014  77.330 0.0000000000
45571  -41.739  -44.817  77.042 0.0000000000
46620  -41.174  -44.129  77.439 0.0000000000
47619  -41.491  -43.284  77.491 0.0000000000
150623  -40.533  -42.631  77.561 0.0000000000
48649  -41.316  -42.508  77.667 0.0000000000
48650  -41.945  -42.651  77.524 0.0000000000
129587  -42.246  -42.111  77.544 0.0000000000
49661  -42.710  -41.476  77.503 0.0000000000
54003  -43.097  -37.553  75.640 0.0000000000
53984  -42.528  -37.374  76.646 0.0000000000
54902  -42.693  -36.864  77.530 0.0000000000
55729  -43.416  -35.289  77.551 0.0000000000
55717  -43.347  -36.063  77.665 0.0000000000
54893  -44.045  -36.075  77.653 0.0000000000
54905  -44.688  -36.368  77.680 0.0000000000
54907  -45.997  -36.256  77.499 0.0000000000
54918  -46.705  -36.508  76.894 0.0000000000
136083  -46.306  -35.282  76.795 0.0000000000
151950  -45.101  -34.563  77.329 0.0000000000
56694  -45.591  -34.560  76.875 0.0000000000
56705  -46.493  -34.363  76.264 0.0000000000
132938  -25.981  -49.219  79.000 0.0000000000
59736  -50.355  -31.562  73.766 0.0000000000
59749  -51.081  -32.105  73.368 0.0000000000
59750  -51.863  -31.802  73.107 0.0000000000
58742  -52.403  -32.415  72.487 0.0000000000
143799  -53.228  -32.426  71.535 0.0000000000
150977  -53.843  -33.096  70.885 0.0000000000
62175  -52.465  -29.177  66.956 0.0000000000
62176  -54.166  -29.508  67.104 0.0000000000
67858  -60.138  -23.432  62.761 0.0000000000
66922  -59.330  -23.468  62.381 0.0000000000
65056  -59.519  -25.574  62.757 0.0000000000
136560  -58.827  -26.531  62.745 0.0000000000
57731  -42.982  -33.214  74.812 0.0000000000
57743  -43.363  -33.051  74.004 0.0000000000
57744  -43.638  -33.721  73.412 0.0000000000
52954  -43.291  -38.421  75.132 0.0000000000
54933  -43.407  -36.786  75.224 0.0000000000
148031  -43.665  -36.031  74.752 0.0000000000
55757  -43.321  -35.238  75.164 0.0000000000
56719  -43.603  -34.530  74.665 0.0000000000
150670  -42.999  -33.944  74.917 0.0000000000
61026  -49.040  -30.249  69.170 0.0000000000
62147  -49.752  -29.725  69.839 0.0000000000
61044  -50.167  -30.129  68.039 0.0000000000
62173  -51.041  -29.807  66.888 0.0000000000
62174  -51.737  -29.417  66.587 0.0000000000
142386  -53.656  -28.443  66.158 0.0000000000
152978  -54.221  -28.168  66.292 0.0000000000
153026  -54.893  -27.793  66.037 0.0000000000
66941  -59.019  -24.163  59.988 0.0000000000
66934  -59.692  -23.352  61.276 0.0000000000
66923  -60.552  -22.930  62.288 0.0000000000
66912  -60.876  -23.275  62.569 0.0000000000
66017  -61.240  -24.342  61.744 0.0000000000
66925  -61.605  -22.813  61.863 0.0000000000
66016  -60.319  -25.521  60.383 0.0000000000
65083  -59.628  -26.197  59.797 0.0000000000
65082  -58.922  -26.861  59.244 0.0000000000
66041  -59.727  -25.199  57.742 0.0000000000
135700  -61.719  -21.096  59.102 0.0000000000
68869  -61.446  -21.942  58.291 0.0000000000
68888  -61.121  -22.286  56.971 0.0000000000
57756  -47.979  -33.230  72.213 0.0000000000
145389  -48.409  -33.368  71.508 0.0000000000
58723  -46.584  -32.558  74.116 0.0000000000
58724  -47.377  -32.011  74.067 0.0000000000
59720  -48.115  -31.261  74.337 0.0000000000
58725  -48.387  -31.918  74.071 0.0000000000
59734  -48.998  -31.620  74.211 0.0000000000
59735  -49.701  -31.609  74.082 0.0000000000
60950  -50.382  -30.694  73.873 0.0000000000
62081  -50.191  -29.876  73.958 0.0000000000
63067  -49.989  -28.794  73.259 0.0000000000
129152  -49.348  -28.697  73.434 0.0000000000
63082  -49.524  -28.727  72.760 0.0000000000
58731  -43.155  -32.231  73.742 0.0000000000
154749  -43.416  -31.187  73.265 0.0000000000
59748  -43.154  -31.537  72.506 0.0000000000
60948  -43.660  -30.923  73.664 0.0000000000
143803  -43.843  -30.757  73.281 0.0000000000
147834  -44.259  -30.405  72.810 0.0000000000
62116  -44.851  -29.995  72.426 0.0000000000
60978  -44.964  -30.258  71.784 0.0000000000
60979  -45.522  -30.307  71.407 0.0000000000
61025  -48.252  -30.689  69.494 0.0000000000
38079  -26.849  -52.103  75.200 0.0000000000
39122  -27.946  -51.536  76.021 0.0000000000
42303  -27.950  -48.712  79.875 0.0000000000
149250  -28.134  -48.456  79.455 0.0000000000
46614  -30.202  -44.264  78.171 0.0000000000
46602  -30.298  -43.858  79.482 0.0000000000
43358  -32.951  -47.134  77.317 0.0000000000
43330  -33.759  -47.534  80.210 0.0000000000
148210  -34.381  -49.211  78.169 0.0000000000
137020  -34.830  -49.781  77.721 0.0000000000
40323  -37.316  -50.901  76.946 0.0000000000
39116  -38.011  -51.242  76.050 0.0000000000
43344  -36.990  -47.909  79.791 0.0000000000
43362  -37.793  -47.166  78.087 0.0000000000
128573  -37.467  -47.671  78.775 0.0000000000
43345  -37.516  -47.913  79.287 0.0000000000
41359  -39.550  -49.716  76.818 0.0000000000
42341  -40.044  -49.134  76.580 0.0000000000
41372  -40.587  -50.132  76.380 0.0000000000
41373  -41.282  -50.222  76.119 0.0000000000
46631  -42.789  -44.885  76.647 0.0000000000
135102  -43.663  -45.074  76.459 0.0000000000
129850  -44.152  -44.408  76.454 0.0000000000
143776  -44.289  -45.181  76.205 0.0000000000
49673  -40.711  -41.963  75.344 0.0000000000
51797  -40.961  -39.876  77.780 0.0000000000
50657  -40.825  -40.511  78.044 0.0000000000
50670  -42.448  -40.570  77.972 0.0000000000
50671  -43.285  -40.739  77.374 0.0000000000
52879  -42.190  -38.151  78.011 0.0000000000
139730  -41.946  -38.610  78.271 0.0000000000
52900  -43.505  -38.377  77.934 0.0000000000
147635  -43.045  -39.081  78.129 0.0000000000
50707  -46.417  -40.786  75.541 0.0000000000
50692  -46.654  -39.954  75.734 0.0000000000
54919  -47.520  -36.591  76.571 0.0000000000
54017  -48.646  -37.019  74.922 0.0000000000
133110  -48.290  -36.477  71.694 0.0000000000
38053  -26.645  -52.589  78.096 0.0000000000
62138  -52.265  -29.691  70.247 0.0000000000
61003  -53.179  -30.931  70.220 0.0000000000
145581  -54.268  -32.678  69.827 0.0000000000
61045  -52.896  -30.010  68.374 0.0000000000
59810  -53.131  -31.290  68.055 0.0000000000
133412  -53.687  -32.613  68.519 0.0000000000
63177  -53.400  -28.265  63.544 0.0000000000
64071  -55.817  -27.493  65.990 0.0000000000
66921  -57.509  -24.163  62.355 0.0000000000
66920  -56.548  -24.581  61.988 0.0000000000
66908  -56.942  -24.413  62.881 0.0000000000
65043  -54.793  -26.188  63.169 0.0000000000
65031  -55.494  -26.571  63.889 0.0000000000
65975  -56.618  -25.703  64.238 0.0000000000
64072  -56.538  -27.242  65.997 0.0000000000
62190  -57.969  -29.646  66.416 0.0000000000
62191  -58.800  -30.811  66.149 0.0000000000
62200  -58.820  -30.227  65.332 0.0000000000
40306  -36.101  -50.228  78.182 0.0000000000
40315  -37.120  -50.387  77.813 0.0000000000
40332  -40.334  -50.997  75.608 0.0000000000
41319  -36.241  -49.234  79.265 0.0000000000
41356  -35.812  -50.059  78.217 0.0000000000
45549  -39.642  -45.649  77.695 0.0000000000
46619  -40.363  -44.346  77.561 0.0000000000
46632  -43.075  -44.206  76.691 0.0000000000
47586  -31.334  -43.638  80.646 0.0000000000
47605  -40.031  -43.988  77.598 0.0000000000
47618  -40.615  -43.736  77.531 0.0000000000
48603  -31.032  -43.158  80.738 0.0000000000
48604  -31.611  -43.420  80.565 0.0000000000
48616  -32.063  -43.138  79.972 0.0000000000
52881  -42.903  -38.143  78.213 0.0000000000
52899  -42.017  -38.304  77.880 0.0000000000
53969  -42.555  -37.570  77.841 0.0000000000
54892  -43.233  -36.809  77.869 0.0000000000
56669  -44.421  -34.646  77.518 0.0000000000
56693  -43.025  -34.296  77.101 0.0000000000
57701  -44.185  -33.575  77.432 0.0000000000
57795  -54.433  -34.423  70.072 0.0000000000
58695  -43.898  -33.035  77.232 0.0000000000
58696  -44.047  -32.586  76.880 0.0000000000
58705  -44.238  -32.104  76.513 0.0000000000
59716  -43.318  -31.706  75.286 0.0000000000
60892  -44.032  -31.391  75.845 0.0000000000
60925  -43.532  -31.102  74.001 0.0000000000
60927  -44.573  -30.201  75.107 0.0000000000
60931  -49.776  -30.265  74.324 0.0000000000
62064  -45.855  -29.222  75.345 0.0000000000
62075  -45.038  -29.465  74.826 0.0000000000
62094  -50.161  -29.233  73.657 0.0000000000
62104  -46.005  -29.116  72.943 0.0000000000
63054  -46.924  -28.719  74.539 0.0000000000
66911  -60.117  -23.612  62.918 0.0000000000
66924  -61.347  -23.515  62.243 0.0000000000
67868  -61.530  -22.631  61.638 0.0000000000
67880  -61.542  -22.393  60.780 0.0000000000
70862  -62.324  -18.884  58.485 0.0000000000
72815  -62.377  -17.853  58.385 0.0000000000
130899  -60.424  -21.406  59.923 0.0000000000
133035  -44.233  -33.118  77.247 0.0000000000
137862  -27.533  -52.158  77.025 0.0000000000
142184  -50.869  -32.608  73.015 0.0000000000
148770  -61.037  -24.396  62.157 0.0000000000
151722  -42.594  -35.805  77.157 0.0000000000
153792  -39.600  -43.138  77.329 0.0000000000
154635  -45.285  -29.177  74.617 0.0000000000
154857  -44.386  -45.765  75.829 0.0000000000
