#!ascii label  , from subject sub-v1s7x0051323_ses-1 vox2ras=TkReg
1437
75230  -23.176  -16.742  2.506 0.5555555820
75256  -24.558  -16.485  1.465 0.6666666865
76965  -24.732  -14.766  0.301 0.7777777910
76966  -25.586  -14.780  0.132 0.7777777910
76984  -25.808  -13.578  -0.613 0.8888888955
77904  -29.280  -13.306  0.538 0.8888888955
74372  -22.983  -17.453  3.010 0.5555555820
75248  -22.723  -15.905  2.671 0.5555555820
138062  -23.449  -15.064  1.095 0.6666666865
77901  -23.786  -13.735  0.725 0.8888888955
144474  -27.221  -14.237  0.277 0.8888888955
77920  -27.276  -13.501  -0.998 0.8888888955
78927  -27.593  -12.558  -1.814 1.0000000000
78898  -29.661  -12.385  0.255 0.8888888955
80743  -29.626  -11.438  -0.159 1.0000000000
76946  -22.772  -14.034  1.652 0.7777777910
79819  -23.944  -11.752  0.436 1.0000000000
80735  -23.217  -10.251  1.093 1.0000000000
79820  -24.543  -11.641  -0.153 1.0000000000
80765  -25.829  -10.642  -1.650 1.0000000000
80753  -24.590  -10.884  -0.335 1.0000000000
79858  -27.039  -11.258  -2.286 1.0000000000
153355  -25.158  -9.857  -0.984 1.0000000000
130629  -26.143  -9.884  -1.811 1.0000000000
80784  -27.655  -10.841  -2.493 1.0000000000
139988  -28.725  -10.540  -1.280 1.0000000000
80782  -26.589  -9.828  -2.459 1.0000000000
80783  -27.142  -10.406  -2.603 1.0000000000
81692  -29.308  -9.842  -0.703 1.0000000000
81731  -27.971  -9.151  -3.060 1.0000000000
143562  -29.101  -9.078  -1.095 0.7777777910
82581  -22.372  -8.811  1.800 0.8888888955
81679  -23.458  -9.529  0.712 1.0000000000
81700  -25.237  -9.405  -1.427 1.0000000000
142173  -23.593  -8.784  0.317 1.0000000000
82607  -24.783  -8.787  -1.504 1.0000000000
81715  -25.709  -8.937  -2.153 1.0000000000
81729  -27.217  -9.383  -3.149 1.0000000000
81746  -27.486  -9.113  -3.735 1.0000000000
82621  -28.292  -8.744  -2.690 1.0000000000
82598  -29.333  -8.304  -0.995 0.8888888955
82622  -28.725  -8.066  -2.322 1.0000000000
82599  -29.867  -8.055  -0.299 0.7777777910
135058  -30.595  -7.778  0.173 0.7777777910
84516  -20.700  -6.640  2.973 0.5555555820
85479  -21.406  -5.542  1.886 0.7777777910
84535  -22.111  -6.474  1.479 0.8888888955
82619  -24.623  -7.983  -1.775 1.0000000000
82620  -24.864  -8.791  -2.119 1.0000000000
148588  -24.321  -7.380  -1.449 0.8888888955
82635  -24.174  -8.311  -2.471 1.0000000000
82650  -24.909  -8.572  -3.688 1.0000000000
143893  -28.397  -7.622  -3.966 1.0000000000
83582  -28.169  -7.762  -2.870 0.8888888955
83594  -28.525  -7.369  -4.020 1.0000000000
84591  -28.113  -6.978  -2.909 0.8888888955
131148  -30.408  -6.520  -0.152 0.7777777910
83548  -32.534  -7.051  0.590 0.6666666865
129006  -31.608  -6.397  0.409 0.6666666865
86354  -18.961  -5.177  4.193 0.4444444478
85462  -20.120  -5.566  3.381 0.7777777910
86373  -19.826  -4.833  3.435 0.6666666865
153340  -22.459  -5.421  0.638 0.7777777910
136612  -23.532  -6.237  -0.693 0.8888888955
153849  -23.430  -7.014  -2.596 0.8888888955
83607  -25.690  -7.851  -4.336 1.0000000000
84613  -24.233  -6.480  -4.103 1.0000000000
84615  -26.256  -6.913  -4.906 1.0000000000
83621  -27.206  -6.840  -5.067 1.0000000000
84617  -28.401  -6.350  -4.109 0.8888888955
85559  -28.863  -6.017  -1.898 0.7777777910
84563  -30.091  -5.829  -0.476 0.7777777910
147675  -33.128  -6.248  0.641 0.5555555820
85532  -30.438  -5.059  -0.302 0.7777777910
85515  -32.028  -4.970  0.546 0.6666666865
86383  -20.182  -4.063  2.848 0.6666666865
86372  -19.382  -4.487  3.698 0.6666666865
85510  -22.238  -4.935  0.907 0.7777777910
86406  -21.420  -4.463  1.629 0.7777777910
84589  -23.800  -5.432  -2.226 0.8888888955
84612  -23.496  -6.129  -3.662 0.8888888955
85569  -23.092  -5.054  -2.932 1.0000000000
85582  -24.850  -5.605  -4.609 1.0000000000
85593  -26.477  -5.391  -5.298 1.0000000000
84630  -26.669  -6.194  -5.166 0.8888888955
86484  -28.161  -5.267  -2.948 0.8888888955
85547  -29.024  -5.121  -1.395 0.8888888955
85548  -29.707  -5.107  -0.727 0.7777777910
85570  -27.923  -5.093  -3.887 0.8888888955
86470  -28.428  -4.737  -2.050 0.7777777910
86459  -30.069  -4.372  -0.563 0.7777777910
86427  -33.575  -4.505  0.508 0.6666666865
87214  -19.392  -4.016  3.624 0.6666666865
149448  -17.852  -3.737  5.178 0.5555555820
86420  -22.368  -4.425  0.449 0.8888888955
147213  -23.635  -4.875  -2.201 0.8888888955
87333  -23.269  -4.031  -3.417 1.0000000000
130738  -24.046  -4.858  -4.356 1.0000000000
86497  -27.143  -4.798  -4.637 1.0000000000
85594  -26.880  -4.928  -5.256 0.8888888955
86457  -28.831  -4.251  -1.177 0.7777777910
87283  -30.358  -3.629  -0.388 0.7777777910
87270  -32.980  -3.816  0.628 0.6666666865
87271  -33.919  -3.742  0.346 0.5555555820
86428  -34.450  -4.425  0.102 0.5555555820
87226  -20.444  -3.380  2.538 0.7777777910
87264  -21.652  -4.010  1.297 0.8888888955
127638  -23.917  -4.166  -2.963 1.0000000000
87335  -24.140  -3.474  -4.298 1.0000000000
87314  -27.467  -3.717  -2.827 0.8888888955
86483  -27.353  -4.469  -3.545 0.8888888955
148360  -27.442  -3.139  -1.889 0.8888888955
141113  -30.574  -2.893  -0.309 0.7777777910
142321  -32.014  -2.123  0.486 0.7777777910
144832  -32.834  -2.450  0.495 0.7777777910
136631  -34.239  -3.012  0.147 0.5555555820
88889  -30.588  -1.702  -0.699 0.7777777910
88893  -34.176  -1.733  -0.053 0.5555555820
145937  -34.449  -2.411  -0.146 0.5555555820
88892  -33.014  -1.612  0.407 0.6666666865
88828  -19.312  -1.462  4.206 0.4444444478
88056  -20.355  -2.674  2.591 0.5555555820
88094  -22.089  -3.157  0.567 0.7777777910
87312  -23.670  -3.787  -2.356 1.0000000000
87282  -22.481  -3.787  0.035 0.8888888955
87313  -24.382  -3.351  -2.730 1.0000000000
87325  -25.575  -3.238  -3.338 0.8888888955
88135  -26.328  -2.727  -3.116 0.8888888955
87327  -26.880  -3.552  -3.320 0.8888888955
87300  -28.138  -2.901  -1.520 0.8888888955
88119  -28.946  -2.602  -1.018 0.8888888955
88890  -31.229  -1.861  -0.119 0.6666666865
88900  -34.610  -1.332  -0.851 0.5555555820
88897  -22.771  -0.637  -1.323 0.6666666865
88103  -22.244  -1.988  0.033 0.6666666865
88118  -23.662  -1.836  -1.990 0.7777777910
88134  -25.599  -2.271  -2.887 0.8888888955
151920  -25.130  -1.883  -2.723 0.7777777910
88917  -26.007  -1.856  -2.759 0.7777777910
88126  -26.533  -1.973  -2.559 0.8888888955
88910  -27.567  -1.184  -1.730 0.7777777910
88127  -27.257  -2.220  -1.827 0.8888888955
145884  -28.529  -1.100  -1.493 0.7777777910
146288  -29.196  -1.862  -1.168 0.7777777910
88888  -29.940  -1.806  -0.902 0.6666666865
90683  -30.296  0.127  -1.164 0.6666666865
152026  -31.249  -0.092  -0.462 0.6666666865
89777  -31.841  -0.613  -0.056 0.6666666865
89776  -31.216  -1.088  -0.342 0.5555555820
91519  -33.143  1.382  -1.079 0.6666666865
90685  -32.678  0.664  -0.584 0.5555555820
90687  -34.348  0.676  -1.649 0.5555555820
152847  -34.403  -0.811  -0.934 0.4444444478
91521  -34.395  1.462  -2.073 0.5555555820
90679  -22.226  0.997  -1.297 0.3333333433
89782  -23.578  0.405  -2.215 0.5555555820
88898  -23.455  -0.607  -1.911 0.6666666865
89791  -24.427  0.521  -2.486 0.5555555820
141446  -24.845  -0.280  -2.613 0.7777777910
139240  -26.474  -0.385  -2.383 0.7777777910
90698  -27.410  0.916  -1.810 0.6666666865
144845  -27.096  -0.459  -2.128 0.6666666865
89794  -26.922  0.274  -2.133 0.6666666865
90682  -29.318  0.351  -1.471 0.6666666865
141544  -29.785  1.071  -1.345 0.6666666865
141533  -31.439  1.905  -1.301 0.6666666865
139510  -32.519  2.043  -1.342 0.6666666865
91520  -34.010  1.436  -1.410 0.5555555820
142423  -34.449  2.168  -2.534 0.5555555820
92337  -34.154  2.122  -1.875 0.6666666865
133545  -23.651  1.520  -2.390 0.4444444478
91510  -22.520  1.527  -1.397 0.4444444478
90693  -23.565  1.014  -2.331 0.4444444478
145117  -24.876  1.403  -2.302 0.5555555820
90695  -24.695  0.850  -2.434 0.5555555820
91530  -27.636  1.387  -2.168 0.6666666865
90697  -26.699  0.962  -2.061 0.6666666865
91531  -27.935  1.554  -2.178 0.6666666865
90681  -28.311  0.669  -1.602 0.6666666865
91518  -30.298  1.863  -1.392 0.6666666865
92335  -31.882  2.746  -1.428 0.6666666865
93159  -34.250  3.568  -2.688 0.6666666865
93166  -34.508  3.669  -3.424 0.5555555820
92348  -34.512  2.900  -2.964 0.6666666865
92329  -24.756  2.205  -1.996 0.4444444478
92332  -28.213  2.329  -2.710 0.6666666865
91515  -28.056  1.788  -2.100 0.6666666865
92333  -28.620  2.599  -2.218 0.6666666865
138847  -28.733  1.245  -1.609 0.6666666865
91517  -29.160  1.917  -1.627 0.6666666865
93157  -32.918  3.781  -1.893 0.6666666865
139028  -25.234  -14.141  -0.126 0.8888888955
78896  -24.419  -12.440  0.076 1.0000000000
78910  -25.557  -11.976  -1.070 1.0000000000
79834  -28.491  -12.125  -1.335 1.0000000000
86342  -17.873  -4.517  5.388 0.5555555820
85583  -27.669  -5.615  -4.491 0.8888888955
87215  -19.775  -3.396  3.175 0.5555555820
88842  -20.501  -2.252  2.401 0.5555555820
87265  -22.069  -4.007  0.773 0.7777777910
87324  -24.064  -3.269  -3.927 1.0000000000
87302  -28.805  -3.413  -1.003 0.8888888955
152214  -19.885  -1.066  3.947 0.2222222239
89778  -32.644  -0.684  0.228 0.6666666865
88908  -26.152  -1.128  -2.533 0.7777777910
89786  -34.206  -0.197  -1.061 0.4444444478
91529  -26.481  1.073  -2.104 0.6666666865
92331  -28.093  2.220  -2.295 0.6666666865
87186  -17.291  -3.962  5.912 0.4444444478
87197  -17.596  -2.909  5.406 0.4444444478
149587  -34.533  2.737  -4.646 0.5555555820
141461  -34.619  2.115  -4.281 0.5555555820
91503  -22.897  1.832  -1.629 0.2222222239
91512  -24.032  1.771  -2.350 0.3333333433
130638  -34.584  3.588  -4.481 0.5555555820
73444  -24.237  -18.803  2.966 0.5555555820
74382  -25.118  -17.816  2.445 0.5555555820
74389  -23.827  -16.933  1.789 0.6666666865
75257  -25.487  -16.132  1.141 0.5555555820
75258  -26.617  -16.243  1.150 0.5555555820
76970  -29.248  -14.046  1.085 0.7777777910
77895  -29.946  -13.572  1.009 0.8888888955
73443  -22.731  -18.248  3.395 0.5555555820
76096  -26.224  -15.425  0.567 0.6666666865
76097  -27.106  -14.862  0.659 0.6666666865
76948  -27.825  -14.387  0.703 0.8888888955
77905  -30.603  -13.072  0.919 0.7777777910
78899  -30.412  -12.315  0.874 0.7777777910
79822  -30.803  -11.617  1.044 0.8888888955
74350  -21.286  -17.691  4.320 0.4444444478
76045  -21.004  -15.305  3.666 0.5555555820
80744  -30.361  -11.072  0.532 1.0000000000
78882  -21.811  -12.984  2.457 0.2222222239
78888  -22.478  -12.666  1.767 0.6666666865
81680  -30.518  -9.742  0.434 0.8888888955
81681  -31.227  -9.243  0.654 0.6666666865
82590  -31.281  -8.306  0.534 0.6666666865
80734  -22.301  -10.274  1.663 0.5555555820
154645  -32.666  -7.825  0.703 0.6666666865
82567  -20.908  -8.223  3.314 0.4444444478
84565  -35.307  -6.541  -0.184 0.5555555820
85432  -18.476  -6.150  5.627 0.2222222239
137080  -34.800  -5.870  0.168 0.5555555820
86334  -17.677  -5.055  6.130 0.4444444478
87166  -16.389  -3.539  7.728 0.3333333433
86443  -35.556  -4.447  -1.276 0.5555555820
88044  -20.065  -2.850  2.889 0.4444444478
87315  -35.540  -3.338  -2.402 0.4444444478
89695  -18.652  -0.269  5.110 0.3333333433
88901  -35.150  -1.788  -1.798 0.5555555820
88912  -35.295  -1.046  -2.539 0.4444444478
90673  -21.644  0.856  -0.703 0.3333333433
89774  -21.741  -0.015  -0.417 0.3333333433
88886  -21.731  -1.087  0.212 0.4444444478
90700  -35.076  0.221  -3.030 0.4444444478
91538  -34.806  1.414  -3.908 0.4444444478
93178  -34.287  3.006  -5.454 0.2222222239
92328  -23.776  2.296  -1.953 0.3333333433
92330  -26.916  1.706  -1.910 0.6666666865
93143  -29.193  3.252  -2.406 0.6666666865
92334  -29.702  2.646  -1.781 0.6666666865
93145  -31.431  4.072  -1.907 0.6666666865
94006  -32.092  4.733  -2.162 0.6666666865
94015  -33.656  4.974  -2.662 0.6666666865
94008  -33.620  4.104  -2.434 0.6666666865
93172  -34.520  4.435  -3.845 0.6666666865
94028  -34.505  4.485  -4.765 0.4444444478
135541  -28.059  2.736  -2.687 0.5555555820
75255  -23.761  -16.151  1.190 0.6666666865
74380  -23.610  -17.472  2.305 0.5555555820
74381  -24.139  -17.692  2.214 0.6666666865
155004  -25.333  -16.723  1.753 0.6666666865
76076  -23.748  -15.568  0.842 0.6666666865
76077  -24.329  -15.908  0.859 0.7777777910
76095  -25.095  -15.447  0.550 0.7777777910
76093  -23.931  -14.724  0.679 0.7777777910
136059  -24.482  -14.002  0.270 0.8888888955
147518  -25.849  -14.179  -0.299 0.8888888955
77918  -25.816  -12.728  -1.016 1.0000000000
78909  -25.104  -12.230  -0.491 1.0000000000
76985  -26.468  -13.805  -0.558 0.8888888955
76983  -25.055  -13.188  -0.199 1.0000000000
78897  -28.868  -12.886  -0.291 1.0000000000
77921  -28.119  -13.265  -0.728 0.8888888955
77903  -28.523  -13.423  0.039 0.8888888955
73450  -23.786  -18.084  2.950 0.5555555820
74371  -22.071  -17.561  3.542 0.4444444478
75211  -21.378  -16.931  3.875 0.4444444478
75229  -22.036  -16.792  2.964 0.5555555820
138121  -21.561  -15.961  3.225 0.5555555820
76046  -21.943  -15.147  2.753 0.6666666865
76063  -22.981  -15.334  2.259 0.6666666865
76947  -23.339  -14.289  1.193 0.8888888955
76938  -22.987  -14.761  1.745 0.5555555820
77902  -24.272  -13.215  0.303 0.8888888955
76968  -27.769  -13.775  -0.037 0.8888888955
77933  -27.161  -13.016  -1.665 1.0000000000
78913  -29.023  -12.190  -0.666 1.0000000000
78925  -26.074  -12.004  -1.619 1.0000000000
78926  -26.935  -12.164  -1.917 1.0000000000
79821  -30.168  -11.740  0.557 1.0000000000
79848  -28.795  -11.435  -1.090 1.0000000000
145799  -22.152  -14.164  2.371 0.5555555820
77893  -22.443  -13.456  1.878 0.6666666865
77894  -23.116  -13.323  1.348 0.8888888955
153687  -22.596  -14.823  2.286 0.6666666865
78895  -23.689  -12.664  0.740 1.0000000000
79814  -23.218  -11.741  0.970 0.8888888955
129760  -23.561  -11.011  0.719 0.8888888955
78889  -23.010  -12.423  1.292 1.0000000000
80742  -24.152  -11.100  0.214 1.0000000000
81673  -22.735  -9.534  1.445 1.0000000000
79833  -25.630  -11.354  -1.355 1.0000000000
80752  -24.637  -10.091  -0.460 1.0000000000
79844  -26.011  -11.297  -1.852 1.0000000000
81690  -24.146  -9.476  0.003 1.0000000000
81691  -24.684  -9.315  -0.804 1.0000000000
79859  -28.077  -11.152  -2.296 1.0000000000
80756  -29.903  -10.388  0.071 0.8888888955
80767  -28.304  -10.519  -2.110 1.0000000000
80796  -27.237  -9.724  -2.838 1.0000000000
147310  -25.524  -9.011  -1.903 1.0000000000
80797  -27.768  -9.972  -2.819 1.0000000000
81701  -28.605  -9.666  -1.638 1.0000000000
81693  -29.940  -9.537  -0.043 0.8888888955
143320  -29.659  -8.933  -0.464 0.7777777910
82587  -22.632  -8.025  1.442 1.0000000000
82580  -21.604  -7.913  2.621 0.5555555820
81672  -21.958  -9.581  2.202 0.6666666865
82582  -23.057  -8.766  1.119 1.0000000000
82568  -21.735  -8.851  2.521 0.5555555820
137580  -23.713  -8.041  -0.125 1.0000000000
82588  -23.209  -8.000  0.702 0.8888888955
82606  -24.407  -8.065  -0.979 1.0000000000
82636  -24.668  -9.053  -2.686 1.0000000000
81727  -25.854  -9.192  -2.913 1.0000000000
82652  -26.448  -8.675  -4.313 1.0000000000
82637  -27.999  -8.179  -3.425 1.0000000000
83557  -29.568  -7.444  -0.824 0.8888888955
83558  -30.100  -7.235  -0.247 0.7777777910
83547  -31.394  -7.300  0.420 0.6666666865
84500  -20.188  -7.110  3.550 0.5555555820
83515  -21.140  -7.214  2.856 0.5555555820
84499  -19.840  -6.534  3.756 0.6666666865
84517  -21.275  -6.255  2.402 0.6666666865
83533  -22.186  -7.370  1.853 0.7777777910
83532  -21.709  -6.824  2.213 0.7777777910
84534  -21.646  -6.095  1.801 0.7777777910
138357  -20.466  -5.387  2.838 0.6666666865
84549  -21.987  -5.602  1.285 0.8888888955
84551  -23.180  -6.597  0.178 0.8888888955
84550  -22.497  -6.134  0.746 0.8888888955
83544  -22.695  -7.113  0.936 0.8888888955
83556  -23.782  -7.178  -0.608 1.0000000000
83581  -24.245  -7.195  -2.115 0.8888888955
83593  -24.097  -8.098  -3.225 1.0000000000
83608  -26.840  -7.837  -4.854 1.0000000000
84602  -28.588  -6.654  -3.940 0.8888888955
84592  -28.724  -6.691  -2.337 0.8888888955
84576  -29.323  -6.839  -1.634 0.7777777910
84552  -30.967  -6.612  0.238 0.7777777910
84564  -30.855  -5.852  0.112 0.6666666865
84553  -33.687  -6.907  0.582 0.5555555820
129916  -32.337  -5.948  0.544 0.6666666865
129735  -19.223  -5.125  3.959 0.5555555820
85420  -17.404  -5.095  6.456 0.3333333433
85461  -19.556  -5.761  3.777 0.4444444478
85463  -20.387  -6.126  3.200 0.6666666865
85509  -21.655  -4.983  1.460 0.6666666865
85494  -21.157  -4.965  1.987 0.7777777910
84590  -23.757  -6.342  -2.322 0.8888888955
83606  -24.520  -7.531  -3.992 1.0000000000
84629  -25.858  -5.977  -5.041 1.0000000000
141423  -28.567  -5.419  -2.235 0.7777777910
85517  -34.162  -5.192  0.362 0.5555555820
85546  -23.679  -5.150  -1.668 0.8888888955
85592  -25.691  -4.973  -5.281 1.0000000000
87284  -31.106  -3.526  0.213 0.7777777910
86440  -31.356  -4.347  0.330 0.7777777910
152185  -16.757  -4.124  6.445 0.4444444478
86438  -22.693  -4.260  -0.511 0.8888888955
86496  -24.029  -3.855  -4.478 1.0000000000
87343  -25.567  -3.755  -4.988 0.8888888955
87303  -29.590  -3.746  -0.683 0.7777777910
87285  -32.171  -3.077  0.559 0.6666666865
136663  -34.965  -2.934  -0.554 0.5555555820
87288  -35.415  -3.656  -0.925 0.5555555820
88029  -18.888  -2.330  4.264 0.5555555820
154887  -21.822  -3.683  1.015 0.6666666865
86455  -23.210  -4.036  -1.435 0.8888888955
87337  -25.632  -4.068  -4.045 1.0000000000
87301  -28.103  -3.847  -1.786 0.8888888955
88106  -30.721  -2.276  -0.435 0.8888888955
88108  -33.704  -2.354  0.322 0.6666666865
153066  -29.644  -2.348  -0.818 0.8888888955
88109  -34.937  -2.134  -0.745 0.5555555820
88081  -21.019  -2.960  1.960 0.5555555820
87299  -23.438  -3.401  -1.594 1.0000000000
88117  -23.329  -2.581  -1.294 0.7777777910
88104  -22.664  -2.863  -0.389 0.7777777910
150143  -24.920  -2.782  -2.851 0.8888888955
136624  -23.774  -2.916  -2.100 0.7777777910
138782  -22.829  -1.739  -0.803 0.6666666865
88905  -24.022  -1.057  -2.299 0.6666666865
88867  -21.076  -2.227  1.494 0.7777777910
88906  -24.668  -1.332  -2.581 0.7777777910
88125  -24.259  -2.273  -2.422 0.7777777910
89783  -28.865  -0.313  -1.509 0.6666666865
89785  -30.537  -0.806  -0.871 0.6666666865
89784  -29.816  -0.543  -1.318 0.6666666865
144828  -32.082  1.287  -0.937 0.6666666865
149407  -31.777  0.560  -0.522 0.6666666865
90686  -33.670  0.650  -0.966 0.5555555820
90675  -33.249  -0.012  -0.254 0.5555555820
90699  -34.649  0.728  -2.550 0.4444444478
89796  -34.744  -0.161  -2.251 0.4444444478
91532  -34.624  1.443  -2.949 0.5555555820
89775  -22.174  0.212  -0.981 0.4444444478
89790  -23.956  0.698  -2.477 0.5555555820
89792  -25.147  0.349  -2.495 0.6666666865
89793  -26.104  0.296  -2.345 0.7777777910
93147  -32.931  2.895  -1.626 0.6666666865
92343  -34.213  2.790  -2.318 0.6666666865
91527  -24.217  1.246  -2.490 0.5555555820
91513  -26.072  1.225  -2.176 0.6666666865
141857  -30.829  2.660  -1.542 0.6666666865
93146  -32.148  3.538  -1.591 0.6666666865
93993  -32.306  4.169  -1.832 0.6666666865
88018  -17.351  -1.952  5.726 0.4444444478
154334  -20.646  -1.975  2.169 0.3333333433
86333  -16.988  -4.703  6.420 0.4444444478
87177  -16.625  -3.265  6.463 0.4444444478
92357  -34.398  2.115  -5.171 0.3333333433
152500  -34.450  3.867  -5.304 0.3333333433
77896  -30.810  -14.032  0.962 0.6666666865
73442  -21.994  -18.207  3.979 0.4444444478
73430  -22.547  -18.940  3.991 0.5555555820
131585  -31.083  -10.865  1.005 0.7777777910
73429  -21.566  -18.391  4.805 0.3333333433
82589  -30.419  -8.791  0.194 0.6666666865
139852  -22.012  -10.931  1.716 0.7777777910
85444  -19.179  -5.719  4.106 0.3333333433
84482  -19.427  -6.393  3.997 0.3333333433
84468  -18.697  -7.342  5.476 0.1111111119
85421  -18.383  -5.936  6.350 0.1111111119
86332  -16.553  -4.088  6.868 0.4444444478
136943  -16.569  -2.383  6.924 0.3333333433
88028  -18.111  -1.954  5.097 0.3333333433
88876  -21.268  -1.498  0.912 0.3333333433
94022  -34.283  5.210  -4.072 0.6666666865
94904  -34.243  5.206  -5.128 0.4444444478
73471  -29.328  -18.820  0.812 0.4444444478
72495  -31.028  -19.492  1.356 0.2222222239
138899  -25.552  -19.130  2.252 0.4444444478
73453  -26.031  -18.946  1.986 0.4444444478
74383  -25.971  -18.072  2.194 0.4444444478
74392  -26.575  -17.557  1.895 0.4444444478
128401  -28.166  -18.025  1.133 0.4444444478
74396  -29.833  -17.984  0.561 0.4444444478
74397  -30.857  -18.768  -1.069 0.2222222239
75259  -27.483  -16.371  1.487 0.4444444478
75260  -28.402  -16.474  1.491 0.4444444478
149332  -29.144  -16.264  1.420 0.4444444478
74412  -32.098  -18.391  -1.280 0.1111111119
74413  -32.120  -18.773  -1.438 0.1111111119
76081  -29.620  -15.706  1.435 0.4444444478
75264  -31.617  -16.793  0.166 0.3333333433
130472  -27.851  -15.723  1.500 0.4444444478
76080  -28.637  -15.423  1.430 0.4444444478
76082  -30.700  -16.144  1.323 0.3333333433
76084  -31.688  -15.842  0.127 0.3333333433
75270  -32.100  -17.822  -1.250 0.2222222239
143112  -30.070  -15.152  1.397 0.4444444478
76083  -31.464  -15.835  1.075 0.3333333433
76079  -27.813  -15.039  1.258 0.5555555820
76987  -33.366  -15.004  -0.653 0.2222222239
76103  -33.193  -15.594  -1.575 0.1111111119
144414  -34.306  -15.381  -3.198 0.1111111119
76972  -32.375  -15.057  0.426 0.3333333433
128406  -33.179  -14.662  0.352 0.3333333433
77906  -31.318  -13.336  0.905 0.4444444478
78900  -31.305  -12.412  1.096 0.5555555820
78901  -32.378  -12.190  1.026 0.6666666865
77923  -35.327  -13.198  -0.690 0.4444444478
79823  -31.658  -11.469  1.187 0.6666666865
78915  -35.578  -12.249  -0.628 0.3333333433
79824  -32.636  -11.249  1.085 0.6666666865
80748  -34.692  -10.890  0.632 0.5555555820
150439  -30.602  -10.427  0.603 0.6666666865
137090  -32.922  -10.253  1.001 0.5555555820
80757  -35.365  -10.674  0.198 0.5555555820
79835  -35.208  -11.596  0.262 0.4444444478
132020  -34.999  -10.010  0.701 0.3333333433
80745  -31.216  -10.094  0.839 0.5555555820
82593  -34.423  -8.503  0.684 0.4444444478
83549  -33.426  -7.875  0.691 0.5555555820
81684  -34.347  -9.385  0.835 0.4444444478
83550  -34.493  -7.588  0.492 0.4444444478
93144  -30.351  3.490  -1.934 0.5555555820
93156  -30.501  4.299  -2.379 0.5555555820
94874  -31.852  5.397  -2.602 0.5555555820
94887  -33.394  5.662  -3.056 0.5555555820
95859  -33.374  6.524  -4.263 0.5555555820
72511  -27.495  -19.527  1.494 0.4444444478
73472  -30.483  -19.395  -0.374 0.2222222239
74390  -24.695  -17.155  1.982 0.4444444478
75269  -31.928  -17.087  -0.761 0.2222222239
76102  -32.596  -15.999  -1.163 0.2222222239
76111  -33.185  -16.378  -2.278 0.1111111119
138926  -34.256  -14.681  -0.147 0.4444444478
76988  -34.075  -14.925  -1.082 0.3333333433
77908  -33.739  -14.105  0.496 0.4444444478
79825  -33.378  -11.958  0.853 0.6666666865
78914  -34.944  -12.648  0.343 0.4444444478
80758  -35.596  -9.802  0.026 0.3333333433
82600  -35.236  -8.211  0.308 0.4444444478
84566  -35.380  -5.805  -0.464 0.4444444478
94873  -30.977  5.383  -2.906 0.5555555820
94872  -30.060  5.351  -3.097 0.5555555820
128883  -26.158  -16.746  1.758 0.4444444478
76989  -35.359  -13.658  -2.073 0.2222222239
134275  -33.701  5.850  -3.766 0.5555555820
70567  -26.529  -21.339  2.446 0.4444444478
71528  -26.982  -20.789  2.100 0.4444444478
71529  -27.906  -20.760  1.991 0.4444444478
72493  -29.637  -20.070  1.718 0.2222222239
72494  -30.360  -19.783  1.758 0.2222222239
71509  -30.913  -19.934  2.692 0.1111111119
72480  -24.147  -19.492  3.158 0.4444444478
71526  -25.291  -20.313  2.532 0.4444444478
73474  -31.446  -19.461  -1.129 0.1111111119
74399  -32.424  -18.888  -1.046 0.1111111119
72496  -31.978  -19.116  1.829 0.1111111119
137398  -32.734  -18.909  -1.387 0.1111111119
75288  -32.845  -17.656  -2.255 0.1111111119
74446  -34.547  -18.690  -3.223 0.1111111119
76133  -34.925  -15.778  -3.582 0.1111111119
77001  -34.735  -14.971  -3.680 0.1111111119
77942  -35.481  -13.672  -3.154 0.2222222239
79836  -35.778  -11.314  -0.766 0.1111111119
139682  -35.890  -12.765  -1.749 0.2222222239
80768  -36.089  -10.731  -1.613 0.2222222239
129863  -36.044  -9.760  -1.178 0.2222222239
81694  -35.754  -8.819  -0.335 0.3333333433
83560  -35.687  -7.215  -0.808 0.4444444478
84578  -35.693  -6.654  -1.643 0.3333333433
132572  -35.666  -6.049  -2.248 0.3333333433
85533  -34.981  -5.110  -0.146 0.4444444478
85549  -35.588  -5.226  -1.728 0.3333333433
145332  -20.861  -1.830  1.721 0.4444444478
88129  -35.561  -2.538  -2.496 0.4444444478
90705  -35.201  0.053  -3.804 0.3333333433
93141  -27.296  2.681  -2.123 0.4444444478
147418  -34.052  5.827  -5.435 0.5555555820
93154  -28.863  3.682  -2.733 0.5555555820
94004  -29.846  4.706  -2.645 0.5555555820
94885  -31.523  6.030  -3.059 0.5555555820
95847  -32.125  6.520  -3.522 0.5555555820
95858  -32.684  6.921  -4.071 0.5555555820
137884  -29.357  5.124  -2.759 0.5555555820
73451  -24.606  -18.399  2.603 0.4444444478
73452  -25.361  -18.575  2.386 0.4444444478
76949  -28.535  -14.547  1.181 0.5555555820
76950  -30.004  -14.381  1.263 0.5555555820
81682  -31.989  -9.715  0.959 0.5555555820
139930  -32.001  -8.825  0.771 0.5555555820
147567  -32.730  -8.437  0.786 0.4444444478
90704  -34.916  0.754  -3.459 0.3333333433
74391  -25.696  -17.265  2.197 0.4444444478
76971  -31.810  -14.210  0.794 0.3333333433
76951  -30.805  -15.044  1.270 0.3333333433
73469  -27.814  -18.756  1.281 0.4444444478
135292  -29.851  -19.284  0.460 0.4444444478
72513  -29.191  -19.529  1.074 0.3333333433
74395  -29.286  -18.091  0.834 0.4444444478
72512  -28.291  -19.685  1.096 0.4444444478
72514  -30.414  -19.533  0.648 0.3333333433
73454  -31.213  -19.572  -0.241 0.1111111119
72491  -24.953  -19.325  2.568 0.4444444478
72492  -25.895  -19.709  2.207 0.4444444478
73468  -26.869  -18.592  1.748 0.4444444478
71546  -26.596  -20.188  1.996 0.4444444478
72510  -26.693  -19.536  1.825 0.4444444478
128115  -27.070  -16.971  1.619 0.4444444478
128140  -27.418  -17.827  1.561 0.4444444478
74393  -27.875  -17.165  1.452 0.4444444478
74394  -28.629  -17.504  1.221 0.4444444478
147342  -30.472  -18.947  -0.503 0.4444444478
75262  -30.577  -17.599  0.521 0.4444444478
75261  -29.898  -16.806  1.326 0.4444444478
73473  -30.934  -19.446  -1.082 0.2222222239
75263  -31.307  -17.138  0.483 0.4444444478
74398  -31.606  -19.039  -1.390 0.1111111119
74411  -31.499  -18.342  -1.121 0.2222222239
74424  -32.723  -19.255  -2.104 0.1111111119
140713  -33.249  -18.381  -0.414 0.1111111119
76098  -32.036  -15.870  -0.329 0.3333333433
76953  -31.733  -15.104  0.730 0.3333333433
75279  -32.137  -16.608  -0.929 0.2222222239
150387  -32.722  -16.565  -1.790 0.2222222239
76112  -33.888  -15.306  -2.372 0.1111111119
76120  -33.709  -16.317  -2.872 0.1111111119
148621  -34.574  -14.429  -2.150 0.1111111119
76121  -34.348  -16.310  -3.314 0.1111111119
77907  -32.773  -14.047  0.619 0.3333333433
78902  -33.239  -13.023  0.741 0.4444444478
132436  -34.099  -12.558  0.755 0.4444444478
136920  -34.746  -14.148  -0.643 0.4444444478
78930  -36.141  -12.212  -2.707 0.1111111119
80747  -33.658  -11.061  0.795 0.5555555820
79826  -34.397  -11.780  0.664 0.5555555820
150527  -33.524  -9.604  0.901 0.5555555820
82609  -35.845  -8.149  -1.075 0.4444444478
94005  -31.239  4.765  -2.478 0.5555555820
93155  -29.620  3.978  -2.524 0.5555555820
95848  -33.033  6.306  -3.544 0.5555555820
71547  -27.283  -20.227  1.738 0.4444444478
71548  -27.948  -20.231  1.356 0.4444444478
75298  -33.798  -17.579  -3.222 0.1111111119
94883  -29.893  5.957  -3.549 0.5555555820
152302  -34.992  -14.111  -2.917 0.2222222239
71527  -26.148  -20.593  2.287 0.4444444478
131834  -28.643  -20.822  2.272 0.4444444478
71530  -29.327  -20.552  2.400 0.2222222239
71549  -28.668  -20.304  1.539 0.4444444478
71525  -24.613  -20.082  2.859 0.4444444478
71506  -24.032  -20.293  3.350 0.4444444478
73475  -32.370  -18.771  -0.251 0.1111111119
73455  -32.207  -18.939  0.681 0.1111111119
64691  -27.219  -27.796  7.340 0.1111111119
66632  -24.742  -25.453  5.321 0.3333333433
65700  -26.894  -26.476  6.608 0.2222222239
64717  -27.460  -26.942  7.068 0.1111111119
65701  -27.686  -26.267  6.715 0.1111111119
67544  -23.517  -24.085  5.010 0.3333333433
67531  -23.429  -24.627  5.942 0.3333333433
67532  -23.979  -25.435  5.429 0.3333333433
67546  -25.155  -24.771  4.894 0.3333333433
67547  -26.223  -24.435  5.066 0.3333333433
66618  -26.432  -25.905  6.196 0.2222222239
67548  -26.989  -24.703  5.625 0.2222222239
140884  -27.171  -25.894  6.403 0.2222222239
66619  -27.851  -25.522  6.353 0.1111111119
66634  -26.996  -25.323  6.084 0.2222222239
70518  -22.659  -21.736  5.551 0.2222222239
69517  -23.205  -22.446  5.184 0.2222222239
68508  -23.153  -23.189  5.632 0.2222222239
67545  -24.055  -24.857  4.875 0.3333333433
67533  -27.639  -24.959  5.931 0.1111111119
70531  -22.772  -21.053  5.332 0.2222222239
145243  -23.354  -21.182  3.993 0.3333333433
69533  -23.610  -22.536  4.204 0.3333333433
70546  -23.643  -21.782  3.791 0.3333333433
69549  -24.036  -22.277  3.632 0.3333333433
68525  -23.933  -23.224  4.204 0.3333333433
69534  -24.334  -22.825  3.862 0.3333333433
133157  -25.817  -23.338  4.202 0.3333333433
69535  -25.242  -22.859  3.833 0.3333333433
69536  -26.686  -23.163  4.175 0.3333333433
154260  -26.815  -22.715  3.742 0.3333333433
68528  -27.307  -23.471  4.624 0.3333333433
68510  -27.935  -23.657  5.175 0.1111111119
68529  -28.024  -23.218  4.681 0.2222222239
72467  -22.403  -19.527  5.396 0.2222222239
71490  -23.070  -20.740  4.622 0.2222222239
72468  -22.819  -19.835  4.476 0.3333333433
143548  -23.870  -21.079  3.508 0.3333333433
71507  -24.664  -20.958  2.921 0.3333333433
69550  -24.736  -22.356  3.385 0.3333333433
143785  -26.017  -21.941  2.715 0.3333333433
145436  -26.449  -22.394  3.211 0.3333333433
70549  -26.913  -21.936  2.807 0.3333333433
69537  -27.536  -22.836  4.135 0.3333333433
69538  -28.465  -22.723  4.460 0.1111111119
129390  -22.313  -19.053  4.938 0.3333333433
133161  -23.444  -18.895  3.359 0.3333333433
70566  -25.606  -21.187  2.557 0.3333333433
70550  -27.772  -21.828  3.069 0.3333333433
70568  -27.420  -21.363  2.493 0.3333333433
70569  -28.255  -21.287  2.668 0.3333333433
82623  -35.767  -8.524  -2.085 0.2222222239
83569  -35.666  -7.587  -2.028 0.2222222239
82638  -35.581  -8.185  -2.823 0.2222222239
87304  -35.510  -3.843  -1.842 0.3333333433
86460  -35.519  -4.625  -2.138 0.2222222239
66617  -25.508  -25.941  5.982 0.3333333433
68524  -23.563  -23.244  4.750 0.3333333433
67561  -25.517  -24.022  4.559 0.3333333433
71505  -23.369  -20.496  3.862 0.3333333433
64690  -26.222  -27.816  7.063 0.1111111119
66616  -23.516  -25.447  6.267 0.3333333433
135933  -24.443  -26.003  5.988 0.3333333433
65698  -24.353  -26.681  6.304 0.3333333433
144614  -25.115  -26.447  6.241 0.3333333433
65699  -25.954  -26.625  6.429 0.3333333433
64716  -26.623  -27.160  6.881 0.3333333433
130888  -28.100  -28.177  7.676 0.1111111119
65677  -28.122  -27.374  7.412 0.1111111119
147436  -28.213  -26.657  7.134 0.1111111119
68507  -22.629  -22.369  6.062 0.2222222239
66620  -28.608  -25.357  6.452 0.1111111119
70509  -22.501  -21.469  6.405 0.2222222239
67549  -27.918  -24.331  5.625 0.1111111119
69518  -28.723  -23.240  5.153 0.1111111119
71489  -22.643  -20.265  5.367 0.2222222239
137151  -29.180  -22.694  4.806 0.1111111119
69553  -28.138  -22.241  3.794 0.1111111119
70570  -28.982  -20.969  3.041 0.1111111119
73405  -21.755  -18.833  5.792 0.1111111119
84593  -35.534  -6.900  -2.708 0.2222222239
133980  -35.548  -3.838  -4.002 0.2222222239
86485  -35.306  -4.766  -4.634 0.2222222239
75210  -20.435  -17.071  4.580 0.2222222239
79813  -22.445  -11.741  1.610 0.5555555820
72479  -23.374  -19.698  3.684 0.4444444478
134906  -35.532  -6.377  -3.419 0.2222222239
68497  -23.103  -23.824  5.989 0.2222222239
66633  -26.032  -25.213  5.630 0.3333333433
147935  -24.526  -24.221  4.590 0.3333333433
68509  -27.141  -24.070  5.109 0.2222222239
154407  -23.927  -24.310  4.664 0.3333333433
67560  -23.917  -23.821  4.496 0.3333333433
67534  -28.327  -24.858  6.117 0.1111111119
70532  -23.207  -21.642  4.677 0.3333333433
71479  -22.500  -20.750  6.069 0.2222222239
70547  -24.322  -21.727  3.308 0.3333333433
68526  -24.776  -23.439  4.274 0.3333333433
144869  -26.105  -22.814  3.750 0.3333333433
68527  -26.465  -23.780  4.585 0.3333333433
69551  -25.589  -22.413  3.191 0.3333333433
69552  -27.272  -22.342  3.428 0.3333333433
140958  -28.506  -23.791  5.574 0.1111111119
72451  -22.305  -19.776  6.282 0.2222222239
70548  -25.118  -21.840  2.873 0.3333333433
70551  -28.605  -21.580  3.466 0.1111111119
63759  -26.503  -28.540  7.340 0.1111111119
143900  -25.882  -27.309  6.717 0.2222222239
65697  -23.590  -26.242  6.450 0.3333333433
138089  -25.091  -27.168  6.500 0.3333333433
67530  -22.673  -24.110  6.693 0.2222222239
83595  -35.492  -7.611  -3.177 0.1111111119
140646  -36.041  -8.182  -3.552 0.1111111119
83613  -38.784  -7.060  -4.401 0.1111111119
83597  -37.267  -7.791  -4.531 0.1111111119
152547  -36.044  -7.002  -5.369 0.1111111119
84619  -37.064  -6.575  -5.284 0.1111111119
85560  -35.515  -5.384  -2.825 0.1111111119
84632  -35.692  -6.654  -5.668 0.1111111119
85584  -35.229  -6.597  -5.580 0.1111111119
85596  -34.726  -6.293  -5.753 0.1111111119
88918  -35.421  -1.398  -3.537 0.2222222239
133618  -35.434  -5.761  -4.335 0.1111111119
130246  -34.587  -5.872  -5.752 0.1111111119
89810  -35.113  -0.851  -4.962 0.1111111119
89797  -35.351  -0.453  -3.154 0.2222222239
136584  -34.544  0.575  -5.482 0.1111111119
88925  -34.914  -1.676  -4.806 0.1111111119
89814  -34.265  -1.010  -6.194 0.1111111119
93142  -28.478  2.985  -2.738 0.4444444478
91543  -34.676  1.362  -4.857 0.1111111119
94863  -26.945  4.917  -1.953 0.4444444478
149399  -28.573  4.173  -2.673 0.4444444478
92366  -33.222  1.556  -7.040 0.1111111119
94914  -34.217  5.244  -6.096 0.3333333433
144232  -34.294  4.492  -5.710 0.2222222239
94037  -33.980  3.677  -6.118 0.1111111119
92367  -33.823  2.066  -6.194 0.1111111119
139619  -33.217  2.290  -7.175 0.1111111119
95846  -31.143  6.512  -3.670 0.4444444478
95845  -30.220  6.387  -3.933 0.4444444478
96801  -29.889  7.819  -4.421 0.4444444478
95857  -31.684  7.114  -4.100 0.4444444478
96803  -31.626  7.725  -4.529 0.4444444478
96804  -32.368  7.497  -4.589 0.4444444478
96812  -32.800  7.675  -5.114 0.4444444478
96820  -33.423  7.651  -6.107 0.4444444478
95875  -33.665  6.934  -6.151 0.2222222239
96834  -33.471  7.329  -7.058 0.2222222239
133598  -33.807  6.328  -7.101 0.2222222239
94921  -33.369  5.653  -7.907 0.2222222239
144444  -33.113  4.823  -8.106 0.2222222239
99901  -29.835  11.918  -10.228 0.1111111119
98464  -31.099  9.341  -10.341 0.1111111119
94927  -31.604  4.817  -9.652 0.1111111119
143801  -27.095  5.733  -1.643 0.4444444478
95843  -28.954  6.605  -2.878 0.4444444478
95838  -28.513  5.942  -2.492 0.4444444478
95844  -29.523  6.497  -3.742 0.3333333433
96797  -29.980  6.918  -4.230 0.4444444478
97648  -30.269  8.624  -4.791 0.4444444478
98438  -30.502  9.294  -5.475 0.4444444478
154176  -31.668  9.055  -5.737 0.4444444478
97645  -32.056  8.212  -5.154 0.4444444478
139885  -32.567  8.693  -6.094 0.4444444478
98441  -29.280  10.287  -6.225 0.3333333433
97652  -32.088  9.337  -6.637 0.3333333433
98451  -32.200  9.364  -7.671 0.1111111119
97662  -32.645  8.684  -8.100 0.1111111119
97675  -32.902  8.053  -8.359 0.1111111119
95884  -33.418  6.554  -7.889 0.2222222239
96847  -32.629  7.464  -8.966 0.1111111119
97674  -32.214  8.475  -9.263 0.1111111119
95837  -27.599  6.284  -1.987 0.2222222239
96796  -29.154  7.173  -4.061 0.3333333433
97643  -29.179  8.392  -4.646 0.3333333433
98443  -31.184  9.714  -6.339 0.4444444478
99175  -29.725  10.635  -6.919 0.2222222239
99176  -30.646  10.321  -7.042 0.2222222239
132017  -31.503  9.907  -7.279 0.2222222239
98450  -31.525  9.932  -8.399 0.1111111119
99189  -29.139  11.483  -7.672 0.1111111119
99190  -29.968  11.030  -7.922 0.1111111119
99875  -29.236  11.909  -8.910 0.1111111119
98459  -31.075  10.048  -9.708 0.1111111119
99206  -29.928  11.267  -9.423 0.1111111119
143837  -30.754  10.484  -9.179 0.1111111119
96795  -28.883  7.101  -3.352 0.3333333433
97641  -28.288  7.541  -3.931 0.3333333433
135121  -27.788  8.093  -3.764 0.3333333433
147357  -27.697  8.661  -4.195 0.3333333433
98435  -28.530  8.913  -5.005 0.3333333433
98437  -29.197  9.602  -5.605 0.3333333433
99160  -28.182  9.920  -6.167 0.2222222239
99174  -28.800  10.888  -6.692 0.2222222239
99862  -28.304  11.819  -7.390 0.1111111119
99887  -27.843  13.360  -9.377 0.1111111119
99889  -29.581  12.205  -9.770 0.1111111119
100646  -30.408  13.600  -7.922 0.1111111119
97628  -28.057  9.061  -1.092 0.1111111119
98426  -28.376  9.414  -1.815 0.1111111119
151423  -27.655  8.979  -3.564 0.2222222239
99142  -27.508  10.188  -3.543 0.2222222239
98432  -27.476  9.403  -4.394 0.3333333433
99148  -27.181  10.415  -4.739 0.2222222239
98436  -27.933  9.277  -5.778 0.3333333433
99838  -26.702  11.652  -5.131 0.2222222239
99848  -26.664  12.144  -5.964 0.1111111119
100624  -26.270  13.557  -6.498 0.1111111119
99860  -26.762  12.755  -6.688 0.1111111119
100634  -26.263  13.842  -7.151 0.1111111119
99874  -28.335  12.427  -8.769 0.1111111119
101448  -27.595  13.951  -8.758 0.1111111119
101449  -28.304  14.233  -8.736 0.1111111119
100654  -28.247  13.359  -9.743 0.1111111119
141590  -30.742  13.160  -9.740 0.1111111119
99912  -30.640  12.399  -10.288 0.1111111119
128362  -27.934  10.078  -1.001 0.1111111119
99136  -28.190  10.924  -0.991 0.1111111119
99140  -28.276  10.773  -2.426 0.1111111119
99822  -28.390  11.310  -1.654 0.1111111119
100598  -26.978  13.078  -2.992 0.1111111119
99825  -27.330  12.408  -3.487 0.1111111119
100604  -26.263  13.735  -3.853 0.1111111119
127920  -26.819  12.849  -4.489 0.1111111119
101408  -25.652  14.978  -4.463 0.1111111119
101431  -26.494  14.460  -5.844 0.1111111119
102191  -25.689  15.423  -5.327 0.1111111119
152073  -26.533  14.948  -7.318 0.1111111119
99819  -28.506  11.663  -0.780 0.1111111119
99820  -29.119  11.887  -0.089 0.1111111119
100592  -28.646  12.499  -0.675 0.1111111119
100599  -27.765  13.142  -2.300 0.1111111119
101391  -27.549  14.041  -2.136 0.1111111119
102151  -27.307  14.805  -1.885 0.1111111119
149475  -25.954  15.418  -4.066 0.1111111119
101386  -28.667  13.388  -0.404 0.1111111119
136795  -29.323  13.213  0.269 0.1111111119
153683  -28.452  14.165  -0.373 0.1111111119
149348  -37.658  -8.223  -4.221 0.1111111119
84603  -35.538  -7.086  -3.697 0.1111111119
83611  -36.410  -7.354  -4.979 0.1111111119
84620  -38.428  -6.505  -4.667 0.1111111119
87339  -34.941  -3.919  -4.831 0.1111111119
86508  -34.435  -5.195  -6.286 0.1111111119
137420  -34.477  -3.536  -5.501 0.1111111119
90728  -33.948  -0.253  -6.235 0.1111111119
94871  -28.638  4.988  -2.511 0.4444444478
95868  -33.706  6.617  -5.204 0.4444444478
94903  -34.049  6.079  -6.217 0.3333333433
94913  -33.752  5.268  -7.130 0.2222222239
94036  -33.890  4.401  -6.691 0.1111111119
94043  -33.235  4.219  -7.726 0.1111111119
96802  -30.877  7.495  -4.345 0.4444444478
95894  -33.030  6.654  -8.665 0.2222222239
98460  -31.951  9.316  -8.839 0.1111111119
96859  -31.868  7.747  -10.093 0.1111111119
97647  -29.573  9.007  -5.040 0.3333333433
99218  -29.804  11.373  -10.772 0.1111111119
99828  -27.187  11.413  -4.089 0.2222222239
100615  -26.356  13.325  -5.486 0.1111111119
100595  -28.300  12.300  -1.505 0.1111111119
101396  -26.625  14.211  -3.250 0.1111111119
102176  -25.606  15.841  -4.743 0.1111111119
147244  -28.110  14.768  -1.043 0.1111111119
102127  -28.514  14.651  -0.112 0.1111111119
144565  -39.654  -6.312  -3.253 0.1111111119
83614  -39.341  -6.555  -4.201 0.1111111119
87328  -35.505  -3.220  -4.037 0.2222222239
148793  -33.953  0.605  -6.168 0.1111111119
93992  -27.274  3.796  -2.289 0.4444444478
154569  -29.007  5.472  -2.645 0.4444444478
97644  -31.020  8.179  -4.621 0.4444444478
99815  -28.913  11.129  -0.122 0.1111111119
100593  -29.116  12.640  -0.083 0.1111111119
134273  -28.259  13.237  -1.362 0.1111111119
102139  -28.181  14.070  -1.214 0.1111111119
135285  -39.864  -7.505  -3.728 0.1111111119
82624  -35.911  -8.873  -3.084 0.1111111119
82639  -37.330  -8.789  -4.026 0.1111111119
83598  -38.454  -7.746  -4.302 0.1111111119
129435  -39.781  -6.179  -2.384 0.1111111119
138032  -39.806  -6.991  -2.887 0.1111111119
85572  -39.159  -5.080  -4.294 0.1111111119
85585  -37.378  -5.471  -5.433 0.1111111119
86510  -37.256  -4.550  -5.730 0.1111111119
85604  -35.680  -5.391  -6.671 0.1111111119
153885  -34.180  -4.017  -6.062 0.1111111119
87344  -34.244  -4.583  -6.201 0.1111111119
86515  -35.197  -5.019  -6.692 0.1111111119
88149  -34.228  -3.294  -6.137 0.1111111119
88154  -33.503  -2.195  -7.231 0.1111111119
89822  -33.379  -1.240  -6.830 0.1111111119
153945  -27.739  3.140  -2.577 0.4444444478
153786  -33.347  -0.574  -6.832 0.1111111119
91560  -32.677  0.717  -7.396 0.1111111119
93193  -32.400  3.292  -8.376 0.1111111119
92378  -31.740  1.327  -8.562 0.1111111119
94870  -27.763  5.415  -2.175 0.4444444478
132612  -30.657  3.307  -9.993 0.1111111119
95905  -30.265  5.714  -10.485 0.1111111119
95835  -26.934  6.439  -1.134 0.2222222239
96792  -28.181  6.840  -2.322 0.3333333433
96788  -27.543  7.182  -1.484 0.2222222239
97637  -28.319  7.750  -2.901 0.2222222239
96858  -30.894  7.937  -11.282 0.1111111119
97627  -27.445  8.665  -0.595 0.1111111119
98429  -28.085  8.690  -2.607 0.2222222239
154866  -30.236  11.012  -11.540 0.1111111119
100667  -31.642  12.663  -10.306 0.1111111119
98413  -27.378  9.803  0.768 0.1111111119
99133  -28.572  10.615  0.422 0.1111111119
100655  -31.488  13.390  -9.199 0.1111111119
99124  -28.886  10.442  1.290 0.1111111119
99125  -29.826  10.614  1.373 0.1111111119
102192  -26.155  15.757  -5.284 0.1111111119
140273  -28.486  14.266  -5.352 0.1111111119
101434  -29.292  13.867  -6.581 0.1111111119
100636  -30.285  13.383  -6.769 0.1111111119
99816  -29.736  11.468  0.469 0.1111111119
100585  -29.768  12.372  0.463 0.1111111119
102926  -26.416  16.228  -2.470 0.1111111119
103721  -25.843  16.959  -3.397 0.1111111119
102914  -28.167  15.443  -0.798 0.1111111119
88137  -35.510  -2.416  -3.542 0.1111111119
93186  -33.740  2.894  -6.424 0.1111111119
96813  -33.334  7.398  -5.453 0.4444444478
90719  -34.897  -0.333  -5.434 0.2222222239
84618  -35.371  -6.948  -5.252 0.1111111119
138890  -38.279  -5.673  -4.844 0.1111111119
85598  -36.667  -5.384  -5.937 0.1111111119
139331  -35.217  -2.165  -4.296 0.1111111119
88932  -34.658  -1.353  -5.711 0.1111111119
88931  -34.294  -2.418  -6.000 0.1111111119
93185  -33.365  3.328  -7.279 0.1111111119
92379  -32.169  2.285  -8.186 0.1111111119
97653  -32.809  8.833  -7.079 0.2222222239
96848  -33.251  7.407  -8.099 0.1111111119
94928  -32.626  4.936  -8.889 0.2222222239
99229  -29.882  11.305  -11.161 0.1111111119
101464  -29.891  13.274  -9.445 0.1111111119
97685  -31.257  8.524  -10.543 0.1111111119
99207  -29.882  10.815  -10.574 0.1111111119
99219  -30.191  10.259  -11.306 0.1111111119
97684  -30.737  9.104  -11.486 0.1111111119
94068  -30.295  4.379  -10.444 0.1111111119
94056  -31.189  3.884  -9.528 0.1111111119
95906  -31.569  6.138  -9.925 0.2222222239
98442  -30.160  10.027  -6.199 0.3333333433
135451  -31.994  6.976  -9.691 0.2222222239
97640  -28.081  8.220  -4.353 0.3333333433
99191  -30.773  10.475  -8.121 0.2222222239
99888  -28.511  12.794  -9.624 0.1111111119
147762  -28.558  7.217  -2.707 0.3333333433
97634  -28.145  8.469  -1.975 0.1111111119
98434  -27.826  9.004  -4.861 0.3333333433
99159  -27.545  10.024  -6.081 0.2222222239
99173  -27.884  10.836  -6.482 0.1111111119
99861  -27.634  12.161  -6.942 0.1111111119
99873  -27.734  12.841  -8.225 0.1111111119
101456  -28.206  13.782  -9.409 0.1111111119
137812  -28.852  14.106  -9.265 0.1111111119
101443  -29.346  14.111  -7.832 0.1111111119
101451  -30.555  13.756  -8.894 0.1111111119
97618  -27.057  9.038  0.403 0.1111111119
154052  -27.797  9.641  -0.583 0.1111111119
141035  -28.279  9.736  -2.473 0.1111111119
99829  -27.703  11.335  -3.183 0.1111111119
99149  -27.528  9.681  -5.384 0.3333333433
99158  -27.105  10.728  -5.659 0.2222222239
99849  -27.189  11.265  -6.266 0.1111111119
100633  -26.131  14.474  -6.876 0.1111111119
100644  -26.940  14.220  -7.878 0.1111111119
101442  -28.150  14.418  -7.517 0.1111111119
131401  -27.081  14.497  -7.742 0.1111111119
99138  -28.475  10.364  -1.796 0.1111111119
143635  -28.259  10.620  -0.392 0.1111111119
99826  -27.947  12.024  -2.484 0.1111111119
128002  -25.758  14.370  -4.777 0.1111111119
101420  -25.487  15.335  -5.024 0.1111111119
102211  -26.299  14.989  -6.949 0.1111111119
101432  -27.109  14.679  -5.745 0.1111111119
140308  -26.992  15.035  -7.136 0.1111111119
102150  -26.566  15.736  -2.687 0.1111111119
102160  -26.252  16.106  -3.654 0.1111111119
82640  -38.436  -8.582  -3.991 0.1111111119
84621  -39.099  -5.875  -4.364 0.1111111119
88144  -35.138  -2.937  -4.551 0.1111111119
94057  -32.350  3.987  -8.830 0.1111111119
95914  -31.026  6.677  -10.643 0.1111111119
139514  -30.492  6.569  -11.137 0.1111111119
102944  -26.295  16.060  -3.705 0.1111111119
103698  -28.175  16.308  -0.943 0.1111111119
85561  -39.561  -5.587  -2.894 0.1111111119
99134  -29.470  10.946  0.680 0.1111111119
88939  -33.367  -2.009  -7.099 0.1111111119
144685  -31.028  3.356  -9.456 0.1111111119
95913  -29.618  5.679  -10.960 0.1111111119
97695  -30.888  8.941  -11.787 0.1111111119
97617  -26.499  8.444  -0.108 0.1111111119
98467  -30.462  9.875  -11.920 0.1111111119
98423  -27.873  10.070  -0.019 0.1111111119
101421  -27.497  15.026  -5.052 0.1111111119
101433  -28.219  14.398  -6.351 0.1111111119
103713  -25.720  17.193  -3.195 0.1111111119
102943  -25.985  16.570  -3.461 0.1111111119
64714  -24.090  -27.527  6.419 0.2222222239
81661  -21.230  -9.646  2.977 0.2222222239
82566  -20.221  -8.510  3.449 0.2222222239
76924  -21.290  -14.436  3.328 0.3333333433
80728  -21.253  -10.429  2.179 0.3333333433
137361  -21.168  -8.929  3.239 0.3333333433
93991  -26.329  3.601  -1.749 0.3333333433
93139  -25.233  3.314  -1.517 0.2222222239
94857  -25.001  6.339  -0.780 0.1111111119
94862  -26.136  5.799  -1.153 0.2222222239
89762  -21.695  -0.551  0.008 0.2222222239
79808  -21.504  -11.405  2.120 0.2222222239
148187  -20.893  -0.586  2.351 0.1111111119
91491  -21.742  1.350  -1.219 0.1111111119
151305  -22.336  1.509  -1.301 0.1111111119
93980  -23.751  4.064  -0.832 0.1111111119
94856  -24.055  6.309  -0.505 0.1111111119
95830  -25.757  6.884  -0.727 0.1111111119
92321  -22.933  2.002  -1.402 0.1111111119
78868  -21.085  -12.721  3.327 0.2222222239
129285  -21.895  -12.157  2.100 0.3333333433
130197  -17.199  -5.456  7.587 0.2222222239
85411  -18.128  -5.884  7.116 0.1111111119
153181  -16.723  -4.962  7.581 0.3333333433
136497  -26.075  4.724  -1.477 0.3333333433
94861  -24.741  5.612  -1.199 0.1111111119
79807  -20.635  -11.087  2.665 0.2222222239
93137  -23.653  3.113  -1.363 0.1111111119
93989  -24.534  4.385  -0.984 0.1111111119
152093  -24.200  5.455  -0.590 0.1111111119
91476  -22.822  1.674  0.297 0.1111111119
138594  -23.551  3.324  -1.022 0.1111111119
93120  -23.336  3.387  0.645 0.1111111119
150803  -23.905  4.847  -0.529 0.1111111119
93128  -23.368  2.642  -1.264 0.1111111119
140614  -35.932  -14.139  -3.387 0.1111111119
63784  -24.683  -28.069  6.625 0.1111111119
63758  -25.510  -28.530  6.942 0.1111111119
64712  -22.184  -27.976  7.201 0.1111111119
65696  -22.769  -26.799  6.960 0.1111111119
66615  -22.675  -24.938  6.742 0.1111111119
76025  -20.301  -16.197  4.618 0.1111111119
83493  -20.190  -8.000  3.784 0.1111111119
82543  -20.322  -9.168  3.700 0.1111111119
88794  -16.906  -1.620  6.776 0.2222222239
146535  -17.969  -0.792  5.566 0.2222222239
88795  -17.268  -0.706  6.904 0.2222222239
89681  -18.388  -0.532  5.559 0.2222222239
83481  -19.875  -7.334  3.957 0.1111111119
83514  -20.448  -7.673  3.299 0.1111111119
63781  -21.887  -29.050  6.861 0.1111111119
63783  -23.493  -28.517  6.583 0.1111111119
63757  -24.398  -28.967  6.796 0.1111111119
64715  -25.491  -27.765  6.755 0.1111111119
65662  -21.857  -27.567  7.717 0.1111111119
155078  -22.273  -26.158  7.523 0.1111111119
66596  -22.123  -25.315  7.561 0.1111111119
130258  -22.280  -24.514  7.310 0.1111111119
68496  -22.722  -23.136  6.697 0.1111111119
75198  -20.001  -16.733  5.070 0.1111111119
76915  -20.609  -14.296  4.143 0.1111111119
79792  -20.737  -11.896  3.281 0.1111111119
82528  -20.079  -9.607  2.916 0.1111111119
88782  -16.938  -1.782  7.713 0.2222222239
89682  -19.349  -0.080  5.091 0.2222222239
89696  -20.292  -0.358  4.500 0.1111111119
62842  -23.314  -29.377  6.755 0.1111111119
134582  -19.319  -0.388  4.680 0.2222222239
89711  -20.383  -0.719  3.695 0.1111111119
77877  -21.347  -13.568  3.165 0.1111111119
87997  -16.567  -2.489  7.705 0.2222222239
155132  -19.615  -6.932  4.016 0.1111111119
75228  -20.734  -16.186  4.076 0.1111111119
69508  -22.573  -22.128  6.986 0.1111111119
140391  -22.527  -21.390  7.155 0.1111111119
140988  -20.032  -17.253  5.033 0.1111111119
140221  -20.315  -16.455  4.753 0.1111111119
141807  -23.633  -27.006  6.463 0.1111111119
143161  -22.732  -25.780  6.856 0.1111111119
150816  -20.560  -10.244  3.052 0.1111111119
76923  -20.702  -14.636  4.097 0.1111111119
76035  -20.580  -15.490  4.424 0.1111111119
64713  -23.153  -27.719  6.642 0.1111111119
63782  -22.550  -28.528  6.701 0.1111111119
62820  -22.300  -29.288  6.714 0.1111111119
65676  -21.872  -26.918  7.737 0.1111111119
76005  -21.788  -15.421  5.880 0.1111111119
88787  -17.853  -1.472  7.275 0.1111111119
75175  -20.643  -17.361  5.444 0.1111111119
141838  -21.753  -16.002  6.434 0.1111111119
77876  -20.777  -13.795  3.896 0.1111111119
89712  -21.065  -0.363  3.886 0.1111111119
89750  -21.503  -0.149  1.133 0.1111111119
87150  -16.772  -3.853  9.178 0.1111111119
89749  -21.204  -0.373  1.742 0.1111111119
90658  -21.850  0.355  0.571 0.1111111119
91490  -21.750  0.955  -0.845 0.1111111119
72515  -30.781  -19.639  -0.333 0.1111111119
73470  -28.606  -18.836  1.003 0.4444444478
74457  -35.125  -18.200  -3.562 0.1111111119
75249  -23.451  -16.022  2.106 0.6666666865
75280  -32.438  -17.765  -1.484 0.2222222239
75297  -33.243  -17.381  -2.812 0.1111111119
75310  -34.568  -17.413  -3.444 0.1111111119
76064  -23.430  -15.521  1.413 0.6666666865
76078  -27.124  -15.659  1.051 0.4444444478
76094  -24.339  -15.316  0.600 0.7777777910
76099  -32.723  -15.261  -0.208 0.2222222239
76952  -31.391  -14.839  1.002 0.3333333433
76967  -26.462  -14.415  0.107 0.8888888955
76969  -28.533  -13.907  0.647 0.7777777910
76973  -33.792  -14.662  0.149 0.3333333433
76974  -34.459  -14.229  0.260 0.4444444478
76986  -27.010  -13.870  -0.167 0.8888888955
76995  -34.551  -14.671  -3.172 0.1111111119
77002  -35.131  -14.367  -3.464 0.1111111119
77919  -26.500  -13.317  -1.211 0.8888888955
77922  -34.951  -13.640  0.221 0.4444444478
77932  -26.500  -12.708  -1.553 1.0000000000
78881  -21.285  -12.020  2.683 0.2222222239
78903  -34.339  -13.412  0.521 0.4444444478
78911  -27.786  -13.002  -1.508 1.0000000000
78912  -28.384  -12.657  -1.064 1.0000000000
78928  -28.073  -12.399  -1.722 1.0000000000
78929  -36.016  -12.023  -1.559 0.3333333433
79832  -25.130  -11.449  -0.732 1.0000000000
79845  -26.441  -11.505  -2.015 1.0000000000
79846  -27.707  -11.777  -2.105 1.0000000000
79847  -28.262  -11.739  -1.798 1.0000000000
79849  -36.215  -11.510  -2.029 0.1111111119
80741  -24.023  -10.322  0.329 1.0000000000
80746  -31.894  -10.596  1.162 0.6666666865
80754  -25.265  -10.598  -0.978 1.0000000000
80755  -29.287  -10.738  -0.635 1.0000000000
80764  -25.598  -9.962  -1.428 1.0000000000
80766  -26.423  -10.693  -2.174 1.0000000000
80785  -28.021  -10.519  -2.628 1.0000000000
80795  -26.830  -9.550  -2.818 1.0000000000
81683  -32.768  -9.288  0.902 0.5555555820
81716  -26.126  -9.206  -1.948 1.0000000000
81717  -28.194  -9.787  -2.632 1.0000000000
81728  -26.670  -9.386  -2.987 1.0000000000
81730  -27.640  -9.276  -3.095 1.0000000000
81744  -26.306  -9.428  -3.540 1.0000000000
81745  -26.979  -9.504  -3.976 1.0000000000
81747  -27.791  -8.802  -3.444 1.0000000000
82591  -32.081  -7.948  0.700 0.6666666865
82592  -33.558  -8.854  0.858 0.4444444478
82601  -35.593  -7.942  -0.286 0.4444444478
82608  -28.808  -8.687  -1.830 0.8888888955
82651  -25.660  -8.874  -4.080 1.0000000000
82653  -27.283  -8.663  -4.383 1.0000000000
82654  -27.880  -8.356  -3.932 1.0000000000
83545  -23.331  -7.364  0.257 0.8888888955
83546  -30.677  -7.066  0.130 0.7777777910
83559  -35.274  -7.351  0.080 0.4444444478
83567  -24.119  -6.614  -1.484 0.8888888955
83568  -29.269  -7.765  -1.795 0.8888888955
83583  -28.796  -7.377  -2.323 0.8888888955
83592  -23.584  -7.477  -2.817 0.8888888955
83596  -36.174  -7.688  -4.119 0.1111111119
83599  -39.528  -7.421  -4.078 0.1111111119
83605  -23.745  -7.093  -3.468 0.8888888955
83609  -27.794  -7.572  -4.445 1.0000000000
83610  -28.549  -7.054  -4.028 1.0000000000
83612  -37.741  -7.189  -4.704 0.1111111119
84554  -34.618  -6.696  0.332 0.5555555820
84561  -22.989  -5.738  0.087 0.8888888955
84562  -29.761  -6.608  -0.680 0.7777777910
84575  -23.931  -5.834  -1.511 0.8888888955
84577  -29.450  -5.900  -1.105 0.7777777910
84594  -39.706  -6.794  -3.835 0.1111111119
84600  -23.229  -5.676  -2.853 0.8888888955
84601  -23.294  -6.543  -2.979 0.8888888955
84604  -35.652  -7.233  -4.602 0.1111111119
84611  -23.218  -5.561  -3.204 0.8888888955
84614  -25.268  -6.689  -4.449 1.0000000000
84616  -27.765  -6.550  -4.525 1.0000000000
84631  -27.146  -5.899  -5.159 0.8888888955
84633  -36.482  -6.016  -5.729 0.1111111119
85396  -16.548  -4.913  8.457 0.3333333433
85410  -16.930  -4.890  6.895 0.2222222239
85477  -20.323  -4.822  2.870 0.6666666865
85478  -20.859  -5.633  2.511 0.7777777910
85514  -31.572  -5.633  0.394 0.6666666865
85516  -33.133  -5.338  0.673 0.5555555820
85530  -22.748  -4.952  0.015 0.8888888955
85531  -23.350  -5.435  -0.830 0.8888888955
85534  -35.522  -5.124  -0.843 0.4444444478
85545  -23.219  -4.698  -1.077 0.8888888955
85558  -23.193  -4.971  -2.788 1.0000000000
85571  -28.387  -5.872  -3.906 0.8888888955
85573  -39.602  -5.865  -3.916 0.1111111119
85580  -23.103  -4.902  -3.236 1.0000000000
85581  -23.390  -5.225  -3.812 1.0000000000
85591  -24.870  -4.475  -4.890 1.0000000000
85595  -34.540  -5.747  -6.197 0.1111111119
85597  -35.641  -5.972  -6.246 0.1111111119
85603  -34.654  -5.830  -6.272 0.1111111119
86324  -16.497  -4.438  7.634 0.4444444478
86353  -19.082  -4.639  4.005 0.6666666865
86382  -19.742  -3.961  3.273 0.6666666865
86384  -20.566  -4.187  2.462 0.6666666865
86405  -20.997  -4.337  2.103 0.7777777910
86419  -21.920  -4.493  1.123 0.8888888955
86426  -32.751  -4.527  0.652 0.6666666865
86439  -30.707  -4.302  -0.089 0.7777777910
86441  -32.039  -4.034  0.545 0.7777777910
86442  -35.138  -4.397  -0.576 0.5555555820
86456  -23.490  -4.511  -1.922 0.8888888955
86458  -29.393  -4.507  -0.825 0.7777777910
86469  -27.907  -4.528  -2.872 0.8888888955
86471  -35.511  -4.328  -3.177 0.3333333433
86482  -26.464  -4.379  -3.884 0.8888888955
86494  -23.122  -4.291  -3.280 1.0000000000
86495  -23.271  -4.240  -3.894 1.0000000000
86498  -34.473  -4.873  -5.509 0.1111111119
86505  -24.942  -3.717  -4.711 1.0000000000
86506  -25.811  -4.041  -5.168 1.0000000000
86507  -26.233  -4.240  -5.223 1.0000000000
86509  -36.343  -5.071  -6.596 0.1111111119
86514  -34.159  -5.311  -6.154 0.1111111119
87157  -16.622  -3.208  8.436 0.1111111119
87198  -18.248  -3.098  4.713 0.4444444478
87225  -20.107  -3.281  2.829 0.5555555820
87248  -20.807  -3.584  2.220 0.7777777910
87249  -21.232  -3.802  1.798 0.7777777910
87286  -33.328  -3.070  0.474 0.5555555820
87287  -34.706  -3.698  -0.259 0.5555555820
87298  -23.000  -3.535  -0.853 0.8888888955
87323  -24.010  -3.888  -3.217 1.0000000000
87326  -26.164  -3.619  -3.559 0.8888888955
87334  -23.600  -3.528  -4.088 1.0000000000
87336  -24.810  -3.589  -4.050 1.0000000000
87338  -34.226  -4.397  -5.829 0.1111111119
87349  -34.585  -4.465  -6.562 0.1111111119
87991  -16.834  -2.423  8.258 0.2222222239
88006  -16.883  -2.281  6.324 0.3333333433
88007  -17.026  -2.826  5.978 0.4444444478
88017  -17.205  -1.493  6.152 0.2222222239
88057  -20.630  -2.781  2.318 0.5555555820
88082  -21.506  -3.187  1.336 0.5555555820
88105  -30.227  -2.433  -0.626 0.8888888955
88107  -31.204  -2.604  0.144 0.7777777910
88110  -35.480  -2.850  -1.457 0.5555555820
88120  -29.589  -2.946  -0.699 0.8888888955
88128  -28.264  -2.002  -1.453 0.7777777910
88136  -26.907  -2.884  -2.741 0.8888888955
88143  -34.614  -2.665  -5.228 0.1111111119
88783  -17.108  -1.796  7.831 0.2222222239
88785  -16.890  -1.563  7.236 0.2222222239
88786  -17.207  -1.050  7.036 0.2222222239
88812  -18.641  -1.010  4.745 0.2222222239
88841  -20.356  -2.437  2.606 0.2222222239
88866  -20.791  -2.157  1.952 0.5555555820
88887  -22.268  -0.851  -0.517 0.4444444478
88891  -31.955  -1.306  0.250 0.6666666865
88899  -30.122  -1.243  -1.056 0.6666666865
88907  -25.393  -1.255  -2.663 0.7777777910
88909  -26.853  -1.185  -2.295 0.7777777910
88911  -34.662  -0.918  -1.636 0.4444444478
89670  -17.415  -0.555  6.848 0.2222222239
89671  -17.770  -0.992  5.984 0.2222222239
89680  -17.670  -0.491  6.372 0.2222222239
89779  -33.835  -0.859  -0.195 0.6666666865
89781  -22.897  0.325  -1.614 0.4444444478
89795  -27.731  -0.041  -1.712 0.6666666865
89803  -35.212  -0.752  -4.101 0.2222222239
90672  -21.788  0.431  -0.538 0.3333333433
90674  -32.178  0.006  -0.110 0.5555555820
90680  -23.051  1.079  -1.860 0.4444444478
90684  -30.952  0.971  -0.915 0.6666666865
90694  -24.108  0.954  -2.528 0.5555555820
90696  -25.707  0.753  -2.288 0.6666666865
90711  -35.040  0.540  -4.558 0.1111111119
90712  -35.190  -0.231  -4.595 0.2222222239
90727  -33.277  0.090  -6.937 0.1111111119
91502  -21.674  1.154  -1.145 0.1111111119
91511  -23.269  1.519  -2.093 0.4444444478
91514  -27.534  1.192  -1.910 0.6666666865
91516  -28.130  1.947  -2.183 0.6666666865
91526  -23.725  1.297  -2.425 0.4444444478
91528  -25.242  1.030  -2.293 0.5555555820
91551  -34.196  1.333  -5.719 0.1111111119
91561  -33.562  1.098  -6.552 0.1111111119
92327  -23.275  2.266  -1.660 0.1111111119
92336  -33.502  2.101  -1.496 0.6666666865
92342  -33.756  2.650  -1.860 0.6666666865
93138  -24.191  3.202  -1.533 0.1111111119
93140  -26.080  2.439  -1.849 0.4444444478
93153  -28.156  3.520  -2.707 0.4444444478
93158  -33.634  3.303  -2.135 0.6666666865
93208  -31.732  3.246  -9.145 0.1111111119
93977  -23.466  4.370  0.174 0.1111111119
93988  -23.915  3.965  -1.049 0.1111111119
93990  -25.438  4.284  -1.297 0.1111111119
94002  -27.890  4.478  -2.415 0.4444444478
94003  -29.158  4.407  -2.756 0.4444444478
94007  -32.888  4.523  -2.207 0.6666666865
94016  -34.298  4.503  -3.037 0.6666666865
94860  -23.947  4.765  -0.627 0.1111111119
94875  -32.765  5.249  -2.535 0.6666666865
94884  -30.621  5.964  -3.343 0.5555555820
94886  -32.479  5.906  -2.995 0.5555555820
94888  -34.108  5.271  -3.265 0.6666666865
94896  -33.855  5.887  -4.623 0.5555555820
94941  -30.995  5.259  -10.225 0.1111111119
95839  -29.353  5.824  -3.059 0.4444444478
95856  -30.756  6.870  -4.112 0.4444444478
95893  -32.474  6.630  -9.267 0.2222222239
95922  -29.804  5.875  -11.176 0.1111111119
96789  -28.072  7.612  -2.182 0.2222222239
96805  -33.128  7.196  -4.706 0.5555555820
97649  -33.002  8.041  -5.690 0.4444444478
97654  -33.159  8.175  -6.562 0.4444444478
97663  -33.152  8.116  -7.562 0.1111111119
98422  -27.578  9.368  -0.218 0.1111111119
99230  -30.223  10.686  -11.542 0.1111111119
99900  -29.022  12.811  -9.689 0.1111111119
99913  -30.936  11.766  -10.664 0.1111111119
100623  -26.319  13.911  -5.955 0.1111111119
100635  -27.155  13.386  -7.555 0.1111111119
100645  -27.415  13.725  -8.592 0.1111111119
100661  -30.017  12.615  -9.765 0.1111111119
101378  -28.834  13.966  0.198 0.1111111119
101390  -26.755  15.045  -2.990 0.1111111119
101441  -26.410  14.749  -7.325 0.1111111119
101450  -29.531  14.115  -8.817 0.1111111119
101457  -28.772  13.698  -9.600 0.1111111119
101458  -29.710  13.929  -9.141 0.1111111119
101465  -30.782  13.553  -9.279 0.1111111119
102202  -26.526  14.549  -5.778 0.1111111119
102932  -25.884  16.668  -3.194 0.1111111119
104493  -25.604  17.639  -3.017 0.1111111119
127637  -23.083  -4.473  -2.978 1.0000000000
128149  -32.120  -13.157  0.821 0.4444444478
128934  -29.975  -12.900  0.775 0.7777777910
129202  -29.203  -17.172  1.237 0.4444444478
130406  -28.405  -11.123  -1.748 1.0000000000
131248  -31.262  -19.167  -1.259 0.2222222239
131655  -29.945  -18.845  0.219 0.4444444478
131675  -26.280  -9.269  -2.455 1.0000000000
132317  -35.561  -3.247  -3.274 0.2222222239
132592  -28.307  -6.107  -2.808 0.7777777910
132793  -23.335  1.888  -2.114 0.3333333433
133867  -35.676  -5.856  -1.256 0.4444444478
134434  -22.778  -10.964  1.269 0.7777777910
135106  -36.820  -8.291  -4.208 0.1111111119
135178  -23.332  -4.336  -2.775 1.0000000000
135833  -25.639  -0.347  -2.536 0.7777777910
136103  -33.939  -6.024  0.560 0.5555555820
136966  -31.114  -5.010  0.231 0.7777777910
137191  -20.708  -4.887  2.422 0.7777777910
138334  -32.260  1.441  -7.720 0.1111111119
138537  -29.325  -14.807  1.339 0.5555555820
138591  -34.088  -10.206  0.844 0.5555555820
138866  -26.308  -4.564  -5.301 1.0000000000
139786  -34.575  2.871  -3.826 0.5555555820
140300  -29.483  -1.159  -1.316 0.7777777910
141111  -35.584  -1.779  -2.754 0.2222222239
141186  -21.560  -2.166  0.774 0.6666666865
141261  -32.383  5.768  -9.304 0.2222222239
141292  -33.089  5.912  -8.532 0.2222222239
141429  -29.908  -19.535  1.194 0.3333333433
141637  -33.536  -19.512  -2.282 0.1111111119
143324  -35.972  -8.914  -1.343 0.3333333433
143564  -24.184  -0.095  -2.473 0.6666666865
143947  -23.243  -1.471  -1.527 0.6666666865
144159  -35.394  -6.856  -4.592 0.1111111119
144424  -34.619  2.164  -3.361 0.5555555820
144426  -24.175  -8.762  -0.404 1.0000000000
145141  -25.710  1.691  -2.084 0.4444444478
146294  -35.167  -9.109  0.533 0.3333333433
146400  -24.541  -8.744  -0.916 1.0000000000
146592  -35.805  -10.461  -0.591 0.2222222239
146688  -36.567  -8.672  -3.742 0.1111111119
146758  -28.804  7.777  -4.239 0.3333333433
146984  -30.107  -3.108  -0.551 0.7777777910
147665  -28.810  -18.229  1.001 0.4444444478
148000  -33.707  -1.976  -6.539 0.1111111119
149452  -22.143  -8.162  2.109 0.5555555820
149473  -29.805  10.894  -11.306 0.1111111119
150003  -25.731  14.727  -5.295 0.1111111119
150491  -16.432  -3.148  7.108 0.3333333433
150498  -30.745  9.603  -12.151 0.1111111119
150551  -34.574  -15.485  -3.472 0.1111111119
150662  -32.921  -0.820  -7.431 0.1111111119
150887  -30.521  4.885  -2.715 0.5555555820
151668  -28.446  -9.241  -2.231 0.7777777910
151725  -22.556  -21.256  5.848 0.2222222239
151918  -31.334  3.317  -1.624 0.6666666865
151987  -21.466  -16.473  3.591 0.5555555820
152009  -17.397  -5.227  6.834 0.2222222239
152150  -34.343  4.905  -3.499 0.6666666865
152558  -34.759  -16.569  -3.451 0.1111111119
153128  -25.727  -9.509  -1.634 1.0000000000
153499  -31.125  8.664  -5.137 0.4444444478
153803  -30.424  9.675  -11.526 0.1111111119
153836  -23.971  -5.683  -4.152 1.0000000000
153906  -35.618  -6.401  -0.832 0.3333333433
154266  -26.670  4.277  -1.892 0.3333333433
155022  -23.824  -0.287  -2.286 0.6666666865
