#!ascii label  , from subject sub-v1s7x0051323_ses-1 vox2ras=TkReg
2000
10262  -14.054  -80.237  -10.431 0.5000000000
7552  -14.803  -83.605  -9.913 0.5000000000
7553  -15.387  -83.816  -9.346 0.5000000000
6754  -14.896  -84.287  -9.463 0.5000000000
10301  -15.134  -80.415  -14.033 0.5000000000
10292  -14.795  -80.306  -12.992 0.5000000000
10293  -15.683  -80.297  -13.323 0.5000000000
10263  -14.962  -79.907  -10.898 0.5000000000
11188  -15.999  -79.658  -11.325 0.6000000238
141151  -14.630  -79.903  -9.656 0.5000000000
6049  -13.298  -84.862  -8.920 0.5000000000
135990  -14.475  -82.688  -9.478 0.5000000000
6033  -13.378  -85.042  -7.948 0.5000000000
8399  -15.197  -83.117  -9.217 0.6000000238
6738  -15.099  -84.555  -8.664 0.6000000238
9312  -15.119  -81.286  -8.165 0.6000000238
6755  -15.557  -84.131  -8.987 0.6000000238
6726  -15.188  -84.663  -7.684 0.6999999881
8362  -15.830  -82.470  -7.482 0.6999999881
6739  -15.595  -84.228  -8.286 0.6999999881
8350  -16.168  -82.202  -6.615 0.6999999881
6728  -16.232  -84.239  -7.065 0.6999999881
6727  -15.804  -84.425  -7.439 0.6999999881
10302  -16.048  -80.336  -14.299 0.5000000000
10279  -16.435  -80.108  -12.592 0.6000000238
10304  -17.542  -80.584  -14.314 0.6000000238
10295  -17.998  -80.705  -13.340 0.6000000238
153620  -14.511  -80.043  -8.924 0.5000000000
6009  -13.688  -85.449  -7.094 0.5000000000
5351  -13.131  -86.248  -7.088 0.5000000000
4798  -15.192  -87.237  -6.210 0.6999999881
5989  -14.475  -85.660  -6.579 0.6999999881
5327  -15.590  -86.502  -5.888 0.6999999881
9311  -14.396  -81.846  -8.822 0.6000000238
10239  -15.233  -80.315  -8.554 0.6999999881
5990  -15.780  -85.629  -6.039 0.6999999881
9295  -15.880  -81.253  -7.589 0.6999999881
9296  -16.370  -81.311  -6.918 0.6999999881
6692  -17.075  -85.012  -5.457 0.6999999881
9272  -16.665  -81.494  -5.989 0.6999999881
151310  -16.374  -82.935  -6.295 0.6999999881
7524  -16.518  -83.743  -6.553 0.6999999881
6693  -17.500  -84.633  -4.893 0.6999999881
9253  -17.075  -81.760  -5.236 0.6999999881
9239  -17.857  -82.151  -4.530 0.6999999881
146306  -17.328  -83.689  -4.868 0.6999999881
8333  -18.297  -82.673  -3.917 0.6999999881
11217  -16.736  -80.041  -15.163 0.5000000000
139896  -17.348  -80.171  -14.872 0.6000000238
11218  -18.385  -80.188  -14.728 0.6000000238
10305  -18.363  -80.741  -14.078 0.6000000238
128400  -18.941  -80.372  -14.871 0.6000000238
11189  -16.843  -79.667  -11.562 0.6000000238
10296  -18.831  -81.054  -12.896 0.6000000238
11178  -16.670  -79.462  -10.505 0.6000000238
4799  -16.371  -87.743  -6.334 0.6999999881
10251  -15.250  -79.755  -9.140 0.6999999881
4782  -15.978  -87.226  -5.917 0.6999999881
4809  -17.416  -88.015  -7.123 0.6999999881
148065  -17.809  -87.395  -7.906 0.6999999881
11166  -17.003  -79.368  -9.105 0.6999999881
4800  -17.187  -87.749  -6.450 0.6999999881
10240  -16.157  -80.052  -8.158 0.6999999881
11151  -17.107  -79.293  -8.120 0.6999999881
5328  -16.422  -86.616  -5.641 0.6999999881
5329  -17.248  -86.655  -5.478 0.6999999881
4801  -17.876  -87.725  -6.647 0.6999999881
5352  -18.682  -87.219  -7.292 0.6999999881
10223  -16.477  -80.403  -7.371 0.6999999881
154596  -17.359  -79.892  -6.956 0.6999999881
5976  -17.561  -85.465  -5.021 0.6999999881
5346  -19.199  -86.784  -6.529 0.6999999881
9273  -17.232  -81.164  -5.870 0.6999999881
5961  -18.078  -85.088  -4.536 0.6999999881
142219  -18.162  -85.897  -4.882 0.6999999881
9254  -17.845  -81.496  -5.178 0.6999999881
7506  -18.406  -83.796  -3.797 0.6999999881
5962  -18.890  -85.448  -4.602 0.6999999881
9223  -18.754  -82.160  -4.028 0.6999999881
6652  -19.106  -84.099  -3.544 0.6999999881
9224  -19.432  -82.045  -3.513 0.6999999881
12196  -17.562  -79.061  -14.594 0.5000000000
12197  -18.399  -79.295  -14.489 0.6000000238
12198  -19.204  -79.099  -14.734 0.6000000238
12186  -19.047  -78.612  -13.445 0.5000000000
12199  -19.822  -78.490  -15.185 0.6000000238
13170  -17.804  -77.625  -12.922 0.5000000000
13186  -18.234  -78.447  -13.595 0.5000000000
11222  -19.638  -79.672  -15.678 0.6000000238
13196  -20.766  -77.185  -15.353 0.6000000238
133631  -19.773  -80.596  -14.882 0.6000000238
10318  -20.079  -79.803  -15.772 0.6000000238
10280  -18.148  -80.420  -11.508 0.6000000238
11179  -17.429  -79.734  -11.084 0.6999999881
10281  -18.817  -80.968  -11.710 0.6999999881
135379  -17.675  -79.632  -9.005 0.6999999881
10264  -18.692  -80.714  -10.775 0.6999999881
5380  -18.340  -86.139  -9.304 0.6999999881
11152  -17.796  -79.739  -8.014 0.6999999881
10252  -18.701  -80.438  -8.957 0.6999999881
5368  -18.586  -86.576  -8.264 0.6999999881
10242  -19.485  -80.769  -8.539 0.6999999881
5992  -19.846  -86.335  -6.958 0.6999999881
5381  -18.920  -85.924  -8.764 0.6999999881
5394  -18.279  -85.848  -10.482 0.6999999881
10209  -19.354  -80.738  -6.888 0.6000000238
134919  -19.887  -86.115  -6.098 0.6999999881
6012  -19.873  -85.978  -7.699 0.6999999881
6035  -19.592  -85.515  -8.657 0.6999999881
6065  -19.164  -85.216  -10.410 0.6999999881
6081  -18.635  -85.419  -11.566 0.6999999881
9255  -19.091  -81.400  -5.559 0.6999999881
5963  -19.744  -85.281  -4.669 0.6999999881
6694  -20.592  -85.015  -5.097 0.6000000238
6711  -20.958  -85.126  -6.650 0.6999999881
6013  -20.381  -85.321  -8.020 0.6999999881
10180  -19.880  -80.921  -4.119 0.6000000238
7487  -18.851  -83.468  -3.466 0.6999999881
7488  -19.551  -83.399  -3.148 0.6999999881
6653  -19.888  -84.168  -3.457 0.6999999881
6674  -20.216  -84.682  -4.136 0.6000000238
6695  -21.114  -84.804  -5.989 0.6000000238
9225  -19.962  -81.343  -3.595 0.6000000238
8320  -20.175  -81.998  -3.084 0.6000000238
7489  -20.394  -83.512  -3.043 0.6000000238
7490  -21.148  -83.397  -3.222 0.5000000000
6675  -20.991  -84.381  -4.488 0.5000000000
132737  -21.627  -83.904  -5.027 0.5000000000
9226  -21.031  -81.054  -3.065 0.6000000238
9208  -21.576  -81.333  -2.824 0.5000000000
8321  -21.529  -82.790  -3.016 0.5000000000
13187  -19.759  -78.401  -13.829 0.6000000238
13172  -19.414  -77.936  -12.662 0.6000000238
14147  -21.391  -76.389  -14.596 0.5000000000
15156  -21.802  -75.485  -13.861 0.6999999881
13171  -18.792  -77.945  -12.527 0.5000000000
14119  -19.144  -76.647  -11.115 0.6000000238
149141  -19.614  -76.198  -11.652 0.6000000238
14117  -17.905  -76.350  -11.487 0.6000000238
14135  -18.357  -77.171  -11.907 0.6000000238
13197  -21.454  -77.504  -15.454 0.4000000060
14102  -18.826  -76.138  -10.724 0.6000000238
12212  -21.342  -78.585  -15.638 0.5000000000
11220  -21.077  -80.200  -15.032 0.6000000238
11201  -20.634  -80.620  -13.034 0.6000000238
10265  -19.402  -81.052  -10.874 0.6999999881
10282  -19.483  -81.072  -11.876 0.6000000238
10253  -19.622  -80.874  -9.370 0.6999999881
10226  -19.391  -80.768  -7.734 0.6000000238
10243  -20.111  -80.395  -8.168 0.6000000238
145220  -19.695  -80.765  -6.091 0.6000000238
6729  -21.009  -85.036  -7.424 0.6000000238
130313  -20.950  -84.772  -8.287 0.6000000238
6051  -19.673  -85.077  -9.531 0.6999999881
10193  -20.031  -80.916  -5.167 0.6000000238
7516  -21.705  -84.087  -6.083 0.6000000238
6090  -18.349  -85.426  -13.435 0.6999999881
11089  -21.512  -79.815  -3.575 0.6000000238
7508  -22.224  -83.245  -4.605 0.4000000060
7517  -22.236  -83.451  -5.655 0.4000000060
7525  -22.035  -84.065  -7.134 0.5000000000
6730  -21.498  -84.429  -7.710 0.6000000238
6756  -20.806  -84.541  -9.967 0.6000000238
6082  -19.357  -85.211  -12.170 0.6000000238
10166  -22.228  -79.812  -2.990 0.5000000000
9209  -22.384  -80.775  -2.746 0.5000000000
9227  -22.833  -81.473  -2.906 0.5000000000
8322  -22.260  -82.308  -3.098 0.5000000000
7534  -22.431  -83.345  -7.518 0.4000000060
7533  -22.078  -83.900  -7.996 0.6000000238
16153  -21.988  -74.116  -13.385 0.6000000238
15155  -21.130  -76.136  -13.959 0.6000000238
15157  -22.405  -74.927  -13.479 0.6000000238
15132  -19.971  -75.408  -11.754 0.6000000238
16143  -20.398  -74.523  -11.773 0.5000000000
17138  -22.066  -72.978  -12.647 0.6000000238
18106  -21.157  -72.682  -11.328 0.6000000238
14148  -22.038  -76.174  -14.196 0.6000000238
15113  -18.326  -75.490  -10.698 0.6999999881
17125  -20.222  -73.061  -10.837 0.6000000238
18102  -21.182  -71.870  -10.717 0.6000000238
12213  -22.219  -78.750  -15.392 0.5000000000
131777  -22.521  -77.318  -14.456 0.6000000238
16127  -17.387  -73.842  -10.795 0.6000000238
134477  -19.668  -72.608  -10.093 0.6999999881
11209  -21.913  -80.083  -14.577 0.5000000000
17123  -18.303  -72.803  -10.301 0.6999999881
11202  -21.602  -80.093  -13.378 0.6000000238
18099  -17.323  -72.091  -10.199 0.6000000238
10266  -20.129  -80.827  -10.668 0.6000000238
139794  -21.124  -79.937  -12.197 0.6000000238
11191  -20.760  -79.938  -11.138 0.6000000238
152343  -20.523  -80.132  -9.424 0.6000000238
11137  -20.729  -79.709  -7.759 0.6000000238
148141  -21.369  -79.467  -6.536 0.6000000238
146289  -23.103  -78.592  -5.401 0.6000000238
136996  -21.238  -79.536  -5.060 0.6000000238
12074  -23.770  -78.490  -5.013 0.6000000238
130530  -22.218  -79.179  -3.564 0.6000000238
6757  -21.483  -84.027  -9.530 0.6000000238
6773  -20.683  -84.601  -10.714 0.6000000238
6794  -20.932  -84.566  -11.282 0.6000000238
134948  -22.891  -79.150  -3.052 0.5000000000
9210  -23.402  -80.739  -2.751 0.5000000000
8323  -23.230  -82.041  -3.448 0.5000000000
6824  -20.730  -84.671  -13.671 0.6000000238
8380  -22.902  -82.658  -8.009 0.4000000060
7554  -22.221  -83.465  -9.626 0.6000000238
6774  -21.319  -84.253  -10.602 0.6000000238
17147  -22.730  -73.638  -13.449 0.6000000238
19096  -24.638  -72.210  -12.747 0.5000000000
17149  -24.387  -73.520  -13.264 0.6000000238
18109  -24.840  -73.130  -12.169 0.5000000000
17146  -21.732  -73.661  -13.000 0.6000000238
137861  -24.244  -71.422  -12.200 0.6000000238
16161  -22.839  -74.152  -13.487 0.5000000000
16145  -23.617  -74.105  -13.276 0.5000000000
16144  -22.729  -74.800  -12.512 0.5000000000
19091  -22.448  -71.618  -11.626 0.5000000000
151376  -23.832  -72.611  -13.231 0.6000000238
133058  -21.774  -71.576  -10.901 0.5000000000
15149  -22.400  -75.900  -13.431 0.6000000238
17113  -19.052  -72.369  -9.834 0.6999999881
19086  -20.430  -71.293  -10.094 0.6000000238
19080  -19.521  -70.951  -9.434 0.6000000238
11203  -22.639  -79.844  -13.983 0.5000000000
19085  -17.137  -71.760  -10.004 0.5000000000
19079  -18.282  -71.110  -9.559 0.6999999881
11192  -21.658  -79.482  -11.485 0.5000000000
153094  -21.646  -79.088  -9.899 0.5000000000
11153  -20.736  -79.729  -8.735 0.6000000238
12115  -22.693  -78.611  -7.074 0.6000000238
12093  -22.008  -78.995  -6.614 0.5000000000
12116  -23.314  -78.446  -6.810 0.6000000238
129830  -22.134  -78.904  -5.795 0.6000000238
12040  -23.559  -78.705  -3.247 0.5000000000
139456  -23.538  -82.228  -8.034 0.5000000000
7543  -22.671  -82.870  -9.040 0.5000000000
152149  -22.536  -83.381  -10.908 0.6000000238
6796  -22.075  -83.905  -12.099 0.6000000238
19094  -26.056  -71.365  -12.311 0.6000000238
18110  -25.650  -72.484  -12.377 0.6000000238
19089  -24.539  -70.843  -11.756 0.6000000238
17139  -22.777  -74.460  -11.586 0.5000000000
19088  -23.331  -71.121  -11.325 0.6000000238
20055  -22.839  -70.373  -10.333 0.6999999881
15133  -22.395  -75.837  -11.972 0.6000000238
19081  -20.608  -70.535  -9.753 0.6000000238
19087  -21.228  -70.967  -10.333 0.6000000238
14137  -22.732  -76.923  -13.731 0.6000000238
20051  -19.415  -70.407  -9.029 0.6000000238
128920  -20.112  -70.226  -9.248 0.6000000238
12200  -23.085  -79.098  -14.768 0.5000000000
11182  -22.287  -79.085  -10.741 0.5000000000
131880  -16.683  -72.127  -9.790 0.5000000000
20039  -17.946  -70.862  -9.255 0.6000000238
149869  -21.508  -79.078  -9.107 0.5000000000
145762  -22.926  -78.491  -7.974 0.6000000238
12114  -22.104  -78.881  -7.613 0.5000000000
12117  -24.167  -78.362  -6.776 0.5000000000
12095  -23.556  -78.458  -6.004 0.5000000000
8400  -23.227  -82.501  -9.753 0.6000000238
7565  -23.011  -82.910  -10.803 0.6000000238
20060  -26.170  -70.903  -11.880 0.6000000238
19090  -26.246  -71.396  -11.337 0.5000000000
18104  -25.822  -72.421  -11.694 0.5000000000
21072  -25.228  -69.722  -10.589 0.6999999881
18103  -24.245  -72.939  -10.829 0.5000000000
20052  -23.200  -69.780  -9.835 0.6999999881
131079  -23.827  -70.520  -10.935 0.6000000238
17126  -22.392  -74.452  -10.283 0.5000000000
132351  -22.265  -70.062  -9.822 0.6000000238
16130  -22.364  -75.138  -11.072 0.5000000000
14121  -23.094  -76.996  -12.117 0.6000000238
19070  -21.369  -71.004  -7.807 0.6999999881
13159  -23.243  -77.362  -13.395 0.6000000238
20028  -19.414  -70.784  -7.940 0.6000000238
12201  -23.689  -78.950  -14.353 0.6000000238
140005  -17.975  -71.118  -7.646 0.6999999881
20027  -18.556  -70.784  -8.125 0.6999999881
11193  -22.596  -79.351  -12.066 0.5000000000
133879  -23.409  -79.458  -13.973 0.5000000000
19073  -17.534  -71.095  -9.076 0.6000000238
12173  -23.430  -79.172  -11.697 0.5000000000
18084  -16.921  -72.289  -8.046 0.5000000000
12162  -23.114  -78.680  -10.250 0.6000000238
11170  -22.277  -78.730  -9.616 0.5000000000
17093  -17.085  -73.738  -7.752 0.6000000238
12151  -22.977  -78.385  -9.116 0.5000000000
134415  -23.724  -78.409  -7.553 0.6000000238
12118  -25.014  -78.191  -7.365 0.5000000000
20054  -26.427  -69.778  -10.259 0.6999999881
19084  -26.307  -70.460  -10.581 0.5000000000
18097  -25.217  -72.095  -10.425 0.5000000000
21059  -24.276  -68.772  -9.162 0.8000000119
21069  -25.682  -69.185  -10.113 0.6999999881
18096  -23.784  -72.751  -9.485 0.5000000000
17127  -22.855  -73.546  -9.969 0.5000000000
20031  -23.406  -69.348  -8.627 0.6999999881
21058  -23.547  -69.393  -9.351 0.6999999881
21068  -24.458  -69.300  -9.871 0.8000000119
20044  -22.689  -69.943  -9.104 0.6999999881
17114  -22.180  -74.038  -9.220 0.5000000000
19055  -21.616  -71.318  -6.813 0.6999999881
20029  -22.023  -70.526  -8.392 0.6999999881
14103  -22.705  -76.321  -11.251 0.6000000238
148865  -22.239  -75.116  -10.134 0.5000000000
19053  -20.035  -71.973  -6.010 0.6000000238
140009  -20.966  -71.481  -7.217 0.6000000238
13175  -23.845  -78.392  -14.198 0.6000000238
19052  -18.115  -71.615  -6.634 0.6999999881
19067  -18.955  -71.407  -7.124 0.6999999881
12174  -24.090  -79.358  -13.040 0.6000000238
12188  -24.019  -79.222  -13.865 0.6000000238
19065  -17.042  -71.960  -7.319 0.6000000238
130801  -24.488  -79.275  -12.299 0.6000000238
12152  -23.858  -78.652  -9.647 0.6000000238
16081  -17.534  -74.455  -6.922 0.6000000238
12153  -24.647  -78.460  -9.140 0.6000000238
151957  -25.095  -78.224  -8.355 0.5000000000
22120  -26.114  -68.098  -9.074 0.6000000238
130893  -26.403  -69.340  -9.591 0.5000000000
20045  -26.416  -70.132  -9.731 0.5000000000
18089  -23.042  -72.964  -8.505 0.5000000000
21049  -23.922  -68.519  -8.444 0.8000000119
17106  -22.309  -73.657  -8.382 0.5000000000
20017  -22.728  -70.121  -7.087 0.6999999881
14104  -23.114  -76.511  -10.967 0.6000000238
17039  -16.063  -73.304  -1.877 0.6000000238
19054  -20.966  -71.841  -6.375 0.8000000119
133642  -15.083  -73.465  -2.664 0.6000000238
148302  -18.942  -72.270  -4.739 0.6999999881
19038  -20.710  -71.949  -5.289 0.8000000119
13160  -23.791  -77.675  -13.555 0.6000000238
17065  -16.628  -74.027  -3.448 0.6000000238
19051  -17.228  -71.808  -6.420 0.6000000238
12175  -24.871  -79.230  -13.907 0.6000000238
131157  -25.343  -79.067  -12.622 0.6000000238
17086  -16.038  -73.766  -6.622 0.6000000238
17091  -15.583  -72.953  -7.071 0.6000000238
19050  -16.357  -72.283  -6.754 0.6000000238
12164  -24.934  -79.009  -11.186 0.6000000238
12165  -25.733  -78.735  -11.332 0.6000000238
17099  -16.606  -72.866  -7.376 0.5000000000
12154  -25.567  -78.239  -9.121 0.5000000000
13121  -26.349  -77.862  -9.019 0.5000000000
12155  -26.185  -78.311  -10.132 0.5000000000
21050  -26.143  -68.666  -8.424 0.5000000000
20032  -26.095  -69.809  -8.571 0.5000000000
22119  -25.081  -67.959  -8.740 0.6000000238
22106  -25.271  -67.443  -8.348 0.5000000000
21048  -23.296  -69.455  -7.750 0.8000000119
21036  -23.464  -68.195  -7.662 0.6999999881
20009  -22.584  -69.782  -6.370 0.8000000119
20016  -22.257  -70.690  -6.405 0.8000000119
14087  -22.711  -75.917  -10.301 0.6000000238
16105  -22.148  -74.585  -8.370 0.5000000000
18027  -14.423  -72.458  -1.299 0.6000000238
147552  -21.145  -71.377  -4.684 0.8000000119
132065  -23.602  -75.629  -9.168 0.5000000000
17050  -13.900  -73.451  -2.900 0.6999999881
17038  -14.984  -73.114  -1.698 0.6000000238
19018  -19.230  -72.243  -3.932 0.8000000119
13161  -24.833  -77.473  -13.768 0.6000000238
14122  -23.889  -77.081  -11.999 0.6000000238
14088  -23.289  -76.004  -10.011 0.6000000238
17075  -13.911  -73.902  -4.855 0.6000000238
12189  -25.639  -78.592  -14.372 0.6000000238
13176  -24.759  -78.473  -14.306 0.6000000238
14123  -25.048  -76.787  -12.549 0.6000000238
128808  -16.163  -74.237  -4.764 0.6000000238
19035  -16.332  -71.886  -5.972 0.6000000238
19017  -18.208  -72.098  -4.125 0.5000000000
12177  -26.248  -78.466  -14.101 0.6000000238
18074  -15.029  -72.695  -6.713 0.6000000238
12166  -26.402  -78.385  -11.385 0.6000000238
13149  -26.936  -78.030  -12.215 0.6000000238
13150  -27.575  -77.452  -11.802 0.5000000000
140672  -27.569  -77.188  -10.721 0.5000000000
13139  -26.749  -77.721  -9.692 0.5000000000
14089  -27.971  -76.844  -10.250 0.5000000000
22105  -24.987  -66.967  -8.139 0.6000000238
21025  -22.869  -68.612  -6.626 0.6999999881
18927  -12.962  -71.677  -0.517 0.6000000238
18948  -13.682  -72.004  -0.960 0.6000000238
20008  -22.196  -70.262  -5.605 0.8000000119
15090  -22.930  -75.525  -8.549 0.5000000000
18026  -13.293  -72.709  -1.606 0.6000000238
19998  -20.922  -70.714  -3.998 0.8000000119
131793  -23.913  -75.522  -8.332 0.5000000000
18045  -13.033  -73.219  -2.531 0.6999999881
18995  -18.970  -71.674  -3.338 0.8000000119
15116  -25.067  -75.950  -10.592 0.6000000238
15115  -24.361  -75.785  -9.807 0.6000000238
17073  -12.732  -73.358  -4.492 0.8000000119
18994  -18.294  -71.646  -3.287 0.6999999881
141193  -25.612  -76.977  -13.789 0.6000000238
15134  -25.595  -76.087  -11.690 0.6000000238
17083  -13.466  -73.377  -5.290 0.6999999881
19033  -14.007  -72.322  -5.504 0.6999999881
134433  -16.864  -71.665  -4.573 0.6000000238
13190  -26.535  -77.452  -14.233 0.6000000238
15135  -26.529  -75.607  -12.275 0.6000000238
17085  -14.930  -73.276  -6.348 0.6000000238
142945  -26.910  -75.975  -13.607 0.5000000000
13163  -27.607  -77.568  -13.168 0.5000000000
22092  -23.970  -66.822  -7.734 0.6000000238
23167  -24.397  -66.094  -6.793 0.5000000000
18896  -11.977  -71.217  0.968 0.6000000238
22079  -22.253  -67.603  -6.098 0.6999999881
140751  -13.265  -71.355  0.393 0.6000000238
21024  -22.284  -69.103  -5.840 0.6999999881
18947  -12.565  -72.341  -1.264 0.6000000238
135641  -11.886  -71.973  -0.803 0.6000000238
21015  -21.695  -69.448  -5.127 0.6000000238
21013  -20.360  -68.876  -4.417 0.6999999881
18024  -11.485  -73.137  -2.775 0.8000000119
19985  -20.198  -70.817  -3.504 0.6999999881
21012  -19.493  -68.775  -4.311 0.6000000238
17049  -12.758  -73.490  -3.655 0.8000000119
18970  -17.482  -71.178  -2.877 0.8000000119
19982  -17.555  -70.607  -2.871 0.6999999881
19014  -12.829  -72.434  -4.833 0.6999999881
19015  -13.630  -71.855  -4.716 0.6999999881
18991  -14.535  -71.324  -3.544 0.6000000238
19963  -16.031  -71.050  -2.712 0.8000000119
18876  -12.139  -71.031  1.878 0.6000000238
18916  -11.324  -71.387  0.345 0.6000000238
132583  -10.619  -72.083  -1.118 0.6999999881
18946  -11.349  -72.611  -1.848 0.6999999881
18966  -10.622  -72.543  -3.311 0.6999999881
145234  -18.799  -68.897  -4.242 0.6999999881
20993  -17.428  -69.525  -3.610 0.6000000238
18043  -11.363  -72.883  -3.949 0.8000000119
19997  -11.227  -71.615  -5.141 0.6000000238
18989  -12.718  -71.505  -4.374 0.5000000000
20973  -16.172  -70.388  -2.805 0.6999999881
21009  -15.988  -68.382  -5.082 0.6999999881
21010  -17.110  -68.217  -4.991 0.6000000238
18056  -11.426  -72.334  -4.856 0.8000000119
19980  -13.591  -70.850  -3.703 0.6000000238
19962  -15.433  -70.740  -2.842 0.6000000238
131011  -10.463  -71.140  2.816 0.6000000238
18874  -10.374  -71.503  2.174 0.6000000238
18915  -10.596  -71.329  0.549 0.6999999881
146185  -11.136  -71.148  0.925 0.6000000238
18926  -11.340  -71.687  -0.327 0.6999999881
18945  -9.580  -71.765  -1.783 0.6999999881
145105  -10.189  -72.263  -2.339 0.6999999881
18986  -10.080  -71.602  -4.074 0.6000000238
21011  -18.055  -68.368  -4.694 0.6000000238
19977  -10.818  -71.394  -4.906 0.6000000238
19979  -12.442  -70.726  -4.286 0.6000000238
23144  -17.946  -66.743  -5.053 0.5000000000
22059  -15.957  -67.622  -5.187 0.6000000238
23143  -17.291  -66.785  -5.222 0.5000000000
129246  -17.117  -67.065  -4.099 0.5000000000
23141  -15.092  -67.814  -5.040 0.6000000238
134234  -16.070  -67.303  -4.612 0.5000000000
20906  -10.216  -69.826  3.421 0.6000000238
18862  -9.623  -70.872  2.972 0.6000000238
131321  -9.349  -71.201  1.248 0.6999999881
145543  -9.096  -70.916  2.570 0.6999999881
19944  -8.589  -70.724  -0.317 0.6999999881
129858  -9.355  -71.403  -0.454 0.6999999881
18944  -8.906  -70.916  -2.181 0.6000000238
144630  -9.453  -71.532  -2.960 0.5000000000
19976  -9.673  -70.597  -3.565 0.6999999881
20971  -9.423  -68.880  -3.018 0.6000000238
143087  -10.338  -70.649  -4.182 0.6000000238
20988  -11.923  -69.378  -4.191 0.6000000238
22042  -11.676  -68.432  -3.664 0.6000000238
21007  -13.781  -68.868  -5.000 0.6000000238
22044  -13.447  -68.197  -4.412 0.5000000000
23111  -14.069  -67.507  -3.395 0.5000000000
23112  -15.129  -67.447  -3.337 0.5000000000
25253  -12.082  -65.906  6.002 0.6999999881
134822  -11.509  -66.477  5.405 0.6999999881
25241  -11.230  -65.327  6.519 0.6999999881
145756  -9.979  -68.986  3.382 0.6000000238
24100  -10.900  -67.064  4.880 0.6999999881
25251  -9.265  -65.739  5.594 0.6999999881
25239  -8.951  -65.129  5.760 0.6999999881
27429  -9.292  -63.999  5.411 0.6000000238
19902  -8.577  -70.293  2.981 0.6999999881
21913  -10.234  -68.325  3.725 0.6999999881
23029  -9.275  -67.443  4.014 0.6999999881
25250  -8.972  -65.534  5.232 0.6999999881
20914  -8.011  -69.655  3.080 0.6999999881
20904  -8.143  -69.198  3.057 0.6999999881
24098  -9.104  -66.624  4.494 0.6999999881
19950  -8.443  -70.182  -1.435 0.6999999881
20963  -8.453  -68.973  -2.048 0.6000000238
19960  -8.616  -69.806  -2.510 0.6000000238
22003  -10.729  -68.038  -2.260 0.6000000238
23087  -11.501  -67.646  -1.706 0.6000000238
20987  -11.023  -69.100  -3.631 0.6000000238
22025  -11.004  -68.204  -3.070 0.6000000238
23094  -11.547  -67.460  -2.580 0.6000000238
22026  -11.946  -67.704  -3.357 0.5000000000
128938  -12.627  -66.784  -1.978 0.6000000238
24163  -13.186  -66.623  -1.369 0.6000000238
23124  -12.798  -67.607  -3.689 0.5000000000
23110  -13.219  -67.389  -3.198 0.5000000000
23096  -13.369  -66.978  -2.338 0.5000000000
25242  -12.640  -65.399  6.742 0.6999999881
25240  -9.744  -65.236  6.158 0.6999999881
152063  -8.989  -64.153  6.670 0.6000000238
28513  -9.402  -62.937  6.379 0.6000000238
27413  -9.716  -63.107  5.553 0.6000000238
27431  -10.885  -63.094  4.151 0.4000000060
25269  -9.218  -65.616  3.945 0.6000000238
26367  -9.035  -65.216  4.713 0.5000000000
27430  -9.953  -63.486  4.792 0.5000000000
28553  -11.615  -62.694  3.466 0.4000000060
154381  -12.195  -61.138  4.258 0.5000000000
19912  -8.242  -70.136  1.524 0.6999999881
21932  -8.035  -68.987  2.829 0.8000000119
23041  -9.058  -67.107  3.759 0.6999999881
152937  -9.880  -65.187  3.086 0.5000000000
26368  -10.927  -63.876  2.884 0.4000000060
130243  -11.752  -63.349  2.735 0.4000000060
27447  -12.654  -62.803  3.054 0.4000000060
139489  -13.647  -62.704  3.258 0.4000000060
20933  -8.193  -69.640  1.195 0.8000000119
21944  -8.704  -68.429  1.579 0.8000000119
23063  -8.570  -68.204  2.477 0.8000000119
154410  -9.495  -66.475  2.462 0.8000000119
25280  -10.525  -65.429  2.423 0.6000000238
25281  -11.524  -65.071  2.264 0.5000000000
26381  -11.726  -64.231  2.311 0.4000000060
19928  -8.142  -70.135  0.454 0.6999999881
20951  -8.556  -69.311  -0.929 0.8000000119
141887  -9.190  -68.368  -0.501 0.6999999881
21983  -9.978  -68.228  -0.904 0.5000000000
153516  -12.039  -64.854  2.271 0.5000000000
26370  -13.718  -64.804  3.158 0.4000000060
27449  -14.508  -63.351  3.289 0.4000000060
21982  -8.972  -68.498  -1.394 0.6000000238
22002  -9.777  -68.286  -1.918 0.5000000000
21984  -11.700  -68.054  -0.629 0.5000000000
145165  -13.113  -67.779  -0.378 0.6000000238
23088  -12.377  -67.300  -1.206 0.6000000238
24147  -13.614  -66.800  -0.354 0.6000000238
26328  -10.359  -64.726  6.798 0.6000000238
27380  -10.440  -63.682  7.960 0.5000000000
27396  -8.887  -63.710  6.894 0.5000000000
28501  -9.300  -61.932  6.675 0.4000000060
28514  -9.929  -61.725  5.505 0.5000000000
28515  -10.619  -61.297  4.744 0.5000000000
29628  -11.638  -61.223  4.419 0.5000000000
29629  -12.106  -60.443  4.782 0.5000000000
29630  -12.809  -60.184  4.712 0.5000000000
30665  -14.005  -59.574  5.098 0.5000000000
29651  -13.465  -60.582  4.119 0.5000000000
30674  -14.690  -59.248  4.568 0.5000000000
23064  -8.909  -67.754  1.849 0.6999999881
24132  -9.893  -66.738  1.753 0.6000000238
24133  -11.210  -66.924  1.818 0.5000000000
24121  -11.618  -66.185  2.252 0.5000000000
29652  -14.262  -60.458  3.695 0.5000000000
31730  -14.940  -59.108  4.492 0.5000000000
21961  -8.706  -69.026  0.834 0.8000000119
23078  -9.475  -68.143  1.016 0.6999999881
21964  -10.345  -67.888  0.148 0.6000000238
24122  -13.038  -66.733  2.372 0.5000000000
142918  -13.689  -65.946  2.924 0.4000000060
26371  -14.728  -64.561  3.277 0.5000000000
28556  -14.212  -61.898  3.309 0.4000000060
29653  -14.866  -60.204  3.460 0.5000000000
21965  -11.678  -68.172  0.157 0.5000000000
130786  -13.242  -68.177  1.242 0.5000000000
24134  -12.417  -67.205  2.016 0.6000000238
24123  -14.065  -67.137  2.501 0.5000000000
25272  -15.192  -65.453  3.015 0.5000000000
27450  -15.761  -63.923  2.932 0.5000000000
23080  -12.727  -68.285  0.151 0.5000000000
23068  -13.982  -68.143  1.912 0.5000000000
23054  -14.258  -67.942  2.063 0.5000000000
25284  -15.197  -65.900  2.617 0.5000000000
23081  -13.502  -68.046  0.730 0.6000000238
24135  -14.692  -66.689  1.513 0.6000000238
27364  -9.882  -63.007  8.305 0.5000000000
27363  -9.289  -62.151  8.300 0.5000000000
28485  -8.876  -61.932  7.318 0.5000000000
29584  -9.467  -60.583  6.952 0.4000000060
29595  -9.781  -61.154  6.293 0.4000000060
28458  -9.298  -61.535  8.594 0.5000000000
30638  -9.564  -60.731  7.788 0.4000000060
29609  -10.364  -60.899  5.323 0.5000000000
29610  -11.160  -60.708  4.945 0.6000000238
29612  -12.518  -61.009  5.884 0.5000000000
30664  -13.150  -59.907  5.180 0.5000000000
29614  -14.566  -61.792  5.482 0.4000000060
29631  -15.070  -60.246  5.045 0.4000000060
29616  -16.754  -62.587  5.027 0.4000000060
30628  -10.055  -59.909  7.898 0.4000000060
31713  -10.430  -59.594  7.337 0.4000000060
30640  -10.340  -60.007  7.075 0.4000000060
30654  -11.835  -60.464  6.357 0.5000000000
29597  -12.408  -60.816  6.168 0.5000000000
29598  -13.170  -61.417  6.451 0.5000000000
30642  -12.481  -60.131  6.851 0.4000000060
152237  -13.617  -60.451  7.240 0.4000000060
29585  -13.639  -61.531  6.998 0.5000000000
28486  -14.668  -62.753  6.857 0.4000000060
28516  -14.556  -62.522  6.222 0.4000000060
29615  -15.637  -62.260  5.150 0.4000000060
28518  -16.326  -63.498  5.490 0.4000000060
31702  -10.587  -58.876  7.727 0.4000000060
31714  -11.052  -58.865  7.063 0.4000000060
31715  -11.888  -58.905  6.965 0.4000000060
32783  -12.109  -57.678  9.069 0.4000000060
32796  -12.860  -58.014  8.509 0.4000000060
31716  -13.039  -59.364  7.423 0.4000000060
30643  -14.669  -60.249  7.824 0.4000000060
30644  -15.066  -61.279  7.538 0.5000000000
29587  -15.037  -62.526  7.224 0.5000000000
27381  -15.282  -63.268  6.895 0.4000000060
27414  -16.278  -63.838  5.923 0.4000000060
137703  -15.566  -60.653  8.252 0.4000000060
151119  -16.640  -62.118  7.626 0.4000000060
28488  -17.733  -63.005  7.312 0.4000000060
27382  -16.164  -63.531  6.748 0.4000000060
27415  -16.902  -64.173  5.804 0.4000000060
132377  -11.238  -57.614  9.847 0.4000000060
32784  -13.095  -57.918  9.511 0.3000000119
31706  -14.305  -59.383  8.485 0.3000000119
30629  -15.043  -60.005  8.910 0.4000000060
139837  -14.301  -57.969  10.791 0.4000000060
32785  -14.044  -58.303  9.882 0.3000000119
31693  -14.568  -59.197  9.406 0.3000000119
30614  -17.533  -60.553  9.575 0.5000000000
29570  -17.761  -61.553  8.383 0.4000000060
28471  -18.233  -62.293  7.917 0.4000000060
28489  -18.632  -63.006  7.396 0.4000000060
27418  -19.654  -63.699  5.920 0.3000000119
30600  -17.902  -60.182  10.284 0.5000000000
30615  -18.428  -60.680  9.744 0.5000000000
29571  -18.609  -61.583  8.485 0.4000000060
28472  -19.059  -62.253  7.983 0.4000000060
28490  -19.603  -62.860  7.397 0.3000000119
32774  -13.346  -57.854  10.642 0.4000000060
146008  -14.568  -57.599  11.632 0.4000000060
32763  -15.126  -58.351  10.963 0.4000000060
31678  -15.760  -59.069  10.320 0.5000000000
30599  -17.043  -60.023  10.060 0.5000000000
31664  -16.060  -58.598  11.305 0.4000000060
31680  -17.401  -59.680  10.794 0.5000000000
31681  -18.268  -59.695  11.030 0.5000000000
30601  -18.795  -60.270  10.453 0.4000000060
30616  -19.316  -60.878  9.938 0.4000000060
149146  -19.757  -62.152  8.060 0.3000000119
31634  -18.613  -58.986  12.136 0.3000000119
136425  -18.755  -59.260  11.515 0.3000000119
31682  -19.204  -59.668  11.117 0.3000000119
32762  -13.712  -57.453  11.662 0.4000000060
143072  -16.468  -58.065  13.189 0.3000000119
32731  -17.222  -58.691  12.906 0.4000000060
30617  -20.267  -60.965  10.039 0.3000000119
32730  -15.850  -57.441  13.712 0.3000000119
31613  -17.929  -59.506  14.795 0.3000000119
13173  -20.314  -77.308  -13.476 0.6000000238
135152  -20.578  -74.910  -12.873 0.5000000000
143094  -14.927  -68.909  -4.746 0.6000000238
20990  -14.010  -69.397  -4.915 0.6000000238
6772  -14.638  -84.176  -10.605 0.5000000000
7541  -15.615  -83.599  -8.867 0.6000000238
11177  -15.608  -79.610  -10.141 0.5000000000
7531  -15.789  -83.351  -8.007 0.6999999881
142842  -15.356  -85.155  -6.775 0.6999999881
6011  -16.146  -84.847  -6.623 0.6999999881
10206  -16.894  -80.719  -6.575 0.6999999881
7515  -17.125  -84.250  -5.463 0.6999999881
135977  -16.785  -83.357  -5.686 0.6999999881
10297  -19.790  -81.022  -12.891 0.5000000000
5330  -18.574  -86.849  -5.796 0.6999999881
154130  -18.723  -80.740  -7.320 0.6999999881
10208  -18.129  -80.574  -6.768 0.6999999881
5977  -18.707  -86.235  -5.209 0.6999999881
148322  -19.446  -81.374  -4.717 0.6999999881
13188  -20.280  -77.487  -15.028 0.6000000238
144067  -20.560  -85.428  -6.022 0.6999999881
10210  -20.213  -80.259  -6.514 0.6000000238
11103  -20.946  -79.868  -4.254 0.6000000238
8303  -20.722  -82.336  -2.839 0.5000000000
16142  -19.506  -74.918  -10.995 0.6999999881
11117  -20.925  -79.864  -5.975 0.6000000238
148635  -20.833  -84.486  -9.098 0.6000000238
6083  -20.206  -84.850  -11.482 0.6000000238
11104  -21.645  -79.323  -4.258 0.5000000000
11078  -23.718  -79.272  -2.753 0.5000000000
7542  -22.051  -83.604  -8.832 0.5000000000
17137  -20.994  -73.606  -11.851 0.6000000238
129343  -18.929  -74.207  -10.386 0.6999999881
13189  -23.078  -78.243  -14.587 0.6000000238
11154  -21.408  -79.175  -8.170 0.5000000000
149813  -21.592  -79.272  -5.848 0.5000000000
11105  -22.331  -78.888  -4.358 0.6000000238
11118  -21.927  -79.147  -5.098 0.5000000000
12054  -22.868  -78.694  -3.711 0.5000000000
6795  -21.454  -84.312  -11.616 0.6000000238
7555  -22.724  -82.931  -9.899 0.6000000238
131662  -23.847  -82.269  -9.202 0.5000000000
20043  -21.628  -70.188  -9.413 0.6000000238
15089  -22.474  -75.218  -8.908 0.5000000000
17052  -16.837  -73.585  -2.433 0.6000000238
16072  -17.118  -74.364  -6.373 0.6000000238
129113  -25.295  -78.651  -10.132 0.6000000238
17064  -15.221  -74.163  -4.249 0.6000000238
19019  -20.312  -71.753  -4.123 0.8000000119
17084  -14.130  -73.406  -5.548 0.6000000238
14124  -25.997  -76.305  -13.072 0.6000000238
19034  -14.839  -72.332  -5.759 0.6000000238
13191  -27.115  -77.123  -14.104 0.6000000238
20994  -19.116  -70.002  -3.406 0.8000000119
15102  -25.453  -75.484  -9.738 0.6000000238
149868  -16.341  -71.507  -3.675 0.6000000238
19016  -14.578  -71.721  -4.818 0.6999999881
18990  -13.614  -71.343  -3.888 0.6000000238
19978  -11.523  -70.681  -4.774 0.6000000238
19981  -14.660  -70.227  -3.371 0.6999999881
143817  -12.393  -69.797  -4.412 0.6000000238
23126  -15.085  -67.504  -4.487 0.5000000000
22023  -8.973  -68.511  -2.414 0.5000000000
21006  -12.944  -68.969  -4.602 0.6000000238
23097  -14.250  -67.008  -2.277 0.5000000000
24101  -12.304  -67.174  4.969 0.6999999881
23031  -11.960  -67.765  4.395 0.6000000238
24092  -9.863  -66.412  5.355 0.6999999881
153825  -8.999  -67.772  3.390 0.8000000119
25279  -9.564  -65.957  3.046 0.6000000238
26306  -9.405  -64.144  7.092 0.6000000238
27446  -11.137  -63.321  3.349 0.5000000000
26354  -9.942  -64.659  3.750 0.5000000000
130848  -15.176  -63.081  3.136 0.5000000000
27379  -9.254  -63.347  7.409 0.5000000000
30673  -14.251  -59.323  4.947 0.5000000000
23066  -10.797  -67.484  1.299 0.6000000238
23067  -12.257  -67.816  1.441 0.6000000238
24124  -15.000  -66.590  2.184 0.5000000000
147410  -9.318  -61.196  8.514 0.5000000000
29599  -13.866  -62.020  6.559 0.5000000000
30655  -12.870  -61.000  6.792 0.6000000238
32782  -11.327  -57.792  8.752 0.4000000060
32795  -11.954  -57.851  8.058 0.4000000060
31704  -12.513  -58.434  7.696 0.4000000060
31692  -13.765  -58.539  8.972 0.3000000119
31705  -13.476  -58.803  8.111 0.4000000060
29568  -15.994  -61.568  7.718 0.5000000000
28487  -15.849  -62.803  7.264 0.4000000060
30630  -16.352  -60.850  8.623 0.4000000060
27384  -18.053  -63.665  6.682 0.4000000060
27400  -18.343  -64.050  5.989 0.4000000060
32775  -14.839  -58.836  10.184 0.3000000119
30612  -15.371  -59.612  9.649 0.5000000000
143901  -15.794  -60.369  9.242 0.4000000060
29556  -18.118  -60.936  8.944 0.5000000000
29555  -17.216  -60.928  8.851 0.4000000060
27385  -18.954  -63.445  6.594 0.4000000060
29557  -18.961  -61.127  9.127 0.4000000060
29572  -19.439  -61.688  8.592 0.4000000060
31665  -17.007  -59.091  11.346 0.5000000000
32765  -16.683  -58.543  12.141 0.5000000000
130559  -17.701  -59.339  11.365 0.4000000060
30602  -19.755  -60.312  10.595 0.4000000060
32732  -17.933  -58.976  12.759 0.4000000060
154593  -17.000  -58.104  13.879 0.3000000119
32711  -17.803  -58.971  13.755 0.3000000119
32712  -18.728  -59.155  13.172 0.3000000119
4230  -21.146  -88.873  -9.745 0.5000000000
4241  -21.910  -89.139  -10.747 0.5000000000
3013  -23.102  -90.430  -10.399 0.5000000000
4242  -22.824  -89.575  -11.454 0.5000000000
3014  -24.544  -90.559  -11.082 0.5000000000
3632  -25.293  -89.582  -10.962 0.6000000238
131861  -20.100  -88.199  -10.866 0.5000000000
4252  -20.888  -88.139  -11.428 0.5000000000
4253  -21.792  -88.481  -12.187 0.5000000000
4260  -22.608  -88.527  -12.754 0.5000000000
3622  -24.961  -89.087  -10.318 0.6000000238
131199  -23.445  -88.691  -12.180 0.6000000238
3638  -23.823  -89.416  -11.697 0.6000000238
3634  -16.174  -89.291  -11.690 0.4000000060
3641  -16.885  -88.854  -12.231 0.4000000060
3636  -17.403  -89.325  -11.667 0.5000000000
3637  -17.858  -89.339  -11.573 0.5000000000
3628  -18.380  -89.368  -10.482 0.5000000000
4250  -18.173  -88.474  -12.198 0.5000000000
4259  -17.792  -88.033  -12.910 0.5000000000
4239  -19.259  -88.577  -10.526 0.5000000000
4251  -19.245  -88.057  -11.614 0.5000000000
4826  -24.207  -88.181  -9.993 0.6000000238
4821  -23.654  -87.628  -9.230 0.6000000238
4840  -19.751  -87.547  -12.491 0.5000000000
4841  -20.710  -87.802  -12.373 0.5000000000
4847  -20.172  -87.201  -13.497 0.5000000000
134010  -24.452  -88.250  -11.246 0.6000000238
4848  -21.530  -87.922  -13.247 0.5000000000
129262  -22.500  -87.971  -13.327 0.6000000238
4262  -23.928  -87.977  -12.077 0.6000000238
4832  -24.184  -87.575  -10.919 0.6000000238
4849  -24.006  -87.190  -12.268 0.6000000238
5395  -24.136  -86.801  -11.151 0.6000000238
6067  -24.190  -86.056  -10.420 0.6999999881
144965  -24.417  -86.255  -12.399 0.6000000238
6068  -24.431  -85.973  -11.479 0.6999999881
4819  -16.361  -88.095  -9.039 0.6000000238
149518  -16.367  -87.420  -10.071 0.6000000238
4825  -17.116  -86.905  -9.698 0.6000000238
4236  -15.852  -88.627  -11.065 0.5000000000
4838  -16.162  -87.882  -12.218 0.5000000000
5392  -16.455  -87.047  -11.646 0.6000000238
4258  -17.082  -88.226  -12.769 0.5000000000
5401  -16.607  -87.132  -12.654 0.5000000000
5406  -17.038  -86.733  -13.217 0.5000000000
4845  -18.317  -87.233  -13.382 0.5000000000
5408  -17.843  -86.371  -13.504 0.5000000000
4846  -19.119  -87.190  -13.322 0.5000000000
4811  -23.112  -87.511  -7.606 0.6999999881
5354  -23.193  -86.981  -8.326 0.6000000238
4851  -20.983  -87.049  -13.881 0.5000000000
151705  -21.430  -86.905  -14.035 0.5000000000
5412  -21.964  -86.701  -14.190 0.6000000238
5382  -23.948  -86.793  -10.252 0.6999999881
6052  -23.864  -86.189  -9.622 0.6999999881
4854  -23.754  -87.389  -12.701 0.6000000238
6797  -25.019  -85.186  -11.381 0.6999999881
6101  -23.820  -86.007  -13.609 0.6000000238
6093  -24.460  -85.818  -13.028 0.6000000238
6816  -24.918  -84.808  -13.330 0.6999999881
136649  -25.319  -84.753  -12.309 0.6999999881
130061  -26.440  -84.326  -11.346 0.6000000238
3605  -15.854  -89.127  -8.246 0.5000000000
133701  -16.960  -87.288  -8.927 0.6000000238
5379  -17.591  -86.397  -9.986 0.6000000238
147689  -17.101  -86.357  -12.501 0.6000000238
139815  -17.917  -85.689  -12.630 0.6000000238
5409  -18.467  -85.942  -14.040 0.5000000000
6091  -18.965  -84.915  -13.518 0.6000000238
5347  -22.963  -86.846  -7.256 0.6999999881
5410  -19.176  -85.635  -14.315 0.5000000000
129072  -19.544  -84.838  -14.003 0.5000000000
5355  -23.420  -86.169  -7.594 0.5000000000
5994  -23.856  -86.050  -6.103 0.6000000238
5416  -20.062  -85.529  -14.386 0.6000000238
5417  -21.699  -85.734  -14.519 0.5000000000
6036  -24.543  -85.223  -8.499 0.6000000238
5418  -22.542  -86.040  -14.325 0.5000000000
6776  -24.688  -85.375  -10.515 0.6999999881
6742  -25.182  -84.849  -9.262 0.6000000238
6105  -23.955  -84.986  -14.157 0.5000000000
6759  -25.384  -84.786  -10.038 0.6000000238
152220  -27.012  -84.371  -10.931 0.6000000238
6827  -24.411  -84.234  -14.431 0.5000000000
6828  -24.826  -84.054  -14.382 0.6000000238
6799  -26.344  -83.826  -12.597 0.5000000000
7590  -26.728  -82.464  -15.007 0.5000000000
6802  -29.008  -84.269  -11.859 0.5000000000
4214  -16.014  -88.578  -7.473 0.6000000238
4820  -16.942  -87.904  -8.057 0.6000000238
4213  -15.417  -88.613  -7.386 0.4000000060
6092  -20.000  -85.017  -12.857 0.5000000000
6015  -24.546  -85.527  -7.036 0.6000000238
6099  -20.392  -84.933  -14.153 0.5000000000
145254  -24.931  -85.222  -7.619 0.5000000000
6829  -22.431  -84.481  -14.304 0.5000000000
6743  -26.099  -84.778  -8.882 0.5000000000
6038  -26.515  -85.218  -8.049 0.5000000000
6016  -25.973  -85.406  -7.478 0.5000000000
7605  -23.393  -83.477  -13.980 0.5000000000
6760  -25.908  -84.658  -9.771 0.5000000000
132546  -27.682  -84.570  -10.488 0.5000000000
144743  -23.970  -83.650  -14.536 0.6000000238
8464  -25.610  -82.061  -14.764 0.6000000238
6800  -27.279  -84.072  -11.651 0.5000000000
6801  -28.309  -84.428  -11.264 0.6000000238
8477  -26.599  -81.601  -15.245 0.6000000238
7609  -27.442  -82.243  -14.982 0.5000000000
4797  -14.274  -87.232  -6.590 0.4000000060
136505  -21.613  -84.273  -13.812 0.5000000000
6039  -27.444  -85.563  -8.050 0.5000000000
6826  -22.494  -84.015  -13.930 0.5000000000
7588  -23.573  -82.940  -13.188 0.5000000000
6762  -28.302  -85.239  -9.636 0.5000000000
6040  -28.376  -85.778  -8.250 0.5000000000
6041  -29.413  -86.193  -8.562 0.5000000000
6021  -30.171  -86.142  -7.839 0.5000000000
6023  -32.016  -86.008  -7.943 0.5000000000
151194  -24.646  -82.273  -13.096 0.6000000238
143090  -25.155  -82.125  -13.433 0.6000000238
6780  -28.645  -85.015  -10.479 0.5000000000
9365  -26.369  -81.344  -14.907 0.6000000238
6803  -30.599  -84.710  -11.834 0.5000000000
134403  -28.049  -81.041  -14.344 0.5000000000
131354  -29.139  -80.830  -14.312 0.5000000000
8401  -24.313  -82.441  -10.022 0.5000000000
6055  -28.871  -85.828  -8.958 0.5000000000
5383  -30.176  -86.918  -8.950 0.5000000000
5370  -30.700  -87.169  -8.952 0.5000000000
5358  -31.398  -86.913  -8.571 0.5000000000
8423  -24.334  -82.506  -11.173 0.5000000000
8424  -25.055  -82.154  -10.893 0.6000000238
6070  -29.888  -85.846  -10.171 0.5000000000
132567  -30.267  -86.669  -9.370 0.5000000000
149018  -32.157  -87.254  -8.868 0.5000000000
5359  -32.808  -86.662  -8.452 0.5000000000
6024  -33.657  -86.117  -7.916 0.5000000000
133758  -26.905  -81.434  -13.342 0.5000000000
6782  -30.501  -85.614  -10.914 0.5000000000
136843  -31.253  -85.163  -11.303 0.5000000000
8383  -24.631  -81.982  -9.098 0.5000000000
6057  -32.566  -86.867  -9.374 0.5000000000
5386  -32.276  -87.339  -9.013 0.5000000000
5372  -32.935  -87.172  -9.010 0.5000000000
6026  -35.507  -85.829  -7.338 0.4000000060
5373  -33.617  -86.966  -8.969 0.4000000060
13185  -17.163  -78.117  -13.935 0.4000000060
153184  -15.974  -72.703  -1.448 0.5000000000
143899  -14.318  -71.404  0.620 0.5000000000
18929  -15.050  -71.679  0.117 0.5000000000
129665  -12.985  -71.075  2.105 0.5000000000
18898  -13.802  -71.243  1.757 0.5000000000
18950  -15.763  -71.827  -0.516 0.5000000000
23023  -13.182  -67.018  6.067 0.5000000000
147113  -13.166  -65.947  6.796 0.5000000000
26308  -12.214  -64.255  7.601 0.5000000000
7572  -22.621  -83.392  -11.576 0.5000000000
7587  -22.842  -83.580  -12.807 0.5000000000
4256  -24.314  -88.324  -11.475 0.6000000238
4842  -24.092  -87.467  -11.895 0.6000000238
5413  -22.844  -86.844  -13.751 0.6000000238
6084  -24.767  -85.474  -12.350 0.6999999881
153252  -16.285  -87.253  -10.858 0.6000000238
139497  -20.888  -85.429  -14.359 0.5000000000
132373  -24.458  -84.894  -13.886 0.6000000238
150850  -25.451  -83.976  -13.586 0.6000000238
7589  -26.022  -83.039  -14.029 0.6000000238
136188  -23.341  -86.358  -6.739 0.6999999881
6100  -21.515  -84.877  -14.385 0.5000000000
6830  -23.232  -84.638  -14.332 0.5000000000
8476  -25.084  -82.863  -14.773 0.6000000238
131270  -25.758  -82.344  -14.963 0.6000000238
7574  -27.034  -83.308  -13.087 0.5000000000
6781  -29.752  -85.099  -11.354 0.5000000000
6761  -27.399  -84.805  -9.498 0.5000000000
6054  -27.973  -85.475  -8.745 0.5000000000
8462  -24.246  -82.584  -13.430 0.5000000000
8485  -27.299  -81.372  -15.261 0.5000000000
8443  -23.798  -82.720  -12.485 0.5000000000
8446  -25.602  -82.001  -11.996 0.5000000000
8445  -24.876  -82.293  -12.091 0.5000000000
5384  -30.782  -87.209  -9.037 0.5000000000
6071  -30.535  -86.113  -10.027 0.5000000000
5385  -31.537  -87.030  -9.342 0.5000000000
6025  -34.344  -86.164  -7.954 0.5000000000
6073  -32.067  -86.028  -9.997 0.4000000060
5361  -34.267  -86.433  -8.600 0.4000000060
6655  -25.775  -84.924  -3.721 0.5000000000
6676  -26.326  -84.666  -4.468 0.6000000238
6696  -26.599  -84.861  -5.320 0.6000000238
5964  -25.131  -85.299  -4.921 0.6000000238
5952  -24.662  -85.906  -3.520 0.4000000060
6713  -28.162  -84.990  -6.267 0.4000000060
5997  -27.009  -85.599  -6.878 0.4000000060
5983  -26.829  -85.446  -6.038 0.5000000000
130398  -25.400  -85.500  -5.842 0.6000000238
138463  -26.240  -85.576  -6.415 0.5000000000
6017  -26.853  -85.547  -7.474 0.4000000060
143091  -24.512  -85.746  -4.396 0.5000000000
5996  -25.465  -85.554  -6.780 0.5000000000
5980  -23.702  -86.319  -5.314 0.6000000238
4785  -22.986  -87.301  -5.942 0.6000000238
4202  -23.218  -88.419  -6.485 0.6000000238
143017  -23.707  -89.011  -7.086 0.6000000238
4812  -23.533  -88.096  -8.452 0.6000000238
3584  -24.590  -89.578  -7.737 0.6000000238
3609  -24.445  -89.010  -9.161 0.5000000000
3610  -25.476  -89.758  -9.743 0.5000000000
4231  -25.563  -89.904  -10.491 0.4000000060
3005  -25.352  -90.524  -10.582 0.5000000000
130492  -35.076  -85.888  -7.210 0.3000000119
3620  -21.955  -89.656  -9.846 0.4000000060
15101  -24.723  -75.403  -9.016 0.4000000060
134283  -25.811  -75.184  -8.907 0.4000000060
15117  -26.141  -75.423  -10.764 0.5000000000
24155  -14.485  -66.007  -0.782 0.5000000000
24154  -13.782  -66.189  -0.986 0.5000000000
25312  -15.347  -65.357  -0.670 0.5000000000
25311  -14.686  -65.408  -0.275 0.4000000060
26391  -14.690  -64.827  1.013 0.4000000060
27467  -18.901  -63.987  0.265 0.4000000060
26392  -15.733  -64.483  1.826 0.4000000060
27465  -16.054  -63.672  0.478 0.4000000060
27479  -16.077  -63.978  -0.790 0.4000000060
132562  -15.774  -64.433  2.672 0.4000000060
27466  -16.472  -62.966  1.036 0.4000000060
27496  -18.647  -63.257  -2.052 0.4000000060
27457  -16.247  -62.628  1.978 0.4000000060
28578  -16.580  -62.153  1.347 0.4000000060
29696  -18.492  -62.121  -0.925 0.4000000060
28567  -15.763  -61.810  2.482 0.4000000060
29674  -16.630  -61.330  1.721 0.4000000060
29664  -15.514  -60.696  3.044 0.4000000060
29665  -16.084  -61.001  2.375 0.4000000060
29632  -16.367  -60.889  4.825 0.3000000119
30675  -15.715  -59.443  4.624 0.4000000060
28520  -18.185  -63.467  5.410 0.3000000119
29617  -17.687  -62.797  5.054 0.3000000119
30676  -16.794  -59.677  4.532 0.3000000119
132394  -17.387  -60.618  4.621 0.3000000119
26410  -18.006  -64.228  -0.457 0.4000000060
26420  -17.246  -64.075  -1.065 0.4000000060
26418  -15.781  -64.666  -0.770 0.4000000060
26419  -16.346  -64.374  -0.895 0.4000000060
27494  -16.904  -63.784  -0.998 0.4000000060
28605  -17.194  -62.994  -0.781 0.4000000060
28590  -19.612  -62.981  -1.647 0.4000000060
28606  -17.952  -62.700  -1.059 0.4000000060
29695  -17.855  -61.923  -0.232 0.4000000060
28588  -16.810  -62.500  0.281 0.4000000060
11037  -35.429  -79.235  -0.150 0.3000000119
10119  -35.592  -80.169  -0.780 0.3000000119
11056  -33.731  -79.239  -0.746 0.4000000060
11068  -34.022  -79.837  -1.318 0.3000000119
10134  -34.261  -80.403  -1.851 0.4000000060
10131  -31.647  -80.492  -1.412 0.3000000119
10133  -33.453  -80.213  -1.705 0.3000000119
10152  -33.052  -80.628  -1.998 0.4000000060
9197  -30.247  -81.111  -1.043 0.3000000119
9198  -31.645  -81.415  -1.826 0.3000000119
8307  -31.598  -82.300  -2.251 0.3000000119
9196  -29.820  -81.761  -1.172 0.3000000119
8294  -29.949  -82.600  -1.539 0.3000000119
8306  -30.811  -83.042  -2.111 0.3000000119
8292  -28.784  -82.949  -0.569 0.3000000119
7462  -29.259  -83.236  -1.414 0.3000000119
149815  -28.861  -83.807  -1.766 0.3000000119
7454  -28.302  -83.474  -0.269 0.3000000119
7460  -27.846  -83.990  -0.649 0.3000000119
6638  -28.060  -84.005  -1.695 0.3000000119
5238  -29.001  -85.895  1.052 0.3000000119
6623  -28.089  -84.588  0.624 0.3000000119
6622  -27.240  -84.793  0.210 0.3000000119
6630  -26.819  -84.812  -0.283 0.3000000119
6645  -27.206  -84.266  -2.189 0.3000000119
5260  -28.238  -85.824  0.598 0.4000000060
10154  -34.545  -80.976  -2.281 0.3000000119
11066  -32.181  -79.515  -0.970 0.4000000060
9214  -33.130  -81.249  -2.379 0.4000000060
152628  -31.916  -79.941  -1.228 0.3000000119
150671  -31.572  -83.026  -2.631 0.4000000060
8283  -29.045  -82.257  -0.058 0.3000000119
7475  -30.380  -83.971  -2.451 0.4000000060
7473  -28.942  -84.177  -2.390 0.4000000060
7447  -28.730  -83.372  0.705 0.3000000119
137833  -28.128  -84.245  -2.636 0.4000000060
5239  -29.824  -85.925  1.300 0.3000000119
5884  -29.287  -85.078  1.362 0.4000000060
136013  -26.624  -84.515  -2.669 0.4000000060
6636  -25.992  -85.079  -1.935 0.3000000119
5240  -30.701  -86.004  1.392 0.3000000119
10135  -35.498  -80.680  -1.545 0.3000000119
10155  -35.317  -81.088  -2.161 0.3000000119
10136  -36.222  -80.807  -1.176 0.3000000119
9215  -33.994  -81.567  -2.677 0.3000000119
8309  -33.840  -82.412  -3.169 0.3000000119
12001  -32.445  -78.600  -0.038 0.4000000060
138261  -33.159  -82.023  -2.796 0.3000000119
144204  -33.140  -82.690  -3.197 0.3000000119
10098  -30.190  -80.704  -0.346 0.3000000119
152686  -31.717  -79.430  -0.603 0.4000000060
7477  -31.897  -83.507  -3.121 0.4000000060
7493  -31.410  -84.241  -3.349 0.3000000119
154763  -30.309  -84.285  -2.777 0.4000000060
6660  -30.833  -84.723  -3.719 0.4000000060
8275  -29.207  -82.595  0.787 0.3000000119
9168  -29.726  -81.912  1.075 0.3000000119
128084  -28.948  -84.472  -2.888 0.4000000060
6659  -29.149  -84.502  -3.561 0.4000000060
7448  -29.225  -83.355  1.152 0.3000000119
143895  -30.865  -82.474  1.319 0.3000000119
6678  -28.467  -84.398  -4.247 0.4000000060
6698  -28.531  -84.539  -5.260 0.5000000000
7436  -30.083  -83.527  1.354 0.3000000119
6657  -27.334  -84.405  -3.211 0.4000000060
6677  -27.124  -84.510  -4.758 0.4000000060
6697  -27.475  -84.798  -5.595 0.5000000000
5241  -31.611  -86.116  1.402 0.3000000119
9217  -35.743  -81.790  -2.304 0.3000000119
9201  -36.779  -81.483  -1.399 0.3000000119
11983  -31.718  -78.817  0.279 0.4000000060
6661  -31.789  -84.819  -3.887 0.4000000060
142973  -30.942  -84.749  -4.482 0.4000000060
10099  -30.380  -80.437  0.465 0.4000000060
6679  -29.326  -84.481  -4.406 0.4000000060
6699  -29.541  -84.533  -5.278 0.5000000000
148744  -29.445  -84.972  -6.543 0.4000000060
9169  -30.511  -81.615  1.293 0.3000000119
6714  -29.004  -84.685  -6.110 0.4000000060
5998  -27.879  -85.625  -7.030 0.4000000060
6019  -28.651  -85.822  -7.756 0.4000000060
6613  -30.847  -84.356  1.382 0.3000000119
5886  -31.286  -85.262  1.427 0.3000000119
5242  -32.581  -86.195  1.429 0.3000000119
8325  -33.597  -83.307  -3.459 0.3000000119
6681  -31.514  -84.918  -4.118 0.3000000119
11019  -30.834  -79.882  0.981 0.4000000060
6701  -31.541  -84.558  -5.122 0.5000000000
6001  -30.572  -85.295  -7.198 0.4000000060
138424  -30.892  -80.762  1.479 0.4000000060
6000  -29.629  -85.480  -7.235 0.4000000060
8262  -33.492  -82.640  1.985 0.3000000119
138992  -32.238  -82.403  1.389 0.3000000119
7437  -32.613  -83.211  1.285 0.3000000119
139329  -33.104  -84.607  1.372 0.3000000119
5244  -34.779  -85.962  1.639 0.3000000119
5888  -33.978  -84.872  1.483 0.3000000119
7495  -33.147  -84.101  -3.703 0.3000000119
6682  -32.173  -84.773  -4.300 0.4000000060
6717  -32.008  -84.776  -6.189 0.4000000060
7427  -33.953  -83.086  2.220 0.3000000119
6591  -33.798  -83.854  3.234 0.3000000119
139138  -33.973  -83.834  1.604 0.3000000119
6603  -34.885  -84.036  2.444 0.3000000119
5889  -34.761  -84.376  1.759 0.3000000119
5864  -33.792  -84.730  3.599 0.3000000119
5865  -34.602  -84.989  3.592 0.3000000119
6592  -34.521  -84.175  3.129 0.3000000119
5866  -35.364  -85.297  3.442 0.3000000119
5876  -35.333  -84.813  2.547 0.3000000119
6703  -33.598  -84.619  -5.508 0.3000000119
6718  -33.033  -84.737  -6.331 0.4000000060
5206  -34.147  -86.535  4.585 0.3000000119
5191  -34.487  -87.168  5.002 0.3000000119
6665  -36.258  -84.716  -3.819 0.3000000119
6684  -34.715  -84.555  -4.709 0.3000000119
6719  -34.088  -85.020  -6.432 0.3000000119
6686  -36.752  -85.313  -4.449 0.3000000119
6685  -35.397  -85.005  -5.106 0.3000000119
5985  -35.686  -85.502  -5.739 0.3000000119
25303  -14.124  -65.960  -0.166 0.5000000000
31746  -15.664  -58.979  4.088 0.5000000000
30697  -16.157  -59.449  3.460 0.4000000060
26407  -15.018  -64.909  -0.140 0.4000000060
5333  -23.268  -87.031  -5.228 0.6000000238
5981  -24.401  -85.742  -5.371 0.5000000000
6018  -27.671  -85.657  -7.607 0.4000000060
6022  -31.019  -86.055  -7.828 0.4000000060
6002  -31.510  -85.218  -7.153 0.4000000060
144954  -33.462  -85.307  -7.178 0.4000000060
6005  -35.089  -85.617  -6.459 0.3000000119
133664  -15.584  -65.778  -0.769 0.5000000000
25313  -16.466  -64.854  -0.775 0.4000000060
27481  -18.692  -63.622  -1.342 0.4000000060
11067  -33.110  -79.599  -1.216 0.3000000119
8282  -28.604  -83.040  0.206 0.3000000119
6611  -28.701  -84.581  1.116 0.3000000119
12002  -33.384  -78.636  -0.152 0.4000000060
6658  -28.285  -84.374  -3.425 0.4000000060
142224  -31.339  -79.418  -0.148 0.4000000060
10117  -30.778  -80.067  -0.257 0.3000000119
9180  -29.505  -81.698  0.523 0.3000000119
6614  -32.091  -84.280  1.296 0.3000000119
6715  -30.144  -84.850  -6.467 0.4000000060
5887  -32.259  -85.379  1.421 0.3000000119
6702  -32.572  -84.570  -5.311 0.4000000060
8270  -32.931  -82.264  1.790 0.3000000119
5890  -35.106  -85.065  1.833 0.3000000119
143991  -33.973  -84.492  -4.875 0.3000000119
5850  -34.812  -85.780  4.150 0.3000000119
3596  -25.005  -89.628  -8.763 0.5000000000
2979  -25.128  -90.223  -7.309 0.5000000000
151346  -24.184  -89.579  -6.832 0.5000000000
4190  -23.303  -88.533  -5.658 0.5000000000
4776  -23.465  -87.539  -4.523 0.4000000060
154663  -25.804  -81.801  -9.710 0.4000000060
136817  -25.143  -85.343  -4.026 0.5000000000
5953  -25.280  -85.305  -3.173 0.3000000119
5281  -26.433  -85.884  -0.950 0.3000000119
6643  -25.919  -84.839  -2.701 0.4000000060
5898  -27.095  -85.381  0.203 0.3000000119
5926  -26.394  -85.103  -1.064 0.3000000119
9170  -31.593  -80.716  2.259 0.3000000119
10082  -31.107  -79.977  1.821 0.3000000119
11020  -31.255  -79.227  1.564 0.3000000119
11036  -34.391  -78.869  -0.218 0.3000000119
10994  -31.254  -79.297  2.519 0.3000000119
13000  -31.824  -77.906  1.907 0.3000000119
11964  -31.639  -78.567  1.225 0.3000000119
11966  -33.181  -77.777  1.170 0.3000000119
11967  -34.144  -77.836  1.455 0.3000000119
13003  -34.173  -77.624  2.092 0.3000000119
11943  -31.442  -78.475  2.371 0.3000000119
143000  -32.813  -77.426  2.426 0.3000000119
11965  -32.295  -78.005  1.171 0.3000000119
12987  -33.690  -77.496  2.583 0.3000000119
11986  -33.999  -78.313  0.591 0.3000000119
136900  -34.930  -78.669  0.355 0.3000000119
134629  -32.258  -77.491  3.008 0.3000000119
11968  -35.734  -78.312  1.949 0.3000000119
13004  -34.938  -77.749  1.927 0.3000000119
3004  -24.148  -91.017  -10.389 0.3000000119
5306  -24.062  -86.334  -4.031 0.5000000000
4182  -23.591  -88.493  -4.768 0.4000000060
3583  -23.630  -89.163  -6.227 0.5000000000
5925  -25.935  -85.658  -1.723 0.3000000119
28609  -20.199  -62.303  -1.299 0.3000000119
29697  -19.291  -62.467  -1.660 0.3000000119
30723  -17.410  -60.303  1.789 0.3000000119
150944  -25.763  -90.165  -9.263 0.4000000060
143035  -26.171  -91.404  -7.331 0.4000000060
2958  -31.442  -90.216  -4.532 0.4000000060
144572  -27.974  -90.313  -3.822 0.4000000060
3563  -26.831  -89.817  -4.070 0.4000000060
3562  -25.857  -89.846  -4.381 0.4000000060
4183  -24.345  -88.774  -4.303 0.4000000060
2973  -26.338  -91.429  -5.323 0.4000000060
2952  -24.894  -90.361  -5.634 0.4000000060
3561  -24.845  -89.680  -4.765 0.4000000060
2946  -34.800  -89.972  -3.964 0.3000000119
3568  -31.816  -89.579  -4.578 0.4000000060
3544  -28.928  -89.291  -3.780 0.4000000060
2971  -25.277  -90.673  -6.570 0.4000000060
2957  -30.500  -90.239  -4.327 0.4000000060
2955  -27.248  -90.546  -4.010 0.4000000060
2960  -33.414  -89.873  -4.515 0.3000000119
3566  -30.071  -89.528  -4.140 0.4000000060
3565  -28.526  -89.612  -3.788 0.4000000060
2953  -25.601  -90.603  -5.026 0.4000000060
3542  -27.370  -89.282  -3.859 0.4000000060
4184  -25.274  -89.096  -4.061 0.4000000060
3532  -34.513  -89.550  -3.497 0.3000000119
3548  -33.118  -89.387  -4.298 0.3000000119
3545  -30.329  -89.210  -4.250 0.3000000119
3546  -31.214  -89.162  -4.379 0.3000000119
4164  -26.781  -88.775  -3.597 0.3000000119
4141  -25.251  -87.827  -2.976 0.3000000119
139702  -25.829  -87.410  -2.542 0.3000000119
5293  -24.757  -86.469  -2.999 0.3000000119
4752  -24.415  -87.334  -3.252 0.3000000119
4163  -25.740  -88.602  -3.506 0.3000000119
4161  -23.881  -87.956  -3.895 0.3000000119
3383  -25.599  -89.148  8.250 0.3000000119
3999  -25.037  -88.522  8.179 0.3000000119
6589  -31.692  -84.166  3.561 0.3000000119
5172  -26.464  -86.119  7.000 0.3000000119
5819  -27.245  -86.172  7.226 0.3000000119
5155  -29.224  -86.341  9.587 0.3000000119
5165  -30.184  -86.336  8.562 0.3000000119
5175  -30.077  -85.972  7.269 0.3000000119
5829  -29.696  -85.623  5.909 0.3000000119
5846  -30.046  -85.438  4.843 0.3000000119
6588  -30.762  -83.971  3.674 0.3000000119
5818  -26.935  -85.524  7.975 0.3000000119
134111  -28.830  -85.684  9.871 0.3000000119
5811  -29.253  -85.438  9.736 0.3000000119
6544  -29.550  -85.093  8.804 0.3000000119
5827  -28.937  -84.962  6.066 0.3000000119
4166  -28.500  -89.008  -3.836 0.3000000119
151856  -26.749  -88.376  6.788 0.3000000119
4607  -29.426  -87.112  9.135 0.3000000119
5173  -27.632  -87.044  6.712 0.3000000119
4613  -26.050  -87.516  7.001 0.3000000119
5174  -28.489  -87.203  7.248 0.3000000119
5154  -28.242  -86.147  9.028 0.3000000119
134096  -28.836  -85.001  9.967 0.3000000119
2945  -34.221  -90.123  -4.306 0.3000000119
2954  -26.429  -90.664  -4.498 0.4000000060
2956  -28.581  -90.660  -3.742 0.4000000060
2972  -25.702  -91.173  -6.026 0.4000000060
2987  -25.597  -90.204  -8.487 0.5000000000
3015  -25.422  -90.092  -11.020 0.6000000238
3019  -17.681  -89.803  -10.910 0.5000000000
3541  -26.317  -89.258  -3.925 0.4000000060
3543  -28.221  -89.254  -3.821 0.4000000060
3547  -32.175  -89.179  -4.389 0.3000000119
3549  -34.037  -89.669  -4.213 0.3000000119
3560  -24.093  -89.196  -4.881 0.4000000060
3564  -27.749  -89.647  -3.866 0.4000000060
3567  -30.879  -89.538  -4.430 0.4000000060
3569  -32.639  -89.620  -4.540 0.3000000119
3578  -23.772  -89.209  -5.460 0.5000000000
3579  -24.333  -89.894  -6.145 0.5000000000
3595  -23.984  -88.937  -8.084 0.6000000238
3629  -22.657  -89.849  -10.763 0.5000000000
3630  -23.643  -90.110  -11.275 0.5000000000
3631  -24.790  -89.852  -11.219 0.6000000238
3639  -24.613  -89.149  -11.303 0.6000000238
3640  -16.324  -88.919  -12.106 0.4000000060
3642  -17.533  -88.768  -12.277 0.5000000000
4003  -25.844  -88.364  7.564 0.3000000119
4142  -26.227  -88.100  -3.043 0.3000000119
4162  -24.711  -88.295  -3.561 0.3000000119
4165  -27.728  -88.882  -3.763 0.3000000119
4189  -23.006  -87.930  -5.995 0.6000000238
4198  -15.070  -87.994  -6.737 0.4000000060
4199  -15.903  -88.235  -6.761 0.6999999881
4200  -16.618  -88.154  -6.856 0.6999999881
4201  -22.924  -87.560  -6.730 0.6000000238
4215  -16.669  -88.247  -7.423 0.6000000238
4216  -23.310  -88.251  -7.385 0.6000000238
4221  -16.366  -88.483  -8.181 0.6000000238
4222  -24.096  -88.382  -9.425 0.6000000238
4237  -16.007  -87.816  -11.148 0.5000000000
4238  -18.542  -88.707  -11.275 0.5000000000
4240  -20.963  -88.454  -10.564 0.5000000000
4243  -24.469  -88.307  -10.715 0.6000000238
4244  -24.760  -88.871  -11.021 0.6000000238
4248  -15.952  -88.934  -11.728 0.4000000060
4249  -16.037  -88.706  -12.130 0.4000000060
4254  -22.813  -89.100  -12.110 0.5000000000
4255  -24.104  -88.739  -11.727 0.6000000238
4257  -16.486  -88.381  -12.399 0.4000000060
4261  -23.303  -88.111  -12.773 0.6000000238
4614  -29.090  -87.432  8.520 0.3000000119
4621  -26.338  -86.752  6.746 0.3000000119
4622  -26.778  -87.352  6.596 0.3000000119
4737  -25.142  -86.995  -2.688 0.3000000119
4770  -23.792  -87.079  -3.831 0.5000000000
4783  -16.803  -87.247  -5.855 0.6999999881
4784  -17.779  -87.279  -5.922 0.6999999881
4786  -23.145  -87.828  -5.300 0.4000000060
4810  -18.152  -87.735  -7.059 0.6999999881
4833  -24.216  -87.663  -11.555 0.6000000238
4839  -18.736  -87.721  -12.694 0.5000000000
4843  -16.721  -87.621  -12.862 0.5000000000
4844  -17.496  -87.264  -13.225 0.5000000000
4850  -18.194  -86.642  -13.628 0.5000000000
4852  -21.807  -87.398  -13.724 0.5000000000
4853  -23.149  -87.518  -13.285 0.6000000238
5161  -25.670  -86.612  7.228 0.3000000119
5163  -27.924  -86.623  7.454 0.3000000119
5164  -28.768  -86.978  8.856 0.3000000119
5205  -33.145  -86.487  4.809 0.3000000119
5243  -33.750  -85.981  1.501 0.3000000119
5258  -26.910  -85.885  -0.139 0.3000000119
5259  -27.476  -85.845  0.266 0.4000000060
5280  -25.992  -86.354  -1.758 0.3000000119
5307  -24.249  -86.599  -3.481 0.3000000119
5315  -23.639  -86.708  -4.553 0.4000000060
5331  -19.179  -86.443  -5.705 0.6999999881
5332  -23.314  -86.614  -5.969 0.6000000238
5343  -13.870  -86.264  -6.592 0.5000000000
5344  -14.703  -86.455  -6.265 0.6999999881
5345  -18.444  -87.368  -6.527 0.6999999881
5353  -19.307  -86.563  -7.479 0.6999999881
5356  -30.061  -86.608  -8.560 0.5000000000
5357  -30.631  -86.634  -8.384 0.5000000000
5360  -33.614  -86.694  -8.636 0.5000000000
5367  -17.732  -86.740  -8.993 0.6999999881
5369  -19.233  -86.072  -8.181 0.6999999881
5371  -31.447  -87.319  -9.015 0.5000000000
5387  -32.991  -87.165  -9.080 0.5000000000
5393  -17.365  -86.405  -11.131 0.6000000238
5402  -17.810  -85.906  -11.679 0.6999999881
5403  -24.213  -86.856  -11.934 0.6000000238
5407  -24.201  -86.741  -12.460 0.6000000238
5411  -20.014  -86.364  -14.203 0.6000000238
5414  -23.594  -86.838  -13.324 0.6000000238
5415  -24.155  -86.591  -12.956 0.6000000238
5419  -23.236  -86.284  -13.837 0.6000000238
5812  -29.775  -85.929  9.282 0.3000000119
5820  -29.937  -85.717  8.381 0.3000000119
5828  -29.582  -85.348  7.249 0.3000000119
5849  -33.727  -85.683  4.126 0.3000000119
5883  -28.469  -85.193  0.957 0.3000000119
5885  -30.295  -85.209  1.440 0.3000000119
5899  -27.680  -85.220  0.522 0.4000000060
5912  -26.727  -85.283  -0.190 0.3000000119
5938  -25.061  -85.830  -2.861 0.3000000119
5939  -25.550  -85.447  -2.443 0.3000000119
5975  -16.191  -86.040  -5.644 0.6999999881
5978  -19.418  -85.910  -5.204 0.6999999881
5979  -20.055  -85.587  -5.382 0.6999999881
5982  -25.866  -85.024  -5.161 0.6000000238
5984  -27.412  -85.379  -6.391 0.5000000000
5991  -16.465  -85.336  -5.810 0.6999999881
5993  -20.472  -85.717  -6.983 0.6999999881
5995  -24.574  -85.674  -6.312 0.6000000238
5999  -28.794  -85.479  -6.912 0.4000000060
6003  -32.501  -85.143  -7.147 0.4000000060
6004  -34.400  -85.719  -7.235 0.3000000119
6010  -14.585  -85.144  -7.111 0.5000000000
6014  -24.075  -85.521  -7.710 0.5000000000
6020  -29.453  -86.105  -7.935 0.5000000000
6034  -14.348  -84.810  -7.810 0.5000000000
6037  -25.494  -84.980  -8.267 0.5000000000
6050  -18.976  -85.565  -9.506 0.6999999881
6053  -24.381  -85.458  -9.539 0.6000000238
6056  -30.841  -86.673  -9.592 0.5000000000
6058  -33.501  -86.770  -9.230 0.4000000060
6066  -20.051  -84.867  -10.371 0.6000000238
6069  -29.125  -85.628  -9.841 0.5000000000
6072  -31.178  -86.024  -10.285 0.5000000000
6089  -17.607  -85.988  -13.303 0.5000000000
6097  -18.184  -85.761  -13.762 0.5000000000
6098  -18.761  -85.094  -14.162 0.6000000238
6102  -24.207  -85.644  -13.447 0.6000000238
6103  -22.416  -85.170  -14.512 0.5000000000
6104  -23.206  -85.503  -14.177 0.5000000000
6593  -35.111  -84.490  3.000 0.3000000119
6612  -29.244  -84.157  1.310 0.4000000060
6615  -34.625  -83.627  1.992 0.3000000119
6616  -35.147  -84.393  2.042 0.3000000119
6631  -27.255  -84.438  -0.114 0.3000000119
6637  -27.044  -84.423  -1.061 0.3000000119
6644  -26.420  -84.649  -1.885 0.3000000119
6646  -29.887  -84.465  -2.918 0.4000000060
6654  -20.678  -84.034  -3.647 0.6000000238
6656  -26.466  -84.589  -3.454 0.4000000060
6662  -32.663  -84.635  -3.941 0.3000000119
6671  -17.904  -84.184  -4.314 0.6999999881
6672  -18.626  -84.611  -4.065 0.6999999881
6673  -19.412  -84.746  -4.021 0.6999999881
6680  -30.189  -84.610  -4.478 0.4000000060
6700  -30.458  -84.590  -5.401 0.5000000000
6704  -34.695  -84.918  -5.583 0.3000000119
6710  -16.674  -84.456  -6.163 0.6999999881
6712  -21.391  -84.573  -6.834 0.6000000238
6716  -31.048  -84.822  -6.226 0.4000000060
6737  -14.389  -84.811  -8.900 0.6000000238
6740  -20.220  -84.910  -8.845 0.6000000238
6741  -21.471  -84.186  -8.562 0.6000000238
6744  -27.046  -84.980  -8.687 0.5000000000
6758  -24.927  -84.988  -9.964 0.6000000238
6775  -22.007  -83.780  -11.032 0.6000000238
6777  -25.216  -84.899  -10.593 0.6000000238
6778  -25.805  -84.611  -10.703 0.6000000238
6779  -26.666  -84.506  -10.293 0.6000000238
6798  -25.864  -84.418  -11.948 0.6999999881
6813  -20.858  -84.717  -12.238 0.6000000238
6814  -21.516  -84.378  -12.740 0.6000000238
6815  -22.133  -84.032  -13.097 0.5000000000
6825  -21.792  -84.363  -14.232 0.5000000000
6831  -23.988  -84.098  -14.596 0.5000000000
7414  -34.335  -83.560  2.571 0.3000000119
7435  -28.639  -83.979  0.906 0.3000000119
7438  -33.437  -83.142  1.561 0.3000000119
7439  -34.011  -83.159  1.884 0.3000000119
7461  -28.548  -83.652  -1.033 0.3000000119
7463  -30.045  -83.442  -1.883 0.3000000119
7471  -20.223  -82.836  -2.863 0.5000000000
7472  -20.883  -82.877  -2.838 0.5000000000
7474  -29.576  -83.930  -2.134 0.3000000119
7476  -31.130  -83.673  -2.775 0.4000000060
7491  -21.889  -83.066  -3.598 0.5000000000
7492  -30.641  -84.252  -3.014 0.4000000060
7494  -32.254  -84.238  -3.577 0.4000000060
7505  -17.799  -83.155  -4.176 0.6999999881
7507  -21.428  -83.715  -4.045 0.5000000000
7532  -16.141  -83.363  -7.165 0.6999999881
7563  -21.872  -83.815  -10.225 0.6000000238
7564  -22.410  -83.394  -10.384 0.6000000238
7573  -23.266  -83.015  -12.041 0.5000000000
7606  -24.077  -83.091  -14.157 0.6000000238
7607  -24.625  -83.547  -14.539 0.6000000238
7608  -25.145  -83.274  -14.719 0.6000000238
7614  -23.326  -84.027  -14.338 0.5000000000
8268  -29.811  -82.565  1.221 0.3000000119
8269  -31.572  -81.746  1.499 0.4000000060
8293  -29.296  -82.286  -0.890 0.3000000119
8295  -30.697  -81.870  -1.650 0.3000000119
8304  -21.406  -82.155  -2.824 0.5000000000
8305  -22.070  -81.614  -2.789 0.5000000000
8308  -32.363  -82.649  -2.836 0.3000000119
8310  -34.548  -82.245  -2.904 0.3000000119
8318  -18.916  -82.781  -3.438 0.6999999881
8319  -19.633  -82.605  -3.121 0.6000000238
8324  -32.710  -83.389  -3.354 0.3000000119
8332  -17.115  -82.588  -4.915 0.6999999881
8341  -16.586  -82.228  -5.640 0.6999999881
8379  -15.279  -82.431  -8.201 0.6000000238
8381  -23.293  -82.353  -8.774 0.5000000000
8382  -24.032  -82.061  -8.481 0.5000000000
8402  -25.231  -81.998  -9.839 0.4000000060
8422  -23.731  -82.767  -11.520 0.5000000000
8444  -24.296  -82.534  -12.245 0.6000000238
8463  -24.917  -82.470  -14.017 0.6000000238
8475  -24.607  -82.903  -14.423 0.6000000238
8478  -27.036  -81.874  -15.425 0.5000000000
8479  -27.587  -81.746  -15.159 0.5000000000
8480  -29.372  -81.097  -14.543 0.5000000000
8484  -27.040  -81.413  -15.410 0.5000000000
9171  -32.318  -81.611  2.141 0.3000000119
9181  -30.071  -81.129  0.995 0.3000000119
9189  -29.599  -81.473  -0.405 0.3000000119
9190  -36.867  -80.989  -0.871 0.3000000119
9199  -32.412  -80.950  -1.916 0.3000000119
9200  -36.046  -81.239  -1.830 0.3000000119
9207  -20.922  -81.704  -2.884 0.6000000238
9213  -32.394  -81.752  -2.364 0.4000000060
9216  -34.936  -81.673  -2.530 0.3000000119
9240  -19.336  -81.566  -4.050 0.6000000238
9274  -18.021  -81.043  -5.976 0.6999999881
9275  -18.980  -81.231  -6.409 0.6000000238
9366  -27.115  -80.969  -14.738 0.5000000000
9374  -26.810  -81.144  -15.292 0.5000000000
9375  -27.195  -81.068  -15.161 0.5000000000
9376  -28.007  -81.347  -14.579 0.5000000000
10081  -30.633  -80.457  1.133 0.4000000060
10118  -31.453  -79.866  -0.811 0.4000000060
10121  -37.211  -80.806  -0.291 0.3000000119
10130  -30.813  -80.466  -0.913 0.3000000119
10132  -32.519  -80.155  -1.511 0.3000000119
10147  -23.064  -79.919  -2.709 0.5000000000
10153  -33.743  -80.792  -2.214 0.3000000119
10164  -20.675  -80.583  -3.614 0.6000000238
10165  -21.541  -80.516  -3.045 0.5000000000
10194  -20.605  -80.095  -5.071 0.6000000238
10207  -17.402  -80.498  -6.576 0.6999999881
10222  -15.761  -80.658  -7.973 0.6999999881
10224  -17.182  -79.520  -7.339 0.6999999881
10225  -17.886  -79.986  -7.254 0.6999999881
10227  -20.105  -80.247  -7.312 0.6000000238
10238  -14.346  -80.727  -8.774 0.6000000238
10241  -18.684  -80.650  -7.986 0.6999999881
10254  -20.168  -80.774  -9.777 0.6999999881
10277  -14.284  -80.233  -11.786 0.5000000000
10278  -15.344  -80.137  -12.140 0.5000000000
10283  -20.235  -80.706  -11.842 0.6000000238
10294  -17.143  -80.448  -13.538 0.6000000238
10303  -16.808  -80.491  -14.488 0.6000000238
10306  -19.273  -80.771  -13.960 0.6000000238
10307  -20.141  -80.813  -13.961 0.6000000238
10312  -16.495  -80.209  -14.840 0.5000000000
10313  -17.086  -80.380  -14.837 0.6000000238
10314  -17.930  -80.373  -14.489 0.6000000238
10315  -19.596  -80.147  -15.525 0.6000000238
10316  -20.267  -80.288  -15.347 0.6000000238
10317  -20.807  -79.888  -15.488 0.6000000238
11021  -36.064  -78.757  1.260 0.3000000119
11034  -30.844  -79.791  0.323 0.4000000060
11035  -31.255  -79.302  0.687 0.4000000060
11054  -31.974  -79.034  -0.426 0.4000000060
11055  -32.787  -79.033  -0.649 0.4000000060
11057  -34.675  -79.604  -0.771 0.3000000119
11069  -34.827  -80.233  -1.324 0.4000000060
11130  -16.982  -79.816  -6.952 0.6999999881
11131  -20.809  -79.807  -6.909 0.6000000238
11136  -16.839  -79.516  -7.572 0.6999999881
11138  -21.423  -79.355  -7.272 0.5000000000
11149  -15.879  -79.808  -8.757 0.6999999881
11150  -16.567  -79.515  -8.516 0.6999999881
11155  -22.185  -78.707  -8.603 0.5000000000
11165  -16.273  -79.542  -9.431 0.6999999881
11167  -17.438  -79.508  -10.032 0.6999999881
11168  -20.145  -80.546  -8.986 0.6000000238
11169  -21.006  -79.500  -9.630 0.5000000000
11180  -20.630  -80.089  -10.169 0.6000000238
11181  -21.279  -79.422  -10.485 0.6000000238
11190  -17.478  -80.187  -12.286 0.6000000238
11207  -18.970  -79.721  -15.260 0.6000000238
11208  -20.928  -80.258  -14.079 0.6000000238
11210  -22.508  -79.633  -14.968 0.5000000000
11219  -19.221  -79.906  -15.452 0.6000000238
11221  -21.695  -79.619  -15.449 0.5000000000
11223  -19.998  -79.167  -15.825 0.6000000238
11224  -20.753  -79.297  -15.675 0.6000000238
11984  -32.143  -78.391  0.592 0.3000000119
11985  -32.890  -78.207  0.507 0.3000000119
11987  -35.107  -78.292  1.139 0.3000000119
12041  -24.231  -78.518  -3.528 0.5000000000
12055  -23.550  -78.469  -4.000 0.5000000000
12073  -22.545  -78.824  -5.235 0.6000000238
12094  -22.728  -78.612  -6.137 0.6000000238
12096  -24.393  -78.400  -5.835 0.5000000000
12135  -23.764  -78.436  -8.578 0.6000000238
12163  -24.042  -78.932  -10.825 0.6000000238
12176  -25.697  -78.938  -13.801 0.6000000238
12187  -23.439  -79.432  -12.995 0.6000000238
12190  -26.171  -78.070  -14.376 0.6000000238
12202  -24.282  -78.997  -14.219 0.6000000238
12209  -17.009  -79.616  -15.202 0.5000000000
12210  -19.585  -79.286  -15.596 0.6000000238
12211  -20.280  -78.265  -15.491 0.6000000238
12214  -20.630  -78.602  -15.664 0.6000000238
12215  -20.873  -77.886  -15.630 0.6000000238
12986  -32.100  -77.604  2.325 0.3000000119
12988  -34.579  -77.630  2.659 0.3000000119
12989  -35.414  -77.924  2.648 0.3000000119
13001  -32.528  -77.597  1.778 0.3000000119
13002  -33.406  -77.528  1.879 0.3000000119
13140  -27.324  -77.255  -9.855 0.5000000000
13158  -19.012  -77.344  -11.700 0.6000000238
13162  -26.945  -78.109  -13.638 0.6000000238
13174  -23.298  -77.916  -14.261 0.6000000238
13177  -25.742  -77.735  -14.338 0.6000000238
13178  -26.729  -77.814  -14.177 0.6000000238
13179  -27.397  -77.392  -13.908 0.6000000238
13198  -22.436  -77.859  -14.982 0.5000000000
14105  -23.998  -76.371  -10.682 0.6000000238
14106  -24.695  -76.466  -11.390 0.6000000238
14118  -18.688  -76.674  -11.104 0.6000000238
14120  -22.752  -76.660  -12.459 0.6000000238
14136  -19.581  -76.990  -12.144 0.6000000238
14138  -26.315  -76.846  -13.999 0.6000000238
14146  -20.856  -76.575  -15.023 0.5000000000
14149  -26.873  -76.747  -14.076 0.5000000000
14151  -21.695  -76.831  -14.919 0.4000000060
15072  -22.556  -75.250  -7.958 0.5000000000
15091  -25.116  -75.308  -8.228 0.4000000060
15099  -22.418  -75.363  -9.767 0.5000000000
15100  -22.789  -75.589  -9.434 0.5000000000
15103  -26.393  -75.097  -9.632 0.4000000060
15114  -22.449  -75.636  -10.643 0.6000000238
15129  -17.571  -75.313  -11.345 0.6000000238
15130  -18.320  -76.109  -10.866 0.6000000238
15131  -19.296  -75.904  -10.893 0.6000000238
15148  -20.323  -75.952  -12.855 0.6000000238
16073  -17.347  -74.788  -5.481 0.6000000238
16117  -22.189  -74.806  -9.406 0.5000000000
16128  -18.293  -74.655  -10.607 0.6999999881
16129  -18.886  -75.355  -10.575 0.6999999881
16152  -21.126  -74.203  -12.826 0.6000000238
16154  -22.659  -74.871  -13.205 0.5000000000
16159  -21.426  -74.748  -13.400 0.6000000238
16160  -22.206  -74.688  -13.534 0.6999999881
17040  -16.859  -73.302  -1.655 0.6000000238
17051  -15.880  -73.600  -3.108 0.6000000238
17062  -13.326  -73.748  -4.224 0.8000000119
17063  -14.424  -73.982  -3.732 0.6000000238
17074  -13.110  -73.461  -5.001 0.8000000119
17076  -14.907  -73.897  -5.370 0.6000000238
17077  -15.636  -74.026  -5.884 0.6000000238
17092  -16.978  -73.590  -7.091 0.6000000238
17124  -19.349  -73.258  -10.123 0.6999999881
17136  -19.841  -73.887  -11.032 0.6999999881
17140  -24.114  -74.020  -12.829 0.5000000000
17141  -24.860  -73.154  -12.754 0.5000000000
17148  -23.633  -73.661  -13.577 0.5000000000
18025  -12.239  -73.111  -2.113 0.8000000119
18028  -15.784  -72.150  -1.114 0.5000000000
18044  -12.060  -73.442  -3.151 0.8000000119
18046  -13.914  -73.077  -1.868 0.6999999881
18057  -12.081  -73.105  -4.237 0.8000000119
18058  -18.739  -72.053  -3.631 0.6999999881
18065  -12.527  -72.794  -4.792 0.8000000119
18066  -13.055  -73.095  -5.314 0.6999999881
18072  -13.622  -72.981  -5.612 0.6999999881
18073  -14.444  -72.874  -5.868 0.6999999881
18079  -15.677  -72.676  -7.003 0.6000000238
18083  -16.658  -72.566  -7.195 0.5000000000
18088  -17.142  -71.711  -9.134 0.5000000000
18093  -16.837  -71.959  -9.884 0.5000000000
18094  -17.952  -71.658  -10.067 0.6000000238
18095  -18.831  -71.500  -9.655 0.6999999881
18100  -19.655  -71.811  -9.867 0.6999999881
18101  -20.398  -72.232  -10.468 0.6000000238
18105  -26.284  -71.944  -12.135 0.5000000000
18107  -21.837  -72.112  -11.716 0.6000000238
18108  -22.795  -72.374  -12.546 0.6000000238
18111  -26.048  -71.911  -12.413 0.6000000238
18112  -23.416  -73.084  -13.566 0.6000000238
18113  -24.244  -73.047  -13.510 0.5000000000
18114  -25.086  -72.659  -12.671 0.6000000238
18875  -11.283  -71.110  2.434 0.6000000238
18894  -9.612  -71.487  2.049 0.6999999881
18895  -10.308  -71.369  1.248 0.6999999881
18897  -12.939  -71.160  1.257 0.6000000238
18914  -9.541  -71.276  0.398 0.6999999881
18917  -14.472  -71.250  1.299 0.5000000000
18925  -8.999  -71.213  -1.208 0.6999999881
18928  -14.000  -71.652  -0.204 0.6000000238
18949  -14.828  -71.889  -0.740 0.5000000000
18967  -14.691  -71.060  -3.242 0.6000000238
18968  -15.457  -71.175  -2.904 0.6000000238
18969  -16.393  -71.268  -2.866 0.6000000238
18987  -10.724  -72.133  -4.791 0.6000000238
18988  -11.805  -71.361  -4.958 0.6000000238
18992  -15.435  -71.469  -3.492 0.6000000238
18993  -17.343  -71.561  -3.386 0.6999999881
18996  -19.631  -71.583  -3.533 0.8000000119
19012  -11.069  -71.913  -5.194 0.6000000238
19013  -11.705  -72.076  -5.102 0.8000000119
19020  -21.580  -70.519  -4.816 0.8000000119
19032  -13.347  -72.612  -5.349 0.6999999881
19036  -18.166  -71.925  -5.469 0.6000000238
19037  -19.744  -72.245  -4.908 0.8000000119
19039  -21.659  -71.337  -5.678 0.8000000119
19049  -15.393  -72.351  -6.545 0.6000000238
19056  -22.187  -70.752  -7.393 0.6999999881
19066  -17.418  -71.401  -8.212 0.6000000238
19068  -20.054  -71.520  -7.054 0.6000000238
19069  -20.322  -70.793  -7.988 0.6000000238
19074  -17.869  -70.826  -8.606 0.6000000238
19075  -20.771  -70.382  -8.831 0.6000000238
19078  -17.529  -71.449  -9.654 0.5000000000
19082  -21.531  -70.266  -10.064 0.6000000238
19083  -25.856  -71.061  -10.079 0.5000000000
19092  -23.499  -71.852  -12.321 0.6000000238
19093  -25.256  -71.368  -12.365 0.6000000238
19095  -26.276  -71.362  -12.074 0.5000000000
19097  -25.645  -71.893  -12.551 0.6000000238
19897  -9.297  -70.213  3.114 0.6999999881
19901  -8.356  -70.203  2.548 0.6999999881
19913  -8.845  -70.773  1.826 0.6999999881
19929  -8.590  -70.659  0.815 0.6999999881
19943  -8.229  -70.055  -0.450 0.6999999881
19961  -8.984  -70.539  -3.001 0.5000000000
19964  -16.751  -70.918  -2.714 0.8000000119
19975  -9.148  -69.657  -3.195 0.6000000238
19983  -18.475  -70.933  -2.956 0.8000000119
19984  -19.403  -70.863  -3.249 0.8000000119
20030  -22.849  -70.194  -7.975 0.6999999881
20040  -18.368  -70.664  -8.807 0.6999999881
20041  -19.038  -70.593  -8.598 0.6000000238
20042  -19.792  -70.320  -8.633 0.6000000238
20050  -18.740  -70.762  -9.153 0.6000000238
20053  -23.976  -69.933  -10.437 0.6000000238
20056  -24.835  -70.331  -11.140 0.6000000238
20057  -25.901  -70.371  -11.218 0.6000000238
20058  -26.185  -70.596  -11.146 0.6000000238
20059  -25.641  -70.804  -11.912 0.6000000238
20905  -9.046  -69.398  3.155 0.6999999881
20915  -8.260  -69.781  3.095 0.6999999881
20924  -8.106  -69.599  2.259 0.6999999881
20950  -8.272  -69.529  0.112 0.6999999881
20970  -8.795  -69.020  -2.701 0.6000000238
20972  -10.245  -68.770  -3.251 0.6000000238
20974  -16.890  -70.222  -2.916 0.6999999881
20986  -10.090  -69.619  -3.653 0.6999999881
20989  -13.204  -69.611  -4.570 0.6000000238
20991  -15.571  -69.713  -3.402 0.6999999881
20992  -16.514  -69.447  -3.663 0.6999999881
20995  -19.920  -69.969  -3.613 0.6999999881
20996  -20.546  -70.064  -3.819 0.6999999881
21008  -14.591  -68.516  -4.901 0.6000000238
21014  -21.097  -69.699  -4.387 0.8000000119
21037  -24.326  -67.607  -8.231 0.6999999881
21060  -25.473  -68.673  -9.474 0.8000000119
21061  -26.310  -68.590  -9.174 0.5000000000
21070  -26.219  -68.997  -9.754 0.6999999881
21073  -26.147  -69.732  -10.504 0.6999999881
21914  -11.605  -68.433  3.934 0.6000000238
21921  -8.607  -68.420  2.933 0.8000000119
21922  -8.990  -68.408  3.309 0.6999999881
21943  -8.212  -69.063  1.960 0.8000000119
21945  -11.333  -68.130  0.918 0.6000000238
21962  -9.029  -68.246  0.314 0.6999999881
21963  -9.386  -67.952  -0.074 0.6999999881
21981  -8.747  -68.741  -0.323 0.8000000119
22024  -9.997  -68.461  -2.690 0.6000000238
22043  -12.474  -68.294  -4.036 0.6000000238
22058  -14.289  -68.307  -4.763 0.5000000000
22060  -16.795  -67.380  -5.303 0.6000000238
22061  -17.648  -67.228  -5.340 0.5000000000
22062  -18.612  -67.502  -4.824 0.6000000238
22091  -23.053  -67.077  -7.121 0.6000000238
22107  -26.024  -67.884  -8.793 0.5000000000
23030  -10.459  -67.638  4.303 0.6999999881
23052  -8.916  -67.585  2.999 0.8000000119
23053  -13.594  -67.984  2.072 0.6000000238
23065  -9.594  -67.440  1.474 0.6000000238
23069  -14.488  -67.602  2.062 0.5000000000
23079  -10.302  -67.843  0.996 0.6000000238
23095  -11.990  -66.971  -2.064 0.6000000238
23109  -12.445  -67.182  -2.738 0.6000000238
23125  -14.251  -67.816  -4.367 0.5000000000
23127  -16.921  -66.788  -4.904 0.5000000000
23142  -16.577  -67.125  -5.132 0.5000000000
23178  -24.292  -66.322  -7.379 0.5000000000
24066  -13.286  -66.418  7.052 0.5000000000
24082  -12.942  -66.224  6.316 0.5000000000
24083  -13.228  -66.542  6.619 0.5000000000
24091  -9.038  -66.228  5.094 0.6999999881
24093  -12.619  -66.660  5.637 0.5000000000
24099  -9.453  -66.902  4.830 0.6999999881
24111  -8.971  -66.399  3.982 0.6000000238
24119  -9.119  -66.789  3.155 0.8000000119
24120  -10.262  -66.047  2.059 0.6000000238
24131  -9.074  -67.212  2.342 0.8000000119
24148  -14.102  -67.419  1.092 0.6000000238
24156  -15.069  -66.213  -1.099 0.5000000000
24164  -13.822  -66.527  -1.466 0.5000000000
24234  -23.896  -65.745  -6.846 0.5000000000
25252  -10.491  -65.905  5.931 0.6999999881
25258  -8.936  -66.006  4.685 0.6999999881
25270  -10.721  -64.643  2.616 0.5000000000
25271  -14.512  -65.486  3.158 0.5000000000
25282  -12.424  -65.634  2.491 0.5000000000
25283  -14.714  -66.276  2.702 0.5000000000
25290  -15.015  -66.015  1.608 0.5000000000
25291  -15.361  -65.690  2.172 0.5000000000
25304  -14.398  -65.466  0.531 0.4000000060
26307  -10.968  -64.283  7.541 0.5000000000
26327  -9.141  -64.602  6.317 0.6000000238
26329  -11.974  -64.612  7.014 0.5000000000
26330  -18.018  -64.186  5.927 0.4000000060
26343  -9.003  -64.733  5.534 0.6999999881
26353  -9.444  -64.369  4.759 0.5000000000
26369  -12.699  -63.890  2.718 0.4000000060
26372  -15.517  -64.669  3.057 0.5000000000
26382  -12.695  -64.868  2.640 0.5000000000
26383  -15.440  -65.210  2.687 0.5000000000
26408  -15.471  -64.268  0.081 0.4000000060
26421  -18.121  -63.639  -1.367 0.4000000060
27383  -17.098  -63.755  6.649 0.4000000060
27397  -15.826  -63.539  6.325 0.4000000060
27398  -16.597  -64.052  6.136 0.4000000060
27399  -17.500  -64.246  6.030 0.4000000060
27401  -19.098  -63.692  5.888 0.3000000119
27412  -9.076  -64.015  6.225 0.6000000238
27416  -17.729  -64.185  5.890 0.4000000060
27417  -18.592  -63.916  5.865 0.4000000060
27445  -10.497  -63.867  4.045 0.5000000000
27448  -13.712  -63.717  3.203 0.4000000060
27456  -16.180  -63.674  2.085 0.4000000060
27480  -16.567  -63.277  -0.334 0.4000000060
27495  -17.873  -63.407  -1.357 0.4000000060
27497  -19.122  -63.328  -2.043 0.4000000060
28459  -9.647  -61.705  9.094 0.5000000000
28470  -17.388  -62.175  7.765 0.4000000060
28502  -15.138  -63.175  6.541 0.4000000060
28517  -15.450  -63.146  5.828 0.4000000060
28519  -17.241  -63.640  5.394 0.4000000060
28534  -10.292  -62.398  4.714 0.4000000060
28535  -11.286  -62.181  4.211 0.5000000000
28554  -12.171  -61.830  3.760 0.5000000000
28555  -13.110  -61.759  3.464 0.5000000000
28557  -15.075  -61.636  3.101 0.4000000060
28568  -16.282  -61.808  1.982 0.4000000060
28589  -17.331  -62.198  -0.085 0.4000000060
28607  -18.672  -62.974  -2.123 0.4000000060
28608  -19.125  -63.120  -2.139 0.3000000119
29567  -9.184  -61.393  7.859 0.5000000000
29569  -16.924  -61.477  8.136 0.4000000060
29583  -8.972  -60.886  6.952 0.4000000060
29586  -14.328  -62.074  7.118 0.5000000000
29596  -11.194  -60.757  5.906 0.5000000000
29611  -11.818  -60.533  5.392 0.5000000000
29613  -13.659  -61.534  5.729 0.4000000060
29633  -17.530  -61.722  4.794 0.3000000119
29650  -12.662  -61.004  4.169 0.5000000000
29681  -16.990  -61.755  0.877 0.4000000060
30598  -16.158  -59.934  9.891 0.5000000000
30613  -16.622  -60.490  9.432 0.4000000060
30639  -9.604  -60.323  7.156 0.4000000060
30641  -11.326  -59.907  6.701 0.4000000060
30653  -10.572  -60.683  6.416 0.5000000000
30663  -12.580  -60.032  5.057 0.5000000000
30672  -13.397  -59.854  5.142 0.5000000000
30694  -14.034  -59.908  4.510 0.5000000000
30695  -14.565  -59.541  4.193 0.5000000000
30696  -15.256  -59.479  3.694 0.5000000000
30712  -15.984  -60.196  3.077 0.4000000060
30713  -16.710  -60.277  2.404 0.4000000060
31666  -18.202  -59.242  11.614 0.3000000119
31679  -16.593  -59.392  10.567 0.5000000000
31703  -11.218  -58.184  7.742 0.4000000060
31731  -15.529  -59.092  4.355 0.4000000060
32683  -16.997  -58.385  14.285 0.3000000119
32710  -16.315  -57.615  14.088 0.3000000119
32766  -17.617  -58.978  12.001 0.4000000060
32794  -10.631  -58.320  8.626 0.4000000060
32805  -11.658  -58.316  7.384 0.4000000060
128083  -22.996  -78.607  -4.590 0.6000000238
128948  -19.075  -72.029  -5.908 0.6999999881
129418  -14.295  -61.128  7.309 0.5000000000
129457  -18.613  -85.324  -12.692 0.6999999881
129504  -13.491  -67.589  -3.923 0.5000000000
129990  -17.347  -71.792  -5.313 0.5000000000
130128  -10.811  -68.165  -1.280 0.5000000000
130334  -12.888  -67.332  5.426 0.5000000000
130823  -21.555  -88.617  -11.297 0.5000000000
131031  -19.443  -85.070  -14.240 0.5000000000
131213  -17.553  -71.597  -7.281 0.6000000238
131230  -23.672  -82.661  -10.610 0.6000000238
131329  -23.880  -85.792  -6.917 0.6000000238
131545  -11.236  -71.219  1.615 0.6000000238
131594  -30.950  -80.995  -1.428 0.3000000119
132055  -29.323  -85.370  -10.655 0.5000000000
132132  -25.534  -67.709  -8.573 0.5000000000
132504  -18.319  -80.737  -12.374 0.6000000238
132626  -26.601  -84.665  -9.424 0.5000000000
132997  -22.201  -71.077  -10.607 0.5000000000
133994  -18.276  -69.853  -3.370 0.6999999881
134141  -34.894  -86.098  -7.954 0.4000000060
134144  -16.021  -84.044  -7.900 0.6999999881
134207  -15.597  -71.757  -5.028 0.6000000238
134443  -16.138  -88.928  -8.821 0.5000000000
134595  -16.916  -85.911  -5.377 0.6999999881
134614  -19.121  -80.917  -9.973 0.6999999881
135002  -29.027  -84.888  -11.117 0.5000000000
135045  -31.470  -83.336  1.252 0.3000000119
135303  -26.956  -77.812  -10.738 0.5000000000
135442  -21.188  -84.572  -14.140 0.5000000000
135845  -16.824  -62.918  7.260 0.4000000060
135923  -18.077  -73.674  -10.540 0.6000000238
136609  -25.930  -81.786  -13.504 0.6000000238
136846  -18.981  -86.584  -13.930 0.5000000000
136904  -15.728  -62.926  2.658 0.4000000060
137101  -15.929  -88.389  -11.716 0.5000000000
137299  -27.672  -84.387  -4.084 0.4000000060
137576  -23.358  -73.725  -11.293 0.5000000000
137786  -20.979  -86.266  -14.332 0.5000000000
137829  -19.520  -62.764  -1.675 0.3000000119
138207  -31.820  -85.432  -10.799 0.5000000000
138361  -22.609  -73.379  -9.080 0.5000000000
138788  -10.928  -70.212  -4.302 0.6000000238
139007  -8.810  -62.837  7.100 0.5000000000
139151  -12.362  -68.295  0.802 0.5000000000
139360  -29.932  -84.613  -3.723 0.4000000060
139444  -24.565  -78.783  -10.144 0.6000000238
139542  -26.347  -85.654  -7.007 0.4000000060
139749  -29.800  -81.021  0.275 0.3000000119
140161  -35.607  -84.804  -4.395 0.3000000119
140387  -16.420  -80.431  -13.737 0.5000000000
140752  -12.235  -71.477  0.083 0.6000000238
141491  -11.036  -68.131  -0.527 0.5000000000
142104  -18.033  -86.583  -5.318 0.6999999881
142280  -22.231  -89.042  -11.629 0.5000000000
142455  -15.126  -85.851  -6.208 0.6999999881
142677  -26.222  -78.670  -12.805 0.6000000238
142782  -16.837  -86.849  -10.545 0.6000000238
143149  -23.087  -69.377  -7.019 0.8000000119
143268  -15.684  -87.685  -6.343 0.6999999881
143340  -28.120  -76.967  -13.656 0.5000000000
143765  -19.776  -81.087  -10.092 0.6999999881
143781  -15.949  -65.069  -0.865 0.5000000000
143782  -18.409  -83.177  -3.691 0.6999999881
143985  -22.437  -83.274  -8.287 0.5000000000
144016  -19.426  -85.006  -11.130 0.6000000238
144197  -21.676  -68.386  -5.479 0.6000000238
144505  -22.039  -79.618  -12.636 0.5000000000
144548  -24.425  -78.340  -8.072 0.5000000000
144553  -15.928  -81.828  -7.249 0.6999999881
144805  -24.335  -89.669  -5.353 0.4000000060
144826  -26.981  -84.490  -4.021 0.4000000060
145006  -17.586  -86.125  -5.162 0.6999999881
145163  -23.978  -87.514  -10.060 0.6000000238
145189  -29.285  -89.624  -3.842 0.4000000060
145369  -15.832  -67.442  -5.008 0.5000000000
145379  -18.706  -81.693  -4.658 0.6999999881
145413  -13.076  -61.488  5.994 0.5000000000
145947  -23.591  -86.818  -9.335 0.6999999881
146197  -20.177  -87.819  -11.664 0.5000000000
146261  -34.633  -85.188  1.592 0.3000000119
146297  -25.656  -85.010  -4.498 0.6000000238
146334  -27.848  -84.488  -4.804 0.5000000000
146853  -20.310  -80.352  -5.775 0.6000000238
146887  -10.389  -71.594  -0.188 0.6999999881
146940  -18.309  -80.038  -9.919 0.6999999881
147135  -33.015  -82.651  1.527 0.3000000119
147909  -9.792  -71.328  2.500 0.6000000238
148243  -15.923  -88.165  -10.289 0.6000000238
148431  -29.649  -86.332  -9.212 0.5000000000
148571  -22.460  -87.354  -13.642 0.6000000238
148738  -22.954  -86.877  -6.535 0.6999999881
148855  -33.117  -85.469  1.463 0.3000000119
149013  -15.254  -63.964  3.227 0.5000000000
149035  -25.486  -84.762  -11.291 0.6999999881
149090  -20.548  -81.314  -3.250 0.6000000238
149104  -22.858  -79.581  -13.132 0.5000000000
149309  -23.985  -86.103  -4.703 0.6000000238
149419  -9.694  -71.757  -0.938 0.6999999881
149495  -32.914  -85.784  -7.757 0.5000000000
149497  -31.450  -81.172  1.709 0.4000000060
149782  -14.554  -67.245  2.198 0.5000000000
150006  -35.128  -84.398  2.480 0.3000000119
150116  -20.853  -70.187  -9.531 0.6000000238
150169  -26.951  -86.565  6.708 0.3000000119
150215  -26.183  -85.343  -5.758 0.6000000238
150307  -17.812  -79.843  -14.783 0.6000000238
150478  -13.751  -71.261  1.046 0.5000000000
150532  -15.307  -68.100  -5.170 0.6000000238
150845  -9.065  -62.658  7.614 0.5000000000
151165  -28.044  -83.975  0.264 0.3000000119
151222  -23.670  -85.950  -8.677 0.6999999881
151308  -29.718  -84.672  -5.962 0.4000000060
151377  -29.620  -89.296  -3.949 0.3000000119
151534  -33.084  -83.785  1.326 0.3000000119
151588  -18.356  -63.176  -1.887 0.4000000060
151726  -19.531  -71.757  -6.531 0.6000000238
151968  -13.946  -59.551  7.749 0.4000000060
152101  -21.074  -76.672  -15.178 0.5000000000
152273  -15.504  -81.849  -7.672 0.6999999881
152583  -29.083  -85.778  -7.492 0.4000000060
153093  -29.123  -89.149  -3.872 0.3000000119
153265  -15.813  -83.946  -8.541 0.6000000238
153333  -20.374  -80.403  -4.375 0.6000000238
153344  -23.108  -74.154  -13.425 0.5000000000
153404  -24.328  -78.337  -7.423 0.5000000000
153443  -23.149  -78.461  -7.339 0.6000000238
153455  -34.918  -80.630  -1.907 0.3000000119
153843  -19.896  -80.999  -11.269 0.6000000238
153944  -12.627  -71.275  0.663 0.6000000238
154144  -25.777  -90.790  -7.406 0.4000000060
154224  -32.084  -86.790  -8.480 0.5000000000
154351  -8.302  -68.717  2.378 0.8000000119
154362  -20.310  -84.776  -9.558 0.6000000238
154369  -16.873  -79.419  -9.773 0.6999999881
154400  -27.415  -86.536  6.885 0.3000000119
154406  -17.999  -79.938  -10.670 0.6999999881
154466  -14.175  -66.139  0.625 0.6000000238
154573  -15.309  -57.863  11.703 0.4000000060
155157  -20.984  -75.352  -13.489 0.6000000238
155200  -20.417  -80.545  -14.741 0.6000000238
155263  -21.227  -84.466  -5.325 0.6000000238
155284  -9.995  -72.085  -3.216 0.6000000238
