#!ascii label  , from subject sub-v1s7x0051323_ses-1 vox2ras=TkReg
1384
65700  -26.894  -26.476  6.608 0.4285714328
67533  -27.639  -24.959  5.931 0.2857142985
66634  -26.996  -25.323  6.084 0.4285714328
67534  -28.327  -24.858  6.117 0.4285714328
68511  -28.745  -24.221  5.977 0.4285714328
68510  -27.935  -23.657  5.175 0.2857142985
140958  -28.506  -23.791  5.574 0.4285714328
69519  -29.705  -23.000  5.492 0.4285714328
69553  -28.138  -22.241  3.794 0.4285714328
69554  -29.069  -22.038  4.254 0.4285714328
70570  -28.982  -20.969  3.041 0.4285714328
71531  -30.130  -20.251  2.593 0.4285714328
72513  -29.191  -19.529  1.074 0.5714285970
72493  -29.637  -20.070  1.718 0.5714285970
72494  -30.360  -19.783  1.758 0.4285714328
72496  -31.978  -19.116  1.829 0.2857142985
73472  -30.483  -19.395  -0.374 0.7142857313
73454  -31.213  -19.572  -0.241 0.7142857313
74399  -32.424  -18.888  -1.046 0.7142857313
140713  -33.249  -18.381  -0.414 0.4285714328
73474  -31.446  -19.461  -1.129 0.7142857313
73475  -32.370  -18.771  -0.251 0.5714285970
74424  -32.723  -19.255  -2.104 0.5714285970
74412  -32.098  -18.391  -1.280 0.5714285970
75288  -32.845  -17.656  -2.255 0.5714285970
74435  -33.482  -18.706  -2.640 0.5714285970
75270  -32.100  -17.822  -1.250 0.5714285970
73502  -35.291  -19.395  -3.084 0.4285714328
76121  -34.348  -16.310  -3.314 0.5714285970
76122  -36.534  -16.022  -3.221 0.5714285970
76103  -33.193  -15.594  -1.575 0.7142857313
76133  -34.925  -15.778  -3.582 0.7142857313
77015  -35.526  -15.048  -3.636 0.7142857313
76123  -37.541  -15.842  -2.853 0.5714285970
76120  -33.709  -16.317  -2.872 0.5714285970
76972  -32.375  -15.057  0.426 0.5714285970
148621  -34.574  -14.429  -2.150 0.8571428657
77003  -36.692  -14.892  -3.267 0.7142857313
77004  -37.753  -14.777  -2.855 0.5714285970
76988  -34.075  -14.925  -1.082 0.7142857313
138926  -34.256  -14.681  -0.147 0.5714285970
77944  -37.065  -13.163  -3.015 0.7142857313
140702  -37.976  -13.888  -2.775 0.5714285970
152302  -34.992  -14.111  -2.917 0.7142857313
77943  -36.078  -13.315  -3.295 0.7142857313
78937  -37.327  -12.359  -2.925 0.5714285970
77942  -35.481  -13.672  -3.154 0.7142857313
78938  -39.148  -12.283  -2.500 0.5714285970
76989  -35.359  -13.658  -2.073 0.5714285970
139682  -35.890  -12.765  -1.749 0.7142857313
78936  -36.224  -12.587  -3.126 0.7142857313
79874  -38.042  -11.003  -3.360 0.7142857313
150060  -38.166  -11.862  -2.942 0.7142857313
79836  -35.778  -11.314  -0.766 0.7142857313
79850  -36.227  -11.588  -2.832 0.7142857313
79860  -36.334  -11.254  -3.119 0.7142857313
80798  -36.857  -10.067  -3.496 0.7142857313
133665  -38.535  -10.100  -3.264 0.5714285970
80768  -36.089  -10.731  -1.613 0.7142857313
79835  -35.208  -11.596  0.262 0.5714285970
151818  -38.723  -9.031  -3.647 0.5714285970
82640  -38.436  -8.582  -3.991 0.5714285970
80757  -35.365  -10.674  0.198 0.8571428657
82639  -37.330  -8.789  -4.026 0.7142857313
82624  -35.911  -8.873  -3.084 0.7142857313
129863  -36.044  -9.760  -1.178 0.8571428657
81702  -35.964  -9.345  -2.287 0.7142857313
84593  -35.534  -6.900  -2.708 0.8571428657
83597  -37.267  -7.791  -4.531 0.5714285970
82638  -35.581  -8.185  -2.823 0.8571428657
82609  -35.845  -8.149  -1.075 0.8571428657
81694  -35.754  -8.819  -0.335 0.8571428657
82623  -35.767  -8.524  -2.085 0.8571428657
85549  -35.588  -5.226  -1.728 0.8571428657
85560  -35.515  -5.384  -2.825 0.8571428657
87304  -35.510  -3.843  -1.842 0.8571428657
83569  -35.666  -7.587  -2.028 0.8571428657
86428  -34.450  -4.425  0.102 1.0000000000
86443  -35.556  -4.447  -1.276 1.0000000000
84566  -35.380  -5.805  -0.464 0.8571428657
87288  -35.415  -3.656  -0.925 1.0000000000
145937  -34.449  -2.411  -0.146 1.0000000000
88892  -33.014  -1.612  0.407 0.7142857313
136663  -34.965  -2.934  -0.554 1.0000000000
136631  -34.239  -3.012  0.147 1.0000000000
88109  -34.937  -2.134  -0.745 1.0000000000
91532  -34.624  1.443  -2.949 1.0000000000
91520  -34.010  1.436  -1.410 0.8571428657
93166  -34.508  3.669  -3.424 0.8571428657
92348  -34.512  2.900  -2.964 1.0000000000
95875  -33.665  6.934  -6.151 0.8571428657
147418  -34.052  5.827  -5.435 0.8571428657
94904  -34.243  5.206  -5.128 1.0000000000
97652  -32.088  9.337  -6.637 0.8571428657
97653  -32.809  8.833  -7.079 0.8571428657
132017  -31.503  9.907  -7.279 0.7142857313
154176  -31.668  9.055  -5.737 0.5714285970
99175  -29.725  10.635  -6.919 0.7142857313
99190  -29.968  11.030  -7.922 0.5714285970
98436  -27.933  9.277  -5.778 0.5714285970
98438  -30.502  9.294  -5.475 0.5714285970
99149  -27.528  9.681  -5.384 0.4285714328
99848  -26.664  12.144  -5.964 0.4285714328
99860  -26.762  12.755  -6.688 0.4285714328
99829  -27.703  11.335  -3.183 0.2857142985
99826  -27.947  12.024  -2.484 0.2857142985
99828  -27.187  11.413  -4.089 0.2857142985
100595  -28.300  12.300  -1.505 0.2857142985
67549  -27.918  -24.331  5.625 0.2857142985
75298  -33.798  -17.579  -3.222 0.5714285970
132937  -36.866  -13.950  -3.265 0.5714285970
149348  -37.658  -8.223  -4.221 0.5714285970
81718  -36.144  -9.749  -3.086 0.7142857313
81732  -36.727  -9.276  -3.601 0.7142857313
83595  -35.492  -7.611  -3.177 0.8571428657
84603  -35.538  -7.086  -3.697 0.8571428657
134906  -35.532  -6.377  -3.419 0.8571428657
86460  -35.519  -4.625  -2.138 0.8571428657
152847  -34.403  -0.811  -0.934 0.8571428657
100593  -29.116  12.640  -0.083 0.1428571492
68509  -27.141  -24.070  5.109 0.2857142985
68528  -27.307  -23.471  4.624 0.2857142985
68529  -28.024  -23.218  4.681 0.2857142985
137151  -29.180  -22.694  4.806 0.4285714328
70533  -29.978  -21.740  4.345 0.4285714328
71530  -29.327  -20.552  2.400 0.4285714328
69538  -28.465  -22.723  4.460 0.4285714328
138412  -30.659  -20.561  3.384 0.4285714328
131834  -28.643  -20.822  2.272 0.5714285970
72514  -30.414  -19.533  0.648 0.5714285970
73455  -32.207  -18.939  0.681 0.4285714328
147342  -30.472  -18.947  -0.503 0.2857142985
73473  -30.934  -19.446  -1.082 0.7142857313
74398  -31.606  -19.039  -1.390 0.7142857313
74413  -32.120  -18.773  -1.438 0.4285714328
75269  -31.928  -17.087  -0.761 0.5714285970
74449  -37.086  -19.142  -3.202 0.4285714328
75279  -32.137  -16.608  -0.929 0.7142857313
76102  -32.596  -15.999  -1.163 0.7142857313
74446  -34.547  -18.690  -3.223 0.7142857313
75311  -35.282  -17.061  -3.426 0.5714285970
75300  -36.325  -17.410  -3.358 0.4285714328
77001  -34.735  -14.971  -3.680 0.7142857313
140614  -35.932  -14.139  -3.387 0.7142857313
128406  -33.179  -14.662  0.352 0.5714285970
79863  -40.637  -11.657  -2.510 0.5714285970
136920  -34.746  -14.148  -0.643 0.5714285970
131616  -39.312  -13.012  -2.366 0.5714285970
78930  -36.141  -12.212  -2.707 0.7142857313
77934  -35.734  -12.943  -3.045 0.7142857313
79862  -39.189  -11.230  -2.505 0.5714285970
77923  -35.327  -13.198  -0.690 0.8571428657
81703  -36.079  -10.216  -2.432 0.7142857313
83560  -35.687  -7.215  -0.808 1.0000000000
87315  -35.540  -3.338  -2.402 1.0000000000
86427  -33.575  -4.505  0.508 1.0000000000
88893  -34.176  -1.733  -0.053 0.8571428657
90675  -33.249  -0.012  -0.254 0.7142857313
89786  -34.206  -0.197  -1.061 1.0000000000
89796  -34.744  -0.161  -2.251 1.0000000000
91521  -34.395  1.462  -2.073 0.7142857313
90700  -35.076  0.221  -3.030 1.0000000000
90686  -33.670  0.650  -0.966 0.7142857313
142423  -34.449  2.168  -2.534 0.8571428657
95868  -33.706  6.617  -5.204 0.8571428657
94028  -34.505  4.485  -4.765 1.0000000000
130638  -34.584  3.588  -4.481 1.0000000000
99158  -27.105  10.728  -5.659 0.7142857313
98441  -29.280  10.287  -6.225 0.7142857313
99174  -28.800  10.888  -6.692 0.7142857313
98434  -27.826  9.004  -4.861 0.4285714328
99825  -27.330  12.408  -3.487 0.2857142985
100615  -26.356  13.325  -5.486 0.4285714328
99862  -28.304  11.819  -7.390 0.4285714328
100624  -26.270  13.557  -6.498 0.4285714328
100598  -26.978  13.078  -2.992 0.2857142985
127920  -26.819  12.849  -4.489 0.4285714328
75263  -31.307  -17.138  0.483 0.4285714328
75264  -31.617  -16.793  0.166 0.4285714328
99838  -26.702  11.652  -5.131 0.4285714328
99159  -27.545  10.024  -6.081 0.7142857313
140884  -27.171  -25.894  6.403 0.4285714328
66619  -27.851  -25.522  6.353 0.4285714328
67548  -26.989  -24.703  5.625 0.2857142985
69518  -28.723  -23.240  5.153 0.4285714328
70550  -27.772  -21.828  3.069 0.2857142985
70551  -28.605  -21.580  3.466 0.4285714328
70552  -29.445  -21.338  3.737 0.4285714328
71508  -29.794  -20.759  3.226 0.4285714328
70569  -28.255  -21.287  2.668 0.4285714328
71549  -28.668  -20.304  1.539 0.4285714328
135292  -29.851  -19.284  0.460 0.2857142985
72495  -31.028  -19.492  1.356 0.4285714328
74397  -30.857  -18.768  -1.069 0.5714285970
74411  -31.499  -18.342  -1.121 0.5714285970
150387  -32.722  -16.565  -1.790 0.5714285970
76111  -33.185  -16.378  -2.278 0.5714285970
74447  -35.569  -18.994  -3.479 0.4285714328
144414  -34.306  -15.381  -3.198 0.7142857313
75301  -37.351  -17.154  -3.034 0.5714285970
76987  -33.366  -15.004  -0.653 0.7142857313
76112  -33.888  -15.306  -2.372 0.7142857313
76098  -32.036  -15.870  -0.329 0.7142857313
77945  -38.339  -13.028  -2.732 0.5714285970
79861  -37.151  -11.571  -3.214 0.7142857313
78915  -35.578  -12.249  -0.628 0.8571428657
79873  -36.976  -10.836  -3.466 0.7142857313
140646  -36.041  -8.182  -3.552 0.8571428657
84578  -35.693  -6.654  -1.643 0.8571428657
132572  -35.666  -6.049  -2.248 0.8571428657
82600  -35.236  -8.211  0.308 0.8571428657
85533  -34.981  -5.110  -0.146 1.0000000000
88108  -33.704  -2.354  0.322 1.0000000000
89778  -32.644  -0.684  0.228 0.8571428657
96820  -33.423  7.651  -6.107 0.8571428657
139885  -32.567  8.693  -6.094 0.8571428657
98443  -31.184  9.714  -6.339 0.7142857313
99176  -30.646  10.321  -7.042 0.7142857313
98442  -30.160  10.027  -6.199 0.5714285970
99160  -28.182  9.920  -6.167 0.5714285970
98437  -29.197  9.602  -5.605 0.5714285970
98432  -27.476  9.403  -4.394 0.4285714328
99148  -27.181  10.415  -4.739 0.4285714328
99849  -27.189  11.265  -6.266 0.4285714328
99822  -28.390  11.310  -1.654 0.2857142985
69537  -27.536  -22.836  4.135 0.2857142985
75262  -30.577  -17.599  0.521 0.2857142985
90687  -34.348  0.676  -1.649 1.0000000000
99173  -27.884  10.836  -6.482 0.5714285970
102177  -26.937  15.503  -4.356 0.2857142985
136496  -26.451  16.607  -3.406 0.1428571492
102191  -25.689  15.423  -5.327 0.2857142985
101421  -27.497  15.026  -5.052 0.2857142985
102943  -25.985  16.570  -3.461 0.1428571492
104502  -25.721  17.630  -3.250 0.1428571492
101408  -25.652  14.978  -4.463 0.1428571492
101420  -25.487  15.335  -5.024 0.2857142985
149475  -25.954  15.418  -4.066 0.1428571492
101433  -28.219  14.398  -6.351 0.2857142985
101432  -27.109  14.679  -5.745 0.2857142985
99912  -30.640  12.399  -10.288 0.2857142985
137812  -28.852  14.106  -9.265 0.2857142985
103713  -25.720  17.193  -3.195 0.1428571492
100633  -26.131  14.474  -6.876 0.2857142985
99206  -29.928  11.267  -9.423 0.2857142985
131401  -27.081  14.497  -7.742 0.2857142985
102211  -26.299  14.989  -6.949 0.2857142985
97685  -31.257  8.524  -10.543 0.1428571492
99889  -29.581  12.205  -9.770 0.2857142985
101456  -28.206  13.782  -9.409 0.2857142985
102160  -26.252  16.106  -3.654 0.1428571492
101448  -27.595  13.951  -8.758 0.2857142985
152073  -26.533  14.948  -7.318 0.2857142985
95923  -30.609  6.174  -11.425 0.1428571492
139514  -30.492  6.569  -11.137 0.1428571492
99207  -29.882  10.815  -10.574 0.4285714328
99875  -29.236  11.909  -8.910 0.2857142985
94928  -32.626  4.936  -8.889 0.2857142985
97675  -32.902  8.053  -8.359 0.4285714328
99191  -30.773  10.475  -8.121 0.2857142985
99861  -27.634  12.161  -6.942 0.2857142985
92387  -31.529  2.503  -9.212 0.1428571492
95906  -31.569  6.138  -9.925 0.2857142985
98450  -31.525  9.932  -8.399 0.4285714328
95884  -33.418  6.554  -7.889 0.5714285970
98451  -32.200  9.364  -7.671 0.7142857313
92378  -31.740  1.327  -8.562 0.1428571492
93193  -32.400  3.292  -8.376 0.1428571492
97662  -32.645  8.684  -8.100 0.7142857313
144444  -33.113  4.823  -8.106 0.4285714328
90734  -31.994  -0.631  -8.788 0.2857142985
92366  -33.222  1.556  -7.040 0.7142857313
96834  -33.471  7.329  -7.058 0.7142857313
149587  -34.533  2.737  -4.646 0.8571428657
93186  -33.740  2.894  -6.424 0.8571428657
94913  -33.752  5.268  -7.130 0.5714285970
88951  -33.152  -1.464  -7.915 0.2857142985
89831  -32.596  -0.945  -8.215 0.2857142985
94036  -33.890  4.401  -6.691 0.7142857313
95859  -33.374  6.524  -4.263 0.5714285970
144232  -34.294  4.492  -5.710 0.8571428657
88946  -33.727  -1.862  -7.699 0.1428571492
148793  -33.953  0.605  -6.168 0.7142857313
88940  -34.463  -2.011  -7.597 0.1428571492
85548  -29.707  -5.107  -0.727 0.5714285970
87270  -32.980  -3.816  0.628 0.8571428657
87285  -32.171  -3.077  0.559 0.8571428657
87284  -31.106  -3.526  0.213 0.4285714328
144832  -32.834  -2.450  0.495 0.5714285970
90699  -34.649  0.728  -2.550 0.8571428657
88918  -35.421  -1.398  -3.537 0.8571428657
91538  -34.806  1.414  -3.908 0.8571428657
88155  -33.881  -2.609  -6.846 0.2857142985
90719  -34.897  -0.333  -5.434 0.8571428657
91543  -34.676  1.362  -4.857 0.8571428657
152500  -34.450  3.867  -5.304 0.8571428657
136956  -35.610  -2.481  -6.785 0.4285714328
88932  -34.658  -1.353  -5.711 0.7142857313
90728  -33.948  -0.253  -6.235 0.7142857313
85559  -28.863  -6.017  -1.898 0.2857142985
85515  -32.028  -4.970  0.546 0.5714285970
85532  -30.438  -5.059  -0.302 0.5714285970
87271  -33.919  -3.742  0.346 0.8571428657
88901  -35.150  -1.788  -1.798 0.8571428657
88912  -35.295  -1.046  -2.539 0.8571428657
89797  -35.351  -0.453  -3.154 0.8571428657
90705  -35.201  0.053  -3.804 0.8571428657
88149  -34.228  -3.294  -6.137 0.4285714328
139331  -35.217  -2.165  -4.296 0.8571428657
89810  -35.113  -0.851  -4.962 0.8571428657
140608  -34.847  -3.799  -6.917 0.4285714328
80745  -31.216  -10.094  0.839 0.7142857313
143320  -29.659  -8.933  -0.464 0.4285714328
137090  -32.922  -10.253  1.001 0.7142857313
147567  -32.730  -8.437  0.786 0.8571428657
135058  -30.595  -7.778  0.173 0.5714285970
84576  -29.323  -6.839  -1.634 0.5714285970
84591  -28.113  -6.978  -2.909 0.4285714328
83548  -32.534  -7.051  0.590 0.8571428657
84552  -30.967  -6.612  0.238 0.5714285970
84563  -30.091  -5.829  -0.476 0.5714285970
84565  -35.307  -6.541  -0.184 0.8571428657
129916  -32.337  -5.948  0.544 0.7142857313
84564  -30.855  -5.852  0.112 0.5714285970
133618  -35.434  -5.761  -4.335 0.7142857313
86485  -35.306  -4.766  -4.634 0.7142857313
87328  -35.505  -3.220  -4.037 0.7142857313
88137  -35.510  -2.416  -3.542 0.8571428657
86510  -37.256  -4.550  -5.730 0.2857142985
86515  -35.197  -5.019  -6.692 0.4285714328
87344  -34.244  -4.583  -6.201 0.5714285970
132436  -34.099  -12.558  0.755 0.4285714328
79824  -32.636  -11.249  1.085 0.4285714328
81680  -30.518  -9.742  0.434 0.4285714328
80758  -35.596  -9.802  0.026 0.7142857313
81684  -34.347  -9.385  0.835 0.7142857313
82593  -34.423  -8.503  0.684 0.7142857313
84553  -33.687  -6.907  0.582 0.8571428657
84618  -35.371  -6.948  -5.252 0.7142857313
85598  -36.667  -5.384  -5.937 0.2857142985
85596  -34.726  -6.293  -5.753 0.5714285970
85584  -35.229  -6.597  -5.580 0.5714285970
78902  -33.239  -13.023  0.741 0.4285714328
79822  -30.803  -11.617  1.044 0.5714285970
79826  -34.397  -11.780  0.664 0.5714285970
80747  -33.658  -11.061  0.795 0.5714285970
132020  -34.999  -10.010  0.701 0.7142857313
83613  -38.784  -7.060  -4.401 0.4285714328
84619  -37.064  -6.575  -5.284 0.4285714328
85585  -37.378  -5.471  -5.433 0.4285714328
84632  -35.692  -6.654  -5.668 0.4285714328
76953  -31.733  -15.104  0.730 0.5714285970
76996  -39.611  -14.416  -1.980 0.4285714328
78939  -40.179  -12.575  -2.155 0.4285714328
82626  -40.369  -8.637  -2.957 0.4285714328
81734  -39.055  -9.400  -3.347 0.4285714328
83584  -40.067  -7.815  -2.964 0.4285714328
83598  -38.454  -7.746  -4.302 0.4285714328
141095  -31.524  -20.267  3.626 0.1428571492
80787  -40.427  -10.698  -2.878 0.4285714328
80801  -40.709  -10.050  -3.108 0.4285714328
140826  -40.778  -9.531  -2.893 0.4285714328
73456  -33.248  -18.409  1.532 0.1428571492
74426  -35.291  -19.233  -1.593 0.2857142985
76104  -39.765  -15.700  -0.818 0.2857142985
77897  -41.336  -13.250  0.596 0.2857142985
150099  -40.790  -14.303  -0.496 0.2857142985
75302  -38.228  -16.783  -2.496 0.4285714328
144624  -41.266  -12.030  0.103 0.2857142985
77936  -40.886  -12.908  -1.633 0.2857142985
154929  -39.619  -15.075  -1.753 0.2857142985
141961  -41.145  -11.298  -0.429 0.2857142985
79851  -41.410  -11.654  -1.692 0.4285714328
72482  -32.688  -19.323  3.107 0.1428571492
72497  -32.911  -18.743  2.318 0.1428571492
71509  -30.913  -19.934  2.692 0.1428571492
73476  -34.807  -18.355  1.262 0.2857142985
74401  -35.217  -18.397  0.435 0.2857142985
73496  -38.083  -18.927  -1.253 0.2857142985
75271  -39.554  -17.053  -0.395 0.2857142985
74439  -39.014  -17.656  -1.844 0.2857142985
74437  -37.764  -19.025  -2.531 0.2857142985
75282  -39.584  -16.482  -1.689 0.2857142985
73445  -33.807  -18.706  2.622 0.1428571492
73478  -36.828  -18.742  1.066 0.2857142985
72498  -34.738  -18.969  2.746 0.2857142985
147533  -36.737  -18.494  -0.410 0.2857142985
73477  -35.878  -18.466  1.339 0.2857142985
74400  -33.590  -18.342  0.651 0.2857142985
74416  -37.585  -18.698  -0.999 0.2857142985
147173  -29.161  -23.640  5.784 0.2857142985
70534  -30.767  -21.511  4.563 0.1428571492
69539  -29.827  -22.351  4.824 0.2857142985
71492  -32.086  -20.670  4.434 0.1428571492
65701  -27.686  -26.267  6.715 0.2857142985
64717  -27.460  -26.942  7.068 0.2857142985
147436  -28.213  -26.657  7.134 0.1428571492
64716  -26.623  -27.160  6.881 0.2857142985
64690  -26.222  -27.816  7.063 0.1428571492
73457  -34.278  -18.410  1.950 0.1428571492
73459  -36.224  -18.974  1.864 0.2857142985
73488  -38.224  -19.138  -0.481 0.2857142985
75272  -40.279  -16.105  -0.310 0.2857142985
74438  -38.371  -18.182  -2.021 0.2857142985
76105  -40.780  -15.199  -0.314 0.2857142985
77005  -38.892  -14.685  -2.552 0.4285714328
77935  -39.797  -13.343  -1.896 0.4285714328
78916  -41.240  -12.852  -0.868 0.2857142985
80759  -40.964  -10.395  -0.597 0.2857142985
82589  -30.419  -8.791  0.194 0.7142857313
80770  -41.219  -10.313  -1.797 0.4285714328
129006  -31.608  -6.397  0.409 0.5714285970
128622  -39.579  -8.772  -3.728 0.4285714328
83611  -36.410  -7.354  -4.979 0.4285714328
138890  -38.279  -5.673  -4.844 0.2857142985
85604  -35.680  -5.391  -6.671 0.5714285970
93172  -34.520  4.435  -3.845 0.7142857313
137420  -34.477  -3.536  -5.501 0.7142857313
141461  -34.619  2.115  -4.281 0.8571428657
97645  -32.056  8.212  -5.154 0.4285714328
96812  -32.800  7.675  -5.114 0.5714285970
94903  -34.049  6.079  -6.217 0.7142857313
87350  -35.706  -4.211  -7.021 0.2857142985
92357  -34.398  2.115  -5.171 0.8571428657
94914  -34.217  5.244  -6.096 0.8571428657
153786  -33.347  -0.574  -6.832 0.5714285970
99874  -28.335  12.427  -8.769 0.2857142985
94057  -32.350  3.987  -8.830 0.4285714328
103708  -25.916  16.899  -2.646 0.1428571492
98464  -31.099  9.341  -10.341 0.2857142985
96859  -31.868  7.747  -10.093 0.1428571492
101442  -28.150  14.418  -7.517 0.2857142985
65702  -28.495  -26.032  6.758 0.1428571492
66618  -26.432  -25.905  6.196 0.2857142985
154432  -29.388  -24.122  6.172 0.1428571492
69540  -30.441  -22.014  4.850 0.1428571492
71510  -32.461  -19.951  3.892 0.1428571492
72484  -34.205  -19.373  3.344 0.1428571492
72485  -35.119  -19.698  3.316 0.1428571492
74425  -33.708  -19.319  -1.666 0.2857142985
74415  -35.890  -18.506  -0.413 0.2857142985
74428  -37.646  -18.946  -1.949 0.2857142985
73504  -36.140  -19.406  -3.228 0.2857142985
76100  -40.876  -15.769  0.322 0.2857142985
78901  -32.378  -12.190  1.026 0.5714285970
74450  -37.862  -18.183  -2.721 0.2857142985
75289  -38.758  -17.431  -2.118 0.2857142985
80756  -29.903  -10.388  0.071 0.2857142985
79827  -40.907  -11.429  0.764 0.2857142985
81686  -40.554  -9.746  0.241 0.2857142985
81682  -31.989  -9.715  0.959 0.7142857313
150527  -33.524  -9.604  0.901 0.5714285970
82622  -28.725  -8.066  -2.322 0.4285714328
82599  -29.867  -8.055  -0.299 0.5714285970
81695  -40.854  -9.577  -0.855 0.4285714328
141423  -28.567  -5.419  -2.235 0.2857142985
84592  -28.724  -6.691  -2.337 0.5714285970
82602  -40.704  -8.773  -1.114 0.2857142985
80800  -39.795  -10.012  -3.241 0.4285714328
83547  -31.394  -7.300  0.420 0.7142857313
85547  -29.024  -5.121  -1.395 0.2857142985
146883  -40.166  -7.360  -2.204 0.1428571492
144565  -39.654  -6.312  -3.253 0.4285714328
83614  -39.341  -6.555  -4.201 0.4285714328
85561  -39.561  -5.587  -2.894 0.1428571492
85572  -39.159  -5.080  -4.294 0.1428571492
130246  -34.587  -5.872  -5.752 0.5714285970
138208  -36.578  -4.329  -6.658 0.2857142985
153885  -34.180  -4.017  -6.062 0.5714285970
88931  -34.294  -2.418  -6.000 0.7142857313
93178  -34.287  3.006  -5.454 0.8571428657
89823  -35.564  -1.330  -7.192 0.2857142985
100604  -26.263  13.735  -3.853 0.2857142985
88939  -33.367  -2.009  -7.099 0.4285714328
88941  -35.258  -2.172  -7.106 0.4285714328
89843  -34.520  -0.845  -8.666 0.1428571492
139619  -33.217  2.290  -7.175 0.5714285970
139142  -33.507  -0.682  -8.765 0.1428571492
91567  -31.824  0.405  -8.470 0.1428571492
92386  -31.500  1.674  -9.245 0.1428571492
102150  -26.566  15.736  -2.687 0.1428571492
94043  -33.235  4.219  -7.726 0.5714285970
91582  -31.630  1.311  -9.731 0.1428571492
144685  -31.028  3.356  -9.456 0.1428571492
98459  -31.075  10.048  -9.708 0.2857142985
97674  -32.214  8.475  -9.263 0.2857142985
94927  -31.604  4.817  -9.652 0.2857142985
94068  -30.295  4.379  -10.444 0.1428571492
94951  -29.378  5.185  -11.095 0.1428571492
95913  -29.618  5.679  -10.960 0.1428571492
99229  -29.882  11.305  -11.161 0.2857142985
154866  -30.236  11.012  -11.540 0.2857142985
98467  -30.462  9.875  -11.920 0.1428571492
97695  -30.888  8.941  -11.787 0.1428571492
149732  -29.751  -25.183  6.706 0.1428571492
140765  -41.194  -14.953  0.441 0.2857142985
137202  -37.686  -3.153  -5.244 0.2857142985
96873  -31.346  7.380  -11.729 0.1428571492
100667  -31.642  12.663  -10.306 0.2857142985
66620  -28.608  -25.357  6.452 0.1428571492
128130  -29.143  -24.800  6.392 0.1428571492
68512  -29.899  -23.676  6.093 0.1428571492
72481  -31.775  -19.609  2.869 0.1428571492
137398  -32.734  -18.909  -1.387 0.4285714328
148178  -34.246  -18.347  0.433 0.2857142985
137622  -34.379  -19.575  -2.278 0.2857142985
76124  -38.607  -15.662  -2.549 0.4285714328
80748  -34.692  -10.890  0.632 0.5714285970
78914  -34.944  -12.648  0.343 0.4285714328
82625  -40.000  -8.239  -3.775 0.4285714328
83550  -34.493  -7.588  0.492 0.7142857313
133980  -35.548  -3.838  -4.002 0.7142857313
137080  -34.800  -5.870  0.168 0.8571428657
85517  -34.162  -5.192  0.362 0.8571428657
88129  -35.561  -2.538  -2.496 0.8571428657
88900  -34.610  -1.332  -0.851 0.8571428657
96813  -33.334  7.398  -5.453 0.5714285970
99189  -29.139  11.483  -7.672 0.2857142985
100634  -26.263  13.842  -7.151 0.2857142985
152547  -36.044  -7.002  -5.369 0.4285714328
71491  -31.171  -20.935  4.135 0.1428571492
76084  -31.688  -15.842  0.127 0.5714285970
73505  -36.768  -19.387  -2.731 0.2857142985
90704  -34.916  0.754  -3.459 0.8571428657
99873  -27.734  12.841  -8.225 0.2857142985
101431  -26.494  14.460  -5.844 0.2857142985
128002  -25.758  14.370  -4.777 0.2857142985
83549  -33.426  -7.875  0.691 0.8571428657
102192  -26.155  15.757  -5.284 0.2857142985
102944  -26.295  16.060  -3.705 0.1428571492
103721  -25.843  16.959  -3.397 0.1428571492
102176  -25.606  15.841  -4.743 0.2857142985
140273  -28.486  14.266  -5.352 0.2857142985
140308  -26.992  15.035  -7.136 0.2857142985
99901  -29.835  11.918  -10.228 0.2857142985
101443  -29.346  14.111  -7.832 0.2857142985
100654  -28.247  13.359  -9.743 0.2857142985
102926  -26.416  16.228  -2.470 0.1428571492
99888  -28.511  12.794  -9.624 0.2857142985
99218  -29.804  11.373  -10.772 0.2857142985
143837  -30.754  10.484  -9.179 0.2857142985
100644  -26.940  14.220  -7.878 0.2857142985
101449  -28.304  14.233  -8.736 0.2857142985
97684  -30.737  9.104  -11.486 0.1428571492
96858  -30.894  7.937  -11.282 0.1428571492
99887  -27.843  13.360  -9.377 0.2857142985
131124  -30.675  6.710  -11.256 0.1428571492
95914  -31.026  6.677  -10.643 0.1428571492
96872  -30.950  7.775  -11.391 0.1428571492
99219  -30.191  10.259  -11.306 0.1428571492
94056  -31.189  3.884  -9.528 0.1428571492
96848  -33.251  7.407  -8.099 0.5714285970
96847  -32.629  7.464  -8.966 0.4285714328
98460  -31.951  9.316  -8.839 0.5714285970
93216  -30.815  2.808  -10.103 0.1428571492
92379  -32.169  2.285  -8.186 0.1428571492
135451  -31.994  6.976  -9.691 0.2857142985
95905  -30.265  5.714  -10.485 0.2857142985
95894  -33.030  6.654  -8.665 0.4285714328
94921  -33.369  5.653  -7.907 0.5714285970
133598  -33.807  6.328  -7.101 0.7142857313
93185  -33.365  3.328  -7.279 0.5714285970
91560  -32.677  0.717  -7.396 0.5714285970
92367  -33.823  2.066  -6.194 0.7142857313
94037  -33.980  3.677  -6.118 0.7142857313
89822  -33.379  -1.240  -6.830 0.5714285970
88154  -33.503  -2.195  -7.231 0.4285714328
136584  -34.544  0.575  -5.482 0.8571428657
86440  -31.356  -4.347  0.330 0.5714285970
87283  -30.358  -3.629  -0.388 0.4285714328
86459  -30.069  -4.372  -0.563 0.4285714328
88925  -34.914  -1.676  -4.806 0.8571428657
131218  -34.355  -3.732  -6.380 0.5714285970
89814  -34.265  -1.010  -6.194 0.8571428657
88144  -35.138  -2.937  -4.551 0.7142857313
150439  -30.602  -10.427  0.603 0.5714285970
81681  -31.227  -9.243  0.654 0.4285714328
139930  -32.001  -8.825  0.771 0.7142857313
82590  -31.281  -8.306  0.534 0.7142857313
154645  -32.666  -7.825  0.703 0.7142857313
83558  -30.100  -7.235  -0.247 0.5714285970
131148  -30.408  -6.520  -0.152 0.5714285970
83557  -29.568  -7.444  -0.824 0.4285714328
83582  -28.169  -7.762  -2.870 0.2857142985
147675  -33.128  -6.248  0.641 0.8571428657
86508  -34.435  -5.195  -6.286 0.5714285970
87339  -34.941  -3.919  -4.831 0.7142857313
79825  -33.378  -11.958  0.853 0.5714285970
79823  -31.658  -11.469  1.187 0.5714285970
84620  -38.428  -6.505  -4.667 0.4285714328
86499  -38.193  -4.760  -4.888 0.2857142985
77924  -39.969  -13.730  -0.965 0.2857142985
78940  -41.089  -12.283  -2.235 0.4285714328
81735  -40.027  -9.447  -3.415 0.4285714328
82610  -40.692  -8.778  -2.134 0.4285714328
135285  -39.864  -7.505  -3.728 0.4285714328
134481  -41.350  -11.030  -2.405 0.4285714328
141469  -34.839  -18.688  -0.669 0.2857142985
74427  -36.621  -18.750  -1.426 0.2857142985
76990  -39.768  -14.710  -0.882 0.2857142985
76113  -39.612  -15.642  -1.560 0.2857142985
77909  -41.377  -13.388  -0.136 0.2857142985
75290  -39.473  -17.035  -1.967 0.2857142985
154772  -41.315  -10.948  -1.441 0.4285714328
71493  -33.027  -20.561  4.476 0.1428571492
71511  -33.500  -19.827  3.862 0.1428571492
73458  -35.289  -18.672  2.043 0.2857142985
74430  -39.045  -18.123  -1.115 0.2857142985
74402  -36.355  -18.493  0.495 0.2857142985
73487  -37.271  -18.743  0.054 0.2857142985
65677  -28.122  -27.374  7.412 0.1428571492
64691  -27.219  -27.796  7.340 0.1428571492
153110  -28.678  -26.467  7.121 0.1428571492
84621  -39.099  -5.875  -4.364 0.2857142985
65703  -29.143  -26.266  7.093 0.1428571492
67535  -29.991  -24.459  6.471 0.1428571492
102151  -27.307  14.805  -1.885 0.1428571492
94015  -33.656  4.974  -2.662 0.5714285970
93147  -32.931  2.895  -1.626 0.4285714328
93157  -32.918  3.781  -1.893 0.4285714328
94008  -33.620  4.104  -2.434 0.5714285970
139510  -32.519  2.043  -1.342 0.4285714328
93159  -34.250  3.568  -2.688 0.5714285970
94022  -34.283  5.210  -4.072 0.4285714328
89777  -31.841  -0.613  -0.056 0.4285714328
90685  -32.678  0.664  -0.584 0.4285714328
149407  -31.777  0.560  -0.522 0.4285714328
91519  -33.143  1.382  -1.079 0.5714285970
92337  -34.154  2.122  -1.875 0.5714285970
92343  -34.213  2.790  -2.318 0.5714285970
142321  -32.014  -2.123  0.486 0.5714285970
77889  -40.626  -13.355  2.132 0.1428571492
78890  -41.128  -12.380  0.952 0.1428571492
138082  -40.451  -10.770  1.412 0.1428571492
72512  -28.291  -19.685  1.096 0.2857142985
154021  -41.191  -13.972  -0.211 0.1428571492
76919  -39.669  -14.433  4.573 0.1428571492
77885  -40.415  -13.775  3.096 0.1428571492
77873  -39.594  -13.514  4.545 0.1428571492
78876  -40.311  -12.813  2.926 0.1428571492
77861  -39.507  -13.143  5.243 0.1428571492
71548  -27.948  -20.231  1.356 0.2857142985
134332  -40.441  -17.087  1.439 0.1428571492
128108  -40.429  -16.165  2.890 0.1428571492
76085  -41.028  -15.470  1.352 0.1428571492
76054  -40.313  -15.364  3.291 0.1428571492
147863  -39.617  -15.249  5.781 0.1428571492
76053  -39.888  -15.268  4.163 0.1428571492
76866  -40.796  -14.671  8.267 0.1428571492
141847  -39.756  -14.999  7.046 0.1428571492
142283  -40.284  -13.896  7.721 0.1428571492
71529  -27.906  -20.760  1.991 0.2857142985
71528  -26.982  -20.789  2.100 0.2857142985
72527  -38.832  -20.062  0.108 0.1428571492
73480  -39.277  -19.690  0.541 0.1428571492
74403  -39.247  -18.677  0.585 0.1428571492
73497  -38.468  -18.805  -0.702 0.1428571492
74404  -39.860  -17.874  0.998 0.1428571492
74358  -40.209  -17.528  3.719 0.1428571492
73460  -40.357  -18.554  2.423 0.1428571492
130003  -39.716  -16.749  4.903 0.1428571492
75238  -40.223  -16.866  3.317 0.1428571492
74317  -39.756  -17.407  6.400 0.1428571492
74303  -40.375  -17.428  7.876 0.1428571492
75162  -41.037  -16.027  8.527 0.1428571492
75999  -39.930  -15.543  7.523 0.1428571492
70568  -27.420  -21.363  2.493 0.2857142985
70549  -26.913  -21.936  2.807 0.2857142985
145436  -26.449  -22.394  3.211 0.2857142985
72516  -37.218  -19.628  1.378 0.1428571492
71559  -38.940  -20.574  0.077 0.1428571492
154057  -38.958  -20.345  0.094 0.1428571492
153588  -39.629  -19.973  1.177 0.1428571492
135856  -40.293  -18.209  4.058 0.1428571492
72520  -39.979  -19.422  1.645 0.1428571492
73414  -40.189  -18.842  5.727 0.1428571492
73371  -39.985  -17.658  7.178 0.1428571492
73390  -40.136  -18.868  6.574 0.1428571492
75988  -41.947  -14.969  8.505 0.1428571492
75987  -41.276  -15.193  8.466 0.1428571492
72500  -36.398  -19.807  2.268 0.1428571492
72517  -38.092  -20.433  1.041 0.1428571492
71550  -37.837  -21.128  1.473 0.1428571492
70582  -39.379  -22.232  0.832 0.1428571492
70581  -39.024  -22.101  0.485 0.1428571492
70557  -40.579  -21.871  3.527 0.1428571492
72519  -39.354  -20.548  0.596 0.1428571492
71495  -40.535  -20.457  4.738 0.1428571492
71534  -40.389  -20.851  2.109 0.1428571492
148127  -40.462  -19.874  5.170 0.1428571492
73356  -40.771  -18.178  8.096 0.1428571492
72438  -40.295  -19.651  6.739 0.1428571492
75163  -41.796  -16.687  8.757 0.1428571492
134197  -41.149  -18.018  8.490 0.1428571492
71533  -36.882  -21.114  2.281 0.1428571492
72499  -35.633  -19.340  2.623 0.1428571492
68565  -38.619  -23.290  1.300 0.1428571492
69582  -39.841  -23.058  0.887 0.1428571492
69581  -39.435  -22.866  0.734 0.1428571492
71551  -38.882  -21.157  0.341 0.1428571492
141349  -40.534  -22.191  5.067 0.1428571492
68543  -40.604  -23.774  2.939 0.1428571492
70522  -40.531  -21.271  5.174 0.1428571492
129284  -40.587  -20.895  7.024 0.1428571492
72395  -40.790  -18.981  7.951 0.1428571492
71483  -40.502  -20.417  5.616 0.1428571492
68556  -38.738  -24.138  1.477 0.1428571492
146760  -37.576  -23.075  1.886 0.1428571492
69569  -37.071  -22.515  2.175 0.1428571492
66668  -39.978  -25.401  1.431 0.1428571492
66679  -39.482  -25.299  1.452 0.1428571492
68532  -40.613  -23.314  3.941 0.1428571492
71455  -40.462  -20.126  7.232 0.1428571492
69525  -40.536  -22.753  5.728 0.1428571492
68567  -40.087  -24.262  0.514 0.1428571492
71552  -38.762  -21.306  0.562 0.1428571492
150862  -40.479  -22.014  2.424 0.1428571492
72486  -40.515  -19.589  3.559 0.1428571492
74417  -39.176  -18.110  -0.033 0.1428571492
132647  -41.900  -15.701  8.631 0.1428571492
76868  -42.325  -14.343  8.405 0.1428571492
75171  -40.234  -16.347  7.990 0.1428571492
146558  -39.625  -16.016  5.571 0.1428571492
141845  -39.789  -16.190  7.207 0.1428571492
138706  -41.058  -13.762  1.326 0.1428571492
78883  -40.075  -11.940  2.679 0.1428571492
69552  -27.272  -22.342  3.428 0.2857142985
71428  -40.754  -19.841  7.892 0.1428571492
72396  -41.210  -19.497  8.606 0.1428571492
75164  -42.704  -16.240  8.747 0.1428571492
77820  -42.445  -13.475  8.238 0.1428571492
89776  -31.216  -1.088  -0.342 0.4285714328
77819  -41.677  -13.709  8.333 0.1428571492
76000  -40.510  -15.409  8.174 0.1428571492
78802  -40.971  -13.320  8.083 0.1428571492
78835  -39.617  -12.728  6.629 0.1428571492
77835  -40.316  -13.147  7.612 0.1428571492
80730  -40.156  -10.885  2.090 0.1428571492
80749  -40.691  -10.591  0.462 0.1428571492
94887  -33.394  5.662  -3.056 0.4285714328
95858  -32.684  6.921  -4.071 0.4285714328
99914  -32.174  12.237  -10.384 0.1428571492
134275  -33.701  5.850  -3.766 0.4285714328
100662  -31.549  13.145  -9.873 0.1428571492
149377  -40.916  -13.069  1.403 0.1428571492
72526  -38.661  -19.764  0.033 0.1428571492
72501  -37.101  -20.431  1.865 0.1428571492
71532  -35.869  -20.122  3.004 0.1428571492
150667  -38.156  -19.965  0.605 0.1428571492
153552  -40.334  -16.448  0.207 0.1428571492
83562  -40.527  -8.153  -1.385 0.1428571492
76954  -41.148  -14.568  1.286 0.1428571492
76940  -40.785  -14.173  2.118 0.1428571492
137074  -40.487  -12.536  1.957 0.1428571492
76932  -40.090  -14.569  3.627 0.1428571492
139162  -39.793  -13.130  3.741 0.1428571492
76040  -39.622  -15.251  5.033 0.1428571492
138589  -39.727  -15.954  4.645 0.1428571492
76066  -40.745  -15.463  2.407 0.1428571492
76908  -39.594  -14.611  5.531 0.1428571492
78875  -39.694  -12.217  3.554 0.1428571492
79789  -39.410  -11.588  4.219 0.1428571492
77847  -39.621  -14.064  6.215 0.1428571492
74384  -40.361  -17.802  1.896 0.1428571492
136343  -40.468  -16.966  2.404 0.1428571492
75250  -40.702  -16.251  1.935 0.1428571492
75237  -40.064  -16.112  3.833 0.1428571492
76897  -39.650  -14.805  6.332 0.1428571492
75186  -39.682  -16.500  6.447 0.1428571492
149085  -39.842  -16.402  4.384 0.1428571492
76884  -39.778  -14.319  7.032 0.1428571492
72518  -38.879  -20.426  0.073 0.1428571492
73490  -38.752  -19.238  -0.065 0.1428571492
73481  -39.821  -18.649  1.383 0.1428571492
151343  -40.394  -18.128  3.309 0.1428571492
74357  -39.959  -17.554  4.531 0.1428571492
72502  -40.394  -19.469  2.570 0.1428571492
74335  -39.777  -17.531  5.425 0.1428571492
73435  -40.100  -18.365  5.006 0.1428571492
73389  -39.952  -18.110  6.724 0.1428571492
130790  -40.094  -20.258  1.701 0.1428571492
71553  -39.792  -21.243  1.272 0.1428571492
73436  -40.436  -18.966  4.280 0.1428571492
71515  -40.560  -20.370  3.794 0.1428571492
71471  -40.444  -20.296  6.470 0.1428571492
72417  -40.400  -19.321  7.310 0.1428571492
150819  -36.426  -20.503  2.528 0.1428571492
143020  -37.398  -21.822  1.857 0.1428571492
137251  -39.919  -23.621  0.562 0.1428571492
69570  -37.987  -22.521  1.515 0.1428571492
142192  -40.527  -21.118  2.975 0.1428571492
70539  -40.554  -21.777  4.435 0.1428571492
69557  -40.636  -22.813  2.955 0.1428571492
70571  -40.394  -21.444  2.001 0.1428571492
67598  -39.670  -24.580  0.866 0.1428571492
69571  -40.299  -22.881  1.710 0.1428571492
70513  -40.514  -21.083  6.179 0.1428571492
70504  -40.827  -21.479  7.561 0.1428571492
68557  -40.410  -23.504  2.041 0.1428571492
67600  -40.214  -24.650  0.894 0.1428571492
63758  -25.510  -28.530  6.942 0.1428571492
143900  -25.882  -27.309  6.717 0.1428571492
63784  -24.683  -28.069  6.625 0.1428571492
65699  -25.954  -26.625  6.429 0.1428571492
67547  -26.223  -24.435  5.066 0.1428571492
67546  -25.155  -24.771  4.894 0.1428571492
67561  -25.517  -24.022  4.559 0.1428571492
69536  -26.686  -23.163  4.175 0.1428571492
133157  -25.817  -23.338  4.202 0.1428571492
144869  -26.105  -22.814  3.750 0.1428571492
69550  -24.736  -22.356  3.385 0.1428571492
70548  -25.118  -21.840  2.873 0.1428571492
71527  -26.148  -20.593  2.287 0.1428571492
70567  -26.529  -21.339  2.446 0.1428571492
71546  -26.596  -20.188  1.996 0.2857142985
71547  -27.283  -20.227  1.738 0.1428571492
72511  -27.495  -19.527  1.494 0.1428571492
73471  -29.328  -18.820  0.812 0.1428571492
72510  -26.693  -19.536  1.825 0.2857142985
74396  -29.833  -17.984  0.561 0.2857142985
77896  -30.810  -14.032  0.962 0.4285714328
77908  -33.739  -14.105  0.496 0.4285714328
78900  -31.305  -12.412  1.096 0.4285714328
141113  -30.574  -2.893  -0.309 0.2857142985
88889  -30.588  -1.702  -0.699 0.2857142985
88890  -31.229  -1.861  -0.119 0.2857142985
141857  -30.829  2.660  -1.542 0.2857142985
93146  -32.148  3.538  -1.591 0.2857142985
93993  -32.306  4.169  -1.832 0.2857142985
94006  -32.092  4.733  -2.162 0.4285714328
73453  -26.031  -18.946  1.986 0.1428571492
73468  -26.869  -18.592  1.748 0.2857142985
74395  -29.286  -18.091  0.834 0.1428571492
66617  -25.508  -25.941  5.982 0.1428571492
147935  -24.526  -24.221  4.590 0.1428571492
69534  -24.334  -22.825  3.862 0.1428571492
70566  -25.606  -21.187  2.557 0.1428571492
71526  -25.291  -20.313  2.532 0.1428571492
72492  -25.895  -19.709  2.207 0.1428571492
74392  -26.575  -17.557  1.895 0.2857142985
128401  -28.166  -18.025  1.133 0.2857142985
128140  -27.418  -17.827  1.561 0.2857142985
74393  -27.875  -17.165  1.452 0.2857142985
74394  -28.629  -17.504  1.221 0.2857142985
75261  -29.898  -16.806  1.326 0.2857142985
76083  -31.464  -15.835  1.075 0.4285714328
76951  -30.805  -15.044  1.270 0.4285714328
77895  -29.946  -13.572  1.009 0.2857142985
86457  -28.831  -4.251  -1.177 0.2857142985
87302  -28.805  -3.413  -1.003 0.2857142985
88106  -30.721  -2.276  -0.435 0.2857142985
153066  -29.644  -2.348  -0.818 0.2857142985
88888  -29.940  -1.806  -0.902 0.2857142985
152026  -31.249  -0.092  -0.462 0.2857142985
141544  -29.785  1.071  -1.345 0.2857142985
90681  -28.311  0.669  -1.602 0.2857142985
92335  -31.882  2.746  -1.428 0.2857142985
149332  -29.144  -16.264  1.420 0.2857142985
87303  -29.590  -3.746  -0.683 0.2857142985
88119  -28.946  -2.602  -1.018 0.2857142985
87301  -28.103  -3.847  -1.786 0.2857142985
146288  -29.196  -1.862  -1.168 0.2857142985
89783  -28.865  -0.313  -1.509 0.2857142985
89785  -30.537  -0.806  -0.871 0.2857142985
89784  -29.816  -0.543  -1.318 0.2857142985
90682  -29.318  0.351  -1.471 0.2857142985
144828  -32.082  1.287  -0.937 0.2857142985
88127  -27.257  -2.220  -1.827 0.2857142985
88910  -27.567  -1.184  -1.730 0.2857142985
145884  -28.529  -1.100  -1.493 0.2857142985
76971  -31.810  -14.210  0.794 0.4285714328
77907  -32.773  -14.047  0.619 0.4285714328
68527  -26.465  -23.780  4.585 0.1428571492
154260  -26.815  -22.715  3.742 0.1428571492
76082  -30.700  -16.144  1.323 0.4285714328
66633  -26.032  -25.213  5.630 0.1428571492
141533  -31.439  1.905  -1.301 0.2857142985
90683  -30.296  0.127  -1.164 0.2857142985
73469  -27.814  -18.756  1.281 0.1428571492
143785  -26.017  -21.941  2.715 0.1428571492
69551  -25.589  -22.413  3.191 0.1428571492
64715  -25.491  -27.765  6.755 0.1428571492
68526  -24.776  -23.439  4.274 0.1428571492
69535  -25.242  -22.859  3.833 0.1428571492
91518  -30.298  1.863  -1.392 0.2857142985
143112  -30.070  -15.152  1.397 0.4285714328
79821  -30.168  -11.740  0.557 0.2857142985
78899  -30.412  -12.315  0.874 0.2857142985
131585  -31.083  -10.865  1.005 0.2857142985
99839  -31.677  11.911  -4.342 0.1428571492
99850  -31.681  11.823  -5.152 0.1428571492
100626  -30.974  12.423  -5.889 0.1428571492
100647  -31.329  13.090  -8.107 0.1428571492
100655  -31.488  13.390  -9.199 0.1428571492
99830  -32.074  11.930  -3.797 0.1428571492
100636  -30.285  13.383  -6.769 0.1428571492
154828  -29.194  13.712  -5.659 0.1428571492
102934  -29.277  15.623  -2.671 0.1428571492
80744  -30.361  -11.072  0.532 0.2857142985
100656  -32.302  12.893  -9.522 0.1428571492
99864  -32.601  11.680  -6.506 0.1428571492
141590  -30.742  13.160  -9.740 0.1428571492
100637  -31.188  12.821  -6.987 0.1428571492
101464  -29.891  13.274  -9.445 0.1428571492
101434  -29.292  13.867  -6.581 0.1428571492
101451  -30.555  13.756  -8.894 0.1428571492
100605  -30.362  12.896  -4.358 0.1428571492
101397  -29.783  13.974  -3.321 0.1428571492
101423  -29.518  13.501  -4.802 0.1428571492
101409  -28.577  14.313  -4.042 0.1428571492
102161  -28.102  15.426  -3.249 0.1428571492
101422  -28.800  13.999  -4.503 0.1428571492
100646  -30.408  13.600  -7.922 0.1428571492
77906  -31.318  -13.336  0.905 0.2857142985
100606  -31.267  12.429  -3.872 0.1428571492
99863  -31.774  11.978  -6.199 0.1428571492
100625  -30.112  13.060  -5.501 0.1428571492
101399  -32.351  13.039  -2.884 0.1428571492
100638  -32.019  12.371  -7.261 0.1428571492
87327  -26.880  -3.552  -3.320 0.1428571492
148360  -27.442  -3.139  -1.889 0.1428571492
87300  -28.138  -2.901  -1.520 0.1428571492
144845  -27.096  -0.459  -2.128 0.1428571492
89792  -25.147  0.349  -2.495 0.1428571492
90697  -26.699  0.962  -2.061 0.1428571492
89794  -26.922  0.274  -2.133 0.1428571492
91529  -26.481  1.073  -2.104 0.1428571492
92332  -28.213  2.329  -2.710 0.1428571492
92331  -28.093  2.220  -2.295 0.2857142985
82598  -29.333  -8.304  -0.995 0.2857142985
82621  -28.292  -8.744  -2.690 0.1428571492
85583  -27.669  -5.615  -4.491 0.1428571492
86484  -28.161  -5.267  -2.948 0.1428571492
86483  -27.353  -4.469  -3.545 0.1428571492
88157  -35.596  -3.229  -6.844 0.1428571492
88135  -26.328  -2.727  -3.116 0.1428571492
138847  -28.733  1.245  -1.609 0.1428571492
93144  -30.351  3.490  -1.934 0.1428571492
93143  -29.193  3.252  -2.406 0.1428571492
93142  -28.478  2.985  -2.738 0.2857142985
94873  -30.977  5.383  -2.906 0.2857142985
97641  -28.288  7.541  -3.931 0.2857142985
147762  -28.558  7.217  -2.707 0.2857142985
147357  -27.697  8.661  -4.195 0.2857142985
101396  -26.625  14.211  -3.250 0.1428571492
99136  -28.190  10.924  -0.991 0.1428571492
94874  -31.852  5.397  -2.602 0.2857142985
93155  -29.620  3.978  -2.524 0.2857142985
94885  -31.523  6.030  -3.059 0.2857142985
96803  -31.626  7.725  -4.529 0.2857142985
95845  -30.220  6.387  -3.933 0.2857142985
95844  -29.523  6.497  -3.742 0.2857142985
97648  -30.269  8.624  -4.791 0.2857142985
96796  -29.154  7.173  -4.061 0.2857142985
96795  -28.883  7.101  -3.352 0.2857142985
98435  -28.530  8.913  -5.005 0.2857142985
99142  -27.508  10.188  -3.543 0.1428571492
97634  -28.145  8.469  -1.975 0.2857142985
100599  -27.765  13.142  -2.300 0.1428571492
101386  -28.667  13.388  -0.404 0.1428571492
96792  -28.181  6.840  -2.322 0.1428571492
95837  -27.599  6.284  -1.987 0.1428571492
135541  -28.059  2.736  -2.687 0.2857142985
97637  -28.319  7.750  -2.901 0.2857142985
151423  -27.655  8.979  -3.564 0.1428571492
98429  -28.085  8.690  -2.607 0.2857142985
99140  -28.276  10.773  -2.426 0.1428571492
98426  -28.376  9.414  -1.815 0.1428571492
145117  -24.876  1.403  -2.302 0.2857142985
97627  -27.445  8.665  -0.595 0.1428571492
99133  -28.572  10.615  0.422 0.1428571492
97628  -28.057  9.061  -1.092 0.1428571492
91491  -21.742  1.350  -1.219 0.1428571492
88933  -36.234  -1.554  -6.533 0.1428571492
87340  -38.163  -3.841  -5.036 0.1428571492
84617  -28.401  -6.350  -4.109 0.1428571492
86497  -27.143  -4.798  -4.637 0.1428571492
88934  -37.078  -1.485  -5.932 0.1428571492
87343  -25.567  -3.755  -4.988 0.1428571492
150143  -24.920  -2.782  -2.851 0.1428571492
88134  -25.599  -2.271  -2.887 0.1428571492
88917  -26.007  -1.856  -2.759 0.1428571492
141446  -24.845  -0.280  -2.613 0.1428571492
90698  -27.410  0.916  -1.810 0.1428571492
91527  -24.217  1.246  -2.490 0.1428571492
91517  -29.160  1.917  -1.627 0.1428571492
92330  -26.916  1.706  -1.910 0.2857142985
94004  -29.846  4.706  -2.645 0.1428571492
137884  -29.357  5.124  -2.759 0.1428571492
94883  -29.893  5.957  -3.549 0.2857142985
95838  -28.513  5.942  -2.492 0.1428571492
97633  -27.864  8.160  -1.360 0.2857142985
128362  -27.934  10.078  -1.001 0.1428571492
143635  -28.259  10.620  -0.392 0.1428571492
87346  -37.306  -3.660  -5.880 0.1428571492
87345  -36.613  -3.441  -6.541 0.1428571492
150514  -37.204  -2.130  -5.667 0.1428571492
97644  -31.020  8.179  -4.621 0.2857142985
97647  -29.573  9.007  -5.040 0.2857142985
97640  -28.081  8.220  -4.353 0.2857142985
99138  -28.475  10.364  -1.796 0.1428571492
134273  -28.259  13.237  -1.362 0.1428571492
95848  -33.033  6.306  -3.544 0.2857142985
84602  -28.588  -6.654  -3.940 0.1428571492
83594  -28.525  -7.369  -4.020 0.1428571492
96804  -32.368  7.497  -4.589 0.2857142985
86470  -28.428  -4.737  -2.050 0.1428571492
86486  -39.160  -4.414  -3.946 0.1428571492
95847  -32.125  6.520  -3.522 0.2857142985
92334  -29.702  2.646  -1.781 0.1428571492
93145  -31.431  4.072  -1.907 0.1428571492
87314  -27.467  -3.717  -2.827 0.1428571492
88126  -26.533  -1.973  -2.559 0.1428571492
88908  -26.152  -1.128  -2.533 0.1428571492
87325  -25.575  -3.238  -3.338 0.1428571492
87337  -25.632  -4.068  -4.045 0.1428571492
139240  -26.474  -0.385  -2.383 0.1428571492
89793  -26.104  0.296  -2.345 0.1428571492
91530  -27.636  1.387  -2.168 0.1428571492
91531  -27.935  1.554  -2.178 0.1428571492
85570  -27.923  -5.093  -3.887 0.1428571492
91513  -26.072  1.225  -2.176 0.1428571492
91515  -28.056  1.788  -2.100 0.1428571492
92333  -28.620  2.599  -2.218 0.1428571492
85594  -26.880  -4.928  -5.256 0.1428571492
93156  -30.501  4.299  -2.379 0.2857142985
93154  -28.863  3.682  -2.733 0.2857142985
94872  -30.060  5.351  -3.097 0.2857142985
94005  -31.239  4.765  -2.478 0.2857142985
97643  -29.179  8.392  -4.646 0.2857142985
96788  -27.543  7.182  -1.484 0.1428571492
135121  -27.788  8.093  -3.764 0.2857142985
99815  -28.913  11.129  -0.122 0.1428571492
95846  -31.143  6.512  -3.670 0.2857142985
95857  -31.684  7.114  -4.100 0.2857142985
96802  -30.877  7.495  -4.345 0.2857142985
96797  -29.980  6.918  -4.230 0.2857142985
96801  -29.889  7.819  -4.421 0.2857142985
95843  -28.954  6.605  -2.878 0.1428571492
141035  -28.279  9.736  -2.473 0.1428571492
102139  -28.181  14.070  -1.214 0.1428571492
149399  -28.573  4.173  -2.673 0.1428571492
154569  -29.007  5.472  -2.645 0.2857142985
74382  -25.118  -17.816  2.445 0.1428571492
128115  -27.070  -16.971  1.619 0.1428571492
75259  -27.483  -16.371  1.487 0.1428571492
74389  -23.827  -16.933  1.789 0.1428571492
76077  -24.329  -15.908  0.859 0.1428571492
76965  -24.732  -14.766  0.301 0.1428571492
75258  -26.617  -16.243  1.150 0.1428571492
147518  -25.849  -14.179  -0.299 0.1428571492
76096  -26.224  -15.425  0.567 0.1428571492
76080  -28.637  -15.423  1.430 0.1428571492
76985  -26.468  -13.805  -0.558 0.1428571492
76948  -27.825  -14.387  0.703 0.1428571492
76950  -30.004  -14.381  1.263 0.1428571492
77903  -28.523  -13.423  0.039 0.1428571492
76970  -29.248  -14.046  1.085 0.1428571492
139028  -25.234  -14.141  -0.126 0.1428571492
77920  -27.276  -13.501  -0.998 0.1428571492
77904  -29.280  -13.306  0.538 0.1428571492
78913  -29.023  -12.190  -0.666 0.1428571492
139988  -28.725  -10.540  -1.280 0.1428571492
81692  -29.308  -9.842  -0.703 0.1428571492
93141  -27.296  2.681  -2.123 0.1428571492
130472  -27.851  -15.723  1.500 0.1428571492
76081  -29.620  -15.706  1.435 0.1428571492
73451  -24.606  -18.399  2.603 0.1428571492
74381  -24.139  -17.692  2.214 0.1428571492
75257  -25.487  -16.132  1.141 0.1428571492
96789  -28.072  7.612  -2.182 0.1428571492
81693  -29.940  -9.537  -0.043 0.1428571492
77905  -30.603  -13.072  0.919 0.1428571492
74391  -25.696  -17.265  2.197 0.1428571492
74383  -25.971  -18.072  2.194 0.1428571492
75260  -28.402  -16.474  1.491 0.1428571492
78898  -29.661  -12.385  0.255 0.1428571492
74390  -24.695  -17.155  1.982 0.1428571492
128883  -26.158  -16.746  1.758 0.1428571492
155004  -25.333  -16.723  1.753 0.1428571492
76076  -23.748  -15.568  0.842 0.1428571492
76095  -25.095  -15.447  0.550 0.1428571492
76966  -25.586  -14.780  0.132 0.1428571492
144474  -27.221  -14.237  0.277 0.1428571492
76097  -27.106  -14.862  0.659 0.1428571492
76079  -27.813  -15.039  1.258 0.1428571492
76968  -27.769  -13.775  -0.037 0.1428571492
76984  -25.808  -13.578  -0.613 0.1428571492
76949  -28.535  -14.547  1.181 0.1428571492
77921  -28.119  -13.265  -0.728 0.1428571492
77902  -24.272  -13.215  0.303 0.1428571492
73444  -24.237  -18.803  2.966 0.1428571492
65678  -28.879  -26.931  7.399 0.1428571492
67586  -38.031  -24.533  1.951 0.1428571492
67599  -40.019  -24.840  0.816 0.1428571492
68566  -39.660  -23.860  0.631 0.1428571492
68568  -40.269  -23.823  0.813 0.1428571492
69543  -40.591  -22.478  4.148 0.1428571492
69580  -38.967  -22.620  0.717 0.1428571492
70481  -40.750  -20.683  7.776 0.1428571492
70553  -30.314  -21.157  3.892 0.4285714328
70580  -38.454  -21.853  1.151 0.1428571492
70583  -40.103  -22.128  1.441 0.1428571492
72457  -40.387  -19.582  5.918 0.1428571492
72469  -40.507  -19.734  4.457 0.1428571492
72483  -33.452  -19.156  3.149 0.1428571492
72515  -30.781  -19.639  -0.333 0.7142857313
73357  -41.172  -18.624  8.511 0.1428571492
73372  -40.320  -18.366  7.403 0.1428571492
73413  -39.891  -18.204  5.978 0.1428571492
73446  -40.445  -18.806  3.381 0.1428571492
73450  -23.786  -18.084  2.950 0.1428571492
73470  -28.606  -18.836  1.003 0.1428571492
73479  -37.779  -19.369  0.413 0.2857142985
73489  -38.661  -19.405  -0.134 0.1428571492
73503  -35.496  -19.631  -2.687 0.2857142985
74290  -40.871  -17.610  8.361 0.1428571492
74291  -41.413  -17.477  8.661 0.1428571492
74376  -40.391  -17.626  2.857 0.1428571492
74414  -34.057  -18.504  -0.442 0.2857142985
74418  -40.033  -17.155  0.518 0.1428571492
74429  -38.212  -18.563  -1.585 0.2857142985
74436  -34.436  -19.368  -2.583 0.4285714328
74448  -36.382  -18.860  -3.496 0.4285714328
74457  -35.125  -18.200  -3.562 0.7142857313
75202  -39.655  -16.842  5.741 0.1428571492
75216  -39.974  -16.870  4.117 0.1428571492
75265  -40.648  -16.374  0.967 0.1428571492
75280  -32.438  -17.765  -1.484 0.5714285970
75281  -36.092  -19.495  -2.264 0.2857142985
75297  -33.243  -17.381  -2.812 0.5714285970
75299  -35.730  -18.276  -3.603 0.4285714328
75303  -39.230  -16.486  -2.200 0.2857142985
75310  -34.568  -17.413  -3.444 0.7142857313
76016  -39.678  -15.610  6.546 0.1428571492
76064  -23.430  -15.521  1.413 0.1428571492
76078  -27.124  -15.659  1.051 0.1428571492
76099  -32.723  -15.261  -0.208 0.7142857313
76867  -41.509  -14.471  8.418 0.1428571492
76885  -40.166  -14.732  7.726 0.1428571492
76933  -40.616  -14.687  2.797 0.1428571492
76952  -31.391  -14.839  1.002 0.4285714328
76967  -26.462  -14.415  0.107 0.1428571492
76969  -28.533  -13.907  0.647 0.1428571492
76973  -33.792  -14.662  0.149 0.5714285970
76974  -34.459  -14.229  0.260 0.5714285970
76975  -41.286  -14.074  0.419 0.1428571492
76986  -27.010  -13.870  -0.167 0.1428571492
76991  -41.155  -14.524  -0.091 0.1428571492
76995  -34.551  -14.671  -3.172 0.8571428657
77002  -35.131  -14.367  -3.464 0.7142857313
77818  -40.947  -14.038  8.251 0.1428571492
77884  -39.812  -13.886  3.887 0.1428571492
77919  -26.500  -13.317  -1.211 0.1428571492
77922  -34.951  -13.640  0.221 0.4285714328
77925  -40.991  -13.509  -0.704 0.2857142985
77946  -39.086  -13.780  -2.506 0.5714285970
78803  -41.782  -12.777  8.084 0.1428571492
78903  -34.339  -13.412  0.521 0.4285714328
78904  -41.503  -12.716  -0.033 0.2857142985
78929  -36.016  -12.023  -1.559 0.8571428657
79809  -39.994  -11.255  2.506 0.1428571492
79810  -40.430  -11.597  1.779 0.1428571492
79837  -41.342  -12.202  -0.819 0.2857142985
79849  -36.215  -11.510  -2.029 0.7142857313
79864  -41.253  -11.667  -2.373 0.4285714328
80746  -31.894  -10.596  1.162 0.5714285970
80755  -29.287  -10.738  -0.635 0.1428571492
80769  -36.145  -11.004  -2.700 0.7142857313
80786  -36.269  -10.548  -3.154 0.7142857313
80788  -41.163  -10.346  -2.777 0.4285714328
80799  -37.606  -10.333  -3.504 0.7142857313
81683  -32.768  -9.288  0.902 0.7142857313
81704  -41.003  -9.559  -2.054 0.2857142985
81733  -37.867  -9.454  -3.646 0.5714285970
81736  -40.255  -9.156  -3.343 0.4285714328
82591  -32.081  -7.948  0.700 0.7142857313
82592  -33.558  -8.854  0.858 0.8571428657
82601  -35.593  -7.942  -0.286 0.8571428657
82608  -28.808  -8.687  -1.830 0.2857142985
83546  -30.677  -7.066  0.130 0.5714285970
83559  -35.274  -7.351  0.080 0.7142857313
83568  -29.269  -7.765  -1.795 0.4285714328
83571  -40.386  -8.008  -2.141 0.4285714328
83583  -28.796  -7.377  -2.323 0.4285714328
83596  -36.174  -7.688  -4.119 0.5714285970
83599  -39.528  -7.421  -4.078 0.4285714328
83609  -27.794  -7.572  -4.445 0.1428571492
83610  -28.549  -7.054  -4.028 0.1428571492
83612  -37.741  -7.189  -4.704 0.4285714328
84554  -34.618  -6.696  0.332 0.8571428657
84562  -29.761  -6.608  -0.680 0.5714285970
84577  -29.450  -5.900  -1.105 0.5714285970
84594  -39.706  -6.794  -3.835 0.4285714328
84604  -35.652  -7.233  -4.602 0.4285714328
84633  -36.482  -6.016  -5.729 0.4285714328
85514  -31.572  -5.633  0.394 0.5714285970
85516  -33.133  -5.338  0.673 0.8571428657
85534  -35.522  -5.124  -0.843 1.0000000000
85571  -28.387  -5.872  -3.906 0.1428571492
85573  -39.602  -5.865  -3.916 0.2857142985
85595  -34.540  -5.747  -6.197 0.5714285970
85597  -35.641  -5.972  -6.246 0.5714285970
85603  -34.654  -5.830  -6.272 0.5714285970
86426  -32.751  -4.527  0.652 1.0000000000
86439  -30.707  -4.302  -0.089 0.5714285970
86441  -32.039  -4.034  0.545 0.5714285970
86442  -35.138  -4.397  -0.576 1.0000000000
86458  -29.393  -4.507  -0.825 0.4285714328
86469  -27.907  -4.528  -2.872 0.1428571492
86471  -35.511  -4.328  -3.177 0.8571428657
86482  -26.464  -4.379  -3.884 0.1428571492
86498  -34.473  -4.873  -5.509 0.5714285970
86500  -38.746  -4.345  -4.415 0.2857142985
86507  -26.233  -4.240  -5.223 0.1428571492
86509  -36.343  -5.071  -6.596 0.5714285970
86514  -34.159  -5.311  -6.154 0.4285714328
87286  -33.328  -3.070  0.474 1.0000000000
87287  -34.706  -3.698  -0.259 0.8571428657
87326  -26.164  -3.619  -3.559 0.1428571492
87329  -38.751  -3.698  -4.004 0.1428571492
87336  -24.810  -3.589  -4.050 0.1428571492
87338  -34.226  -4.397  -5.829 0.7142857313
87349  -34.585  -4.465  -6.562 0.5714285970
88105  -30.227  -2.433  -0.626 0.2857142985
88107  -31.204  -2.604  0.144 0.2857142985
88110  -35.480  -2.850  -1.457 1.0000000000
88120  -29.589  -2.946  -0.699 0.2857142985
88128  -28.264  -2.002  -1.453 0.2857142985
88136  -26.907  -2.884  -2.741 0.1428571492
88143  -34.614  -2.665  -5.228 0.7142857313
88150  -36.596  -2.408  -6.302 0.1428571492
88151  -37.258  -2.840  -5.841 0.1428571492
88156  -34.482  -2.939  -7.003 0.5714285970
88162  -33.836  -2.379  -7.309 0.1428571492
88891  -31.955  -1.306  0.250 0.2857142985
88899  -30.122  -1.243  -1.056 0.2857142985
88909  -26.853  -1.185  -2.295 0.2857142985
88911  -34.662  -0.918  -1.636 0.8571428657
88945  -33.371  -1.830  -7.414 0.1428571492
89779  -33.835  -0.859  -0.195 0.8571428657
89795  -27.731  -0.041  -1.712 0.1428571492
89803  -35.212  -0.752  -4.101 0.8571428657
89821  -33.185  -1.423  -7.516 0.2857142985
89830  -32.250  -0.763  -8.667 0.2857142985
89841  -32.665  -0.975  -8.359 0.2857142985
89842  -33.682  -1.284  -8.288 0.2857142985
90674  -32.178  0.006  -0.110 0.7142857313
90684  -30.952  0.971  -0.915 0.2857142985
90696  -25.707  0.753  -2.288 0.1428571492
90711  -35.040  0.540  -4.558 0.8571428657
90712  -35.190  -0.231  -4.595 0.8571428657
90727  -33.277  0.090  -6.937 0.5714285970
90735  -32.293  -0.309  -7.918 0.2857142985
91514  -27.534  1.192  -1.910 0.1428571492
91516  -28.130  1.947  -2.183 0.1428571492
91528  -25.242  1.030  -2.293 0.1428571492
91551  -34.196  1.333  -5.719 0.8571428657
91561  -33.562  1.098  -6.552 0.7142857313
92336  -33.502  2.101  -1.496 0.4285714328
92342  -33.756  2.650  -1.860 0.5714285970
93140  -26.080  2.439  -1.849 0.1428571492
93158  -33.634  3.303  -2.135 0.5714285970
93207  -30.833  2.772  -9.787 0.1428571492
93208  -31.732  3.246  -9.145 0.1428571492
94003  -29.158  4.407  -2.756 0.1428571492
94007  -32.888  4.523  -2.207 0.2857142985
94016  -34.298  4.503  -3.037 0.7142857313
94080  -29.543  4.867  -11.163 0.1428571492
94875  -32.765  5.249  -2.535 0.4285714328
94884  -30.621  5.964  -3.343 0.2857142985
94886  -32.479  5.906  -2.995 0.2857142985
94888  -34.108  5.271  -3.265 0.4285714328
94896  -33.855  5.887  -4.623 0.8571428657
94940  -29.611  5.168  -10.777 0.1428571492
94941  -30.995  5.259  -10.225 0.2857142985
94950  -29.459  5.268  -11.153 0.1428571492
94959  -29.704  5.260  -11.296 0.1428571492
95839  -29.353  5.824  -3.059 0.2857142985
95856  -30.756  6.870  -4.112 0.2857142985
95893  -32.474  6.630  -9.267 0.2857142985
95922  -29.804  5.875  -11.176 0.1428571492
96805  -33.128  7.196  -4.706 0.4285714328
97649  -33.002  8.041  -5.690 0.5714285970
97654  -33.159  8.175  -6.562 0.8571428657
97663  -33.152  8.116  -7.562 0.7142857313
97708  -31.143  8.313  -11.903 0.1428571492
97709  -31.844  8.181  -12.166 0.1428571492
99230  -30.223  10.686  -11.542 0.1428571492
99851  -32.437  11.433  -5.458 0.1428571492
99900  -29.022  12.811  -9.689 0.2857142985
99913  -30.936  11.766  -10.664 0.2857142985
100623  -26.319  13.911  -5.955 0.2857142985
100635  -27.155  13.386  -7.555 0.2857142985
100645  -27.415  13.725  -8.592 0.2857142985
100648  -32.186  12.674  -8.397 0.1428571492
100661  -30.017  12.615  -9.765 0.2857142985
101390  -26.755  15.045  -2.990 0.1428571492
101441  -26.410  14.749  -7.325 0.2857142985
101450  -29.531  14.115  -8.817 0.2857142985
101457  -28.772  13.698  -9.600 0.2857142985
101458  -29.710  13.929  -9.141 0.2857142985
101465  -30.782  13.553  -9.279 0.1428571492
102162  -29.475  14.834  -2.909 0.1428571492
102202  -26.526  14.549  -5.778 0.2857142985
102932  -25.884  16.668  -3.194 0.1428571492
104493  -25.604  17.639  -3.017 0.1428571492
128149  -32.120  -13.157  0.821 0.2857142985
128934  -29.975  -12.900  0.775 0.1428571492
129162  -40.415  -24.257  1.825 0.1428571492
129202  -29.203  -17.172  1.237 0.2857142985
129261  -29.599  13.463  -4.004 0.1428571492
129522  -39.545  -13.292  6.052 0.1428571492
129983  -40.360  -19.219  5.096 0.1428571492
130260  -41.295  -12.338  -1.781 0.2857142985
130752  -39.550  -13.861  5.355 0.1428571492
131248  -31.262  -19.167  -1.259 0.5714285970
131655  -29.945  -18.845  0.219 0.2857142985
132317  -35.561  -3.247  -3.274 0.7142857313
132516  -41.148  -10.904  -2.821 0.4285714328
132592  -28.307  -6.107  -2.808 0.2857142985
132866  -40.873  -16.918  8.508 0.1428571492
133255  -39.376  -8.137  -4.053 0.4285714328
133852  -40.449  -21.927  5.932 0.1428571492
133867  -35.676  -5.856  -1.256 0.8571428657
135106  -36.820  -8.291  -4.208 0.8571428657
135833  -25.639  -0.347  -2.536 0.1428571492
136103  -33.939  -6.024  0.560 0.8571428657
136966  -31.114  -5.010  0.231 0.5714285970
137963  -37.098  -18.396  -3.305 0.4285714328
138334  -32.260  1.441  -7.720 0.7142857313
138537  -29.325  -14.807  1.339 0.1428571492
138591  -34.088  -10.206  0.844 0.7142857313
138630  -40.477  -20.263  2.781 0.1428571492
139297  -40.577  -21.131  4.131 0.1428571492
139634  -40.624  -22.987  4.849 0.1428571492
139786  -34.575  2.871  -3.826 0.8571428657
140264  -39.852  -16.936  7.262 0.1428571492
140300  -29.483  -1.159  -1.316 0.2857142985
140977  -39.516  -23.206  0.737 0.1428571492
141008  -36.375  -11.884  -2.952 0.7142857313
141111  -35.584  -1.779  -2.754 0.8571428657
141261  -32.383  5.768  -9.304 0.2857142985
141268  -39.356  -17.350  -1.486 0.2857142985
141292  -33.089  5.912  -8.532 0.5714285970
141429  -29.908  -19.535  1.194 0.5714285970
141637  -33.536  -19.512  -2.282 0.5714285970
142492  -31.577  0.845  -9.252 0.1428571492
143324  -35.972  -8.914  -1.343 0.8571428657
143564  -24.184  -0.095  -2.473 0.1428571492
143571  -35.689  -16.179  -3.447 0.5714285970
143893  -28.397  -7.622  -3.966 0.2857142985
144159  -35.394  -6.856  -4.592 0.7142857313
144424  -34.619  2.164  -3.361 0.8571428657
145827  -29.442  5.039  -11.181 0.1428571492
146239  -31.972  12.551  -3.402 0.1428571492
146294  -35.167  -9.109  0.533 0.7142857313
146592  -35.805  -10.461  -0.591 0.8571428657
146688  -36.567  -8.672  -3.742 0.7142857313
146749  -36.061  -4.843  -6.970 0.2857142985
146758  -28.804  7.777  -4.239 0.2857142985
146865  -39.588  -16.476  -0.851 0.2857142985
146984  -30.107  -3.108  -0.551 0.2857142985
147225  -39.101  -10.547  -2.669 0.5714285970
147554  -39.462  -15.509  -2.164 0.2857142985
147665  -28.810  -18.229  1.001 0.2857142985
148000  -33.707  -1.976  -6.539 0.4285714328
149139  -40.515  -14.320  8.037 0.1428571492
149473  -29.805  10.894  -11.306 0.2857142985
150003  -25.731  14.727  -5.295 0.2857142985
150232  -40.937  -14.875  2.019 0.1428571492
150498  -30.745  9.603  -12.151 0.1428571492
150551  -34.574  -15.485  -3.472 0.7142857313
150662  -32.921  -0.820  -7.431 0.5714285970
150887  -30.521  4.885  -2.715 0.2857142985
150905  -38.807  -18.035  -1.638 0.2857142985
151902  -39.665  -16.327  -2.006 0.2857142985
151918  -31.334  3.317  -1.624 0.2857142985
152132  -38.248  -12.440  -2.798 0.5714285970
152150  -34.343  4.905  -3.499 0.4285714328
152558  -34.759  -16.569  -3.451 0.5714285970
153499  -31.125  8.664  -5.137 0.2857142985
153803  -30.424  9.675  -11.526 0.1428571492
153906  -35.618  -6.401  -0.832 0.8571428657
