#!ascii label  , from subject sub-v1s7x0051323_ses-1 vox2ras=TkReg
1207
109263  51.134  23.996  39.845 0.0000000000
109849  53.140  25.607  50.166 0.0000000000
102870  53.068  15.309  40.072 0.0000000000
106306  44.355  20.437  41.622 0.0000000000
104322  46.686  18.153  39.845 0.0000000000
112407  54.048  29.136  42.408 0.0000000000
111115  49.048  27.219  49.314 0.0000000000
146331  49.587  35.511  44.166 0.0000000000
149841  55.679  10.829  42.880 0.0000000000
99650  53.088  11.986  36.856 0.0000000000
108470  56.017  23.346  44.925 0.0000000000
132134  55.675  20.278  37.096 0.0000000000
106277  56.461  20.465  43.796 0.0000000000
102858  50.032  15.570  42.845 0.0000000000
116066  50.177  35.914  41.144 0.0000000000
148089  52.461  32.690  45.404 0.0000000000
102881  48.545  15.103  38.773 0.0000000000
107740  47.185  22.396  39.943 0.0000000000
131857  46.005  18.974  40.909 0.0000000000
107023  49.443  21.213  38.951 0.0000000000
109906  51.195  25.421  43.415 0.0000000000
135895  49.245  25.099  40.619 0.0000000000
112992  47.851  29.933  44.906 0.0000000000
147979  59.467  12.912  43.983 0.0000000000
99602  58.798  11.522  39.434 0.0000000000
99589  61.528  11.948  40.286 0.0000000000
114899  54.403  34.123  35.473 0.0000000000
109193  56.592  24.166  47.327 0.0000000000
107683  58.630  22.182  44.566 0.0000000000
107629  56.510  22.774  49.275 0.0000000000
106973  48.664  20.976  44.867 0.0000000000
106259  50.700  20.724  44.136 0.0000000000
103589  48.639  16.511  43.951 0.0000000000
100394  51.447  12.082  45.637 0.0000000000
113564  51.958  31.510  49.665 0.0000000000
115389  52.109  36.055  47.180 0.0000000000
112357  51.947  29.009  47.376 0.0000000000
111141  54.912  27.199  45.654 0.0000000000
105003  54.884  18.075  38.630 0.0000000000
104344  50.277  17.428  38.385 0.0000000000
102879  50.650  14.956  39.453 0.0000000000
103623  43.908  16.925  39.024 0.0000000000
103646  44.567  16.008  37.704 0.0000000000
114263  55.528  31.474  41.034 0.0000000000
113635  52.748  31.085  40.202 0.0000000000
134926  51.175  27.298  51.827 0.0000000000
108426  53.415  23.346  50.750 0.0000000000
117235  42.721  37.805  43.342 0.0000000000
117786  46.370  39.052  43.975 0.0000000000
112978  49.691  30.669  46.767 0.0000000000
99581  52.323  11.479  41.745 0.0000000000
100455  50.912  12.125  40.155 0.0000000000
98801  54.882  10.722  39.619 0.0000000000
100491  57.108  12.138  36.373 0.0000000000
108507  53.307  23.149  41.036 0.0000000000
107763  53.261  23.174  38.275 0.0000000000
107738  57.409  22.428  40.449 0.0000000000
106310  58.104  20.481  39.909 0.0000000000
104980  54.583  18.657  40.955 0.0000000000
106957  53.823  21.688  46.050 0.0000000000
105610  53.032  19.762  42.916 0.0000000000
102864  51.621  15.784  41.567 0.0000000000
99552  51.987  11.812  43.464 0.0000000000
99525  55.901  11.910  45.253 0.0000000000
115515  50.710  34.231  37.518 0.0000000000
116668  54.182  37.201  39.869 0.0000000000
116619  52.158  37.730  43.856 0.0000000000
115431  52.923  34.718  41.298 0.0000000000
113016  54.481  30.824  44.098 0.0000000000
110542  54.619  26.614  44.522 0.0000000000
150445  50.834  19.774  37.670 0.0000000000
104346  48.030  17.513  37.872 0.0000000000
102050  46.284  14.888  37.025 0.0000000000
100465  49.807  12.261  38.302 0.0000000000
108534  49.263  23.677  39.464 0.0000000000
150426  48.433  22.113  39.428 0.0000000000
146459  50.051  22.863  38.701 0.0000000000
109237  51.230  24.726  41.265 0.0000000000
109919  50.217  25.652  42.267 0.0000000000
151131  49.926  24.862  40.508 0.0000000000
109265  48.961  24.325  39.749 0.0000000000
101206  60.930  13.528  44.239 0.0000000000
100425  60.564  13.409  42.469 0.0000000000
139801  61.416  12.339  43.026 0.0000000000
134198  43.219  14.245  37.193 0.0000000000
133408  54.532  25.018  48.887 0.0000000000
108438  57.032  23.311  48.844 0.0000000000
141576  55.294  24.029  50.496 0.0000000000
104945  47.543  18.550  44.538 0.0000000000
136480  48.252  19.013  44.189 0.0000000000
111112  51.589  27.836  49.896 0.0000000000
152778  51.812  30.371  49.344 0.0000000000
110507  52.384  26.269  48.137 0.0000000000
110506  53.514  26.297  47.283 0.0000000000
103620  53.846  15.993  39.256 0.0000000000
103630  53.442  16.223  38.768 0.0000000000
102034  52.324  14.366  39.937 0.0000000000
105636  43.737  19.836  42.155 0.0000000000
132643  43.975  18.910  41.966 0.0000000000
104991  46.556  18.744  40.464 0.0000000000
140275  44.672  17.588  40.505 0.0000000000
104334  45.350  17.378  39.806 0.0000000000
103639  44.287  16.484  38.396 0.0000000000
104349  45.645  17.136  38.750 0.0000000000
113024  55.671  30.198  41.888 0.0000000000
113633  55.673  30.762  40.362 0.0000000000
113029  52.713  30.170  41.293 0.0000000000
107730  44.938  22.055  41.207 0.0000000000
106307  43.716  20.802  41.873 0.0000000000
110477  49.938  26.795  51.351 0.0000000000
109823  50.164  26.128  52.973 0.0000000000
142499  49.385  25.819  52.736 0.0000000000
111761  48.394  28.625  46.869 0.0000000000
112991  48.646  30.357  45.313 0.0000000000
112361  49.152  29.105  47.271 0.0000000000
111741  50.042  28.724  48.937 0.0000000000
156771  53.606  10.923  42.502 0.0000000000
98774  53.303  10.609  41.192 0.0000000000
98788  55.065  10.447  40.869 0.0000000000
99616  59.626  12.070  38.782 0.0000000000
99632  58.181  11.676  37.761 0.0000000000
100490  58.305  12.309  36.152 0.0000000000
107719  54.349  22.822  42.898 0.0000000000
107729  55.094  22.606  41.247 0.0000000000
107701  55.810  22.531  43.308 0.0000000000
106252  58.438  21.283  44.015 0.0000000000
107000  58.536  21.442  42.652 0.0000000000
106295  57.837  20.624  42.740 0.0000000000
105641  56.349  19.436  40.561 0.0000000000
140262  55.811  19.852  42.329 0.0000000000
108441  51.620  23.488  48.796 0.0000000000
108452  53.649  22.971  48.331 0.0000000000
146499  51.902  22.780  46.759 0.0000000000
104960  50.199  18.110  42.930 0.0000000000
106281  51.633  20.153  43.474 0.0000000000
144287  51.791  18.767  42.489 0.0000000000
104971  52.396  18.444  42.065 0.0000000000
103596  51.137  16.415  42.084 0.0000000000
101234  51.258  12.812  42.548 0.0000000000
101222  50.436  13.137  43.099 0.0000000000
100381  53.541  12.100  46.803 0.0000000000
99519  53.167  11.638  46.084 0.0000000000
116108  50.624  35.126  39.801 0.0000000000
115493  52.221  35.219  38.785 0.0000000000
116662  52.596  37.429  40.874 0.0000000000
116622  48.192  37.581  44.219 0.0000000000
117775  47.695  39.331  44.275 0.0000000000
116613  49.939  37.758  45.136 0.0000000000
114814  52.516  34.045  46.853 0.0000000000
116610  52.250  37.048  45.990 0.0000000000
115393  52.413  35.212  44.560 0.0000000000
116051  52.589  36.264  42.481 0.0000000000
149291  52.453  33.291  43.602 0.0000000000
114242  52.885  32.561  42.849 0.0000000000
113595  52.886  31.587  44.570 0.0000000000
109896  55.596  25.695  45.777 0.0000000000
132991  55.361  27.196  44.800 0.0000000000
109201  54.762  24.725  44.740 0.0000000000
109204  53.911  24.192  43.987 0.0000000000
107776  55.068  22.691  37.578 0.0000000000
107040  51.641  21.325  37.503 0.0000000000
106339  52.317  20.433  36.682 0.0000000000
102889  49.081  15.966  38.632 0.0000000000
104345  49.216  17.661  37.958 0.0000000000
102890  47.882  15.644  38.250 0.0000000000
102897  46.597  15.382  37.334 0.0000000000
102049  47.084  14.816  37.496 0.0000000000
99623  52.621  11.196  38.408 0.0000000000
99625  50.591  11.724  38.557 0.0000000000
99639  51.222  11.671  37.786 0.0000000000
107017  45.580  21.653  40.745 0.0000000000
106305  45.125  20.134  41.325 0.0000000000
106312  46.542  20.312  40.646 0.0000000000
106311  47.364  19.871  40.324 0.0000000000
105649  48.017  19.425  39.763 0.0000000000
137866  52.554  27.612  43.814 0.0000000000
135404  46.797  23.058  40.075 0.0000000000
130711  57.399  11.626  43.107 0.0000000000
154068  57.216  11.017  41.635 0.0000000000
129615  58.708  11.957  41.924 0.0000000000
100454  60.789  12.826  39.949 0.0000000000
109197  56.709  23.986  46.611 0.0000000000
108469  57.587  23.141  45.317 0.0000000000
108465  58.155  23.175  46.163 0.0000000000
106941  57.915  21.952  46.625 0.0000000000
106955  57.093  21.442  46.097 0.0000000000
107668  49.425  22.657  46.296 0.0000000000
107679  50.637  22.227  45.488 0.0000000000
106972  49.568  20.971  44.777 0.0000000000
105613  49.427  19.229  43.554 0.0000000000
103588  49.278  16.063  43.436 0.0000000000
101210  49.627  13.700  44.361 0.0000000000
101201  49.476  13.736  45.283 0.0000000000
101186  51.392  13.294  47.093 0.0000000000
101185  52.692  13.333  47.907 0.0000000000
116649  48.715  36.690  41.649 0.0000000000
137071  50.736  32.974  46.722 0.0000000000
115390  51.331  35.770  46.457 0.0000000000
114189  51.982  33.676  48.205 0.0000000000
114188  52.310  32.974  48.178 0.0000000000
144782  52.327  31.289  46.684 0.0000000000
112989  52.902  30.416  45.244 0.0000000000
111759  53.515  28.105  46.299 0.0000000000
109893  55.189  25.501  46.696 0.0000000000
105658  55.544  19.498  37.576 0.0000000000
105017  52.840  19.200  36.829 0.0000000000
104355  52.982  18.123  37.964 0.0000000000
103632  51.268  16.588  38.938 0.0000000000
102037  49.057  14.399  39.302 0.0000000000
100510  53.465  12.707  35.311 0.0000000000
100496  51.914  12.556  36.347 0.0000000000
103613  42.111  16.969  40.059 0.0000000000
104311  44.125  17.888  41.215 0.0000000000
104324  43.821  17.455  40.462 0.0000000000
103625  42.371  16.495  39.287 0.0000000000
102893  43.176  15.644  38.253 0.0000000000
102901  43.176  15.204  37.458 0.0000000000
102907  43.474  15.055  36.790 0.0000000000
150969  56.069  31.463  39.525 0.0000000000
113655  54.439  31.448  38.953 0.0000000000
110475  51.716  26.901  51.282 0.0000000000
109835  54.145  24.439  51.905 0.0000000000
148282  52.969  24.799  52.577 0.0000000000
108396  51.293  23.657  51.898 0.0000000000
137144  50.305  23.353  49.649 0.0000000000
108455  49.058  23.100  48.264 0.0000000000
106944  48.026  22.012  46.061 0.0000000000
117788  44.158  38.421  43.162 0.0000000000
116623  46.730  37.605  43.835 0.0000000000
115402  48.956  34.521  43.615 0.0000000000
114226  50.115  33.083  44.969 0.0000000000
112977  50.465  31.313  47.604 0.0000000000
111734  51.166  29.117  49.847 0.0000000000
100438  51.775  12.573  41.566 0.0000000000
100447  51.249  12.634  40.647 0.0000000000
99593  51.920  11.438  41.018 0.0000000000
98803  53.192  10.654  39.659 0.0000000000
99621  54.556  11.258  38.194 0.0000000000
99604  56.878  10.959  39.149 0.0000000000
99634  56.209  11.459  37.661 0.0000000000
99648  55.000  11.835  36.760 0.0000000000
109249  52.251  23.826  40.517 0.0000000000
108530  52.771  23.701  39.332 0.0000000000
108518  53.678  23.525  39.879 0.0000000000
108528  55.047  23.657  38.868 0.0000000000
107760  56.894  22.660  37.984 0.0000000000
107727  58.045  22.026  41.853 0.0000000000
107737  58.086  22.011  40.177 0.0000000000
106323  57.165  20.490  37.796 0.0000000000
105647  56.411  19.236  38.912 0.0000000000
104997  55.013  18.001  39.399 0.0000000000
104320  54.082  16.984  40.129 0.0000000000
107631  54.704  22.907  49.783 0.0000000000
131879  55.058  22.340  47.624 0.0000000000
106956  54.853  21.345  45.756 0.0000000000
106958  52.450  21.948  45.334 0.0000000000
106256  53.216  20.853  44.279 0.0000000000
149256  54.614  20.061  43.162 0.0000000000
131885  54.250  19.184  41.887 0.0000000000
104309  52.936  17.229  41.004 0.0000000000
102863  52.235  15.280  41.057 0.0000000000
101233  51.916  13.207  41.983 0.0000000000
99567  51.955  11.805  42.817 0.0000000000
99564  53.900  11.111  43.094 0.0000000000
136891  51.339  12.009  44.702 0.0000000000
99539  53.435  11.421  44.461 0.0000000000
140386  55.919  11.371  44.178 0.0000000000
149617  57.383  11.922  44.458 0.0000000000
115514  52.426  34.422  37.148 0.0000000000
115492  54.349  35.657  38.253 0.0000000000
116119  55.202  36.897  38.838 0.0000000000
116612  51.008  37.954  45.723 0.0000000000
144627  52.240  38.567  42.163 0.0000000000
116645  53.480  38.053  41.262 0.0000000000
116064  53.692  35.909  40.749 0.0000000000
115446  54.422  34.526  39.916 0.0000000000
114264  54.464  32.597  41.183 0.0000000000
113620  54.958  31.395  42.445 0.0000000000
112405  55.766  29.578  42.741 0.0000000000
112381  55.249  28.933  44.897 0.0000000000
111785  55.553  28.813  44.182 0.0000000000
111166  54.812  27.858  43.780 0.0000000000
109903  52.908  25.425  44.445 0.0000000000
108479  52.509  23.750  43.067 0.0000000000
107765  51.504  22.764  38.368 0.0000000000
106326  49.740  20.313  38.645 0.0000000000
104998  48.161  18.424  38.556 0.0000000000
105013  50.588  18.805  37.357 0.0000000000
138758  48.390  18.054  37.911 0.0000000000
105006  47.722  17.904  38.191 0.0000000000
103637  45.999  16.634  38.023 0.0000000000
102899  44.795  15.443  36.977 0.0000000000
100448  50.494  12.740  40.047 0.0000000000
100457  49.421  12.943  39.341 0.0000000000
101262  48.638  13.526  39.068 0.0000000000
100497  50.427  12.421  36.347 0.0000000000
101269  47.993  13.384  37.730 0.0000000000
98769  60.638  10.434  41.516 0.0000000000
97925  60.569  10.320  38.986 0.0000000000
136153  50.545  24.052  39.656 0.0000000000
108533  50.171  23.686  39.127 0.0000000000
108532  51.047  23.809  39.183 0.0000000000
109250  51.547  24.285  40.661 0.0000000000
109238  50.986  24.807  40.744 0.0000000000
135439  50.393  24.441  40.149 0.0000000000
109264  49.855  24.193  39.729 0.0000000000
100410  61.324  13.200  43.239 0.0000000000
109860  53.834  25.247  49.607 0.0000000000
109859  54.827  24.584  50.301 0.0000000000
109861  52.326  26.212  49.398 0.0000000000
110494  51.740  26.954  48.881 0.0000000000
150850  52.893  25.697  48.980 0.0000000000
109877  53.389  25.533  48.307 0.0000000000
102876  53.508  15.688  39.750 0.0000000000
102877  52.847  15.247  39.617 0.0000000000
104973  43.218  19.043  42.312 0.0000000000
105635  44.520  19.522  41.658 0.0000000000
150774  45.967  17.744  40.096 0.0000000000
104333  46.198  17.542  39.299 0.0000000000
104350  44.753  17.077  38.920 0.0000000000
112413  54.829  29.712  41.873 0.0000000000
113028  54.481  30.223  41.352 0.0000000000
112414  53.392  29.675  41.842 0.0000000000
107008  44.914  21.125  41.289 0.0000000000
132561  44.417  21.664  41.450 0.0000000000
107009  44.203  21.139  41.560 0.0000000000
110488  49.502  26.978  50.309 0.0000000000
110465  49.416  26.199  51.900 0.0000000000
110478  49.020  26.250  50.995 0.0000000000
111120  48.593  27.710  48.126 0.0000000000
111748  48.848  28.401  47.606 0.0000000000
156253  48.780  27.432  48.698 0.0000000000
111119  49.393  27.918  48.881 0.0000000000
98756  55.205  10.623  42.368 0.0000000000
98773  54.700  10.503  41.708 0.0000000000
98772  55.604  10.578  41.550 0.0000000000
100475  58.809  12.163  37.029 0.0000000000
108477  55.277  23.121  43.864 0.0000000000
134291  55.338  22.493  42.249 0.0000000000
106253  57.542  20.849  44.389 0.0000000000
106276  57.723  20.696  43.549 0.0000000000
106296  56.713  20.266  42.987 0.0000000000
105624  56.816  20.268  42.118 0.0000000000
146892  51.731  23.193  47.649 0.0000000000
104291  50.271  17.389  42.861 0.0000000000
104972  50.978  18.691  42.719 0.0000000000
104299  50.879  17.733  42.622 0.0000000000
104298  51.409  17.210  42.151 0.0000000000
131753  50.522  16.255  42.533 0.0000000000
102011  50.518  13.724  42.655 0.0000000000
102012  49.880  14.529  43.039 0.0000000000
100369  54.008  12.617  47.363 0.0000000000
116087  49.523  35.327  40.662 0.0000000000
115448  49.813  35.029  40.178 0.0000000000
116086  50.412  35.515  40.526 0.0000000000
116085  51.557  36.013  40.331 0.0000000000
116663  51.121  36.207  40.931 0.0000000000
116621  49.179  36.669  44.202 0.0000000000
116614  49.103  38.183  44.746 0.0000000000
116033  50.256  36.678  45.052 0.0000000000
141940  52.499  34.469  46.150 0.0000000000
115388  52.460  35.434  46.093 0.0000000000
141960  52.456  34.190  44.839 0.0000000000
141580  52.264  34.323  43.486 0.0000000000
114834  52.469  33.172  44.445 0.0000000000
147701  52.773  32.499  43.734 0.0000000000
114225  52.541  32.440  44.629 0.0000000000
109200  55.638  24.178  45.271 0.0000000000
109900  55.410  25.312  45.383 0.0000000000
108471  54.931  23.845  44.341 0.0000000000
151563  55.465  21.394  37.144 0.0000000000
107037  54.364  21.662  37.165 0.0000000000
106332  53.725  20.909  36.770 0.0000000000
140969  48.313  16.044  38.316 0.0000000000
102044  47.808  14.782  38.335 0.0000000000
99638  52.830  11.615  37.626 0.0000000000
140308  51.968  11.429  38.026 0.0000000000
99651  52.118  12.052  37.178 0.0000000000
107016  46.372  21.253  40.519 0.0000000000
155885  46.975  21.684  40.223 0.0000000000
107024  48.650  21.326  39.415 0.0000000000
107015  47.201  20.860  40.278 0.0000000000
106318  48.089  20.448  39.774 0.0000000000
106317  48.966  20.418  39.192 0.0000000000
110545  51.758  26.166  44.113 0.0000000000
111167  51.581  27.173  43.909 0.0000000000
110546  50.926  26.305  43.643 0.0000000000
109936  49.750  25.235  41.085 0.0000000000
109920  49.822  25.574  41.733 0.0000000000
108535  48.227  23.573  39.591 0.0000000000
108520  47.352  23.762  39.892 0.0000000000
139789  47.448  23.081  39.722 0.0000000000
107741  46.347  22.246  40.389 0.0000000000
142984  58.231  12.100  43.182 0.0000000000
99561  58.034  11.744  42.540 0.0000000000
99560  59.031  12.385  42.819 0.0000000000
140774  61.325  13.119  41.543 0.0000000000
100446  60.878  13.178  40.740 0.0000000000
100445  61.107  12.949  40.292 0.0000000000
100453  61.149  12.614  39.620 0.0000000000
100444  61.349  12.430  39.683 0.0000000000
114900  53.355  33.959  35.419 0.0000000000
156019  53.691  33.154  34.356 0.0000000000
109196  57.546  23.460  46.664 0.0000000000
109192  57.395  23.540  47.441 0.0000000000
107628  57.124  22.762  48.792 0.0000000000
107646  57.707  22.488  48.030 0.0000000000
106936  57.462  22.074  47.654 0.0000000000
106942  56.947  21.835  46.870 0.0000000000
107663  56.424  21.856  47.697 0.0000000000
106961  49.224  21.576  45.262 0.0000000000
104277  48.344  17.363  44.160 0.0000000000
104962  48.860  18.649  43.890 0.0000000000
104293  49.023  17.373  43.686 0.0000000000
104961  49.457  18.242  43.486 0.0000000000
150488  48.777  15.702  43.931 0.0000000000
102837  48.789  15.087  44.396 0.0000000000
150894  50.266  13.614  46.517 0.0000000000
135043  51.998  13.531  47.686 0.0000000000
147290  50.817  32.324  47.389 0.0000000000
114202  51.410  33.425  47.657 0.0000000000
114190  51.764  32.852  48.448 0.0000000000
112358  51.816  29.769  48.000 0.0000000000
112964  52.335  31.634  49.149 0.0000000000
113575  52.052  31.033  47.663 0.0000000000
113574  52.352  32.085  47.878 0.0000000000
112367  51.915  30.203  47.332 0.0000000000
112366  52.253  29.433  46.573 0.0000000000
111760  52.563  28.550  46.737 0.0000000000
141735  54.189  25.448  47.628 0.0000000000
110505  54.477  25.998  46.798 0.0000000000
109875  55.772  24.768  47.005 0.0000000000
140651  56.101  24.742  46.324 0.0000000000
105008  55.200  18.901  38.167 0.0000000000
105010  54.105  18.609  37.162 0.0000000000
104353  54.536  18.343  37.914 0.0000000000
103621  52.122  15.708  39.161 0.0000000000
103631  52.446  16.353  38.779 0.0000000000
103622  51.026  15.788  39.253 0.0000000000
102888  50.007  15.888  39.107 0.0000000000
103614  41.230  16.540  40.244 0.0000000000
105644  45.900  19.783  41.000 0.0000000000
105634  45.281  19.241  41.284 0.0000000000
104992  45.361  18.529  40.960 0.0000000000
104335  44.367  17.242  39.769 0.0000000000
104336  43.467  17.196  39.667 0.0000000000
104337  42.780  17.064  39.637 0.0000000000
103624  43.151  16.645  39.168 0.0000000000
103641  42.747  16.007  38.713 0.0000000000
102892  43.791  15.804  37.968 0.0000000000
102900  43.890  15.460  37.156 0.0000000000
145692  55.418  32.258  40.582 0.0000000000
113638  56.084  30.949  40.140 0.0000000000
113634  54.436  30.828  40.255 0.0000000000
113639  55.330  30.922  39.816 0.0000000000
113640  53.345  31.342  39.493 0.0000000000
113657  51.952  31.310  38.882 0.0000000000
151447  51.281  27.400  51.262 0.0000000000
110474  52.375  26.051  51.738 0.0000000000
110462  51.719  26.392  52.303 0.0000000000
109127  51.044  25.099  52.959 0.0000000000
108428  51.165  23.473  49.833 0.0000000000
108444  48.931  22.903  49.355 0.0000000000
107654  48.392  22.876  47.538 0.0000000000
117246  43.445  38.083  42.677 0.0000000000
117234  43.225  38.209  43.205 0.0000000000
116042  46.439  36.575  43.377 0.0000000000
116041  47.683  35.423  43.177 0.0000000000
116040  48.188  36.162  43.559 0.0000000000
112990  49.412  30.816  45.752 0.0000000000
113596  49.232  31.920  44.643 0.0000000000
114227  49.460  32.831  44.387 0.0000000000
113583  49.663  31.615  45.437 0.0000000000
113582  50.228  32.262  46.093 0.0000000000
113576  50.035  31.465  46.453 0.0000000000
111113  50.957  28.317  50.401 0.0000000000
111740  50.930  29.458  49.566 0.0000000000
111102  51.100  27.652  51.045 0.0000000000
111101  51.407  27.541  50.715 0.0000000000
99582  51.894  11.950  41.617 0.0000000000
143291  54.574  10.544  40.244 0.0000000000
148551  52.930  10.621  40.565 0.0000000000
98802  54.191  10.682  39.604 0.0000000000
98816  53.908  10.921  38.841 0.0000000000
98815  54.771  10.973  38.991 0.0000000000
99592  58.169  11.122  40.231 0.0000000000
98786  56.673  10.697  40.585 0.0000000000
99603  57.816  11.064  39.377 0.0000000000
100476  57.721  11.918  37.029 0.0000000000
99633  57.134  11.571  37.757 0.0000000000
100477  56.802  11.848  37.162 0.0000000000
99635  55.274  11.500  37.533 0.0000000000
99647  56.037  11.751  36.781 0.0000000000
100493  54.854  12.193  36.015 0.0000000000
130755  56.356  12.125  35.906 0.0000000000
108508  52.580  23.582  41.153 0.0000000000
109248  52.854  23.733  39.790 0.0000000000
148419  55.704  22.828  40.236 0.0000000000
108517  54.743  23.404  39.584 0.0000000000
108516  55.679  23.397  39.255 0.0000000000
136594  56.126  23.325  38.566 0.0000000000
107749  57.202  22.661  38.828 0.0000000000
107684  58.210  22.603  44.737 0.0000000000
107717  58.224  22.171  43.130 0.0000000000
107698  58.602  22.030  43.739 0.0000000000
142873  58.492  20.905  40.654 0.0000000000
107007  58.590  21.492  40.921 0.0000000000
107014  58.457  21.246  39.735 0.0000000000
150325  58.283  21.405  38.735 0.0000000000
106315  58.152  20.640  38.906 0.0000000000
105652  56.876  19.718  38.276 0.0000000000
105639  57.354  19.896  39.136 0.0000000000
105642  55.520  18.996  40.782 0.0000000000
104988  55.856  18.769  39.742 0.0000000000
104989  55.138  18.406  40.213 0.0000000000
104319  54.534  17.899  40.133 0.0000000000
108410  54.031  23.582  51.788 0.0000000000
108409  54.510  23.752  51.176 0.0000000000
108425  54.359  23.419  50.732 0.0000000000
133055  53.379  22.606  47.178 0.0000000000
107649  54.147  22.601  47.679 0.0000000000
107664  54.053  22.258  46.859 0.0000000000
106943  54.994  21.958  46.630 0.0000000000
106959  50.977  21.678  44.899 0.0000000000
147196  51.571  22.137  45.363 0.0000000000
138220  51.873  21.545  44.814 0.0000000000
106280  52.672  20.322  43.596 0.0000000000
106279  53.785  20.331  43.571 0.0000000000
137803  54.122  20.747  44.418 0.0000000000
105609  53.945  19.689  42.690 0.0000000000
104310  52.258  17.445  41.630 0.0000000000
104308  53.123  18.052  41.389 0.0000000000
103604  52.647  16.474  40.933 0.0000000000
152816  52.181  15.966  41.142 0.0000000000
135808  51.711  14.778  41.604 0.0000000000
100412  51.441  12.167  43.063 0.0000000000
99551  52.575  11.559  43.165 0.0000000000
99550  53.332  11.396  43.532 0.0000000000
100395  50.636  12.528  45.289 0.0000000000
100404  50.651  12.498  44.302 0.0000000000
99529  52.074  11.621  45.063 0.0000000000
99526  54.591  11.693  45.615 0.0000000000
99527  53.739  11.489  45.404 0.0000000000
99538  54.509  11.357  44.772 0.0000000000
129459  55.112  11.148  44.053 0.0000000000
99537  55.501  11.519  44.698 0.0000000000
131063  56.490  11.776  44.699 0.0000000000
130146  50.044  34.300  38.156 0.0000000000
149108  49.170  34.100  36.993 0.0000000000
115531  50.416  34.004  36.660 0.0000000000
141658  51.737  34.566  37.800 0.0000000000
116106  53.284  36.281  39.455 0.0000000000
129608  53.016  34.937  38.114 0.0000000000
116121  53.826  36.152  38.742 0.0000000000
116120  54.998  36.939  38.707 0.0000000000
116667  54.728  37.134  39.466 0.0000000000
115383  51.619  35.103  47.220 0.0000000000
116032  51.233  36.731  46.008 0.0000000000
116027  51.968  36.873  47.048 0.0000000000
133753  52.242  36.946  44.827 0.0000000000
116611  52.046  37.916  45.318 0.0000000000
116620  51.916  38.617  44.141 0.0000000000
117212  52.455  38.668  42.991 0.0000000000
117238  52.876  38.618  41.849 0.0000000000
116635  52.671  37.608  42.663 0.0000000000
115413  52.398  34.786  42.289 0.0000000000
116065  53.197  36.220  41.558 0.0000000000
116083  54.288  35.704  40.160 0.0000000000
115447  53.608  34.550  40.591 0.0000000000
114879  54.272  33.429  40.522 0.0000000000
114872  53.380  33.639  41.179 0.0000000000
114241  53.676  31.872  43.223 0.0000000000
146489  54.074  32.210  42.539 0.0000000000
113609  54.748  31.044  43.187 0.0000000000
113619  55.563  30.407  42.322 0.0000000000
113015  55.564  30.189  43.169 0.0000000000
111776  53.309  28.894  45.900 0.0000000000
112382  54.397  29.340  45.265 0.0000000000
111775  54.585  28.439  45.481 0.0000000000
110541  55.218  26.999  44.631 0.0000000000
111784  55.456  28.218  44.162 0.0000000000
111161  55.327  27.722  44.340 0.0000000000
111165  55.365  28.136  43.907 0.0000000000
111162  55.120  27.469  44.222 0.0000000000
111163  54.188  27.116  44.188 0.0000000000
109902  53.879  25.659  44.551 0.0000000000
108478  53.127  23.249  43.065 0.0000000000
131807  52.947  23.988  43.649 0.0000000000
156603  52.846  23.355  41.857 0.0000000000
108541  53.487  23.601  38.775 0.0000000000
108543  51.706  23.436  38.794 0.0000000000
107764  52.331  22.969  38.327 0.0000000000
106335  51.168  20.491  37.587 0.0000000000
107031  50.841  21.328  38.213 0.0000000000
106325  50.545  20.336  38.245 0.0000000000
105655  49.203  19.435  38.608 0.0000000000
105654  50.230  19.421  38.109 0.0000000000
105012  52.153  18.863  37.207 0.0000000000
105018  52.057  19.415  36.830 0.0000000000
104357  50.583  18.309  37.659 0.0000000000
156105  48.633  17.756  37.846 0.0000000000
104347  47.291  17.283  37.994 0.0000000000
104348  46.492  17.175  38.383 0.0000000000
103636  46.845  16.605  37.779 0.0000000000
102898  45.833  15.523  37.140 0.0000000000
102051  45.398  15.112  36.571 0.0000000000
101247  50.932  13.129  40.401 0.0000000000
100466  49.022  12.869  38.318 0.0000000000
100512  51.727  12.934  35.441 0.0000000000
145892  51.185  12.581  36.145 0.0000000000
100513  50.795  12.806  35.608 0.0000000000
107753  47.911  22.612  39.558 0.0000000000
107752  48.734  22.892  39.351 0.0000000000
107751  49.243  22.198  39.117 0.0000000000
109225  51.463  24.424  42.060 0.0000000000
109918  50.861  25.009  42.309 0.0000000000
135476  50.486  25.152  41.329 0.0000000000
109949  50.473  24.849  40.654 0.0000000000
109253  48.702  24.904  40.154 0.0000000000
109252  49.563  24.692  40.121 0.0000000000
100401  60.050  13.405  43.926 0.0000000000
100426  59.852  13.063  42.811 0.0000000000
101232  60.914  13.603  42.968 0.0000000000
100423  61.344  13.176  42.460 0.0000000000
99559  61.430  12.213  42.139 0.0000000000
109876  55.216  24.917  47.909 0.0000000000
109185  56.363  24.283  48.350 0.0000000000
109174  55.641  24.300  49.497 0.0000000000
108439  56.496  23.050  49.485 0.0000000000
107617  56.061  23.036  49.935 0.0000000000
145329  47.621  19.573  44.542 0.0000000000
146164  48.532  19.782  44.244 0.0000000000
102851  48.388  15.869  44.533 0.0000000000
146636  51.340  29.615  49.421 0.0000000000
145847  51.627  28.238  48.405 0.0000000000
111746  51.989  28.319  47.601 0.0000000000
149708  52.709  27.791  47.090 0.0000000000
104330  54.553  17.125  38.936 0.0000000000
104340  54.353  17.375  38.332 0.0000000000
152943  53.393  15.725  39.248 0.0000000000
102887  52.969  15.729  39.019 0.0000000000
102878  51.906  14.893  39.474 0.0000000000
104323  45.402  17.876  40.536 0.0000000000
103638  45.133  16.589  38.234 0.0000000000
113628  55.647  30.834  41.534 0.0000000000
113632  55.899  30.869  40.750 0.0000000000
113033  55.190  30.672  40.800 0.0000000000
113034  53.535  30.598  40.767 0.0000000000
107731  44.254  22.334  41.464 0.0000000000
107010  43.728  21.654  41.720 0.0000000000
106298  43.216  20.490  42.344 0.0000000000
147335  42.864  19.855  42.459 0.0000000000
111103  50.515  27.476  50.804 0.0000000000
110463  50.857  26.766  52.434 0.0000000000
110464  50.128  26.556  52.302 0.0000000000
112384  48.287  29.622  45.695 0.0000000000
113006  48.193  30.716  44.586 0.0000000000
112979  49.085  30.056  46.105 0.0000000000
112368  49.406  29.876  47.018 0.0000000000
112360  49.854  29.681  47.904 0.0000000000
111747  49.531  28.965  48.115 0.0000000000
111114  50.063  27.844  49.828 0.0000000000
99580  52.981  11.004  41.990 0.0000000000
98758  53.816  10.605  41.858 0.0000000000
133467  54.186  10.479  41.040 0.0000000000
143182  55.360  10.594  40.069 0.0000000000
139334  58.204  11.341  38.943 0.0000000000
99617  58.627  11.638  38.542 0.0000000000
108497  53.392  22.880  42.141 0.0000000000
107720  54.132  22.629  41.700 0.0000000000
107728  56.444  22.373  41.398 0.0000000000
106966  58.725  21.782  44.377 0.0000000000
106985  58.608  21.685  43.520 0.0000000000
106275  58.390  21.156  43.188 0.0000000000
106294  58.445  20.978  42.473 0.0000000000
106304  58.126  20.487  40.926 0.0000000000
105640  57.205  20.003  40.255 0.0000000000
131568  57.052  20.053  41.233 0.0000000000
105633  56.070  19.608  41.476 0.0000000000
130902  55.129  19.366  41.643 0.0000000000
134365  52.599  23.440  49.432 0.0000000000
108440  53.497  23.242  49.528 0.0000000000
108453  52.563  23.295  48.444 0.0000000000
107650  52.622  22.935  47.437 0.0000000000
107665  52.717  22.518  46.604 0.0000000000
106282  50.681  20.295  43.612 0.0000000000
106258  51.278  20.632  43.978 0.0000000000
105611  51.608  19.413  42.821 0.0000000000
105626  52.357  19.231  42.528 0.0000000000
140315  51.641  18.038  42.320 0.0000000000
102010  51.707  13.786  42.063 0.0000000000
136751  50.660  14.630  42.310 0.0000000000
100413  50.782  12.543  43.386 0.0000000000
100382  52.688  12.132  46.692 0.0000000000
100393  52.311  11.734  45.899 0.0000000000
100380  54.813  12.154  46.317 0.0000000000
115472  48.702  34.444  39.536 0.0000000000
115494  50.284  34.595  39.041 0.0000000000
130435  51.012  34.532  38.449 0.0000000000
140792  51.149  34.936  39.162 0.0000000000
116107  51.869  35.668  39.601 0.0000000000
116084  52.928  36.669  40.196 0.0000000000
117214  47.164  38.557  44.299 0.0000000000
117205  47.116  39.266  44.173 0.0000000000
117203  48.139  38.825  44.605 0.0000000000
143583  48.945  39.043  45.020 0.0000000000
115381  52.395  35.035  47.122 0.0000000000
116026  52.130  36.567  47.065 0.0000000000
116025  52.332  36.531  46.595 0.0000000000
116031  52.398  36.193  45.432 0.0000000000
137687  52.306  35.992  44.287 0.0000000000
116039  52.318  36.564  43.516 0.0000000000
115401  52.266  35.423  43.368 0.0000000000
114854  52.492  33.499  42.599 0.0000000000
113610  53.112  32.015  44.013 0.0000000000
145473  53.830  31.532  43.965 0.0000000000
111153  55.251  27.757  45.272 0.0000000000
110535  55.256  26.568  45.434 0.0000000000
140381  55.228  26.408  45.171 0.0000000000
109901  54.825  25.882  44.879 0.0000000000
148124  54.096  24.996  44.554 0.0000000000
133252  54.251  23.463  43.649 0.0000000000
107777  53.855  22.610  37.626 0.0000000000
107778  52.870  22.389  37.780 0.0000000000
107038  53.330  21.722  37.189 0.0000000000
135004  52.149  21.003  36.924 0.0000000000
129442  51.228  19.777  37.088 0.0000000000
104358  49.717  18.174  37.768 0.0000000000
103633  49.563  16.773  38.525 0.0000000000
103634  48.588  16.980  38.018 0.0000000000
103635  47.657  16.634  37.932 0.0000000000
102891  47.161  15.733  37.688 0.0000000000
99624  51.794  11.155  38.851 0.0000000000
99608  51.044  11.535  39.385 0.0000000000
149517  51.298  11.434  38.517 0.0000000000
99640  50.513  11.886  37.730 0.0000000000
106313  45.703  20.718  40.876 0.0000000000
107025  47.732  21.631  39.745 0.0000000000
105643  46.637  19.417  40.631 0.0000000000
104990  47.333  18.907  40.093 0.0000000000
144515  47.964  18.797  39.441 0.0000000000
111794  53.075  28.205  43.455 0.0000000000
111799  52.706  28.716  43.090 0.0000000000
111796  50.979  27.936  43.561 0.0000000000
110551  50.290  26.404  43.025 0.0000000000
109266  48.030  24.461  39.866 0.0000000000
108521  46.548  23.770  40.256 0.0000000000
107742  45.495  22.534  40.710 0.0000000000
112385  47.484  29.231  45.349 0.0000000000
112370  47.939  28.865  46.079 0.0000000000
111126  48.028  27.952  47.329 0.0000000000
99563  56.461  11.165  42.962 0.0000000000
98755  56.094  10.901  42.222 0.0000000000
99562  57.072  11.202  42.262 0.0000000000
99579  57.821  11.317  41.767 0.0000000000
99591  59.051  11.819  40.330 0.0000000000
100437  59.754  12.823  42.014 0.0000000000
155406  60.200  12.784  41.234 0.0000000000
99601  59.849  12.364  39.625 0.0000000000
100464  60.751  12.424  39.048 0.0000000000
152289  60.937  12.172  38.364 0.0000000000
107685  56.814  22.801  44.292 0.0000000000
108466  56.885  23.740  45.902 0.0000000000
107676  58.589  22.498  45.541 0.0000000000
108451  57.663  23.118  48.238 0.0000000000
107661  58.473  22.616  46.391 0.0000000000
106940  58.680  22.080  46.144 0.0000000000
106954  58.334  21.638  45.736 0.0000000000
106247  57.339  21.089  45.248 0.0000000000
106248  55.985  21.134  45.498 0.0000000000
107652  50.183  23.026  47.156 0.0000000000
107651  51.016  22.916  46.957 0.0000000000
107667  50.284  22.678  46.298 0.0000000000
106960  50.089  21.649  45.082 0.0000000000
106971  50.418  21.039  44.622 0.0000000000
106260  49.023  20.411  44.419 0.0000000000
105593  49.299  19.974  43.829 0.0000000000
147995  49.973  19.900  43.352 0.0000000000
132230  50.092  19.025  43.059 0.0000000000
104292  49.707  17.432  43.252 0.0000000000
103597  49.980  16.655  43.023 0.0000000000
102850  49.291  15.211  43.566 0.0000000000
101194  50.024  13.192  45.790 0.0000000000
100383  51.792  12.428  46.500 0.0000000000
100371  52.276  12.867  47.233 0.0000000000
100370  53.120  12.619  47.396 0.0000000000
101184  53.595  13.204  47.969 0.0000000000
116648  49.877  36.697  41.620 0.0000000000
115394  50.485  34.628  45.289 0.0000000000
145568  50.433  35.581  45.107 0.0000000000
143397  50.922  34.701  46.377 0.0000000000
114808  51.805  34.368  47.724 0.0000000000
113563  52.122  31.937  49.513 0.0000000000
114177  52.115  32.897  48.588 0.0000000000
114807  52.062  34.252  47.869 0.0000000000
114806  52.429  33.531  47.547 0.0000000000
114201  52.501  32.752  47.334 0.0000000000
113581  52.464  32.017  46.483 0.0000000000
143331  52.519  31.136  45.458 0.0000000000
112976  52.277  30.369  46.187 0.0000000000
111142  54.348  27.623  45.938 0.0000000000
151337  53.527  27.305  46.705 0.0000000000
110528  54.378  26.878  46.382 0.0000000000
110527  55.215  26.528  45.945 0.0000000000
109892  55.658  25.695  46.079 0.0000000000
132190  56.137  24.696  45.940 0.0000000000
105667  54.042  20.063  36.612 0.0000000000
105660  54.187  19.246  36.779 0.0000000000
105011  53.337  18.620  37.237 0.0000000000
104356  51.804  18.211  37.801 0.0000000000
104341  53.786  17.065  38.269 0.0000000000
104342  52.700  17.256  38.399 0.0000000000
104343  51.489  17.446  38.453 0.0000000000
149842  50.406  16.526  38.930 0.0000000000
102880  49.508  15.066  39.225 0.0000000000
101256  48.475  14.193  39.041 0.0000000000
100494  53.325  12.346  36.093 0.0000000000
100495  52.630  12.353  36.432 0.0000000000
100511  52.672  12.753  35.664 0.0000000000
102884  41.013  15.940  39.782 0.0000000000
154184  44.042  18.418  41.628 0.0000000000
104993  44.834  18.089  40.949 0.0000000000
104325  42.943  17.377  40.227 0.0000000000
102882  41.931  15.796  38.887 0.0000000000
103640  43.515  16.286  38.576 0.0000000000
102052  43.219  14.814  36.998 0.0000000000
131338  55.551  31.351  38.550 0.0000000000
112408  52.352  29.260  42.604 0.0000000000
110486  52.424  26.158  50.703 0.0000000000
109848  54.096  24.817  50.989 0.0000000000
109836  53.326  25.261  51.653 0.0000000000
109139  53.539  24.446  52.357 0.0000000000
108394  53.607  23.841  52.307 0.0000000000
109822  51.030  26.024  52.914 0.0000000000
109141  51.853  24.326  52.591 0.0000000000
108411  53.122  23.452  51.707 0.0000000000
108412  51.869  23.378  51.250 0.0000000000
108454  49.903  23.410  47.979 0.0000000000
107653  49.337  22.952  47.199 0.0000000000
107669  48.616  22.576  46.576 0.0000000000
106962  48.330  21.552  45.370 0.0000000000
117787  45.294  38.622  43.238 0.0000000000
116625  45.051  37.805  43.567 0.0000000000
116624  45.960  37.792  43.732 0.0000000000
117215  46.379  38.756  44.062 0.0000000000
148158  47.512  37.207  43.821 0.0000000000
146561  48.861  35.511  43.638 0.0000000000
113597  48.497  31.488  44.290 0.0000000000
114835  49.297  33.650  43.955 0.0000000000
114825  49.972  33.693  44.635 0.0000000000
114213  50.358  33.045  45.825 0.0000000000
112970  51.065  31.030  48.707 0.0000000000
112971  50.167  30.451  47.745 0.0000000000
112359  50.664  30.275  48.738 0.0000000000
112352  51.288  30.133  49.362 0.0000000000
111726  51.183  28.282  50.298 0.0000000000
110487  51.861  26.967  50.190 0.0000000000
102025  52.201  14.052  40.610 0.0000000000
101246  51.772  13.243  41.179 0.0000000000
99594  51.491  12.035  40.880 0.0000000000
99607  51.481  11.530  40.253 0.0000000000
98775  52.544  10.921  41.157 0.0000000000
98790  52.229  10.925  40.261 0.0000000000
155941  51.745  11.164  39.603 0.0000000000
99606  52.413  10.910  39.246 0.0000000000
99622  53.565  11.319  38.058 0.0000000000
99637  53.562  11.683  37.284 0.0000000000
98771  56.586  10.747  41.438 0.0000000000
98787  55.940  10.493  40.713 0.0000000000
98814  55.471  10.850  39.294 0.0000000000
99618  57.587  11.302  38.526 0.0000000000
99605  56.115  10.941  38.988 0.0000000000
99620  55.550  11.166  38.426 0.0000000000
99636  54.316  11.576  37.383 0.0000000000
99649  54.016  11.940  36.561 0.0000000000
109262  51.904  23.864  39.994 0.0000000000
108531  51.875  23.721  39.369 0.0000000000
108529  53.559  23.653  39.224 0.0000000000
108506  54.355  22.981  40.560 0.0000000000
140198  54.231  23.621  39.172 0.0000000000
107762  54.208  23.362  38.147 0.0000000000
107750  55.152  23.478  38.240 0.0000000000
107761  55.967  23.057  37.899 0.0000000000
107029  56.190  22.159  37.570 0.0000000000
107700  57.216  22.459  43.499 0.0000000000
107718  56.873  22.308  42.612 0.0000000000
141739  58.549  21.672  41.858 0.0000000000
107726  58.402  22.069  41.062 0.0000000000
152690  57.515  22.527  39.608 0.0000000000
107748  58.112  22.085  39.137 0.0000000000
107028  57.219  21.586  37.728 0.0000000000
106330  56.350  20.958  37.484 0.0000000000
106324  56.294  19.960  37.750 0.0000000000
105653  56.118  19.169  38.126 0.0000000000
105002  55.616  18.661  38.790 0.0000000000
130322  56.569  19.474  39.734 0.0000000000
133505  54.490  17.244  39.575 0.0000000000
103612  53.865  16.106  39.897 0.0000000000
102869  53.388  15.804  40.232 0.0000000000
109155  54.618  24.130  51.215 0.0000000000
108424  55.298  23.266  50.395 0.0000000000
107630  55.744  22.811  49.687 0.0000000000
140327  54.909  22.620  48.701 0.0000000000
107648  56.053  22.416  48.684 0.0000000000
132883  55.993  21.514  46.427 0.0000000000
106254  56.168  20.733  44.666 0.0000000000
107666  51.254  22.541  46.122 0.0000000000
107678  52.155  22.413  45.968 0.0000000000
107677  52.969  22.109  45.937 0.0000000000
106257  52.115  20.830  44.244 0.0000000000
106969  52.799  21.408  44.817 0.0000000000
106968  53.833  21.140  45.134 0.0000000000
106255  54.915  20.764  44.989 0.0000000000
106278  55.039  20.514  43.936 0.0000000000
106297  55.557  20.111  43.123 0.0000000000
105625  54.855  19.704  42.477 0.0000000000
104970  53.235  19.087  42.050 0.0000000000
104969  53.798  18.618  41.401 0.0000000000
133065  53.857  18.011  40.692 0.0000000000
140665  53.466  17.394  40.715 0.0000000000
104321  53.439  16.617  40.486 0.0000000000
147305  52.595  15.031  40.449 0.0000000000
102018  52.327  14.528  40.796 0.0000000000
146700  51.872  12.427  42.164 0.0000000000
155005  51.701  12.206  42.587 0.0000000000
99566  52.483  11.497  42.464 0.0000000000
99565  53.124  11.267  42.824 0.0000000000
98748  54.899  10.797  43.223 0.0000000000
101223  49.921  13.742  43.447 0.0000000000
100403  51.382  12.125  43.834 0.0000000000
99541  52.043  11.791  44.208 0.0000000000
99528  52.879  11.504  45.269 0.0000000000
155012  52.640  11.572  44.550 0.0000000000
99540  52.697  11.636  43.865 0.0000000000
99549  54.196  11.181  43.852 0.0000000000
99548  55.793  11.072  43.538 0.0000000000
99547  56.796  11.481  43.849 0.0000000000
99546  57.954  12.128  43.864 0.0000000000
135694  58.891  12.701  44.300 0.0000000000
100402  59.625  13.310  44.510 0.0000000000
115543  53.577  34.383  35.973 0.0000000000
115513  53.644  34.797  37.406 0.0000000000
115528  54.147  34.703  36.679 0.0000000000
115512  54.824  35.337  37.522 0.0000000000
115511  55.124  35.389  37.620 0.0000000000
139227  55.291  35.714  38.502 0.0000000000
117240  49.347  37.581  42.238 0.0000000000
117196  51.525  37.999  45.727 0.0000000000
139856  51.463  38.884  42.797 0.0000000000
117239  50.947  37.884  42.098 0.0000000000
144188  52.308  38.057  41.614 0.0000000000
116646  53.245  38.181  41.428 0.0000000000
116661  53.691  37.631  40.769 0.0000000000
135452  53.392  37.644  41.668 0.0000000000
116644  53.846  37.364  40.826 0.0000000000
134413  54.118  37.265  40.025 0.0000000000
116660  54.477  36.897  40.065 0.0000000000
116082  55.008  36.059  39.588 0.0000000000
115470  55.240  34.808  39.115 0.0000000000
114254  53.573  32.918  42.049 0.0000000000
113629  54.813  31.899  41.829 0.0000000000
142880  55.773  29.907  42.388 0.0000000000
112406  55.502  29.562  42.408 0.0000000000
113005  53.316  30.895  44.746 0.0000000000
111774  55.461  28.306  44.737 0.0000000000
112391  55.249  29.512  44.529 0.0000000000
113004  55.258  30.105  44.116 0.0000000000
112402  55.631  29.404  43.511 0.0000000000
111797  55.593  29.159  42.985 0.0000000000
111793  54.278  28.307  43.408 0.0000000000
141367  53.599  27.645  43.794 0.0000000000
111164  52.758  26.889  44.261 0.0000000000
109905  52.116  25.265  43.876 0.0000000000
109202  53.157  24.703  44.322 0.0000000000
109205  52.380  24.423  43.525 0.0000000000
109206  51.528  24.582  43.043 0.0000000000
109236  51.948  24.091  41.402 0.0000000000
108544  50.857  23.269  38.697 0.0000000000
107032  50.037  21.903  38.584 0.0000000000
107779  52.012  22.203  37.869 0.0000000000
140394  48.562  19.737  39.321 0.0000000000
105648  48.497  19.047  39.053 0.0000000000
104999  47.515  18.288  39.198 0.0000000000
105669  52.547  19.801  36.618 0.0000000000
105670  51.782  19.851  36.798 0.0000000000
105662  50.737  19.186  37.303 0.0000000000
105014  49.936  18.457  37.662 0.0000000000
105004  49.608  18.595  37.924 0.0000000000
105005  48.830  18.532  38.164 0.0000000000
104332  47.018  17.683  38.856 0.0000000000
103645  45.461  16.107  37.555 0.0000000000
103644  46.360  16.057  37.472 0.0000000000
102026  51.783  13.723  40.347 0.0000000000
146125  50.786  13.608  40.115 0.0000000000
100456  50.222  12.276  39.451 0.0000000000
101254  50.063  13.277  39.814 0.0000000000
102036  49.992  14.148  39.724 0.0000000000
101255  49.189  13.728  39.412 0.0000000000
101263  48.097  13.910  38.534 0.0000000000
100478  51.063  12.156  36.954 0.0000000000
100479  50.070  12.134  37.189 0.0000000000
100514  49.924  12.698  35.730 0.0000000000
100498  49.556  12.422  36.529 0.0000000000
100480  49.282  12.462  37.408 0.0000000000
100481  48.578  12.868  37.532 0.0000000000
101264  47.545  14.064  37.721 0.0000000000
102056  46.747  14.090  36.901 0.0000000000
98752  61.153  11.225  41.828 0.0000000000
98768  61.236  11.165  40.896 0.0000000000
98785  60.658  10.355  40.596 0.0000000000
98784  61.296  11.080  40.010 0.0000000000
98753  61.146  11.236  42.834 0.0000000000
98757  54.353  10.703  42.495 0.0000000000
98770  57.443  10.965  40.988 0.0000000000
98789  53.719  10.539  40.384 0.0000000000
98798  60.691  10.334  39.733 0.0000000000
98799  57.170  10.904  40.012 0.0000000000
98800  56.216  10.732  39.804 0.0000000000
98817  53.137  10.958  38.807 0.0000000000
99518  54.020  11.845  46.177 0.0000000000
99545  58.897  12.494  43.613 0.0000000000
99576  61.462  12.131  41.192 0.0000000000
99577  60.812  13.401  41.587 0.0000000000
99578  59.309  12.267  41.181 0.0000000000
99590  60.036  12.578  40.480 0.0000000000
99619  56.549  11.201  38.396 0.0000000000
99631  59.303  12.059  37.870 0.0000000000
100384  50.808  12.825  46.292 0.0000000000
100399  61.268  13.098  43.996 0.0000000000
100411  60.331  13.397  43.236 0.0000000000
100424  61.089  13.556  42.106 0.0000000000
100435  61.302  12.818  40.616 0.0000000000
100436  61.102  13.337  41.120 0.0000000000
100467  48.449  13.299  38.275 0.0000000000
100492  55.571  11.977  36.163 0.0000000000
100509  54.121  12.373  35.667 0.0000000000
101200  50.011  13.045  44.830 0.0000000000
101205  61.060  13.575  43.474 0.0000000000
101209  50.157  13.058  43.874 0.0000000000
101220  61.090  13.557  42.826 0.0000000000
101221  60.719  13.580  43.745 0.0000000000
101990  49.101  14.355  44.756 0.0000000000
102002  49.404  14.428  43.933 0.0000000000
102019  52.125  13.905  41.486 0.0000000000
102033  52.572  14.721  40.143 0.0000000000
102035  51.456  14.174  39.815 0.0000000000
102857  50.885  15.571  42.121 0.0000000000
103605  51.840  16.581  41.570 0.0000000000
103619  54.122  16.508  38.723 0.0000000000
104331  54.217  16.490  39.391 0.0000000000
104354  53.965  17.908  37.697 0.0000000000
104359  49.143  18.180  37.769 0.0000000000
104944  48.240  18.180  44.202 0.0000000000
104981  44.608  18.627  41.439 0.0000000000
105009  54.767  19.077  37.426 0.0000000000
105594  48.895  19.323  43.974 0.0000000000
105612  50.816  19.589  43.122 0.0000000000
105659  54.910  19.762  36.874 0.0000000000
105661  51.272  19.252  36.984 0.0000000000
105663  50.268  18.689  37.599 0.0000000000
105668  53.395  19.581  36.617 0.0000000000
106303  58.592  21.069  41.685 0.0000000000
106316  57.614  20.264  38.342 0.0000000000
106322  57.990  21.003  38.087 0.0000000000
106331  54.759  20.644  36.789 0.0000000000
106333  52.811  21.058  36.699 0.0000000000
106334  51.681  20.477  37.003 0.0000000000
106338  53.114  20.350  36.522 0.0000000000
106953  58.818  21.898  45.265 0.0000000000
106967  58.438  21.439  44.869 0.0000000000
106970  51.234  21.058  44.459 0.0000000000
107022  57.849  21.987  38.258 0.0000000000
107030  51.364  22.015  38.095 0.0000000000
107039  52.444  21.630  37.276 0.0000000000
107647  57.071  22.274  48.527 0.0000000000
107662  58.008  22.382  46.953 0.0000000000
107680  49.735  22.254  45.615 0.0000000000
107681  48.882  22.184  45.787 0.0000000000
107699  58.243  22.429  43.979 0.0000000000
107716  58.507  21.818  42.860 0.0000000000
107739  56.634  22.984  39.437 0.0000000000
107766  50.762  22.392  38.399 0.0000000000
108395  52.611  23.723  52.256 0.0000000000
108423  55.835  23.445  50.104 0.0000000000
108427  52.250  23.452  50.192 0.0000000000
108461  58.052  22.952  47.186 0.0000000000
108498  52.522  23.709  42.097 0.0000000000
108519  52.902  23.609  40.381 0.0000000000
108540  54.281  23.621  38.736 0.0000000000
108542  52.608  23.553  38.821 0.0000000000
109140  52.979  24.337  52.622 0.0000000000
109156  54.211  23.975  52.046 0.0000000000
109164  55.083  23.698  50.635 0.0000000000
109172  56.786  23.815  48.663 0.0000000000
109173  56.424  23.699  49.233 0.0000000000
109184  57.120  23.752  48.228 0.0000000000
109224  52.019  24.069  42.512 0.0000000000
109251  51.062  24.382  40.350 0.0000000000
109814  50.322  25.610  53.162 0.0000000000
109821  52.119  25.222  52.660 0.0000000000
109907  50.629  25.708  42.948 0.0000000000
110461  52.755  25.356  52.370 0.0000000000
110476  50.771  27.292  51.812 0.0000000000
110508  51.851  27.336  47.886 0.0000000000
110536  55.362  27.207  45.209 0.0000000000
110543  53.485  26.285  44.456 0.0000000000
110544  52.565  26.021  44.370 0.0000000000
111125  51.620  27.817  48.918 0.0000000000
111152  55.443  27.737  44.669 0.0000000000
111735  50.675  28.688  49.762 0.0000000000
111739  51.409  28.712  49.515 0.0000000000
111742  49.273  28.312  48.273 0.0000000000
111762  47.578  28.227  46.592 0.0000000000
111792  55.481  28.720  43.606 0.0000000000
111798  54.983  28.901  42.885 0.0000000000
112347  51.438  29.966  49.349 0.0000000000
112353  50.384  29.545  48.808 0.0000000000
112369  48.714  29.345  46.487 0.0000000000
112383  53.051  29.727  45.546 0.0000000000
112392  54.229  30.186  44.857 0.0000000000
112958  51.828  30.751  49.596 0.0000000000
112965  52.081  31.279  49.612 0.0000000000
112969  52.274  30.761  48.980 0.0000000000
113027  55.637  30.671  41.265 0.0000000000
113569  51.431  31.915  48.604 0.0000000000
113641  52.095  31.275  39.624 0.0000000000
114176  52.215  32.471  49.004 0.0000000000
114178  52.192  32.280  49.269 0.0000000000
114214  49.900  32.401  45.136 0.0000000000
114268  55.963  31.284  40.532 0.0000000000
114780  52.187  32.973  48.517 0.0000000000
114794  52.123  33.598  48.186 0.0000000000
114815  50.985  33.964  46.816 0.0000000000
114823  52.478  33.433  45.517 0.0000000000
114824  50.450  33.802  45.547 0.0000000000
114873  52.734  33.846  41.825 0.0000000000
114909  53.734  33.564  34.775 0.0000000000
115382  52.088  35.098  47.469 0.0000000000
115395  49.789  34.534  44.347 0.0000000000
115471  49.627  34.678  39.639 0.0000000000
115491  55.045  36.175  38.356 0.0000000000
115516  49.839  34.133  37.244 0.0000000000
115529  53.062  34.410  36.474 0.0000000000
115542  54.434  34.549  36.095 0.0000000000
116020  52.219  35.977  47.146 0.0000000000
116067  49.182  35.875  41.174 0.0000000000
116104  55.327  36.629  39.114 0.0000000000
116105  54.639  37.156  39.166 0.0000000000
116605  52.074  37.198  46.607 0.0000000000
116606  51.783  37.299  46.391 0.0000000000
116638  41.860  37.449  43.024 0.0000000000
116647  51.125  36.893  41.404 0.0000000000
116659  55.096  36.968  39.477 0.0000000000
116672  55.184  37.180  39.057 0.0000000000
117201  51.417  39.028  44.883 0.0000000000
117204  47.439  39.185  44.355 0.0000000000
117213  51.827  39.105  43.748 0.0000000000
117216  45.633  38.527  43.571 0.0000000000
117217  44.554  38.295  43.373 0.0000000000
117225  53.084  38.490  41.822 0.0000000000
117226  52.335  38.729  42.610 0.0000000000
117233  43.850  38.436  43.117 0.0000000000
117785  47.660  39.444  44.083 0.0000000000
117789  43.518  38.209  43.282 0.0000000000
117790  43.103  38.016  43.405 0.0000000000
130636  55.929  31.046  39.367 0.0000000000
131896  58.365  11.583  41.060 0.0000000000
132478  49.898  20.510  43.970 0.0000000000
133000  60.313  12.147  38.095 0.0000000000
133247  50.116  21.021  38.559 0.0000000000
133277  46.011  18.322  40.510 0.0000000000
134783  52.464  32.055  45.351 0.0000000000
136651  52.242  34.360  47.651 0.0000000000
137596  50.693  16.962  42.558 0.0000000000
138109  52.694  15.596  40.592 0.0000000000
139408  53.190  21.677  45.426 0.0000000000
141399  52.532  32.948  46.373 0.0000000000
141400  48.791  17.951  43.877 0.0000000000
141539  61.501  11.773  39.546 0.0000000000
141819  52.033  11.886  42.253 0.0000000000
141932  47.268  36.307  43.423 0.0000000000
143802  53.373  22.217  46.483 0.0000000000
145387  57.967  20.560  41.875 0.0000000000
146173  59.614  12.960  43.419 0.0000000000
146340  55.280  28.595  43.456 0.0000000000
146638  54.262  33.192  34.331 0.0000000000
149449  55.165  11.642  45.235 0.0000000000
149880  53.627  18.978  36.798 0.0000000000
150388  52.254  19.820  43.034 0.0000000000
150415  51.509  30.723  49.401 0.0000000000
150783  51.639  29.145  48.564 0.0000000000
151175  46.841  39.093  44.248 0.0000000000
151349  50.041  28.292  49.342 0.0000000000
151612  51.146  18.769  37.225 0.0000000000
152393  49.478  23.134  39.103 0.0000000000
152521  53.919  34.294  35.727 0.0000000000
152619  48.134  20.374  44.571 0.0000000000
153881  49.301  16.802  43.463 0.0000000000
154642  52.767  27.005  47.391 0.0000000000
154673  50.772  13.419  46.791 0.0000000000
154703  52.621  24.926  44.113 0.0000000000
154748  53.636  31.269  44.354 0.0000000000
154941  49.989  12.820  39.698 0.0000000000
155544  54.686  25.436  47.176 0.0000000000
155630  49.809  22.848  46.740 0.0000000000
156509  54.737  36.487  39.841 0.0000000000
157095  53.819  28.646  43.045 0.0000000000
