#!ascii label  , from subject sub-v1s7x0051323_ses-1 vox2ras=TkReg
1510
43885  10.037  -44.667  78.718 0.0000000000
67058  46.273  -22.677  54.295 0.0000000000
51369  30.231  -38.179  67.586 0.0000000000
50276  40.186  -38.632  71.356 0.0000000000
50324  21.106  -38.842  69.083 0.0000000000
156340  18.595  -41.446  77.456 0.0000000000
150656  56.892  -14.961  49.486 0.0000000000
73030  55.327  -16.267  58.382 0.0000000000
150797  41.026  -28.932  63.675 0.0000000000
78169  60.883  -11.864  42.786 0.0000000000
48055  29.316  -41.098  72.686 0.0000000000
46889  13.654  -41.927  77.945 0.0000000000
73080  57.673  -16.919  54.152 0.0000000000
71060  52.450  -18.757  51.762 0.0000000000
138629  45.607  -22.244  59.409 0.0000000000
68949  50.193  -20.510  61.009 0.0000000000
65999  41.696  -23.593  58.324 0.0000000000
52396  37.415  -36.554  65.494 0.0000000000
51350  34.726  -38.655  69.871 0.0000000000
49143  24.954  -39.731  73.346 0.0000000000
49066  22.908  -40.274  77.494 0.0000000000
50246  20.097  -39.698  73.053 0.0000000000
139457  14.818  -40.948  73.884 0.0000000000
50338  26.148  -39.384  67.689 0.0000000000
77201  61.750  -12.099  49.541 0.0000000000
77160  61.546  -12.463  54.337 0.0000000000
135642  51.468  -19.455  57.016 0.0000000000
153503  40.800  -25.093  65.036 0.0000000000
54767  41.702  -34.396  67.707 0.0000000000
75266  59.103  -14.736  45.289 0.0000000000
150163  63.475  -15.233  45.310 0.0000000000
134817  65.364  -15.667  41.326 0.0000000000
143433  28.791  -40.531  75.327 0.0000000000
45874  11.818  -43.164  78.483 0.0000000000
46860  13.378  -42.424  80.962 0.0000000000
44843  11.788  -43.932  81.363 0.0000000000
72146  52.296  -17.349  50.553 0.0000000000
67968  45.265  -22.173  61.850 0.0000000000
68935  46.897  -21.304  62.693 0.0000000000
43830  5.929  -44.765  84.085 0.0000000000
151615  40.919  -22.841  56.190 0.0000000000
53585  30.494  -36.230  66.336 0.0000000000
52363  32.817  -37.263  67.077 0.0000000000
51354  32.163  -37.896  68.885 0.0000000000
148795  22.686  -39.187  71.065 0.0000000000
50243  22.380  -39.413  73.336 0.0000000000
50286  20.306  -39.263  71.190 0.0000000000
144708  23.922  -38.887  68.825 0.0000000000
141247  25.398  -39.727  70.814 0.0000000000
47973  20.474  -40.970  77.465 0.0000000000
76271  58.764  -13.801  49.306 0.0000000000
134699  61.855  -11.737  52.041 0.0000000000
75177  59.367  -14.037  51.696 0.0000000000
73063  56.543  -16.837  56.396 0.0000000000
153837  59.241  -15.172  56.604 0.0000000000
68089  47.103  -21.669  52.894 0.0000000000
69057  49.551  -20.658  53.524 0.0000000000
68049  48.850  -21.578  55.405 0.0000000000
62047  39.142  -27.105  60.853 0.0000000000
153803  39.688  -25.754  61.803 0.0000000000
63075  40.504  -26.493  64.569 0.0000000000
51361  38.541  -37.906  68.370 0.0000000000
53581  39.649  -35.547  66.516 0.0000000000
136202  41.117  -35.870  69.086 0.0000000000
73195  55.781  -16.186  46.667 0.0000000000
76307  56.766  -13.809  45.236 0.0000000000
74199  58.002  -16.192  47.598 0.0000000000
156711  61.054  -15.262  47.761 0.0000000000
155702  64.442  -13.695  40.291 0.0000000000
75296  63.142  -14.852  41.944 0.0000000000
74252  65.001  -15.733  43.115 0.0000000000
75284  62.107  -15.331  43.159 0.0000000000
140913  29.941  -41.528  69.672 0.0000000000
48080  32.274  -40.768  70.106 0.0000000000
46945  31.422  -42.398  73.220 0.0000000000
130250  16.297  -41.501  77.797 0.0000000000
47923  18.481  -41.423  80.329 0.0000000000
47925  15.692  -41.504  80.508 0.0000000000
73144  54.431  -16.087  49.170 0.0000000000
74139  56.913  -15.573  51.235 0.0000000000
73116  54.644  -16.606  51.030 0.0000000000
129650  55.144  -18.055  53.010 0.0000000000
72086  54.472  -17.910  55.693 0.0000000000
67006  46.094  -22.749  56.812 0.0000000000
152149  48.411  -21.841  57.769 0.0000000000
68980  48.157  -21.442  60.142 0.0000000000
59072  40.215  -31.135  62.710 0.0000000000
52291  41.925  -36.154  72.613 0.0000000000
42855  8.019  -45.826  79.319 0.0000000000
130648  10.195  -46.369  82.130 0.0000000000
42834  8.222  -45.819  82.798 0.0000000000
150321  43.929  -22.911  53.910 0.0000000000
67029  43.325  -22.691  56.477 0.0000000000
132685  43.109  -22.736  58.705 0.0000000000
66959  43.090  -23.470  61.609 0.0000000000
52399  34.290  -37.166  65.131 0.0000000000
50353  36.043  -38.607  67.808 0.0000000000
50298  38.026  -39.697  70.070 0.0000000000
50281  34.142  -39.177  71.334 0.0000000000
51310  36.379  -38.873  72.360 0.0000000000
49099  26.409  -39.848  75.556 0.0000000000
49063  25.408  -40.142  77.803 0.0000000000
149804  23.541  -39.564  75.120 0.0000000000
49104  21.529  -39.890  75.399 0.0000000000
49107  19.084  -40.584  74.862 0.0000000000
49180  17.685  -39.892  71.002 0.0000000000
48044  17.155  -40.601  73.596 0.0000000000
48013  16.397  -41.016  75.476 0.0000000000
131468  13.941  -41.613  75.686 0.0000000000
46921  12.119  -42.708  76.180 0.0000000000
44910  9.729  -43.778  75.853 0.0000000000
52387  29.001  -37.044  65.753 0.0000000000
51404  27.216  -38.375  65.275 0.0000000000
49231  28.007  -39.837  67.269 0.0000000000
136523  27.143  -40.190  70.604 0.0000000000
137770  27.151  -40.036  73.148 0.0000000000
76195  62.442  -12.784  54.472 0.0000000000
75151  59.993  -14.727  54.294 0.0000000000
70038  49.360  -19.343  50.930 0.0000000000
71016  52.104  -19.052  54.750 0.0000000000
156188  53.657  -17.612  57.529 0.0000000000
69934  51.018  -20.333  59.178 0.0000000000
72031  52.995  -18.118  59.358 0.0000000000
65054  39.706  -24.990  58.457 0.0000000000
65966  41.066  -24.473  61.736 0.0000000000
65890  42.573  -23.676  65.169 0.0000000000
56000  40.498  -33.329  64.634 0.0000000000
58054  41.631  -31.323  65.511 0.0000000000
54712  42.819  -34.545  70.818 0.0000000000
57000  43.234  -32.352  68.256 0.0000000000
60983  42.092  -29.040  66.142 0.0000000000
61974  41.813  -26.798  67.212 0.0000000000
64928  42.058  -25.409  67.736 0.0000000000
76310  59.957  -14.231  43.988 0.0000000000
74229  61.267  -15.567  45.386 0.0000000000
137851  62.792  -13.798  47.753 0.0000000000
47966  29.342  -40.803  77.522 0.0000000000
44879  10.651  -44.123  78.622 0.0000000000
44868  11.521  -43.608  79.720 0.0000000000
44858  11.022  -44.222  80.107 0.0000000000
67931  44.560  -21.909  63.410 0.0000000000
67930  45.360  -21.660  63.140 0.0000000000
44820  4.962  -44.745  83.079 0.0000000000
52347  30.395  -37.404  67.318 0.0000000000
140092  31.252  -37.156  67.632 0.0000000000
51355  31.600  -38.006  68.597 0.0000000000
50307  22.322  -38.999  70.408 0.0000000000
50284  21.926  -39.370  71.099 0.0000000000
131443  20.979  -38.921  69.808 0.0000000000
137091  23.284  -38.501  67.400 0.0000000000
148880  22.377  -38.818  68.943 0.0000000000
50323  23.555  -39.030  69.590 0.0000000000
47974  19.672  -41.083  77.097 0.0000000000
47955  19.239  -41.462  78.710 0.0000000000
75216  58.014  -14.052  49.470 0.0000000000
76241  59.126  -13.270  50.345 0.0000000000
75199  58.255  -13.871  50.442 0.0000000000
73051  56.300  -16.495  57.266 0.0000000000
74088  57.917  -15.437  57.591 0.0000000000
68075  46.692  -22.048  53.286 0.0000000000
68073  48.192  -21.592  53.822 0.0000000000
68050  48.106  -22.032  55.332 0.0000000000
61035  40.176  -28.642  62.039 0.0000000000
136775  40.256  -27.740  62.542 0.0000000000
62033  39.778  -26.685  62.477 0.0000000000
61015  40.913  -28.151  63.753 0.0000000000
50315  39.418  -38.747  69.787 0.0000000000
52332  39.947  -36.936  68.800 0.0000000000
152391  40.712  -37.462  70.419 0.0000000000
73180  56.576  -16.523  47.712 0.0000000000
73194  56.560  -16.271  46.858 0.0000000000
73161  57.525  -16.207  48.301 0.0000000000
74182  58.943  -15.432  48.527 0.0000000000
77258  62.270  -12.690  41.873 0.0000000000
76330  61.923  -13.542  42.366 0.0000000000
75297  62.380  -14.662  42.458 0.0000000000
76331  61.224  -13.381  42.854 0.0000000000
48069  29.291  -41.239  71.710 0.0000000000
46978  30.585  -41.854  71.229 0.0000000000
46947  29.976  -41.470  73.061 0.0000000000
140974  14.917  -41.631  78.142 0.0000000000
47939  15.738  -41.508  79.612 0.0000000000
46873  14.323  -41.825  79.396 0.0000000000
46839  14.000  -42.427  83.147 0.0000000000
46838  14.636  -41.972  83.147 0.0000000000
137028  53.022  -16.837  48.204 0.0000000000
151341  54.603  -15.836  49.762 0.0000000000
73132  53.189  -16.399  49.772 0.0000000000
72136  52.219  -18.145  51.165 0.0000000000
72119  53.897  -18.009  51.859 0.0000000000
71050  53.731  -18.473  52.394 0.0000000000
72105  54.944  -18.204  53.855 0.0000000000
71031  53.653  -18.730  53.727 0.0000000000
68006  45.758  -22.406  58.616 0.0000000000
68005  46.611  -22.292  58.311 0.0000000000
67994  46.970  -21.844  59.743 0.0000000000
74200  54.039  -16.472  47.190 0.0000000000
42841  8.713  -46.480  81.189 0.0000000000
43847  6.919  -45.512  81.819 0.0000000000
67075  42.190  -22.735  53.930 0.0000000000
67061  43.467  -22.815  54.807 0.0000000000
67063  41.684  -22.686  54.726 0.0000000000
142211  41.309  -22.909  57.414 0.0000000000
67011  41.873  -22.669  57.212 0.0000000000
66994  42.586  -22.867  58.379 0.0000000000
129849  43.433  -23.448  59.753 0.0000000000
65988  42.933  -23.968  59.902 0.0000000000
52422  33.021  -36.545  64.421 0.0000000000
51366  33.397  -37.851  68.314 0.0000000000
138469  34.832  -37.999  66.965 0.0000000000
50336  35.760  -38.892  68.578 0.0000000000
50335  36.614  -38.831  68.408 0.0000000000
50299  36.230  -39.273  69.990 0.0000000000
46975  33.272  -41.519  71.697 0.0000000000
49174  33.243  -39.884  70.852 0.0000000000
48041  34.348  -40.884  72.620 0.0000000000
51279  36.207  -39.278  73.918 0.0000000000
51293  37.815  -38.505  73.560 0.0000000000
49121  25.671  -39.772  74.889 0.0000000000
49101  24.890  -39.658  75.308 0.0000000000
50229  24.147  -39.613  73.880 0.0000000000
50245  20.707  -39.569  73.195 0.0000000000
50232  21.751  -39.473  73.913 0.0000000000
49126  20.425  -39.928  74.462 0.0000000000
49106  19.905  -40.375  75.018 0.0000000000
49127  19.620  -40.108  74.259 0.0000000000
50310  18.131  -39.724  70.231 0.0000000000
48058  15.242  -40.708  72.218 0.0000000000
48057  16.127  -40.569  72.550 0.0000000000
48045  16.395  -40.698  73.391 0.0000000000
156263  16.675  -40.797  74.021 0.0000000000
150038  15.925  -40.934  74.944 0.0000000000
48014  15.599  -41.153  75.555 0.0000000000
48032  14.523  -41.226  74.635 0.0000000000
136477  11.364  -43.085  76.555 0.0000000000
53606  28.930  -35.674  65.091 0.0000000000
53607  28.364  -36.001  64.805 0.0000000000
50376  25.411  -38.906  66.552 0.0000000000
50357  26.262  -39.252  66.681 0.0000000000
50356  27.191  -39.177  66.420 0.0000000000
49232  27.080  -39.650  67.211 0.0000000000
48099  27.815  -40.597  69.062 0.0000000000
49213  26.516  -39.827  69.189 0.0000000000
49178  24.881  -39.681  71.540 0.0000000000
49158  26.223  -39.918  72.274 0.0000000000
49159  25.800  -39.851  73.004 0.0000000000
49120  26.534  -39.911  74.512 0.0000000000
49052  24.224  -40.359  77.885 0.0000000000
42822  10.072  -45.759  84.186 0.0000000000
43816  11.736  -44.896  84.520 0.0000000000
78115  63.080  -11.212  51.243 0.0000000000
77167  61.605  -11.988  53.569 0.0000000000
135070  62.191  -11.911  53.622 0.0000000000
77152  62.270  -12.526  54.816 0.0000000000
76179  62.281  -12.778  56.104 0.0000000000
73100  57.774  -16.772  52.541 0.0000000000
74123  58.814  -15.760  52.490 0.0000000000
74108  58.969  -16.046  54.294 0.0000000000
75135  59.940  -14.312  56.812 0.0000000000
70010  50.811  -19.907  54.717 0.0000000000
150962  50.795  -20.002  53.973 0.0000000000
69997  51.454  -19.422  55.194 0.0000000000
154910  52.986  -18.361  56.234 0.0000000000
70963  52.529  -18.426  57.075 0.0000000000
68978  49.461  -21.050  59.703 0.0000000000
156520  50.084  -20.992  58.346 0.0000000000
156940  50.921  -20.460  59.857 0.0000000000
64125  38.116  -25.500  57.958 0.0000000000
137215  40.159  -25.505  62.933 0.0000000000
65017  40.422  -24.838  61.299 0.0000000000
64996  40.599  -24.878  63.130 0.0000000000
65927  42.050  -23.913  63.408 0.0000000000
65908  41.821  -24.301  64.882 0.0000000000
52418  36.365  -36.627  64.396 0.0000000000
136282  37.884  -35.965  65.061 0.0000000000
54768  40.974  -34.762  67.332 0.0000000000
54798  39.973  -34.541  65.379 0.0000000000
55965  41.006  -33.843  66.233 0.0000000000
57042  40.977  -32.840  65.223 0.0000000000
55964  41.659  -33.191  66.595 0.0000000000
54699  42.246  -35.134  71.523 0.0000000000
59026  43.621  -30.778  68.751 0.0000000000
59036  42.828  -30.634  67.510 0.0000000000
60001  42.894  -29.677  67.628 0.0000000000
145526  42.190  -28.301  66.614 0.0000000000
60970  42.746  -28.209  68.242 0.0000000000
75268  57.419  -14.557  45.503 0.0000000000
75275  59.420  -14.365  44.573 0.0000000000
75274  60.271  -14.917  44.408 0.0000000000
74242  59.888  -15.055  45.113 0.0000000000
76268  61.650  -13.270  48.717 0.0000000000
76283  62.137  -14.033  48.081 0.0000000000
77229  62.611  -13.218  48.334 0.0000000000
77213  64.269  -12.082  48.676 0.0000000000
75306  64.567  -15.273  40.743 0.0000000000
75272  64.206  -15.379  44.729 0.0000000000
145318  65.266  -14.452  45.646 0.0000000000
76305  64.578  -14.178  46.118 0.0000000000
48027  28.626  -40.556  74.488 0.0000000000
48026  29.909  -40.907  74.758 0.0000000000
138313  29.640  -40.726  75.670 0.0000000000
46890  13.065  -42.391  78.472 0.0000000000
138567  13.697  -41.988  79.807 0.0000000000
45859  12.447  -42.813  79.644 0.0000000000
45843  12.826  -42.888  81.355 0.0000000000
45823  13.040  -43.157  84.122 0.0000000000
153960  51.008  -17.382  49.622 0.0000000000
71070  51.346  -18.335  50.889 0.0000000000
67985  45.088  -22.493  60.526 0.0000000000
67966  46.541  -21.747  61.321 0.0000000000
67949  46.378  -21.701  62.126 0.0000000000
68919  46.958  -20.968  63.586 0.0000000000
43848  6.194  -44.924  81.724 0.0000000000
43840  5.626  -44.591  82.409 0.0000000000
147893  5.206  -44.793  84.044 0.0000000000
67064  40.813  -22.759  54.669 0.0000000000
67013  40.080  -23.168  56.827 0.0000000000
146493  32.638  -36.547  65.846 0.0000000000
52385  31.414  -36.491  66.774 0.0000000000
52344  32.538  -37.447  68.069 0.0000000000
51352  33.377  -38.254  69.424 0.0000000000
50260  23.962  -39.533  72.050 0.0000000000
50242  23.292  -39.486  73.437 0.0000000000
133197  22.494  -39.452  71.839 0.0000000000
130249  21.538  -39.317  71.914 0.0000000000
130247  20.036  -39.359  71.826 0.0000000000
48033  13.943  -41.367  74.050 0.0000000000
46966  12.726  -41.369  72.032 0.0000000000
50360  24.058  -38.582  67.376 0.0000000000
138425  25.272  -39.029  68.193 0.0000000000
49214  25.819  -39.596  69.514 0.0000000000
50322  24.326  -39.153  69.442 0.0000000000
49179  24.047  -39.275  71.092 0.0000000000
47972  22.121  -40.590  77.637 0.0000000000
76258  60.256  -12.853  49.415 0.0000000000
77186  61.357  -11.976  50.186 0.0000000000
77176  59.906  -12.833  50.690 0.0000000000
76223  60.709  -12.657  51.621 0.0000000000
75165  60.325  -13.830  53.014 0.0000000000
73071  57.503  -16.832  55.108 0.0000000000
74101  58.138  -16.328  55.652 0.0000000000
74096  57.973  -15.989  56.548 0.0000000000
75130  58.523  -14.474  58.493 0.0000000000
69099  48.395  -20.228  51.456 0.0000000000
69058  48.610  -20.969  53.251 0.0000000000
69043  49.602  -20.827  54.508 0.0000000000
146916  50.494  -20.514  56.238 0.0000000000
69925  51.643  -19.743  60.956 0.0000000000
64102  38.657  -26.292  59.766 0.0000000000
139885  39.171  -25.895  60.141 0.0000000000
64079  39.470  -26.037  61.391 0.0000000000
143911  40.038  -26.067  63.585 0.0000000000
63059  40.429  -25.983  64.925 0.0000000000
52362  37.905  -37.078  66.981 0.0000000000
52379  38.449  -36.507  66.532 0.0000000000
52360  39.373  -36.488  67.620 0.0000000000
52341  40.059  -36.189  68.176 0.0000000000
54752  41.234  -35.043  68.091 0.0000000000
75256  55.124  -14.714  45.929 0.0000000000
76308  55.338  -13.921  45.656 0.0000000000
75270  55.853  -14.752  45.831 0.0000000000
75254  57.170  -15.133  46.012 0.0000000000
74232  58.770  -15.151  45.923 0.0000000000
74216  59.909  -15.443  46.504 0.0000000000
74217  59.458  -15.707  47.162 0.0000000000
75225  60.194  -14.427  48.724 0.0000000000
77276  63.529  -12.503  41.152 0.0000000000
132944  63.339  -14.141  41.243 0.0000000000
74279  64.214  -15.843  41.507 0.0000000000
74267  64.846  -15.954  42.048 0.0000000000
74268  63.964  -16.008  42.331 0.0000000000
74253  63.674  -15.920  43.275 0.0000000000
74239  62.399  -15.847  44.366 0.0000000000
48108  29.716  -40.694  68.399 0.0000000000
49211  31.042  -39.850  68.703 0.0000000000
46989  30.682  -41.421  69.849 0.0000000000
46977  31.914  -42.215  71.541 0.0000000000
45947  32.515  -42.517  72.878 0.0000000000
130251  17.238  -41.514  77.670 0.0000000000
47956  18.421  -41.440  78.705 0.0000000000
47937  17.164  -41.383  79.169 0.0000000000
130481  17.061  -41.267  80.843 0.0000000000
46858  14.628  -41.763  81.388 0.0000000000
47902  15.988  -41.497  82.929 0.0000000000
74185  55.355  -15.912  48.996 0.0000000000
74170  56.629  -14.875  49.872 0.0000000000
74160  55.808  -15.348  50.291 0.0000000000
139292  55.954  -16.542  51.367 0.0000000000
73101  56.243  -17.280  52.035 0.0000000000
72145  53.109  -16.920  50.558 0.0000000000
132901  55.331  -17.728  52.145 0.0000000000
72104  56.519  -17.677  53.580 0.0000000000
72084  56.115  -17.585  54.997 0.0000000000
73073  55.955  -17.364  55.877 0.0000000000
73065  54.907  -17.194  57.033 0.0000000000
67026  46.187  -22.915  55.909 0.0000000000
68035  47.657  -22.439  55.971 0.0000000000
68020  46.837  -22.513  57.387 0.0000000000
67992  48.234  -21.708  58.747 0.0000000000
68968  48.773  -21.134  60.309 0.0000000000
67965  47.273  -21.423  61.085 0.0000000000
68951  48.630  -20.812  61.642 0.0000000000
69909  49.948  -20.269  61.775 0.0000000000
59081  40.607  -30.411  62.871 0.0000000000
52292  41.228  -37.453  72.186 0.0000000000
149730  53.643  -13.850  46.134 0.0000000000
73196  54.871  -16.211  46.775 0.0000000000
132053  55.464  -16.842  48.104 0.0000000000
79055  61.868  -10.652  42.513 0.0000000000
79047  60.470  -10.335  43.137 0.0000000000
42858  8.818  -45.680  78.890 0.0000000000
43859  10.065  -45.521  79.809 0.0000000000
42847  9.105  -46.433  80.390 0.0000000000
42833  9.124  -46.389  82.156 0.0000000000
146450  9.156  -45.025  84.722 0.0000000000
43838  7.251  -45.269  82.835 0.0000000000
68077  45.162  -22.590  52.946 0.0000000000
68078  44.231  -22.650  53.062 0.0000000000
67073  44.851  -22.949  53.748 0.0000000000
67045  45.445  -22.977  55.376 0.0000000000
67028  44.338  -22.702  56.577 0.0000000000
67008  44.318  -22.589  57.567 0.0000000000
67030  42.398  -22.656  56.437 0.0000000000
130780  42.833  -22.697  57.370 0.0000000000
66981  44.218  -22.479  59.141 0.0000000000
66971  44.441  -22.750  59.855 0.0000000000
66938  44.081  -22.666  62.249 0.0000000000
67932  43.859  -22.293  63.612 0.0000000000
52398  35.766  -37.043  64.939 0.0000000000
52382  33.807  -37.159  65.719 0.0000000000
51400  35.456  -37.802  66.293 0.0000000000
51399  36.296  -37.739  66.460 0.0000000000
51362  37.573  -38.323  68.197 0.0000000000
50334  38.151  -38.664  68.915 0.0000000000
132326  39.145  -39.520  71.059 0.0000000000
50303  32.427  -38.834  69.641 0.0000000000
50302  33.251  -38.798  70.109 0.0000000000
129918  34.086  -38.842  70.683 0.0000000000
49138  34.746  -39.851  72.743 0.0000000000
51312  35.118  -39.038  71.872 0.0000000000
51327  35.242  -38.903  71.360 0.0000000000
51326  36.526  -38.895  71.697 0.0000000000
50257  38.099  -39.065  71.963 0.0000000000
50255  39.506  -38.962  72.303 0.0000000000
49061  27.281  -40.176  77.355 0.0000000000
49078  25.923  -39.781  76.616 0.0000000000
154039  24.790  -39.738  76.956 0.0000000000
49081  23.481  -39.731  76.463 0.0000000000
50231  22.636  -39.470  74.135 0.0000000000
49103  22.363  -39.728  75.548 0.0000000000
49083  21.869  -40.051  76.183 0.0000000000
49084  21.009  -40.393  75.994 0.0000000000
47991  19.587  -40.954  76.309 0.0000000000
47992  18.353  -41.203  76.251 0.0000000000
147630  19.586  -39.068  69.817 0.0000000000
130518  19.563  -39.428  71.080 0.0000000000
49161  18.844  -39.884  72.595 0.0000000000
49181  16.650  -40.099  71.029 0.0000000000
49163  17.482  -40.062  72.396 0.0000000000
49146  18.425  -40.017  73.318 0.0000000000
49129  17.926  -40.541  73.845 0.0000000000
48012  17.835  -41.067  75.705 0.0000000000
47993  17.710  -41.266  76.391 0.0000000000
47995  16.112  -41.300  76.258 0.0000000000
47996  15.245  -41.413  76.336 0.0000000000
47978  14.017  -41.753  77.137 0.0000000000
150244  13.049  -41.756  74.271 0.0000000000
46908  13.485  -41.846  76.310 0.0000000000
46909  12.838  -42.298  76.684 0.0000000000
46910  12.246  -42.734  77.103 0.0000000000
45888  10.927  -43.614  77.167 0.0000000000
44896  9.692  -44.448  77.436 0.0000000000
43903  8.851  -44.708  77.314 0.0000000000
43887  8.444  -45.183  78.001 0.0000000000
53604  30.087  -35.786  65.589 0.0000000000
52386  29.643  -36.496  66.003 0.0000000000
141897  29.907  -37.471  66.849 0.0000000000
51403  28.176  -37.854  65.568 0.0000000000
50373  28.163  -38.615  66.294 0.0000000000
49230  28.916  -39.684  67.385 0.0000000000
48109  28.988  -40.854  68.425 0.0000000000
48083  28.569  -40.968  70.314 0.0000000000
48070  28.563  -40.894  71.316 0.0000000000
49195  26.245  -39.820  70.324 0.0000000000
49176  27.146  -40.270  71.446 0.0000000000
49156  27.799  -40.389  72.767 0.0000000000
134004  27.917  -40.293  74.174 0.0000000000
49098  27.373  -39.997  75.619 0.0000000000
43845  11.503  -44.815  81.752 0.0000000000
44819  12.106  -44.280  83.130 0.0000000000
78098  62.476  -11.675  52.412 0.0000000000
74137  58.337  -15.161  51.778 0.0000000000
75159  59.932  -14.704  53.381 0.0000000000
75150  60.580  -13.906  54.716 0.0000000000
154203  59.545  -15.176  55.843 0.0000000000
133896  60.224  -14.231  56.039 0.0000000000
76186  61.379  -12.867  55.959 0.0000000000
71072  49.739  -18.714  50.404 0.0000000000
70036  51.291  -19.446  51.816 0.0000000000
69074  49.907  -20.235  52.561 0.0000000000
70029  51.390  -19.689  52.598 0.0000000000
70019  52.248  -19.379  52.904 0.0000000000
71002  53.261  -18.480  55.208 0.0000000000
137450  54.327  -17.689  56.544 0.0000000000
73053  54.591  -16.828  57.927 0.0000000000
68033  49.211  -21.560  56.748 0.0000000000
69011  50.429  -20.631  56.955 0.0000000000
69955  51.593  -19.666  57.911 0.0000000000
69933  51.760  -19.951  59.910 0.0000000000
70939  52.180  -19.194  59.268 0.0000000000
70948  52.082  -19.054  58.413 0.0000000000
153130  52.959  -17.988  58.720 0.0000000000
73032  54.010  -16.917  58.641 0.0000000000
66014  39.234  -24.230  56.724 0.0000000000
66001  40.218  -24.270  57.780 0.0000000000
65031  39.369  -25.636  60.169 0.0000000000
65039  40.690  -24.943  59.525 0.0000000000
65028  41.457  -24.669  59.819 0.0000000000
65964  42.302  -23.779  62.005 0.0000000000
66919  42.719  -23.237  63.420 0.0000000000
66897  43.670  -22.598  64.473 0.0000000000
53601  38.724  -35.619  65.246 0.0000000000
57075  40.479  -32.185  63.658 0.0000000000
58071  40.951  -31.650  64.236 0.0000000000
59057  41.368  -30.331  64.400 0.0000000000
52307  41.662  -36.451  71.247 0.0000000000
54713  42.332  -35.355  70.321 0.0000000000
54750  42.711  -34.343  68.926 0.0000000000
55937  43.382  -33.820  69.336 0.0000000000
55949  42.764  -33.160  67.970 0.0000000000
58030  42.468  -31.475  67.080 0.0000000000
59042  41.930  -30.584  65.961 0.0000000000
60024  41.552  -29.596  64.842 0.0000000000
60990  41.431  -27.795  65.369 0.0000000000
61986  41.095  -26.784  65.895 0.0000000000
156480  40.920  -25.740  65.999 0.0000000000
61952  42.350  -26.904  69.203 0.0000000000
64006  41.899  -25.911  68.253 0.0000000000
64938  41.556  -25.433  66.850 0.0000000000
65876  42.518  -24.004  66.232 0.0000000000
78164  60.248  -11.272  43.090 0.0000000000
76332  60.559  -13.279  43.247 0.0000000000
75286  60.622  -14.682  43.823 0.0000000000
75273  61.024  -15.319  44.141 0.0000000000
74228  62.181  -15.596  45.249 0.0000000000
74215  61.333  -15.409  46.346 0.0000000000
149392  62.155  -15.145  46.816 0.0000000000
75251  63.546  -14.515  46.413 0.0000000000
77238  64.567  -13.132  47.598 0.0000000000
47968  27.721  -40.668  77.913 0.0000000000
47967  28.547  -40.737  77.780 0.0000000000
44869  10.959  -43.968  79.390 0.0000000000
43873  10.489  -44.757  79.431 0.0000000000
67910  44.345  -21.960  64.191 0.0000000000
67909  45.138  -21.454  64.030 0.0000000000
51368  30.990  -37.737  67.890 0.0000000000
50320  30.842  -38.764  68.207 0.0000000000
131461  21.822  -38.874  69.583 0.0000000000
130246  21.471  -39.018  70.435 0.0000000000
50342  21.732  -38.773  68.634 0.0000000000
133378  22.734  -38.926  69.659 0.0000000000
130253  19.126  -41.398  77.468 0.0000000000
130254  19.674  -41.371  77.953 0.0000000000
147971  18.851  -41.552  78.009 0.0000000000
76261  57.840  -13.986  49.852 0.0000000000
75217  57.395  -14.417  49.717 0.0000000000
74090  56.025  -16.253  58.018 0.0000000000
74089  56.817  -15.755  57.992 0.0000000000
74073  56.020  -15.557  58.779 0.0000000000
68063  46.918  -22.375  53.995 0.0000000000
68062  47.674  -22.152  54.473 0.0000000000
67043  46.951  -22.679  54.769 0.0000000000
61026  40.657  -28.644  62.957 0.0000000000
61016  40.550  -27.782  63.237 0.0000000000
51336  40.090  -38.001  70.099 0.0000000000
51335  40.511  -38.138  70.896 0.0000000000
74184  56.323  -15.550  49.193 0.0000000000
73162  56.854  -16.251  48.445 0.0000000000
131322  57.214  -15.593  48.925 0.0000000000
75228  57.623  -14.756  49.307 0.0000000000
77259  61.515  -12.494  42.431 0.0000000000
77260  60.854  -12.659  42.893 0.0000000000
46965  30.061  -41.664  72.081 0.0000000000
47959  14.352  -41.711  77.803 0.0000000000
131190  15.075  -41.657  78.965 0.0000000000
46888  14.335  -41.800  78.533 0.0000000000
73145  53.497  -16.377  49.091 0.0000000000
73146  52.652  -16.568  49.127 0.0000000000
71059  53.127  -18.284  51.693 0.0000000000
71051  52.917  -18.943  52.421 0.0000000000
144186  53.531  -18.767  52.977 0.0000000000
132020  46.386  -22.082  59.157 0.0000000000
67995  46.160  -21.953  59.933 0.0000000000
43860  7.030  -45.548  80.750 0.0000000000
68080  41.859  -22.385  53.155 0.0000000000
67076  41.302  -22.705  53.830 0.0000000000
66996  41.170  -23.210  57.666 0.0000000000
66995  41.857  -22.891  57.955 0.0000000000
66984  42.288  -23.191  58.529 0.0000000000
65989  42.237  -24.071  59.190 0.0000000000
51351  34.047  -38.373  69.380 0.0000000000
51365  34.141  -38.262  68.538 0.0000000000
51364  34.900  -38.669  68.918 0.0000000000
50300  35.584  -38.975  69.433 0.0000000000
149414  35.412  -38.919  70.208 0.0000000000
46961  33.654  -41.734  72.272 0.0000000000
48054  33.798  -40.782  71.900 0.0000000000
129455  24.923  -39.688  74.353 0.0000000000
50233  20.934  -39.634  73.885 0.0000000000
49144  20.205  -39.818  73.696 0.0000000000
49145  19.376  -39.900  73.370 0.0000000000
48047  14.634  -40.927  72.847 0.0000000000
48046  15.527  -40.787  73.181 0.0000000000
135892  15.884  -40.863  74.131 0.0000000000
48031  15.220  -40.984  74.794 0.0000000000
50358  25.592  -39.086  67.293 0.0000000000
147324  26.753  -39.781  68.200 0.0000000000
49225  25.939  -39.461  68.679 0.0000000000
49160  24.761  -39.705  72.496 0.0000000000
154829  25.240  -39.782  72.780 0.0000000000
49142  25.724  -39.822  73.937 0.0000000000
49065  23.720  -39.968  77.348 0.0000000000
43808  9.863  -44.977  85.285 0.0000000000
43817  10.514  -44.952  84.983 0.0000000000
77200  62.859  -11.796  49.597 0.0000000000
78127  63.445  -11.383  50.379 0.0000000000
78128  62.447  -11.583  50.351 0.0000000000
77159  62.174  -12.039  54.282 0.0000000000
77153  62.009  -12.465  55.017 0.0000000000
77139  62.186  -12.608  55.680 0.0000000000
77140  61.894  -12.509  55.797 0.0000000000
73090  57.886  -16.998  53.264 0.0000000000
73089  58.465  -16.533  52.858 0.0000000000
73079  58.425  -16.581  53.765 0.0000000000
69998  50.815  -20.030  55.652 0.0000000000
69975  51.490  -19.461  56.128 0.0000000000
70988  51.982  -18.887  56.630 0.0000000000
68977  50.269  -20.693  60.195 0.0000000000
144216  50.352  -20.794  59.406 0.0000000000
140548  37.563  -26.015  58.604 0.0000000000
64997  40.323  -25.419  63.680 0.0000000000
64980  40.804  -24.815  63.934 0.0000000000
65909  41.601  -24.365  64.067 0.0000000000
64979  41.029  -24.772  64.707 0.0000000000
52397  36.602  -36.849  65.210 0.0000000000
52417  37.148  -36.319  64.732 0.0000000000
54780  40.751  -34.536  66.574 0.0000000000
55951  41.373  -34.070  66.957 0.0000000000
57028  41.156  -33.184  65.879 0.0000000000
58004  44.082  -31.380  69.981 0.0000000000
59027  43.276  -30.192  68.218 0.0000000000
59013  43.578  -29.961  68.964 0.0000000000
59994  43.155  -29.252  68.419 0.0000000000
59984  43.442  -29.261  69.198 0.0000000000
75267  58.269  -14.623  45.375 0.0000000000
76306  57.823  -13.887  44.861 0.0000000000
75276  58.670  -14.225  44.894 0.0000000000
77215  61.169  -12.627  49.155 0.0000000000
134845  62.316  -12.477  48.967 0.0000000000
74289  65.555  -15.284  40.576 0.0000000000
74278  66.502  -15.592  41.350 0.0000000000
74265  66.624  -15.790  42.206 0.0000000000
149443  65.177  -15.127  44.950 0.0000000000
75264  64.592  -14.826  45.388 0.0000000000
154307  29.254  -40.695  74.857 0.0000000000
48009  28.972  -40.593  76.099 0.0000000000
46891  12.406  -42.792  78.013 0.0000000000
45873  12.492  -42.820  78.902 0.0000000000
44857  11.666  -43.757  80.516 0.0000000000
45844  12.244  -43.292  80.915 0.0000000000
45835  12.266  -43.380  81.821 0.0000000000
45834  12.846  -42.962  82.255 0.0000000000
44828  12.469  -43.592  82.686 0.0000000000
72162  50.482  -17.515  49.405 0.0000000000
72147  50.946  -17.773  50.161 0.0000000000
72148  50.100  -18.083  49.902 0.0000000000
146103  45.391  -22.326  61.259 0.0000000000
67967  45.858  -22.006  61.609 0.0000000000
67950  45.639  -21.892  62.357 0.0000000000
43849  5.503  -44.446  81.528 0.0000000000
43822  4.743  -45.279  84.314 0.0000000000
53584  31.029  -35.995  65.928 0.0000000000
53569  30.865  -36.357  66.872 0.0000000000
51367  31.600  -37.508  68.164 0.0000000000
52345  31.744  -37.248  67.924 0.0000000000
52334  32.257  -37.636  68.560 0.0000000000
52333  32.954  -37.774  68.821 0.0000000000
51353  32.745  -38.016  69.218 0.0000000000
50283  23.296  -39.297  71.441 0.0000000000
50261  23.201  -39.517  72.123 0.0000000000
50285  21.081  -39.268  71.176 0.0000000000
130248  20.726  -39.216  71.914 0.0000000000
50340  23.533  -38.718  68.081 0.0000000000
138102  24.395  -38.817  68.108 0.0000000000
50339  24.629  -38.967  68.782 0.0000000000
50306  23.244  -39.121  70.504 0.0000000000
50305  24.069  -39.359  70.187 0.0000000000
47989  21.363  -40.597  76.926 0.0000000000
130476  21.328  -40.913  77.930 0.0000000000
76259  59.310  -13.281  49.610 0.0000000000
77203  59.870  -12.778  50.000 0.0000000000
76225  58.897  -13.627  50.993 0.0000000000
76224  59.672  -13.312  51.212 0.0000000000
76211  60.120  -13.591  52.140 0.0000000000
76210  60.710  -12.869  52.685 0.0000000000
73062  57.366  -16.646  56.061 0.0000000000
69076  47.156  -21.219  52.167 0.0000000000
69059  47.785  -21.334  52.995 0.0000000000
68061  48.497  -21.665  54.639 0.0000000000
69044  48.931  -21.162  54.092 0.0000000000
69030  49.080  -21.228  54.816 0.0000000000
69028  50.222  -20.635  55.732 0.0000000000
69029  49.555  -20.997  55.413 0.0000000000
63124  38.277  -26.604  59.634 0.0000000000
63113  39.058  -26.352  60.376 0.0000000000
63112  39.362  -26.324  61.263 0.0000000000
62009  40.135  -26.359  63.797 0.0000000000
153997  39.929  -26.270  63.206 0.0000000000
63076  40.200  -26.011  64.304 0.0000000000
51375  38.167  -37.477  67.683 0.0000000000
52361  38.662  -36.788  67.275 0.0000000000
52343  38.906  -37.107  67.990 0.0000000000
133300  40.595  -36.356  68.949 0.0000000000
53547  40.849  -35.723  68.457 0.0000000000
74220  55.447  -15.490  46.228 0.0000000000
74219  57.408  -15.857  46.614 0.0000000000
74233  57.933  -15.197  45.997 0.0000000000
74218  58.553  -15.776  46.763 0.0000000000
74198  58.906  -15.992  47.914 0.0000000000
75227  58.369  -14.544  49.064 0.0000000000
75226  59.229  -14.459  48.881 0.0000000000
76270  59.626  -13.533  49.141 0.0000000000
76348  62.721  -13.671  41.813 0.0000000000
75307  63.712  -15.230  41.219 0.0000000000
151257  63.604  -15.639  41.925 0.0000000000
74269  63.060  -15.603  42.681 0.0000000000
74254  62.679  -15.804  43.578 0.0000000000
74255  61.785  -15.628  43.843 0.0000000000
48097  29.639  -41.296  68.892 0.0000000000
151283  30.337  -41.318  69.154 0.0000000000
46964  31.016  -42.191  71.955 0.0000000000
156933  31.298  -41.966  71.163 0.0000000000
46963  31.803  -42.505  72.504 0.0000000000
45921  32.048  -42.582  73.390 0.0000000000
130255  16.769  -41.482  78.526 0.0000000000
47924  16.402  -41.447  80.195 0.0000000000
47913  16.313  -41.378  81.012 0.0000000000
47912  17.842  -41.462  81.691 0.0000000000
132827  16.854  -41.416  81.674 0.0000000000
46868  13.814  -42.000  80.558 0.0000000000
151806  14.224  -41.814  80.114 0.0000000000
46859  13.968  -41.982  81.441 0.0000000000
74171  55.833  -15.325  49.738 0.0000000000
74172  55.070  -15.693  49.583 0.0000000000
73131  54.440  -16.092  50.335 0.0000000000
73115  55.265  -15.984  50.783 0.0000000000
72133  55.335  -17.010  51.470 0.0000000000
73133  52.422  -16.741  49.862 0.0000000000
72118  54.510  -18.104  52.316 0.0000000000
72134  54.483  -17.474  51.546 0.0000000000
72117  56.018  -17.776  52.856 0.0000000000
72094  56.180  -17.733  54.245 0.0000000000
138820  55.738  -17.910  53.683 0.0000000000
132379  54.601  -18.145  54.745 0.0000000000
72085  55.309  -17.762  55.348 0.0000000000
73064  55.704  -16.975  56.688 0.0000000000
72074  55.147  -17.538  56.218 0.0000000000
68036  46.939  -22.676  56.440 0.0000000000
131079  47.229  -21.890  58.912 0.0000000000
67993  47.785  -21.685  59.585 0.0000000000
68979  48.583  -21.452  59.594 0.0000000000
68953  47.070  -21.418  61.861 0.0000000000
130108  48.139  -20.879  62.338 0.0000000000
68933  48.839  -20.515  62.432 0.0000000000
68932  49.282  -20.468  61.944 0.0000000000
69888  49.618  -20.116  62.580 0.0000000000
59082  39.896  -30.554  62.156 0.0000000000
75257  53.811  -14.624  46.332 0.0000000000
74221  53.968  -15.608  46.579 0.0000000000
73165  53.974  -16.757  48.215 0.0000000000
73182  54.825  -16.863  47.761 0.0000000000
73164  54.831  -16.750  48.396 0.0000000000
79046  61.324  -10.058  42.885 0.0000000000
42853  9.396  -45.978  79.692 0.0000000000
42854  8.738  -46.096  79.675 0.0000000000
142926  8.287  -46.242  81.923 0.0000000000
155829  8.935  -45.931  82.911 0.0000000000
156977  9.425  -45.769  83.984 0.0000000000
43827  8.719  -45.645  83.785 0.0000000000
43839  6.418  -44.916  82.610 0.0000000000
43829  6.688  -44.857  83.705 0.0000000000
68091  45.559  -21.897  52.423 0.0000000000
68092  44.555  -21.938  52.449 0.0000000000
155659  43.452  -22.669  53.290 0.0000000000
68093  43.352  -22.001  52.524 0.0000000000
67060  44.540  -22.951  54.812 0.0000000000
130211  42.929  -22.727  55.632 0.0000000000
130779  43.875  -22.733  55.680 0.0000000000
134366  43.657  -22.669  57.190 0.0000000000
67047  41.231  -22.723  55.518 0.0000000000
67031  41.579  -22.705  56.310 0.0000000000
149867  42.377  -22.746  57.878 0.0000000000
67010  42.943  -22.724  58.262 0.0000000000
67009  43.537  -22.607  57.973 0.0000000000
66993  43.519  -22.581  58.699 0.0000000000
66982  43.642  -22.767  59.241 0.0000000000
66973  43.356  -23.598  60.628 0.0000000000
66972  44.003  -23.297  60.191 0.0000000000
66958  43.916  -23.148  61.315 0.0000000000
134807  43.481  -23.061  62.139 0.0000000000
131913  34.969  -37.049  64.666 0.0000000000
52383  33.162  -36.930  66.206 0.0000000000
52400  33.244  -36.737  65.329 0.0000000000
129972  35.699  -38.191  67.083 0.0000000000
51377  36.574  -38.002  67.201 0.0000000000
51363  36.824  -38.349  67.800 0.0000000000
131968  37.156  -39.458  69.701 0.0000000000
132494  37.282  -38.978  68.977 0.0000000000
50317  37.836  -39.272  69.456 0.0000000000
50316  38.594  -39.139  69.574 0.0000000000
50297  38.922  -39.491  70.350 0.0000000000
146109  31.813  -40.488  69.695 0.0000000000
49210  31.764  -39.745  69.341 0.0000000000
49193  32.395  -39.830  69.874 0.0000000000
49173  33.799  -39.760  71.540 0.0000000000
50282  33.638  -39.155  70.811 0.0000000000
50301  33.872  -38.908  70.703 0.0000000000
51313  34.530  -38.987  71.201 0.0000000000
51294  36.521  -39.057  73.314 0.0000000000
51295  35.534  -39.199  72.434 0.0000000000
51311  35.646  -38.987  71.915 0.0000000000
148178  35.049  -38.988  71.415 0.0000000000
130242  35.810  -38.890  71.801 0.0000000000
51337  35.947  -39.043  70.842 0.0000000000
51309  37.850  -38.675  72.840 0.0000000000
49077  26.877  -39.898  76.533 0.0000000000
49062  26.508  -39.970  77.420 0.0000000000
49080  24.964  -39.681  76.337 0.0000000000
130645  24.068  -39.615  75.779 0.0000000000
133454  24.278  -39.717  76.749 0.0000000000
49102  23.168  -39.637  75.688 0.0000000000
49125  21.231  -39.743  74.614 0.0000000000
49124  22.055  -39.556  74.777 0.0000000000
131489  19.411  -40.825  75.574 0.0000000000
48010  20.182  -40.656  75.755 0.0000000000
152133  18.987  -41.081  76.078 0.0000000000
50309  19.058  -39.370  70.214 0.0000000000
50287  18.661  -39.692  71.017 0.0000000000
50266  19.204  -39.741  71.795 0.0000000000
49162  18.204  -39.949  71.874 0.0000000000
49165  15.888  -40.470  71.593 0.0000000000
49148  16.927  -40.378  72.855 0.0000000000
49164  16.731  -40.220  72.029 0.0000000000
49147  17.671  -40.198  73.123 0.0000000000
149315  18.116  -39.973  72.684 0.0000000000
48030  16.565  -40.875  74.690 0.0000000000
138483  17.199  -40.926  75.202 0.0000000000
47994  17.029  -41.272  76.108 0.0000000000
150358  17.321  -41.328  76.859 0.0000000000
48015  14.691  -41.359  75.479 0.0000000000
47997  14.378  -41.585  76.369 0.0000000000
46948  13.208  -41.572  73.175 0.0000000000
130800  11.903  -42.671  75.263 0.0000000000
46920  12.702  -42.259  75.774 0.0000000000
45899  10.601  -43.651  76.359 0.0000000000
134502  10.455  -44.065  77.691 0.0000000000
44895  10.103  -43.959  76.840 0.0000000000
43904  7.919  -44.795  77.198 0.0000000000
150808  28.987  -36.202  65.456 0.0000000000
53605  29.562  -35.851  65.404 0.0000000000
52368  29.531  -37.242  66.372 0.0000000000
51420  26.809  -38.009  64.576 0.0000000000
51419  27.702  -37.510  64.810 0.0000000000
153160  27.740  -39.342  66.791 0.0000000000
50355  28.527  -39.082  66.904 0.0000000000
49222  29.358  -40.230  67.916 0.0000000000
49223  28.408  -40.372  67.919 0.0000000000
48084  27.841  -40.592  69.977 0.0000000000
48071  27.814  -40.613  70.943 0.0000000000
49196  25.343  -39.543  70.092 0.0000000000
130398  26.594  -39.985  71.728 0.0000000000
49157  27.040  -40.119  72.305 0.0000000000
49139  27.724  -40.282  73.491 0.0000000000
49140  27.201  -40.041  73.925 0.0000000000
148118  26.922  -39.926  75.087 0.0000000000
151788  27.657  -40.160  76.552 0.0000000000
47970  26.116  -40.285  77.915 0.0000000000
47936  18.966  -41.514  79.635 0.0000000000
47910  19.277  -41.596  80.922 0.0000000000
42839  10.469  -46.025  81.281 0.0000000000
43846  10.982  -45.284  81.317 0.0000000000
150609  11.052  -45.704  82.136 0.0000000000
43825  11.724  -44.986  83.588 0.0000000000
44811  12.392  -44.435  84.900 0.0000000000
44814  12.704  -43.796  84.542 0.0000000000
43806  12.516  -44.690  85.553 0.0000000000
77175  61.362  -12.091  51.073 0.0000000000
78116  62.217  -11.476  51.200 0.0000000000
77158  62.427  -12.176  54.021 0.0000000000
75180  56.535  -14.993  50.434 0.0000000000
75179  57.195  -14.842  50.856 0.0000000000
74138  57.646  -15.420  51.484 0.0000000000
74114  59.515  -15.449  53.819 0.0000000000
74122  59.467  -15.357  52.893 0.0000000000
75158  60.463  -13.965  53.853 0.0000000000
131989  58.778  -15.772  56.154 0.0000000000
74100  58.904  -15.945  55.259 0.0000000000
75134  60.927  -13.205  56.679 0.0000000000
75140  60.719  -13.596  55.629 0.0000000000
77131  61.516  -13.265  56.955 0.0000000000
77134  61.718  -12.808  56.288 0.0000000000
71073  48.892  -18.911  50.214 0.0000000000
71063  50.209  -19.147  51.063 0.0000000000
70037  50.649  -19.499  51.562 0.0000000000
133621  49.094  -20.609  52.695 0.0000000000
70031  49.107  -20.283  51.984 0.0000000000
70009  51.450  -19.575  54.181 0.0000000000
70021  51.053  -19.862  53.382 0.0000000000
70020  51.675  -19.588  53.366 0.0000000000
70008  52.239  -19.266  53.811 0.0000000000
71015  52.940  -18.833  54.375 0.0000000000
133113  52.620  -18.716  55.175 0.0000000000
72076  53.002  -18.142  56.671 0.0000000000
70986  53.562  -18.175  56.061 0.0000000000
72075  53.600  -17.785  56.912 0.0000000000
72059  54.173  -17.401  57.310 0.0000000000
72060  53.923  -17.225  57.896 0.0000000000
134404  47.821  -22.290  56.989 0.0000000000
68034  48.515  -21.939  56.230 0.0000000000
68018  48.636  -21.887  57.061 0.0000000000
68987  50.479  -20.789  58.663 0.0000000000
68998  50.405  -20.816  57.867 0.0000000000
69956  50.965  -20.126  57.437 0.0000000000
69942  51.030  -20.280  58.325 0.0000000000
72025  53.051  -18.466  60.189 0.0000000000
70930  52.503  -19.222  60.045 0.0000000000
151448  52.679  -18.734  59.550 0.0000000000
70938  52.577  -18.559  58.892 0.0000000000
70947  52.709  -18.406  58.017 0.0000000000
65065  38.690  -24.871  57.303 0.0000000000
65064  39.476  -24.591  57.530 0.0000000000
65019  39.480  -25.733  60.996 0.0000000000
65029  40.614  -24.935  60.408 0.0000000000
65980  41.247  -24.567  60.844 0.0000000000
65979  42.102  -24.321  60.353 0.0000000000
65965  41.830  -24.204  61.358 0.0000000000
65907  42.304  -23.767  64.214 0.0000000000
65945  42.344  -23.618  62.799 0.0000000000
66918  43.293  -22.741  63.761 0.0000000000
66898  42.926  -23.119  64.348 0.0000000000
53582  38.919  -35.857  66.135 0.0000000000
53600  39.436  -35.234  65.763 0.0000000000
55984  40.110  -33.967  64.820 0.0000000000
56001  39.914  -33.735  64.171 0.0000000000
57058  40.250  -33.021  63.892 0.0000000000
58055  41.244  -31.964  65.001 0.0000000000
58070  41.357  -31.113  64.733 0.0000000000
143997  41.103  -30.933  64.087 0.0000000000
140971  41.647  -36.616  71.996 0.0000000000
54732  42.241  -35.045  69.281 0.0000000000
54731  42.986  -34.586  69.790 0.0000000000
56999  43.856  -32.331  68.983 0.0000000000
55921  43.967  -33.030  69.684 0.0000000000
56992  43.532  -33.120  68.796 0.0000000000
57008  42.631  -32.298  67.505 0.0000000000
60009  42.590  -29.996  67.017 0.0000000000
59041  42.373  -30.663  66.681 0.0000000000
60010  42.285  -29.862  66.365 0.0000000000
60017  41.877  -29.732  65.639 0.0000000000
60989  41.719  -28.850  65.390 0.0000000000
148322  41.823  -28.300  65.976 0.0000000000
142728  42.193  -27.633  67.024 0.0000000000
61985  41.725  -27.434  66.366 0.0000000000
61975  41.276  -26.472  66.582 0.0000000000
63048  40.879  -26.053  66.235 0.0000000000
63036  41.274  -26.089  67.004 0.0000000000
145240  42.924  -28.131  69.613 0.0000000000
61951  42.676  -27.402  69.764 0.0000000000
63997  42.112  -26.057  69.082 0.0000000000
64017  41.617  -25.872  67.323 0.0000000000
64949  41.790  -24.820  66.204 0.0000000000
64948  42.232  -24.770  66.932 0.0000000000
79048  59.681  -10.628  43.431 0.0000000000
133713  56.106  -14.073  45.586 0.0000000000
129830  55.836  -13.291  45.359 0.0000000000
76320  59.827  -13.346  43.647 0.0000000000
77253  60.148  -12.358  43.214 0.0000000000
76319  60.367  -13.943  43.592 0.0000000000
74241  60.701  -15.417  44.845 0.0000000000
74240  61.498  -15.628  44.540 0.0000000000
75237  60.287  -15.504  47.397 0.0000000000
75253  60.764  -15.385  46.795 0.0000000000
76299  62.473  -14.442  47.314 0.0000000000
75252  62.731  -14.732  46.627 0.0000000000
76298  63.216  -14.083  47.183 0.0000000000
76297  64.157  -13.777  47.043 0.0000000000
76282  63.534  -13.286  47.782 0.0000000000
77227  64.753  -12.644  48.171 0.0000000000
77299  64.478  -12.740  40.508 0.0000000000
47988  28.737  -40.488  76.916 0.0000000000
45875  11.134  -43.547  78.100 0.0000000000
45860  11.939  -43.164  79.309 0.0000000000
45861  11.337  -43.557  78.942 0.0000000000
67951  44.803  -22.161  62.512 0.0000000000
53570  30.587  -36.542  66.750 0.0000000000
139331  30.891  -36.779  67.246 0.0000000000
52346  30.943  -37.208  67.581 0.0000000000
130245  20.660  -39.104  70.490 0.0000000000
50341  22.508  -38.655  67.939 0.0000000000
138802  23.098  -38.827  68.852 0.0000000000
47954  20.550  -41.206  78.358 0.0000000000
131290  19.927  -41.341  78.723 0.0000000000
47935  19.701  -41.484  79.287 0.0000000000
76260  58.508  -13.672  49.779 0.0000000000
75178  58.601  -14.315  51.347 0.0000000000
74097  57.147  -16.229  56.967 0.0000000000
68090  46.451  -21.811  52.557 0.0000000000
68074  47.403  -21.863  53.581 0.0000000000
62046  39.688  -27.645  61.718 0.0000000000
152600  39.312  -27.256  61.286 0.0000000000
62034  39.441  -26.763  61.610 0.0000000000
62026  40.189  -26.995  63.181 0.0000000000
62008  40.562  -27.230  63.830 0.0000000000
51349  38.988  -38.303  69.056 0.0000000000
51360  39.295  -37.471  68.597 0.0000000000
51348  39.735  -37.789  69.282 0.0000000000
138675  40.477  -37.086  69.631 0.0000000000
53529  41.122  -36.332  69.640 0.0000000000
73181  56.018  -16.599  47.428 0.0000000000
73179  57.180  -16.359  47.532 0.0000000000
74183  58.119  -15.701  48.608 0.0000000000
75298  61.627  -14.372  42.940 0.0000000000
48082  29.381  -41.376  70.620 0.0000000000
46985  30.231  -41.644  70.511 0.0000000000
46979  29.901  -41.613  71.217 0.0000000000
140061  30.534  -41.932  72.663 0.0000000000
131611  15.519  -41.543  77.888 0.0000000000
47958  15.886  -41.497  78.646 0.0000000000
156131  15.351  -41.584  78.409 0.0000000000
47940  14.922  -41.596  80.040 0.0000000000
46849  13.960  -42.140  82.378 0.0000000000
141028  53.972  -16.120  49.692 0.0000000000
154953  53.699  -16.398  50.234 0.0000000000
136876  52.858  -17.642  51.088 0.0000000000
71049  54.287  -18.464  53.166 0.0000000000
71030  54.291  -18.500  54.007 0.0000000000
71014  53.783  -18.500  54.547 0.0000000000
68021  45.936  -22.556  57.729 0.0000000000
68934  47.646  -20.957  62.947 0.0000000000
73183  53.276  -16.643  47.447 0.0000000000
135639  7.300  -45.748  79.797 0.0000000000
42848  8.125  -46.039  80.340 0.0000000000
42842  7.788  -45.969  81.362 0.0000000000
42835  7.637  -45.878  82.147 0.0000000000
68079  42.712  -22.534  53.212 0.0000000000
67074  43.047  -22.780  53.971 0.0000000000
67062  42.549  -22.734  54.780 0.0000000000
130212  41.093  -22.832  56.850 0.0000000000
66983  42.894  -23.155  59.063 0.0000000000
130299  33.701  -36.829  64.725 0.0000000000
51380  33.340  -37.646  67.558 0.0000000000
141270  33.910  -37.519  66.666 0.0000000000
51379  34.126  -37.983  67.655 0.0000000000
51378  35.056  -38.533  67.892 0.0000000000
50318  36.416  -39.137  69.188 0.0000000000
46976  32.671  -41.638  71.278 0.0000000000
49192  32.805  -40.107  70.305 0.0000000000
48067  33.307  -40.763  71.284 0.0000000000
143130  34.060  -40.232  72.218 0.0000000000
50226  36.576  -39.301  74.502 0.0000000000
130243  37.151  -38.777  72.948 0.0000000000
49100  25.567  -39.738  75.732 0.0000000000
49122  24.167  -39.591  74.802 0.0000000000
50244  21.730  -39.416  73.189 0.0000000000
143249  21.278  -39.478  73.373 0.0000000000
49105  20.702  -40.122  75.217 0.0000000000
142293  11.387  -42.931  75.703 0.0000000000
141846  10.656  -43.364  75.634 0.0000000000
52388  28.388  -36.845  65.177 0.0000000000
144830  25.924  -39.023  65.953 0.0000000000
50375  26.679  -38.987  65.892 0.0000000000
50374  27.481  -38.634  65.887 0.0000000000
49224  27.566  -40.121  67.877 0.0000000000
153185  27.855  -40.464  68.393 0.0000000000
49212  27.267  -40.156  68.721 0.0000000000
49194  27.158  -40.119  69.669 0.0000000000
49177  25.906  -39.860  71.439 0.0000000000
139162  25.464  -39.809  72.261 0.0000000000
133373  26.543  -39.946  72.860 0.0000000000
49141  26.490  -39.932  73.560 0.0000000000
42828  10.616  -45.955  83.045 0.0000000000
42827  11.285  -45.594  83.042 0.0000000000
43826  11.062  -45.660  83.918 0.0000000000
131058  61.246  -12.017  52.781 0.0000000000
77166  61.959  -11.792  52.943 0.0000000000
76185  62.396  -12.974  55.455 0.0000000000
73113  57.372  -16.233  51.902 0.0000000000
73099  58.094  -16.028  52.165 0.0000000000
74115  59.032  -16.062  53.312 0.0000000000
74107  59.548  -15.425  54.803 0.0000000000
75136  59.334  -14.698  57.329 0.0000000000
138085  49.036  -19.858  51.377 0.0000000000
69042  50.275  -20.430  54.181 0.0000000000
69056  50.378  -20.220  53.394 0.0000000000
71003  52.120  -18.901  55.727 0.0000000000
70987  52.573  -18.562  56.368 0.0000000000
72061  53.101  -17.930  57.366 0.0000000000
68004  49.071  -21.538  58.327 0.0000000000
68988  49.768  -21.163  58.795 0.0000000000
72030  53.585  -17.767  59.845 0.0000000000
65066  37.871  -25.080  57.105 0.0000000000
65055  38.930  -25.309  58.199 0.0000000000
65009  39.922  -25.597  62.338 0.0000000000
65018  39.867  -25.330  61.627 0.0000000000
65008  40.347  -24.958  62.252 0.0000000000
65947  41.078  -24.406  62.537 0.0000000000
144671  41.603  -24.136  62.074 0.0000000000
65928  41.297  -24.358  63.288 0.0000000000
54769  40.276  -35.129  66.961 0.0000000000
54781  40.107  -34.885  66.191 0.0000000000
54797  40.525  -34.332  65.948 0.0000000000
55983  40.655  -33.753  65.425 0.0000000000
57027  41.533  -32.319  65.897 0.0000000000
53499  41.982  -35.794  72.054 0.0000000000
54686  42.180  -34.990  72.491 0.0000000000
54698  42.607  -34.438  71.923 0.0000000000
58016  43.529  -31.571  68.515 0.0000000000
58017  42.950  -31.540  67.846 0.0000000000
142541  43.242  -30.929  68.170 0.0000000000
60002  42.533  -29.143  66.956 0.0000000000
60976  42.840  -28.885  67.704 0.0000000000
60977  42.539  -28.260  67.357 0.0000000000
60971  42.243  -27.487  67.748 0.0000000000
133513  58.721  -13.622  44.385 0.0000000000
76311  59.401  -13.775  44.079 0.0000000000
76284  61.214  -14.420  48.358 0.0000000000
131815  63.359  -12.578  48.466 0.0000000000
75318  64.080  -14.420  40.650 0.0000000000
75317  65.173  -14.539  39.975 0.0000000000
74288  66.391  -15.334  40.244 0.0000000000
74237  64.481  -15.717  44.065 0.0000000000
75263  65.834  -14.502  45.939 0.0000000000
151918  28.564  -40.667  73.445 0.0000000000
48043  29.423  -41.027  73.455 0.0000000000
146531  29.266  -40.865  74.155 0.0000000000
47987  29.593  -40.646  76.727 0.0000000000
46874  13.693  -42.076  78.942 0.0000000000
46875  13.061  -42.390  79.494 0.0000000000
143648  12.058  -43.144  80.091 0.0000000000
45852  12.756  -42.714  80.385 0.0000000000
45842  13.350  -42.418  81.860 0.0000000000
45833  13.476  -42.677  82.716 0.0000000000
45827  13.551  -42.736  83.638 0.0000000000
45822  13.694  -42.869  84.356 0.0000000000
73134  51.592  -17.183  49.873 0.0000000000
140500  51.667  -17.721  50.562 0.0000000000
71061  51.747  -18.873  51.493 0.0000000000
150837  45.514  -22.166  60.053 0.0000000000
67984  45.907  -22.093  60.750 0.0000000000
68936  46.135  -21.512  62.865 0.0000000000
153400  46.499  -21.247  63.200 0.0000000000
43861  6.119  -44.911  80.811 0.0000000000
137267  5.811  -44.702  83.333 0.0000000000
43821  5.499  -45.007  84.518 0.0000000000
67032  40.411  -22.952  56.549 0.0000000000
67012  40.685  -22.998  57.161 0.0000000000
66012  40.509  -23.454  57.345 0.0000000000
52402  31.867  -36.250  65.979 0.0000000000
52384  32.275  -36.767  66.563 0.0000000000
52365  31.256  -36.824  67.341 0.0000000000
52364  31.918  -36.996  67.362 0.0000000000
138362  33.531  -37.991  68.992 0.0000000000
50241  24.099  -39.592  72.981 0.0000000000
152285  23.478  -39.504  72.656 0.0000000000
135471  22.812  -39.457  72.676 0.0000000000
50262  22.018  -39.413  72.616 0.0000000000
50263  21.203  -39.350  72.674 0.0000000000
50264  20.433  -39.430  72.504 0.0000000000
50265  19.687  -39.697  72.514 0.0000000000
48059  14.322  -40.905  71.849 0.0000000000
156873  14.087  -41.178  73.313 0.0000000000
50359  24.886  -38.837  67.344 0.0000000000
50321  25.146  -39.280  69.248 0.0000000000
50304  24.717  -39.362  69.934 0.0000000000
49197  24.728  -39.531  70.616 0.0000000000
140666  60.950  -12.343  49.510 0.0000000000
77202  60.559  -12.449  49.825 0.0000000000
77187  60.592  -12.444  50.509 0.0000000000
76203  60.867  -12.851  53.584 0.0000000000
76196  60.883  -13.165  54.336 0.0000000000
73070  58.295  -16.507  54.725 0.0000000000
74087  58.676  -15.417  56.974 0.0000000000
75129  58.760  -14.840  57.696 0.0000000000
69100  47.587  -20.578  51.474 0.0000000000
69075  48.254  -20.769  52.258 0.0000000000
138312  50.208  -20.451  55.034 0.0000000000
69976  50.925  -19.996  56.570 0.0000000000
135962  50.826  -19.934  61.540 0.0000000000
64112  37.955  -26.235  59.260 0.0000000000
64093  39.227  -26.093  60.515 0.0000000000
63097  39.587  -26.234  62.075 0.0000000000
63096  39.837  -26.154  62.895 0.0000000000
64078  39.743  -25.969  62.421 0.0000000000
64066  40.021  -25.913  63.222 0.0000000000
64056  40.236  -25.826  64.031 0.0000000000
64037  40.480  -25.819  64.771 0.0000000000
52380  37.666  -36.786  66.249 0.0000000000
53568  39.114  -36.116  66.921 0.0000000000
52342  39.524  -36.827  68.229 0.0000000000
53567  39.836  -35.822  67.307 0.0000000000
53566  40.555  -35.466  67.703 0.0000000000
75269  56.626  -14.641  45.715 0.0000000000
75255  56.416  -15.533  46.222 0.0000000000
74231  59.545  -15.247  45.807 0.0000000000
133739  59.232  -15.484  46.385 0.0000000000
74197  59.778  -15.523  48.251 0.0000000000
156832  60.617  -15.237  48.233 0.0000000000
76269  60.625  -13.375  48.956 0.0000000000
76359  63.741  -13.419  40.774 0.0000000000
77277  62.863  -12.771  41.498 0.0000000000
76347  63.152  -13.260  41.236 0.0000000000
74266  66.093  -15.492  42.447 0.0000000000
74238  63.391  -15.900  44.159 0.0000000000
49221  30.241  -39.995  68.178 0.0000000000
48096  30.371  -40.803  68.672 0.0000000000
48095  31.092  -40.775  69.276 0.0000000000
48081  31.494  -41.182  69.976 0.0000000000
46984  31.050  -41.722  70.517 0.0000000000
46983  31.969  -41.619  70.657 0.0000000000
46962  32.731  -42.263  72.081 0.0000000000
48042  29.973  -41.240  73.908 0.0000000000
46946  30.703  -41.887  73.472 0.0000000000
129403  31.495  -42.196  74.140 0.0000000000
149496  32.166  -42.264  75.038 0.0000000000
152854  32.297  -42.547  74.142 0.0000000000
150617  20.530  -38.881  69.327 0.0000000000
130252  18.114  -41.569  77.902 0.0000000000
47957  17.588  -41.470  78.572 0.0000000000
131777  17.914  -41.352  79.537 0.0000000000
47938  16.503  -41.443  79.338 0.0000000000
149140  17.132  -41.435  79.931 0.0000000000
134721  17.816  -41.297  80.571 0.0000000000
47926  15.098  -41.653  80.943 0.0000000000
46848  14.548  -41.776  82.104 0.0000000000
47903  15.139  -41.571  81.726 0.0000000000
149776  16.211  -41.397  81.664 0.0000000000
75201  56.133  -15.023  50.028 0.0000000000
74161  55.097  -15.538  50.083 0.0000000000
74140  56.118  -15.697  50.985 0.0000000000
73114  56.658  -16.464  51.623 0.0000000000
138476  57.098  -17.022  52.307 0.0000000000
155563  57.435  -17.283  52.853 0.0000000000
73117  53.969  -16.823  50.840 0.0000000000
72135  53.568  -17.535  51.301 0.0000000000
72103  56.838  -17.540  52.819 0.0000000000
73091  57.240  -17.381  53.502 0.0000000000
73081  56.869  -17.365  54.451 0.0000000000
73072  56.733  -17.134  55.498 0.0000000000
72095  55.495  -17.894  54.487 0.0000000000
73052  55.481  -16.697  57.554 0.0000000000
67044  46.234  -22.925  55.078 0.0000000000
67025  46.923  -22.749  55.559 0.0000000000
68019  47.501  -22.002  58.007 0.0000000000
68989  49.035  -21.422  59.038 0.0000000000
68967  49.500  -20.833  60.584 0.0000000000
67983  46.723  -21.770  60.522 0.0000000000
67982  47.506  -21.581  60.329 0.0000000000
68952  47.786  -21.134  61.674 0.0000000000
68969  48.128  -21.183  60.875 0.0000000000
133712  48.870  -20.896  60.941 0.0000000000
68950  49.410  -20.650  61.320 0.0000000000
132748  50.348  -19.873  62.270 0.0000000000
60054  39.751  -29.555  61.736 0.0000000000
60046  40.466  -29.559  62.414 0.0000000000
60039  40.885  -29.581  63.236 0.0000000000
51324  40.671  -38.116  71.723 0.0000000000
150135  41.736  -36.911  72.516 0.0000000000
76300  54.421  -14.098  45.936 0.0000000000
133134  54.592  -15.149  46.266 0.0000000000
135845  55.395  -16.596  47.273 0.0000000000
73163  56.131  -16.462  48.396 0.0000000000
79056  61.028  -10.927  42.745 0.0000000000
43874  9.720  -45.316  79.093 0.0000000000
42846  9.932  -46.098  80.443 0.0000000000
42840  9.626  -46.488  81.242 0.0000000000
42829  9.613  -46.035  83.132 0.0000000000
155977  6.550  -45.250  81.269 0.0000000000
43828  7.683  -45.261  83.814 0.0000000000
43818  8.257  -45.002  84.747 0.0000000000
43809  8.909  -44.964  85.327 0.0000000000
68076  45.991  -22.313  53.024 0.0000000000
67072  45.689  -22.656  53.689 0.0000000000
67059  45.504  -22.928  54.507 0.0000000000
67027  45.339  -22.834  56.258 0.0000000000
67046  44.706  -22.853  55.742 0.0000000000
67007  45.182  -22.648  57.163 0.0000000000
66991  45.043  -22.478  58.073 0.0000000000
68007  44.926  -22.399  58.916 0.0000000000
130210  42.048  -22.653  55.573 0.0000000000
66992  44.212  -22.479  58.440 0.0000000000
67996  44.948  -22.392  59.648 0.0000000000
135384  44.731  -22.580  61.507 0.0000000000
152676  44.503  -22.942  60.672 0.0000000000
67952  44.086  -22.249  62.946 0.0000000000
52419  35.557  -36.752  64.156 0.0000000000
52401  32.440  -36.299  65.152 0.0000000000
155226  33.774  -36.956  65.237 0.0000000000
51401  34.370  -37.491  65.810 0.0000000000
51418  35.092  -37.516  65.482 0.0000000000
51417  36.027  -37.452  65.692 0.0000000000
52381  36.837  -37.068  66.008 0.0000000000
51398  37.122  -37.395  66.708 0.0000000000
51376  37.380  -37.774  67.402 0.0000000000
50296  39.742  -38.923  70.700 0.0000000000
50319  31.647  -38.794  68.969 0.0000000000
51342  32.078  -38.276  69.149 0.0000000000
139647  33.024  -39.291  70.267 0.0000000000
51341  32.665  -38.335  69.483 0.0000000000
51340  33.414  -38.684  69.933 0.0000000000
51339  34.101  -38.650  70.217 0.0000000000
49155  34.395  -39.543  71.976 0.0000000000
50258  34.938  -39.424  72.268 0.0000000000
50259  34.646  -39.250  71.681 0.0000000000
51328  34.642  -38.801  70.969 0.0000000000
51338  34.864  -38.685  70.744 0.0000000000
50280  37.081  -39.350  70.673 0.0000000000
51325  37.142  -38.818  72.309 0.0000000000
148439  37.432  -39.135  71.529 0.0000000000
50279  38.335  -39.589  70.993 0.0000000000
50278  38.966  -39.415  71.710 0.0000000000
50277  39.632  -39.104  71.522 0.0000000000
50254  40.165  -38.703  72.067 0.0000000000
129630  25.846  -39.925  77.473 0.0000000000
49079  25.262  -39.811  77.159 0.0000000000
49064  24.656  -39.959  77.501 0.0000000000
154651  23.001  -39.895  76.928 0.0000000000
50230  23.445  -39.535  74.384 0.0000000000
49123  22.867  -39.534  74.947 0.0000000000
49082  22.691  -39.836  76.288 0.0000000000
149015  22.317  -40.151  76.910 0.0000000000
47990  20.388  -40.812  76.566 0.0000000000
131062  18.906  -41.233  76.811 0.0000000000
131442  20.245  -38.978  69.856 0.0000000000
50308  19.888  -39.212  70.459 0.0000000000
133544  17.327  -39.988  71.682 0.0000000000
49128  18.767  -40.328  74.066 0.0000000000
48028  18.116  -40.757  74.785 0.0000000000
48029  17.291  -40.795  74.335 0.0000000000
48011  18.634  -40.931  75.537 0.0000000000
47975  18.020  -41.259  77.072 0.0000000000
131444  16.623  -41.374  76.973 0.0000000000
47976  15.779  -41.445  77.089 0.0000000000
47977  14.890  -41.592  77.250 0.0000000000
48016  13.910  -41.538  74.915 0.0000000000
46932  12.475  -42.247  74.819 0.0000000000
46919  13.256  -41.844  75.314 0.0000000000
46898  13.378  -41.983  77.133 0.0000000000
46899  12.958  -42.342  77.558 0.0000000000
45887  11.645  -43.122  77.588 0.0000000000
44880  10.050  -44.460  78.144 0.0000000000
145555  9.249  -44.266  76.608 0.0000000000
43886  9.369  -44.958  78.214 0.0000000000
42859  7.963  -45.572  78.564 0.0000000000
43888  7.481  -45.006  78.017 0.0000000000
156770  7.109  -45.349  78.934 0.0000000000
53586  30.151  -36.238  66.170 0.0000000000
52367  30.070  -37.047  66.750 0.0000000000
51381  29.880  -37.900  67.130 0.0000000000
51402  28.886  -37.786  66.092 0.0000000000
51382  29.227  -38.082  66.679 0.0000000000
50354  29.437  -38.660  67.200 0.0000000000
50337  29.855  -39.257  67.688 0.0000000000
48110  28.316  -40.712  68.591 0.0000000000
48098  28.614  -41.022  69.223 0.0000000000
140688  29.255  -41.326  69.668 0.0000000000
48056  28.550  -40.786  72.311 0.0000000000
137447  26.616  -39.977  71.123 0.0000000000
49175  27.800  -40.528  71.860 0.0000000000
49118  28.047  -40.266  75.033 0.0000000000
49119  27.344  -40.021  74.714 0.0000000000
49097  28.234  -40.388  75.996 0.0000000000
156041  28.152  -40.375  76.645 0.0000000000
47922  19.923  -41.747  80.090 0.0000000000
43858  10.655  -45.281  80.448 0.0000000000
44844  11.215  -44.471  80.932 0.0000000000
43837  11.647  -44.994  82.620 0.0000000000
44829  11.899  -44.071  82.236 0.0000000000
44818  12.574  -43.687  83.626 0.0000000000
45818  13.361  -43.538  84.860 0.0000000000
78106  62.809  -11.265  51.939 0.0000000000
75200  57.350  -14.405  50.227 0.0000000000
129629  57.834  -14.545  51.017 0.0000000000
75167  59.078  -14.892  52.132 0.0000000000
75166  59.769  -14.488  52.537 0.0000000000
75141  60.083  -14.586  55.216 0.0000000000
77154  61.306  -12.886  55.139 0.0000000000
151125  62.123  -12.586  56.101 0.0000000000
71091  49.297  -18.330  49.694 0.0000000000
71071  50.559  -18.507  50.610 0.0000000000
71062  51.000  -19.018  51.216 0.0000000000
70028  52.052  -19.262  52.136 0.0000000000
129441  49.873  -19.812  51.643 0.0000000000
69073  50.656  -19.974  52.787 0.0000000000
70030  50.660  -19.858  52.110 0.0000000000
71032  52.946  -19.030  53.354 0.0000000000
72096  53.917  -18.214  55.250 0.0000000000
149918  47.484  -22.486  55.217 0.0000000000
68048  49.221  -21.470  56.030 0.0000000000
68017  49.160  -21.590  57.539 0.0000000000
68999  49.796  -21.158  57.253 0.0000000000
69012  49.840  -20.996  56.342 0.0000000000
69926  50.989  -20.287  60.582 0.0000000000
70931  52.203  -19.444  60.590 0.0000000000
69941  51.618  -19.766  58.844 0.0000000000
70964  52.024  -18.932  57.494 0.0000000000
72042  53.420  -17.673  58.160 0.0000000000
72041  53.463  -17.537  59.030 0.0000000000
73031  54.734  -16.437  58.717 0.0000000000
66013  39.901  -23.843  57.023 0.0000000000
66000  41.000  -24.038  58.009 0.0000000000
64111  38.338  -25.842  58.880 0.0000000000
65041  39.189  -25.691  59.131 0.0000000000
65040  39.927  -25.271  59.361 0.0000000000
65030  39.818  -25.210  60.839 0.0000000000
136119  40.073  -25.239  60.084 0.0000000000
65053  40.516  -24.712  58.644 0.0000000000
65990  41.338  -24.445  58.879 0.0000000000
65978  42.618  -23.920  60.992 0.0000000000
66940  42.877  -23.277  62.491 0.0000000000
66939  43.440  -22.700  62.944 0.0000000000
53583  38.182  -36.201  65.787 0.0000000000
54799  39.258  -34.965  65.102 0.0000000000
58086  40.062  -31.876  62.947 0.0000000000
57057  40.779  -32.505  64.433 0.0000000000
58085  40.685  -31.235  63.415 0.0000000000
59058  41.007  -30.343  63.662 0.0000000000
60025  41.261  -29.565  64.014 0.0000000000
52308  41.127  -37.283  71.270 0.0000000000
52321  41.197  -36.833  70.394 0.0000000000
144546  42.044  -35.824  71.120 0.0000000000
52320  41.701  -36.119  70.349 0.0000000000
53528  41.711  -35.726  69.548 0.0000000000
53546  41.547  -35.386  68.796 0.0000000000
54751  41.992  -34.720  68.469 0.0000000000
55938  42.388  -34.004  68.164 0.0000000000
55922  43.483  -33.871  70.226 0.0000000000
55906  43.746  -33.086  70.782 0.0000000000
154923  42.970  -33.695  68.622 0.0000000000
55950  42.019  -33.621  67.433 0.0000000000
138634  42.220  -32.909  67.249 0.0000000000
57009  42.022  -32.260  66.790 0.0000000000
58042  41.959  -31.436  66.329 0.0000000000
59047  41.626  -30.449  65.186 0.0000000000
60998  41.353  -28.633  64.466 0.0000000000
141543  41.020  -27.548  64.496 0.0000000000
61994  40.978  -26.953  65.144 0.0000000000
63058  40.679  -26.230  65.417 0.0000000000
64027  40.669  -25.884  65.467 0.0000000000
60960  43.016  -28.603  69.075 0.0000000000
61962  42.673  -27.759  69.063 0.0000000000
61963  42.306  -27.254  68.500 0.0000000000
152000  42.218  -26.335  69.224 0.0000000000
63023  42.009  -26.415  68.632 0.0000000000
63035  41.732  -26.204  67.772 0.0000000000
64018  41.168  -25.782  66.633 0.0000000000
64950  41.158  -25.398  66.153 0.0000000000
64959  41.284  -24.867  65.443 0.0000000000
65891  42.010  -24.312  65.595 0.0000000000
65874  43.216  -23.338  65.797 0.0000000000
76318  60.956  -14.108  43.341 0.0000000000
75285  61.326  -15.042  43.542 0.0000000000
74230  60.433  -15.436  45.790 0.0000000000
75236  61.698  -14.984  47.444 0.0000000000
143381  62.023  -15.259  46.025 0.0000000000
75265  62.800  -15.220  46.005 0.0000000000
76296  65.107  -13.424  46.857 0.0000000000
77228  64.125  -12.642  48.102 0.0000000000
43807  11.920  -44.899  84.956 0.0000000000
44810  12.929  -44.021  85.472 0.0000000000
44815  12.210  -44.289  84.117 0.0000000000
45828  12.999  -43.138  83.156 0.0000000000
46867  14.445  -41.824  80.751 0.0000000000
46869  13.320  -42.239  80.239 0.0000000000
47885  16.703  -41.509  83.229 0.0000000000
47914  15.700  -41.486  81.305 0.0000000000
48068  32.801  -40.895  70.646 0.0000000000
50240  35.872  -39.231  73.203 0.0000000000
51278  36.964  -38.967  73.932 0.0000000000
52366  30.606  -36.934  67.146 0.0000000000
64101  38.692  -26.028  59.687 0.0000000000
64960  40.811  -25.475  65.350 0.0000000000
64961  40.582  -25.338  64.534 0.0000000000
65946  41.777  -23.992  62.684 0.0000000000
66881  43.207  -23.068  65.039 0.0000000000
68003  49.737  -21.257  58.029 0.0000000000
76180  61.977  -12.991  56.461 0.0000000000
129857  36.133  -38.971  72.617 0.0000000000
136996  31.078  -42.242  72.746 0.0000000000
144388  15.775  -41.438  82.076 0.0000000000
145726  4.911  -45.054  84.481 0.0000000000
146791  36.732  -38.920  72.854 0.0000000000
149855  52.849  -18.543  55.816 0.0000000000
150214  18.484  -41.363  81.093 0.0000000000
150589  41.907  -26.809  68.033 0.0000000000
152395  46.319  -22.416  53.651 0.0000000000
153308  34.737  -37.727  66.211 0.0000000000
153384  61.000  -12.190  53.188 0.0000000000
154134  39.950  -25.804  62.756 0.0000000000
154438  47.513  -21.154  62.296 0.0000000000
155891  56.410  -15.140  49.605 0.0000000000
