#!ascii label  , from subject sub-v1s7x0051323_ses-1 vox2ras=TkReg
1334
55794  11.041  -34.155  86.582 0.0000000000
49207  1.318  -39.149  70.194 0.0000000000
51189  2.927  -37.029  85.498 0.0000000000
156691  5.713  -30.754  82.754 0.0000000000
59910  5.754  -28.972  73.579 0.0000000000
52160  7.151  -35.996  87.815 0.0000000000
58824  6.420  -30.912  88.434 0.0000000000
52176  14.167  -35.678  84.957 0.0000000000
49012  10.022  -38.970  85.813 0.0000000000
151091  5.650  -39.337  85.122 0.0000000000
63864  5.904  -25.083  83.436 0.0000000000
60856  8.102  -28.710  78.999 0.0000000000
64821  3.539  -24.290  79.052 0.0000000000
50182  0.390  -38.561  81.439 0.0000000000
52211  2.726  -36.019  79.455 0.0000000000
56864  2.221  -32.972  83.549 0.0000000000
61797  5.768  -27.261  86.914 0.0000000000
56937  2.537  -32.786  75.723 0.0000000000
56981  5.727  -32.481  71.923 0.0000000000
144696  8.347  -33.737  68.543 0.0000000000
59991  0.946  -29.313  69.764 0.0000000000
54570  8.947  -34.897  87.523 0.0000000000
56835  7.848  -32.368  87.477 0.0000000000
54584  13.046  -34.457  86.358 0.0000000000
50146  12.985  -37.602  85.897 0.0000000000
53321  10.599  -36.321  87.406 0.0000000000
50130  8.408  -37.918  87.559 0.0000000000
63870  4.304  -25.157  81.824 0.0000000000
51197  0.808  -37.578  83.263 0.0000000000
53347  1.210  -36.246  83.047 0.0000000000
142552  2.318  -35.297  84.736 0.0000000000
60779  7.844  -28.621  88.593 0.0000000000
60787  5.607  -29.296  87.421 0.0000000000
49007  3.942  -38.611  85.838 0.0000000000
47878  3.416  -40.065  84.605 0.0000000000
49015  2.054  -39.086  84.928 0.0000000000
155647  0.182  -39.603  82.862 0.0000000000
57934  2.468  -32.248  80.088 0.0000000000
54649  1.928  -34.206  77.671 0.0000000000
151876  4.105  -31.694  79.276 0.0000000000
60882  6.940  -28.339  76.893 0.0000000000
57967  8.286  -31.390  76.111 0.0000000000
149533  8.766  -30.257  73.206 0.0000000000
55914  7.299  -32.761  69.840 0.0000000000
59974  7.899  -29.543  70.545 0.0000000000
154136  5.041  -36.834  86.937 0.0000000000
55778  4.693  -34.652  87.071 0.0000000000
138147  6.703  -33.201  87.726 0.0000000000
58827  7.709  -30.232  87.975 0.0000000000
51194  15.960  -36.080  82.889 0.0000000000
51217  14.136  -36.365  80.644 0.0000000000
50165  13.253  -37.078  83.486 0.0000000000
49024  11.207  -37.709  83.784 0.0000000000
47863  7.632  -38.739  85.350 0.0000000000
48998  6.782  -38.193  86.555 0.0000000000
61811  7.098  -27.520  83.631 0.0000000000
59846  7.549  -29.196  81.395 0.0000000000
61831  7.196  -26.541  81.460 0.0000000000
61852  5.163  -26.317  79.176 0.0000000000
61879  3.986  -27.291  77.187 0.0000000000
137771  12.497  -33.633  85.094 0.0000000000
52193  18.273  -34.932  80.958 0.0000000000
54596  19.372  -33.775  82.537 0.0000000000
54588  16.284  -34.394  84.385 0.0000000000
56842  14.560  -33.610  85.238 0.0000000000
49059  -0.002  -40.015  78.996 0.0000000000
50209  2.005  -39.275  78.231 0.0000000000
51218  1.487  -37.429  80.840 0.0000000000
149160  1.546  -33.945  81.532 0.0000000000
58871  2.771  -31.523  82.757 0.0000000000
57871  3.650  -32.227  86.443 0.0000000000
59813  4.602  -30.669  85.992 0.0000000000
59811  5.959  -29.701  85.760 0.0000000000
133550  5.696  -25.805  85.740 0.0000000000
51260  4.346  -37.438  77.198 0.0000000000
52271  4.107  -36.251  74.717 0.0000000000
52289  1.658  -36.076  72.987 0.0000000000
57944  6.361  -31.880  78.367 0.0000000000
56945  4.756  -32.571  74.299 0.0000000000
149030  1.767  -34.776  70.962 0.0000000000
53540  4.189  -35.199  69.323 0.0000000000
52372  6.360  -36.855  67.815 0.0000000000
65756  3.838  -24.212  76.427 0.0000000000
61898  2.310  -27.272  74.778 0.0000000000
63969  1.957  -26.280  71.780 0.0000000000
59962  3.531  -29.658  71.699 0.0000000000
59031  5.855  -30.515  68.671 0.0000000000
147358  9.448  -34.388  87.034 0.0000000000
55785  8.998  -34.002  86.884 0.0000000000
55796  8.748  -34.002  86.053 0.0000000000
55793  12.058  -33.803  87.009 0.0000000000
135444  12.164  -35.243  87.097 0.0000000000
55774  11.092  -34.333  87.145 0.0000000000
54569  9.726  -35.403  87.495 0.0000000000
48105  1.249  -40.271  68.850 0.0000000000
50331  1.563  -38.208  69.339 0.0000000000
51193  1.581  -37.289  83.885 0.0000000000
52187  1.365  -37.068  83.666 0.0000000000
152371  2.274  -36.499  84.547 0.0000000000
51225  15.733  -36.043  79.812 0.0000000000
50148  3.165  -37.979  86.030 0.0000000000
49014  3.026  -38.872  85.701 0.0000000000
50156  1.935  -38.199  84.559 0.0000000000
144552  1.173  -38.340  83.430 0.0000000000
130477  3.577  -31.097  81.642 0.0000000000
58927  2.789  -31.762  79.975 0.0000000000
130215  5.114  -31.011  81.341 0.0000000000
60897  5.877  -28.560  75.461 0.0000000000
59909  8.194  -29.085  74.883 0.0000000000
60926  7.073  -28.935  73.790 0.0000000000
59957  8.436  -29.851  71.746 0.0000000000
59946  7.015  -29.427  72.147 0.0000000000
51170  6.164  -36.414  87.284 0.0000000000
53319  5.442  -35.373  87.325 0.0000000000
54564  6.702  -34.818  87.615 0.0000000000
153813  7.747  -31.106  87.487 0.0000000000
59795  9.131  -28.973  87.839 0.0000000000
137781  15.440  -35.902  83.892 0.0000000000
50163  14.646  -36.099  83.136 0.0000000000
50151  14.067  -36.352  84.280 0.0000000000
49003  11.166  -38.314  85.875 0.0000000000
49009  11.838  -37.754  84.823 0.0000000000
130898  10.547  -38.381  84.928 0.0000000000
135193  8.663  -38.811  85.319 0.0000000000
134183  7.498  -37.040  88.262 0.0000000000
48988  7.753  -37.924  87.011 0.0000000000
50133  6.794  -37.339  87.197 0.0000000000
48991  5.718  -37.602  86.685 0.0000000000
148619  6.464  -26.223  83.975 0.0000000000
156988  7.215  -27.087  82.971 0.0000000000
156818  6.077  -25.333  82.702 0.0000000000
64809  3.556  -24.721  80.948 0.0000000000
138645  4.861  -25.789  80.451 0.0000000000
62896  3.744  -26.128  79.567 0.0000000000
61866  4.981  -26.903  78.124 0.0000000000
62897  3.508  -25.898  78.886 0.0000000000
53340  17.075  -34.800  83.555 0.0000000000
50197  0.909  -39.585  80.249 0.0000000000
50196  1.206  -39.338  80.135 0.0000000000
51220  0.760  -38.198  81.439 0.0000000000
54602  1.369  -34.390  83.078 0.0000000000
142335  1.201  -35.351  82.678 0.0000000000
55826  1.635  -33.591  82.604 0.0000000000
57917  2.136  -32.711  81.671 0.0000000000
145176  2.413  -32.222  83.116 0.0000000000
56833  5.089  -32.944  87.386 0.0000000000
55787  3.946  -33.706  86.533 0.0000000000
57867  4.927  -31.570  87.508 0.0000000000
60790  5.736  -28.407  87.210 0.0000000000
59801  4.880  -30.026  86.992 0.0000000000
60795  5.494  -29.155  86.994 0.0000000000
59812  5.300  -30.344  86.032 0.0000000000
132780  5.866  -28.257  86.788 0.0000000000
61801  6.421  -27.233  85.342 0.0000000000
62847  5.940  -26.659  86.534 0.0000000000
50186  12.693  -36.505  81.159 0.0000000000
51227  13.017  -36.415  79.716 0.0000000000
47875  6.505  -38.837  84.547 0.0000000000
146982  5.736  -39.162  83.361 0.0000000000
47876  5.194  -39.382  84.514 0.0000000000
47879  2.634  -40.185  84.527 0.0000000000
47893  2.900  -40.309  83.845 0.0000000000
49033  -0.038  -39.182  82.468 0.0000000000
49039  -0.089  -39.683  81.684 0.0000000000
51230  2.542  -37.060  79.543 0.0000000000
50208  2.787  -38.779  78.147 0.0000000000
52235  3.146  -36.410  78.192 0.0000000000
55861  1.784  -33.532  76.594 0.0000000000
53425  2.725  -35.250  76.218 0.0000000000
53443  2.578  -34.971  75.527 0.0000000000
52272  2.603  -36.055  73.933 0.0000000000
55869  1.869  -33.754  74.470 0.0000000000
155351  7.845  -29.443  80.238 0.0000000000
58923  6.829  -31.037  79.694 0.0000000000
58938  7.987  -30.845  78.531 0.0000000000
56943  7.466  -32.187  74.107 0.0000000000
56933  6.440  -32.457  75.319 0.0000000000
56957  5.037  -32.513  73.299 0.0000000000
55886  3.288  -33.143  72.104 0.0000000000
55899  4.176  -32.721  71.149 0.0000000000
54746  2.821  -34.934  70.245 0.0000000000
54724  5.050  -34.098  70.405 0.0000000000
54741  8.225  -33.989  68.966 0.0000000000
54764  7.050  -35.047  69.195 0.0000000000
53559  7.465  -35.616  68.538 0.0000000000
65778  4.016  -24.246  75.069 0.0000000000
63929  2.851  -25.584  75.651 0.0000000000
63937  2.882  -25.765  73.661 0.0000000000
144504  0.427  -27.648  70.228 0.0000000000
141597  0.694  -28.577  71.081 0.0000000000
59951  1.601  -28.701  72.145 0.0000000000
59000  2.234  -29.360  70.941 0.0000000000
59006  4.165  -30.187  70.212 0.0000000000
58013  3.078  -30.805  68.924 0.0000000000
54571  8.406  -35.203  87.631 0.0000000000
55764  7.426  -33.876  87.593 0.0000000000
55777  8.005  -33.415  87.285 0.0000000000
53333  13.904  -35.285  86.122 0.0000000000
51187  13.591  -36.629  85.328 0.0000000000
144289  13.252  -35.765  86.535 0.0000000000
51175  11.327  -37.202  86.892 0.0000000000
50139  10.875  -37.787  86.686 0.0000000000
48994  9.186  -38.352  86.605 0.0000000000
51177  10.058  -37.182  87.477 0.0000000000
52166  9.298  -36.365  88.062 0.0000000000
65713  4.722  -23.917  83.357 0.0000000000
63869  4.895  -25.165  82.296 0.0000000000
65715  4.215  -23.928  82.682 0.0000000000
65722  3.920  -23.207  81.146 0.0000000000
135310  4.215  -23.163  80.274 0.0000000000
50168  0.296  -38.433  82.798 0.0000000000
154973  0.855  -37.692  82.434 0.0000000000
51200  0.823  -37.352  83.320 0.0000000000
148132  1.741  -35.845  83.986 0.0000000000
54595  2.281  -34.478  84.424 0.0000000000
59791  7.010  -29.609  89.304 0.0000000000
59792  6.577  -30.001  88.910 0.0000000000
60781  6.686  -28.987  89.093 0.0000000000
61791  6.557  -28.160  88.669 0.0000000000
62842  6.191  -26.877  87.787 0.0000000000
63855  5.579  -25.679  87.514 0.0000000000
47859  4.560  -39.009  85.569 0.0000000000
47866  4.828  -39.427  85.090 0.0000000000
49013  3.646  -39.351  85.434 0.0000000000
47868  2.771  -39.741  85.219 0.0000000000
47880  1.847  -40.160  83.991 0.0000000000
47896  0.759  -40.656  82.840 0.0000000000
49022  1.237  -39.106  83.351 0.0000000000
49023  0.745  -38.773  83.010 0.0000000000
55848  2.224  -33.543  79.820 0.0000000000
54645  2.055  -34.229  78.534 0.0000000000
56915  1.991  -32.795  78.749 0.0000000000
57964  2.365  -32.571  78.445 0.0000000000
57973  3.084  -32.255  77.153 0.0000000000
60872  7.483  -28.437  77.659 0.0000000000
58955  8.412  -30.242  77.885 0.0000000000
59891  8.210  -29.170  76.660 0.0000000000
58981  8.839  -30.557  74.856 0.0000000000
57997  8.278  -31.691  72.772 0.0000000000
56989  6.936  -32.508  70.497 0.0000000000
58002  8.259  -31.649  71.835 0.0000000000
56987  8.382  -31.618  70.061 0.0000000000
58012  8.487  -31.262  68.994 0.0000000000
59997  0.298  -28.964  68.501 0.0000000000
58040  2.923  -30.208  67.887 0.0000000000
59044  1.886  -30.303  66.857 0.0000000000
51185  3.551  -37.021  86.169 0.0000000000
52180  3.422  -36.476  85.806 0.0000000000
52175  4.466  -35.730  86.592 0.0000000000
55770  5.235  -34.517  87.388 0.0000000000
56828  6.509  -32.472  87.826 0.0000000000
56826  7.413  -33.061  87.742 0.0000000000
57863  7.241  -31.264  88.090 0.0000000000
58822  7.051  -30.795  88.569 0.0000000000
151430  7.691  -29.578  88.504 0.0000000000
51204  15.845  -35.951  81.856 0.0000000000
51216  15.506  -36.275  80.609 0.0000000000
50176  15.172  -36.298  81.912 0.0000000000
50159  13.016  -37.285  84.497 0.0000000000
50167  12.095  -37.384  83.393 0.0000000000
135690  11.666  -37.047  82.329 0.0000000000
132968  7.103  -38.615  84.412 0.0000000000
47864  7.015  -38.771  85.348 0.0000000000
47849  8.194  -38.480  86.408 0.0000000000
47850  7.693  -38.567  86.224 0.0000000000
47858  6.294  -38.792  85.958 0.0000000000
48999  5.109  -38.143  86.497 0.0000000000
50142  4.088  -37.470  86.543 0.0000000000
59832  6.738  -29.494  83.499 0.0000000000
129873  6.243  -30.416  82.337 0.0000000000
60812  7.504  -28.005  82.878 0.0000000000
61830  7.511  -27.411  81.312 0.0000000000
152342  7.299  -27.469  80.046 0.0000000000
62869  5.702  -25.480  80.918 0.0000000000
61832  6.297  -26.306  80.679 0.0000000000
61850  7.028  -27.331  79.429 0.0000000000
60858  5.834  -27.484  77.888 0.0000000000
60874  5.569  -27.825  77.119 0.0000000000
60884  4.430  -28.140  75.974 0.0000000000
130932  11.497  -34.255  85.970 0.0000000000
51213  17.509  -35.706  80.710 0.0000000000
55835  20.801  -32.619  80.779 0.0000000000
56872  20.607  -32.541  82.168 0.0000000000
54600  19.963  -33.267  81.302 0.0000000000
53348  18.904  -34.421  81.802 0.0000000000
137818  17.969  -35.111  81.525 0.0000000000
51207  16.808  -35.761  81.827 0.0000000000
138734  16.258  -35.570  83.539 0.0000000000
54589  15.565  -34.919  84.781 0.0000000000
144973  15.559  -34.309  84.776 0.0000000000
55790  14.332  -34.291  85.562 0.0000000000
55791  13.674  -33.960  85.650 0.0000000000
55792  12.889  -34.012  85.948 0.0000000000
50195  1.569  -38.831  79.807 0.0000000000
52212  2.203  -36.590  80.321 0.0000000000
52195  1.375  -36.356  81.922 0.0000000000
53360  1.946  -35.621  81.435 0.0000000000
134643  2.280  -34.885  80.712 0.0000000000
144298  1.641  -33.051  81.106 0.0000000000
58884  2.706  -31.846  81.929 0.0000000000
130622  4.183  -30.935  83.236 0.0000000000
54587  4.014  -34.962  85.888 0.0000000000
55797  2.900  -33.617  85.475 0.0000000000
152338  2.940  -32.385  85.340 0.0000000000
59798  4.696  -30.313  87.160 0.0000000000
152881  3.777  -31.112  86.183 0.0000000000
58843  3.263  -31.441  84.998 0.0000000000
142144  3.730  -31.002  84.589 0.0000000000
58852  5.137  -30.777  84.536 0.0000000000
58868  5.653  -30.507  83.916 0.0000000000
60800  6.612  -28.158  84.955 0.0000000000
62850  6.209  -26.222  84.545 0.0000000000
63861  6.050  -25.315  84.139 0.0000000000
141391  5.475  -25.279  86.298 0.0000000000
145702  5.410  -25.140  85.562 0.0000000000
64799  5.171  -24.548  84.438 0.0000000000
143166  4.932  -39.267  81.987 0.0000000000
140560  4.426  -39.461  83.934 0.0000000000
52234  3.130  -35.795  77.028 0.0000000000
51259  4.429  -36.911  76.158 0.0000000000
51332  1.670  -37.497  71.638 0.0000000000
58905  5.859  -31.068  80.807 0.0000000000
57945  5.264  -31.839  78.482 0.0000000000
57971  4.865  -32.011  77.005 0.0000000000
57958  7.646  -31.806  77.305 0.0000000000
56925  5.312  -32.513  76.352 0.0000000000
56936  3.065  -32.574  75.327 0.0000000000
151431  2.389  -32.855  73.525 0.0000000000
54696  1.295  -34.730  72.317 0.0000000000
52329  1.304  -36.770  70.646 0.0000000000
137806  1.775  -36.637  69.764 0.0000000000
54723  5.962  -33.832  69.909 0.0000000000
52354  4.843  -36.119  68.237 0.0000000000
145532  5.121  -23.467  78.598 0.0000000000
65746  5.297  -23.552  77.285 0.0000000000
64828  3.853  -24.189  77.608 0.0000000000
63909  3.277  -25.572  77.361 0.0000000000
60886  3.146  -28.100  76.103 0.0000000000
59900  3.571  -28.720  75.107 0.0000000000
61917  1.504  -27.120  73.148 0.0000000000
59934  3.018  -29.104  73.288 0.0000000000
131107  4.252  -29.244  72.844 0.0000000000
130515  5.415  -29.651  71.349 0.0000000000
59018  6.489  -30.093  69.192 0.0000000000
58019  8.124  -31.590  68.212 0.0000000000
57020  6.502  -32.432  66.918 0.0000000000
55784  10.014  -34.388  86.675 0.0000000000
55795  9.859  -34.293  85.939 0.0000000000
55783  11.192  -34.059  86.812 0.0000000000
55782  11.983  -33.900  86.774 0.0000000000
55775  10.241  -34.437  86.997 0.0000000000
48092  1.548  -40.028  69.990 0.0000000000
49218  1.306  -39.806  69.679 0.0000000000
49226  1.076  -39.726  68.668 0.0000000000
50332  1.204  -39.103  69.718 0.0000000000
51190  2.256  -37.134  84.521 0.0000000000
52183  1.953  -36.888  84.168 0.0000000000
52181  2.529  -36.668  85.023 0.0000000000
51214  16.910  -36.114  80.489 0.0000000000
144407  16.640  -36.084  79.449 0.0000000000
51224  16.177  -36.080  80.321 0.0000000000
50144  3.249  -37.409  85.941 0.0000000000
50155  2.564  -38.361  85.212 0.0000000000
50149  2.583  -37.676  85.109 0.0000000000
50150  1.895  -37.575  84.257 0.0000000000
130216  4.475  -31.039  81.889 0.0000000000
130214  4.107  -30.960  81.094 0.0000000000
130085  5.405  -30.833  82.098 0.0000000000
60910  5.705  -28.731  74.579 0.0000000000
60909  6.777  -28.668  74.598 0.0000000000
60927  6.392  -28.792  73.932 0.0000000000
59931  6.596  -29.080  73.195 0.0000000000
52169  6.561  -36.201  87.569 0.0000000000
52162  6.312  -35.795  87.521 0.0000000000
149734  6.551  -35.545  87.598 0.0000000000
51191  14.901  -35.985  84.231 0.0000000000
130362  14.876  -36.120  84.079 0.0000000000
51192  14.010  -36.175  84.498 0.0000000000
49011  10.517  -38.624  85.632 0.0000000000
49010  11.171  -38.161  85.290 0.0000000000
49019  10.016  -38.550  84.508 0.0000000000
47860  9.967  -38.761  85.241 0.0000000000
47872  9.242  -38.819  84.806 0.0000000000
47861  9.388  -38.799  85.526 0.0000000000
52168  7.254  -36.464  88.044 0.0000000000
135810  7.022  -37.092  87.895 0.0000000000
51169  6.764  -36.671  87.696 0.0000000000
50126  6.524  -37.018  87.263 0.0000000000
62853  6.233  -25.558  83.458 0.0000000000
146070  2.947  -24.801  80.202 0.0000000000
63878  3.604  -25.529  80.404 0.0000000000
63889  3.216  -25.358  79.673 0.0000000000
63899  3.426  -25.072  78.796 0.0000000000
50189  0.748  -38.701  80.815 0.0000000000
55816  1.827  -33.613  83.308 0.0000000000
56879  1.927  -33.133  82.921 0.0000000000
135796  2.271  -32.551  83.121 0.0000000000
57887  2.495  -32.351  83.820 0.0000000000
57861  5.640  -32.012  87.829 0.0000000000
57864  5.223  -32.134  87.530 0.0000000000
58825  5.604  -31.311  88.174 0.0000000000
142489  5.696  -27.669  87.082 0.0000000000
60794  5.778  -28.163  86.956 0.0000000000
144116  5.894  -27.527  86.818 0.0000000000
131233  6.256  -39.159  84.916 0.0000000000
141090  5.861  -39.037  84.176 0.0000000000
47894  2.103  -40.606  83.817 0.0000000000
144969  0.059  -38.969  81.665 0.0000000000
49045  0.281  -39.382  80.827 0.0000000000
51242  2.787  -37.413  78.882 0.0000000000
52222  2.878  -36.523  78.935 0.0000000000
56938  2.037  -33.187  76.068 0.0000000000
145888  2.037  -34.559  75.912 0.0000000000
55864  1.996  -33.568  75.346 0.0000000000
54659  2.385  -34.358  74.863 0.0000000000
135609  1.984  -33.033  75.196 0.0000000000
60841  7.900  -28.658  79.880 0.0000000000
59863  8.033  -29.531  79.568 0.0000000000
59875  8.287  -29.646  78.660 0.0000000000
56968  6.706  -32.502  72.593 0.0000000000
56955  6.640  -32.447  73.544 0.0000000000
56969  5.807  -32.474  72.959 0.0000000000
56982  4.776  -32.631  71.879 0.0000000000
55917  4.581  -33.221  70.765 0.0000000000
55898  5.104  -32.827  71.164 0.0000000000
54763  7.909  -34.838  68.823 0.0000000000
54762  8.228  -34.466  68.337 0.0000000000
65777  4.688  -23.996  74.892 0.0000000000
64850  4.217  -24.379  74.347 0.0000000000
141725  3.903  -24.565  74.526 0.0000000000
64851  3.671  -25.014  74.061 0.0000000000
60957  0.568  -28.571  70.192 0.0000000000
59980  0.934  -29.146  70.684 0.0000000000
59979  1.600  -29.162  70.976 0.0000000000
59009  1.618  -29.640  70.200 0.0000000000
59008  2.461  -29.923  70.199 0.0000000000
59023  2.117  -30.194  69.456 0.0000000000
141562  8.391  -34.267  87.319 0.0000000000
54578  8.618  -34.182  87.231 0.0000000000
56837  8.249  -33.027  86.764 0.0000000000
54574  13.127  -35.051  86.656 0.0000000000
53320  11.195  -36.018  87.252 0.0000000000
53328  11.695  -36.228  86.953 0.0000000000
140280  10.973  -37.090  87.172 0.0000000000
50128  10.921  -37.398  86.992 0.0000000000
152194  10.556  -37.182  87.282 0.0000000000
50140  10.367  -37.601  87.124 0.0000000000
52164  10.380  -36.638  87.457 0.0000000000
136832  9.635  -36.016  87.716 0.0000000000
53323  9.145  -35.578  87.809 0.0000000000
53324  8.391  -35.894  88.080 0.0000000000
66715  4.595  -22.939  81.579 0.0000000000
66722  4.648  -22.780  80.828 0.0000000000
66729  4.907  -22.848  80.179 0.0000000000
51201  0.540  -37.779  83.121 0.0000000000
135138  1.005  -37.279  83.382 0.0000000000
144346  1.825  -36.603  84.064 0.0000000000
141187  1.631  -36.629  83.996 0.0000000000
138666  1.906  -36.089  84.168 0.0000000000
151684  1.947  -35.326  84.066 0.0000000000
142743  7.196  -29.362  89.215 0.0000000000
60780  7.082  -28.817  89.234 0.0000000000
139852  7.093  -27.349  88.798 0.0000000000
61793  6.670  -27.267  88.531 0.0000000000
62841  6.256  -26.112  88.289 0.0000000000
47869  2.163  -39.801  84.592 0.0000000000
49021  1.688  -39.466  84.037 0.0000000000
50161  0.890  -38.101  83.265 0.0000000000
50162  0.564  -38.181  83.043 0.0000000000
56907  2.197  -33.208  80.071 0.0000000000
55849  1.874  -33.108  79.161 0.0000000000
57950  2.181  -32.765  79.490 0.0000000000
58926  3.497  -31.698  79.759 0.0000000000
57948  2.634  -32.282  78.973 0.0000000000
57947  3.074  -32.119  78.701 0.0000000000
57963  2.803  -32.353  78.149 0.0000000000
57962  3.629  -32.138  78.088 0.0000000000
60881  7.783  -28.690  77.032 0.0000000000
144274  8.105  -29.331  74.216 0.0000000000
59898  8.574  -29.733  75.317 0.0000000000
58988  8.715  -30.448  73.962 0.0000000000
57990  8.266  -31.767  73.730 0.0000000000
57989  8.796  -31.094  73.263 0.0000000000
57996  8.640  -31.105  72.280 0.0000000000
59973  8.408  -29.779  70.806 0.0000000000
58998  8.715  -30.302  71.037 0.0000000000
59004  8.567  -30.314  70.285 0.0000000000
58007  8.589  -30.970  69.745 0.0000000000
59016  8.335  -30.384  69.528 0.0000000000
60974  -0.247  -28.401  68.003 0.0000000000
60006  -0.020  -28.889  67.454 0.0000000000
59039  1.676  -29.382  67.807 0.0000000000
146420  0.415  -29.167  67.170 0.0000000000
50136  4.161  -37.131  86.595 0.0000000000
51180  4.249  -36.563  86.428 0.0000000000
51179  4.660  -36.239  86.675 0.0000000000
54566  5.922  -34.895  87.541 0.0000000000
54572  5.440  -34.839  87.405 0.0000000000
55767  5.745  -34.230  87.551 0.0000000000
140620  5.790  -33.399  87.605 0.0000000000
56827  6.959  -32.090  87.897 0.0000000000
55769  7.712  -33.479  87.534 0.0000000000
56831  7.714  -32.481  87.718 0.0000000000
136328  7.569  -31.738  87.823 0.0000000000
139926  7.512  -31.037  87.811 0.0000000000
58828  7.308  -30.527  88.499 0.0000000000
134423  15.993  -35.884  82.627 0.0000000000
50169  15.367  -36.011  82.556 0.0000000000
50164  13.843  -36.554  83.277 0.0000000000
50177  14.343  -36.707  82.095 0.0000000000
50171  13.679  -36.706  82.663 0.0000000000
51188  13.454  -37.339  85.989 0.0000000000
50153  13.077  -37.278  85.376 0.0000000000
49017  11.940  -37.615  84.085 0.0000000000
50173  11.515  -37.392  82.951 0.0000000000
49028  10.875  -37.633  83.174 0.0000000000
130650  9.571  -38.204  83.197 0.0000000000
150022  8.106  -38.790  85.260 0.0000000000
146597  7.699  -38.712  84.918 0.0000000000
47874  7.019  -38.759  84.996 0.0000000000
48986  8.798  -38.023  87.016 0.0000000000
49005  8.687  -38.478  86.283 0.0000000000
48995  8.438  -38.258  86.743 0.0000000000
48989  7.184  -37.757  86.875 0.0000000000
48997  7.478  -38.245  86.596 0.0000000000
47851  6.975  -38.536  86.253 0.0000000000
47852  6.300  -38.522  86.323 0.0000000000
47853  5.470  -38.641  86.134 0.0000000000
133848  5.979  -38.205  86.549 0.0000000000
152693  4.801  -37.247  86.612 0.0000000000
50141  4.863  -37.552  86.621 0.0000000000
50143  3.649  -37.386  86.368 0.0000000000
60813  7.043  -28.546  83.625 0.0000000000
60820  7.179  -28.979  82.999 0.0000000000
145393  7.000  -26.336  82.420 0.0000000000
61821  7.309  -27.234  82.203 0.0000000000
61838  7.325  -26.997  80.634 0.0000000000
62860  5.376  -25.170  81.606 0.0000000000
63872  4.749  -25.167  81.301 0.0000000000
62881  4.812  -26.170  79.997 0.0000000000
62880  5.356  -26.073  80.358 0.0000000000
61839  5.619  -26.463  79.953 0.0000000000
146263  6.522  -26.956  79.997 0.0000000000
61851  6.173  -26.753  79.265 0.0000000000
61864  6.662  -27.400  78.600 0.0000000000
61865  5.773  -26.917  78.553 0.0000000000
61878  4.405  -27.382  77.364 0.0000000000
60859  4.958  -27.567  77.336 0.0000000000
138465  4.320  -27.797  76.741 0.0000000000
152259  4.860  -27.944  76.745 0.0000000000
55805  11.642  -33.741  85.226 0.0000000000
133006  10.933  -33.307  84.539 0.0000000000
149726  11.959  -33.481  84.298 0.0000000000
52200  18.456  -34.832  80.298 0.0000000000
52210  18.485  -34.978  79.552 0.0000000000
51212  17.995  -35.323  80.144 0.0000000000
52201  17.951  -35.270  80.750 0.0000000000
144986  19.902  -32.897  82.796 0.0000000000
55823  19.944  -33.211  82.384 0.0000000000
55822  20.385  -32.760  81.472 0.0000000000
136975  19.866  -33.497  82.018 0.0000000000
54612  19.467  -33.918  81.244 0.0000000000
54601  19.461  -33.987  81.961 0.0000000000
52188  17.720  -35.142  82.104 0.0000000000
52191  17.236  -35.496  81.945 0.0000000000
52189  17.136  -35.501  82.494 0.0000000000
54593  16.759  -34.668  84.005 0.0000000000
52182  16.475  -35.164  84.028 0.0000000000
143138  16.188  -35.116  84.371 0.0000000000
154185  16.040  -35.454  84.203 0.0000000000
150150  15.074  -33.439  84.803 0.0000000000
143481  15.106  -33.853  85.134 0.0000000000
146284  14.281  -34.015  85.542 0.0000000000
55803  13.330  -33.679  85.382 0.0000000000
55804  12.321  -34.124  85.820 0.0000000000
47963  0.462  -40.563  78.735 0.0000000000
49058  0.742  -40.099  78.881 0.0000000000
51232  1.280  -38.386  80.547 0.0000000000
51231  1.831  -37.724  80.088 0.0000000000
52192  0.922  -36.848  82.779 0.0000000000
52196  1.114  -37.095  82.444 0.0000000000
53350  1.202  -36.240  82.630 0.0000000000
54627  1.454  -34.562  82.102 0.0000000000
53361  1.373  -35.396  82.064 0.0000000000
54626  1.695  -34.484  81.418 0.0000000000
54636  1.510  -33.730  81.091 0.0000000000
54635  1.906  -33.912  80.595 0.0000000000
55840  1.572  -33.374  81.345 0.0000000000
58885  2.634  -31.973  82.215 0.0000000000
58886  2.440  -32.461  81.910 0.0000000000
131788  3.148  -31.268  82.203 0.0000000000
58870  3.373  -31.054  83.104 0.0000000000
135104  4.188  -35.236  86.158 0.0000000000
53335  3.738  -35.739  85.824 0.0000000000
54586  4.359  -34.589  86.612 0.0000000000
56839  4.011  -32.944  86.744 0.0000000000
55788  3.477  -33.602  86.022 0.0000000000
56840  3.539  -32.887  86.304 0.0000000000
56845  3.160  -32.896  85.701 0.0000000000
57873  3.320  -32.135  85.902 0.0000000000
60782  6.013  -29.612  88.268 0.0000000000
59794  5.001  -30.559  87.667 0.0000000000
59793  5.266  -30.036  87.608 0.0000000000
59808  4.562  -30.641  86.542 0.0000000000
59802  4.436  -30.656  86.807 0.0000000000
59803  4.100  -30.851  86.325 0.0000000000
152596  3.718  -31.052  85.680 0.0000000000
153859  3.573  -31.127  85.139 0.0000000000
58854  3.401  -31.212  84.667 0.0000000000
58842  3.889  -30.876  85.298 0.0000000000
59818  5.432  -30.463  85.357 0.0000000000
59817  6.058  -30.092  84.800 0.0000000000
59816  6.650  -29.109  84.369 0.0000000000
60801  6.394  -29.127  85.213 0.0000000000
62848  6.187  -26.487  85.651 0.0000000000
151490  5.838  -25.843  84.939 0.0000000000
63857  5.647  -25.885  86.683 0.0000000000
146970  14.808  -36.319  80.918 0.0000000000
51226  14.846  -36.359  80.109 0.0000000000
49032  5.555  -39.187  82.813 0.0000000000
47867  3.995  -39.655  85.090 0.0000000000
47877  4.198  -39.582  84.517 0.0000000000
49050  0.606  -40.045  79.865 0.0000000000
50207  3.875  -38.160  78.036 0.0000000000
50214  3.313  -39.041  77.492 0.0000000000
50213  4.094  -38.441  77.262 0.0000000000
137516  4.512  -38.019  76.491 0.0000000000
53398  2.295  -34.820  78.091 0.0000000000
53411  2.712  -35.393  77.615 0.0000000000
53412  2.265  -34.759  77.200 0.0000000000
52259  3.531  -35.539  75.023 0.0000000000
53424  3.452  -35.528  76.015 0.0000000000
52258  4.129  -36.014  75.631 0.0000000000
51272  4.612  -37.475  75.476 0.0000000000
51286  3.431  -36.742  73.979 0.0000000000
53477  2.202  -35.825  73.602 0.0000000000
51302  2.963  -36.997  73.284 0.0000000000
51303  2.308  -37.011  72.896 0.0000000000
51319  1.981  -37.195  72.309 0.0000000000
52304  1.232  -36.105  72.397 0.0000000000
58891  6.928  -29.912  81.732 0.0000000000
58892  6.094  -30.718  81.584 0.0000000000
58904  6.872  -30.607  80.967 0.0000000000
131981  7.150  -31.426  78.980 0.0000000000
58939  5.981  -31.574  79.155 0.0000000000
57961  4.606  -32.066  77.833 0.0000000000
57960  5.610  -32.132  77.705 0.0000000000
154037  8.448  -30.738  77.299 0.0000000000
58956  8.113  -31.187  77.735 0.0000000000
57968  7.781  -31.942  76.467 0.0000000000
137147  5.648  -32.484  74.820 0.0000000000
56934  5.667  -32.521  75.665 0.0000000000
56935  4.782  -32.617  75.537 0.0000000000
133195  3.860  -32.557  74.960 0.0000000000
56959  2.412  -32.738  74.141 0.0000000000
56958  3.215  -32.833  73.666 0.0000000000
55901  2.986  -33.602  71.576 0.0000000000
55887  2.620  -33.522  72.366 0.0000000000
54710  1.488  -34.617  71.614 0.0000000000
53511  1.085  -35.288  71.755 0.0000000000
53526  1.607  -35.405  70.702 0.0000000000
52328  1.539  -36.089  70.467 0.0000000000
54727  2.189  -35.112  70.421 0.0000000000
53541  3.290  -35.407  69.576 0.0000000000
52355  3.975  -36.077  68.175 0.0000000000
55915  6.302  -32.849  69.986 0.0000000000
55934  7.043  -33.526  69.687 0.0000000000
53560  6.570  -35.754  68.752 0.0000000000
147891  6.036  -35.248  69.169 0.0000000000
52353  5.960  -36.294  68.337 0.0000000000
51392  5.697  -37.475  67.459 0.0000000000
65754  5.269  -23.647  76.569 0.0000000000
145046  4.542  -23.637  77.001 0.0000000000
146981  4.636  -23.874  77.819 0.0000000000
65747  3.940  -23.790  76.959 0.0000000000
64829  3.448  -24.482  77.035 0.0000000000
62954  2.517  -26.407  75.163 0.0000000000
62939  2.729  -26.524  76.177 0.0000000000
60887  2.711  -27.787  75.632 0.0000000000
60900  3.363  -28.415  75.613 0.0000000000
60913  3.140  -28.539  74.779 0.0000000000
63981  1.590  -26.210  71.198 0.0000000000
63980  2.164  -25.920  71.513 0.0000000000
63968  2.379  -25.864  72.208 0.0000000000
63952  2.423  -25.656  72.912 0.0000000000
63953  1.984  -26.133  72.513 0.0000000000
59963  2.666  -29.386  71.872 0.0000000000
60928  1.879  -28.593  72.706 0.0000000000
59949  3.377  -29.319  72.577 0.0000000000
59933  3.689  -29.040  73.493 0.0000000000
130740  4.140  -29.436  72.049 0.0000000000
59948  5.025  -29.252  72.159 0.0000000000
59961  4.697  -29.554  71.577 0.0000000000
59019  5.504  -30.208  69.371 0.0000000000
59030  6.921  -30.461  68.515 0.0000000000
58020  7.222  -31.179  68.025 0.0000000000
57024  3.593  -31.195  67.706 0.0000000000
54577  9.418  -34.605  87.225 0.0000000000
55776  8.681  -33.926  87.012 0.0000000000
130065  12.508  -33.957  86.830 0.0000000000
54585  12.607  -34.225  87.081 0.0000000000
55773  11.785  -34.552  87.303 0.0000000000
54575  11.026  -34.964  87.312 0.0000000000
54568  10.587  -35.633  87.398 0.0000000000
54576  10.313  -34.886  87.240 0.0000000000
153579  0.882  -39.092  67.907 0.0000000000
50350  1.310  -38.743  68.603 0.0000000000
137859  1.137  -37.423  83.459 0.0000000000
53339  2.289  -36.019  84.668 0.0000000000
49008  3.528  -38.247  86.176 0.0000000000
49016  1.551  -38.586  83.941 0.0000000000
50157  1.399  -37.807  83.772 0.0000000000
153991  2.764  -31.625  81.033 0.0000000000
58928  2.647  -31.887  80.162 0.0000000000
132847  3.143  -31.529  80.339 0.0000000000
58907  3.822  -31.384  80.472 0.0000000000
58925  4.481  -31.771  79.950 0.0000000000
133483  6.381  -28.461  76.152 0.0000000000
133787  7.377  -28.715  76.174 0.0000000000
60895  7.556  -28.718  75.182 0.0000000000
60908  7.601  -28.930  74.387 0.0000000000
59929  7.774  -29.240  73.677 0.0000000000
59944  8.450  -29.820  72.735 0.0000000000
59945  8.011  -29.455  72.336 0.0000000000
59958  8.001  -29.438  71.398 0.0000000000
59959  7.165  -29.611  71.144 0.0000000000
51178  5.160  -36.421  86.844 0.0000000000
51172  5.083  -36.027  87.036 0.0000000000
52171  5.637  -35.715  87.331 0.0000000000
53318  6.230  -35.312  87.536 0.0000000000
148709  6.640  -34.125  87.642 0.0000000000
57862  7.684  -31.758  87.726 0.0000000000
58831  8.081  -30.587  87.236 0.0000000000
148774  7.955  -30.399  87.508 0.0000000000
59796  8.284  -29.611  87.828 0.0000000000
58830  8.632  -29.771  87.416 0.0000000000
51195  15.429  -35.923  83.482 0.0000000000
51199  15.523  -36.288  83.065 0.0000000000
51196  14.810  -36.156  83.637 0.0000000000
130954  14.045  -36.538  83.799 0.0000000000
131625  13.443  -37.145  83.942 0.0000000000
151366  11.943  -38.080  85.881 0.0000000000
129472  12.527  -37.808  85.787 0.0000000000
49002  11.895  -37.997  85.596 0.0000000000
49018  11.187  -37.943  84.526 0.0000000000
145192  10.625  -38.153  84.301 0.0000000000
47862  8.149  -38.725  85.621 0.0000000000
50123  7.959  -37.685  88.169 0.0000000000
147321  8.106  -38.065  87.037 0.0000000000
50124  7.345  -37.413  88.028 0.0000000000
50132  7.253  -37.530  87.480 0.0000000000
48990  6.493  -37.684  86.769 0.0000000000
50134  6.209  -37.101  86.882 0.0000000000
50127  5.947  -36.560  87.031 0.0000000000
62852  6.770  -26.412  83.396 0.0000000000
133938  6.419  -25.693  82.637 0.0000000000
62868  6.549  -25.759  81.659 0.0000000000
63873  4.062  -25.240  81.176 0.0000000000
62870  4.417  -25.599  80.733 0.0000000000
62882  4.140  -26.127  80.238 0.0000000000
62895  4.338  -26.271  79.668 0.0000000000
61853  4.365  -26.456  78.880 0.0000000000
62910  3.816  -26.432  78.552 0.0000000000
61868  3.779  -26.787  77.618 0.0000000000
152637  18.609  -34.611  81.066 0.0000000000
55810  19.416  -33.398  83.031 0.0000000000
53342  17.349  -34.964  83.103 0.0000000000
54592  17.563  -34.179  83.802 0.0000000000
134907  17.011  -34.096  84.037 0.0000000000
55802  14.164  -33.443  85.236 0.0000000000
49049  0.801  -39.968  79.503 0.0000000000
51219  1.014  -37.949  81.192 0.0000000000
139739  1.219  -35.355  83.019 0.0000000000
54613  1.311  -34.454  82.692 0.0000000000
141240  1.648  -33.849  82.033 0.0000000000
56896  1.807  -32.928  81.498 0.0000000000
56889  1.973  -32.990  82.137 0.0000000000
58873  2.407  -32.346  82.572 0.0000000000
58872  2.578  -31.808  83.181 0.0000000000
156842  4.668  -34.228  87.147 0.0000000000
55779  4.385  -33.972  86.890 0.0000000000
56834  4.730  -33.006  87.212 0.0000000000
56836  4.430  -32.526  86.967 0.0000000000
57868  4.522  -31.674  87.049 0.0000000000
60786  6.127  -28.683  88.114 0.0000000000
60791  5.408  -29.147  87.007 0.0000000000
59807  5.332  -30.006  86.571 0.0000000000
59806  5.709  -29.336  86.519 0.0000000000
143819  6.227  -28.401  85.915 0.0000000000
61799  6.249  -27.351  86.288 0.0000000000
50190  13.281  -36.502  80.480 0.0000000000
143703  13.975  -36.516  79.896 0.0000000000
47890  6.441  -38.777  83.866 0.0000000000
47891  5.111  -39.353  83.633 0.0000000000
143005  -0.070  -39.829  82.895 0.0000000000
47909  -0.160  -40.583  82.771 0.0000000000
140506  -0.180  -39.996  82.412 0.0000000000
136349  0.273  -40.275  80.325 0.0000000000
50201  2.376  -38.447  78.654 0.0000000000
51252  3.187  -37.704  78.508 0.0000000000
51251  3.919  -36.832  77.898 0.0000000000
54653  1.812  -34.203  76.685 0.0000000000
53426  2.263  -34.868  76.291 0.0000000000
153691  2.506  -35.085  75.848 0.0000000000
154333  2.914  -35.626  74.589 0.0000000000
131050  3.098  -36.169  74.287 0.0000000000
53458  2.701  -35.419  74.532 0.0000000000
53459  2.235  -35.271  74.044 0.0000000000
54668  1.916  -34.576  74.065 0.0000000000
58903  7.521  -29.782  80.893 0.0000000000
58922  7.504  -30.324  80.171 0.0000000000
129803  7.798  -30.516  79.339 0.0000000000
57982  8.175  -31.931  74.679 0.0000000000
57977  7.933  -31.982  75.580 0.0000000000
56932  7.366  -32.314  75.029 0.0000000000
56956  5.734  -32.541  73.884 0.0000000000
140683  4.206  -32.650  73.484 0.0000000000
56970  4.495  -32.616  72.662 0.0000000000
56983  4.009  -32.796  71.925 0.0000000000
55919  3.273  -33.525  71.124 0.0000000000
54726  3.216  -34.192  70.778 0.0000000000
54725  4.177  -34.138  70.609 0.0000000000
54744  4.642  -34.761  70.077 0.0000000000
55933  8.054  -33.316  69.428 0.0000000000
134960  6.796  -34.325  69.584 0.0000000000
54742  7.675  -34.256  69.328 0.0000000000
52352  6.994  -36.315  68.242 0.0000000000
65766  4.456  -24.100  75.564 0.0000000000
65767  4.029  -24.327  75.795 0.0000000000
64837  3.689  -24.486  76.313 0.0000000000
64844  3.678  -24.550  75.365 0.0000000000
63936  3.113  -25.156  74.688 0.0000000000
62955  2.591  -26.493  73.981 0.0000000000
63000  0.952  -26.602  71.057 0.0000000000
61937  0.835  -27.239  71.506 0.0000000000
138838  1.198  -27.500  71.991 0.0000000000
60946  0.922  -28.136  71.717 0.0000000000
59964  1.871  -29.107  71.599 0.0000000000
58999  3.009  -29.718  70.997 0.0000000000
59978  3.814  -29.954  70.967 0.0000000000
59007  3.279  -30.085  70.210 0.0000000000
59021  3.574  -30.400  69.530 0.0000000000
59032  4.806  -30.626  68.829 0.0000000000
53316  7.707  -35.219  87.630 0.0000000000
54563  7.199  -34.618  87.602 0.0000000000
54562  7.829  -34.386  87.439 0.0000000000
56838  8.008  -32.049  86.847 0.0000000000
53332  14.381  -35.351  85.393 0.0000000000
153525  13.786  -36.223  85.361 0.0000000000
52177  14.081  -36.089  86.065 0.0000000000
51181  13.772  -36.823  86.134 0.0000000000
148040  12.843  -36.737  86.420 0.0000000000
53327  12.471  -35.724  86.797 0.0000000000
51173  12.319  -36.375  86.691 0.0000000000
50137  12.239  -37.673  86.245 0.0000000000
50147  11.516  -37.985  86.194 0.0000000000
48992  10.705  -38.287  86.343 0.0000000000
49004  10.364  -38.743  86.116 0.0000000000
142132  9.515  -38.712  86.158 0.0000000000
149859  10.359  -38.089  86.785 0.0000000000
50129  9.780  -37.545  87.363 0.0000000000
50121  9.484  -37.303  87.787 0.0000000000
52165  9.889  -36.523  87.671 0.0000000000
51165  9.728  -36.886  87.847 0.0000000000
51166  9.139  -37.034  88.244 0.0000000000
131665  8.638  -36.614  88.306 0.0000000000
52167  7.899  -36.528  88.287 0.0000000000
64801  5.222  -24.524  83.632 0.0000000000
63865  5.466  -24.950  83.120 0.0000000000
64804  4.826  -24.634  82.907 0.0000000000
64805  4.205  -24.731  82.331 0.0000000000
66707  4.644  -23.117  82.425 0.0000000000
65718  3.937  -23.474  81.977 0.0000000000
65719  3.622  -23.944  81.468 0.0000000000
65723  3.599  -23.877  80.453 0.0000000000
65727  3.935  -23.607  79.433 0.0000000000
50175  0.286  -38.488  82.152 0.0000000000
51211  0.729  -38.183  82.014 0.0000000000
51206  0.517  -37.950  82.611 0.0000000000
51205  0.708  -37.336  82.978 0.0000000000
143764  1.020  -36.915  83.241 0.0000000000
52190  1.196  -36.858  83.474 0.0000000000
53343  1.332  -36.315  83.364 0.0000000000
140780  1.496  -35.283  83.498 0.0000000000
54599  1.871  -34.433  83.718 0.0000000000
55809  2.261  -33.657  83.995 0.0000000000
59790  6.989  -30.380  89.061 0.0000000000
152007  5.642  -30.527  88.221 0.0000000000
140596  6.899  -28.135  89.019 0.0000000000
61794  6.151  -27.715  87.698 0.0000000000
152080  5.833  -27.004  87.228 0.0000000000
62844  5.662  -26.454  87.103 0.0000000000
148802  5.713  -26.198  87.733 0.0000000000
135422  5.527  -39.086  85.559 0.0000000000
143164  3.320  -40.039  85.126 0.0000000000
47881  1.267  -39.975  83.330 0.0000000000
47882  0.791  -39.723  82.866 0.0000000000
49027  0.264  -39.036  82.842 0.0000000000
54640  2.371  -34.275  79.643 0.0000000000
135677  2.524  -35.021  79.062 0.0000000000
130410  1.876  -33.646  78.886 0.0000000000
144082  1.880  -33.763  78.148 0.0000000000
57949  2.379  -32.480  79.382 0.0000000000
56920  2.073  -32.922  77.898 0.0000000000
56919  2.408  -32.628  77.556 0.0000000000
56928  2.449  -32.716  76.651 0.0000000000
140854  8.030  -28.747  78.281 0.0000000000
59883  8.253  -29.201  77.655 0.0000000000
59882  8.533  -29.914  77.091 0.0000000000
58967  8.518  -30.691  76.601 0.0000000000
59899  8.118  -29.125  75.730 0.0000000000
58974  8.609  -30.595  75.748 0.0000000000
57976  8.566  -31.403  75.215 0.0000000000
56954  7.570  -32.232  73.180 0.0000000000
56980  6.779  -32.464  71.583 0.0000000000
56967  7.564  -32.164  72.235 0.0000000000
56979  7.793  -32.287  71.305 0.0000000000
56988  7.978  -32.343  70.351 0.0000000000
147040  8.655  -30.522  71.791 0.0000000000
56978  8.438  -31.679  70.938 0.0000000000
153841  7.934  -32.645  69.760 0.0000000000
56997  8.203  -32.420  69.608 0.0000000000
56996  8.489  -31.853  69.285 0.0000000000
57006  8.484  -32.231  68.626 0.0000000000
138016  0.250  -28.337  69.342 0.0000000000
146034  0.930  -29.300  68.937 0.0000000000
58026  2.279  -30.157  68.704 0.0000000000
59034  1.817  -29.473  68.376 0.0000000000
59052  1.377  -29.811  66.712 0.0000000000
49189  1.714  -38.610  70.792 0.0000000000
53334  4.110  -35.795  86.138 0.0000000000
53330  4.516  -35.611  86.565 0.0000000000
52174  5.093  -35.879  87.177 0.0000000000
54573  5.088  -34.993  87.254 0.0000000000
139505  4.928  -34.660  87.249 0.0000000000
55768  5.374  -33.672  87.481 0.0000000000
56829  5.998  -32.668  87.768 0.0000000000
57859  6.723  -31.564  88.110 0.0000000000
55765  7.073  -34.021  87.658 0.0000000000
154675  6.986  -33.393  87.732 0.0000000000
56832  7.305  -32.044  88.182 0.0000000000
135245  6.969  -32.588  87.857 0.0000000000
57857  7.157  -31.588  88.014 0.0000000000
57858  6.936  -31.288  88.213 0.0000000000
58823  6.893  -30.892  88.508 0.0000000000
59789  7.131  -30.079  89.140 0.0000000000
151143  16.455  -36.132  81.362 0.0000000000
51215  16.139  -36.384  80.963 0.0000000000
51208  15.853  -36.174  81.466 0.0000000000
51209  15.381  -36.330  81.215 0.0000000000
50183  14.597  -36.445  81.621 0.0000000000
50170  14.485  -36.348  82.565 0.0000000000
50184  14.187  -36.383  81.376 0.0000000000
50185  13.510  -36.400  81.303 0.0000000000
50179  12.205  -36.646  81.925 0.0000000000
50152  13.454  -36.679  85.002 0.0000000000
50158  13.477  -36.891  84.485 0.0000000000
137538  13.085  -37.379  84.000 0.0000000000
50160  12.534  -37.496  84.306 0.0000000000
50166  12.700  -37.390  83.759 0.0000000000
50172  12.190  -37.051  82.685 0.0000000000
50180  11.531  -36.862  81.673 0.0000000000
139909  10.275  -37.748  82.841 0.0000000000
47888  7.847  -38.666  84.226 0.0000000000
47854  8.749  -38.625  85.810 0.0000000000
47855  8.177  -38.637  86.034 0.0000000000
48996  7.994  -38.318  86.701 0.0000000000
47856  7.667  -38.700  85.733 0.0000000000
47857  7.044  -38.721  85.808 0.0000000000
47865  6.329  -39.016  85.432 0.0000000000
49006  4.626  -38.488  86.121 0.0000000000
49000  4.196  -38.061  86.436 0.0000000000
49001  3.628  -37.841  86.451 0.0000000000
58880  6.247  -30.355  83.239 0.0000000000
59840  6.842  -29.746  82.682 0.0000000000
59839  7.357  -28.923  82.176 0.0000000000
60826  7.381  -28.019  81.997 0.0000000000
59852  7.856  -28.898  80.721 0.0000000000
60833  7.741  -27.924  80.540 0.0000000000
153915  7.601  -27.936  79.809 0.0000000000
63868  5.747  -25.165  82.649 0.0000000000
62859  6.011  -25.266  82.005 0.0000000000
148950  5.039  -25.229  80.793 0.0000000000
60842  7.573  -27.988  79.180 0.0000000000
60857  7.298  -28.106  78.329 0.0000000000
154031  6.573  -27.714  78.095 0.0000000000
60873  6.527  -27.952  77.554 0.0000000000
149750  6.161  -28.098  76.786 0.0000000000
60883  5.431  -28.222  76.232 0.0000000000
60898  5.035  -28.543  75.365 0.0000000000
60911  4.712  -28.827  74.760 0.0000000000
55806  10.611  -33.878  85.448 0.0000000000
53359  18.966  -34.362  81.150 0.0000000000
53344  18.804  -34.312  82.482 0.0000000000
52194  17.513  -35.529  81.328 0.0000000000
132168  17.004  -36.049  81.302 0.0000000000
151152  16.493  -35.871  81.729 0.0000000000
52184  16.743  -35.327  83.324 0.0000000000
52185  16.480  -35.724  83.081 0.0000000000
52186  15.916  -35.767  83.482 0.0000000000
52179  15.742  -35.705  84.018 0.0000000000
53336  15.628  -35.457  84.428 0.0000000000
53337  14.936  -35.380  84.796 0.0000000000
55800  16.885  -33.590  84.144 0.0000000000
55789  16.054  -33.987  84.447 0.0000000000
56841  15.655  -33.487  84.324 0.0000000000
54581  15.051  -34.496  85.268 0.0000000000
53331  14.950  -35.021  85.187 0.0000000000
54582  14.438  -34.814  85.630 0.0000000000
55780  13.541  -34.260  85.778 0.0000000000
55781  12.776  -34.241  86.360 0.0000000000
50203  1.266  -39.643  79.335 0.0000000000
50202  1.736  -39.039  78.937 0.0000000000
51243  2.137  -38.114  79.312 0.0000000000
53385  2.526  -35.390  80.013 0.0000000000
51210  1.106  -37.826  81.906 0.0000000000
52203  1.322  -37.262  81.630 0.0000000000
52202  1.837  -36.555  81.203 0.0000000000
53375  2.333  -35.841  80.807 0.0000000000
55842  1.788  -33.318  80.669 0.0000000000
57925  2.195  -32.473  80.678 0.0000000000
58909  2.199  -32.460  81.207 0.0000000000
57924  2.369  -32.199  80.767 0.0000000000
150334  2.915  -31.489  81.479 0.0000000000
58883  3.856  -30.990  82.469 0.0000000000
58882  4.863  -30.908  82.779 0.0000000000
53338  2.754  -36.141  85.370 0.0000000000
54590  2.887  -35.275  85.484 0.0000000000
144349  3.866  -34.250  86.197 0.0000000000
143569  3.345  -34.356  85.703 0.0000000000
54594  2.624  -34.415  85.218 0.0000000000
55808  2.491  -33.648  84.826 0.0000000000
56854  2.685  -32.920  85.112 0.0000000000
57878  2.687  -32.330  84.711 0.0000000000
58832  4.625  -30.918  87.303 0.0000000000
58833  4.187  -31.126  86.794 0.0000000000
143729  4.624  -30.330  86.979 0.0000000000
58835  4.292  -30.801  86.919 0.0000000000
57872  3.684  -31.498  86.323 0.0000000000
58839  3.475  -31.512  85.752 0.0000000000
57877  3.035  -31.907  85.208 0.0000000000
57886  2.781  -31.876  84.419 0.0000000000
58855  2.880  -31.535  84.127 0.0000000000
131503  3.094  -31.202  83.823 0.0000000000
59819  4.479  -30.775  85.163 0.0000000000
58853  4.136  -31.039  84.044 0.0000000000
58869  4.935  -30.939  83.671 0.0000000000
58881  5.510  -30.756  83.290 0.0000000000
153914  6.225  -29.907  83.953 0.0000000000
134777  6.872  -28.083  84.238 0.0000000000
61803  6.638  -27.086  84.343 0.0000000000
63859  5.575  -25.187  84.798 0.0000000000
63862  5.770  -24.812  83.889 0.0000000000
65710  4.786  -23.749  84.229 0.0000000000
55807  9.466  -33.641  85.330 0.0000000000
153128  15.188  -36.014  79.337 0.0000000000
51238  14.486  -35.833  78.866 0.0000000000
47892  4.178  -39.574  83.181 0.0000000000
49070  2.340  -39.542  77.576 0.0000000000
53397  2.774  -35.669  78.571 0.0000000000
143504  2.607  -35.213  76.874 0.0000000000
52248  4.007  -36.291  76.712 0.0000000000
141566  4.822  -38.084  75.060 0.0000000000
50293  1.300  -37.939  71.083 0.0000000000
58906  4.829  -31.326  80.641 0.0000000000
156414  6.585  -30.912  80.290 0.0000000000
58924  5.632  -31.430  79.974 0.0000000000
58940  4.919  -31.633  79.216 0.0000000000
57946  4.316  -31.827  78.612 0.0000000000
57972  3.986  -31.989  77.108 0.0000000000
156821  3.662  -32.498  76.571 0.0000000000
57959  6.659  -32.038  77.541 0.0000000000
56923  7.187  -32.417  75.928 0.0000000000
57969  6.921  -32.159  76.747 0.0000000000
57970  5.915  -32.306  76.949 0.0000000000
150833  3.826  -32.706  75.915 0.0000000000
154847  1.996  -32.797  74.496 0.0000000000
56961  1.678  -33.191  73.955 0.0000000000
54681  1.492  -34.531  73.044 0.0000000000
56972  2.899  -33.122  72.940 0.0000000000
55888  2.054  -33.790  72.640 0.0000000000
155669  1.327  -35.125  72.682 0.0000000000
134478  0.970  -35.989  71.809 0.0000000000
52317  1.183  -36.704  71.313 0.0000000000
51346  1.226  -37.610  70.847 0.0000000000
131161  1.344  -38.274  70.163 0.0000000000
51357  1.949  -37.400  69.127 0.0000000000
50349  1.744  -37.854  68.348 0.0000000000
55916  5.466  -33.186  70.469 0.0000000000
138812  5.383  -34.605  69.965 0.0000000000
53539  5.123  -34.995  69.187 0.0000000000
54743  6.078  -34.742  69.578 0.0000000000
53561  5.517  -35.744  68.818 0.0000000000
53562  4.553  -35.705  68.814 0.0000000000
52374  4.217  -36.625  67.871 0.0000000000
66728  5.571  -22.789  79.821 0.0000000000
65726  4.780  -23.187  79.467 0.0000000000
65736  4.427  -23.596  78.785 0.0000000000
142967  5.436  -23.581  77.943 0.0000000000
146042  3.697  -24.432  78.341 0.0000000000
63900  3.413  -25.622  78.211 0.0000000000
62911  3.473  -26.237  78.006 0.0000000000
61880  3.528  -27.259  77.043 0.0000000000
145994  2.880  -25.895  76.629 0.0000000000
61890  2.908  -27.406  76.472 0.0000000000
60875  3.614  -27.623  76.583 0.0000000000
60885  3.752  -27.950  76.118 0.0000000000
60912  4.095  -28.724  75.286 0.0000000000
59911  4.919  -29.009  74.027 0.0000000000
61899  2.164  -27.124  73.943 0.0000000000
60929  1.663  -27.877  73.052 0.0000000000
156729  2.053  -28.070  73.600 0.0000000000
137661  2.572  -28.320  74.020 0.0000000000
59913  3.426  -28.794  74.173 0.0000000000
149542  4.370  -29.063  73.582 0.0000000000
59932  5.037  -29.284  73.179 0.0000000000
59947  5.898  -29.265  72.665 0.0000000000
59960  6.029  -29.535  71.802 0.0000000000
59975  6.967  -29.566  70.285 0.0000000000
59976  5.677  -29.876  70.640 0.0000000000
59990  6.151  -29.758  69.918 0.0000000000
59988  7.772  -29.720  69.828 0.0000000000
59029  7.915  -30.744  68.664 0.0000000000
132582  8.424  -33.142  68.253 0.0000000000
58014  2.688  -30.554  68.812 0.0000000000
58023  4.121  -31.107  68.341 0.0000000000
58036  6.416  -31.716  67.514 0.0000000000
58035  7.397  -31.968  67.517 0.0000000000
55961  8.343  -33.970  67.828 0.0000000000
48985  9.665  -38.027  87.004 0.0000000000
48987  8.272  -38.025  87.169 0.0000000000
48993  10.018  -38.575  86.623 0.0000000000
49206  1.621  -39.397  70.322 0.0000000000
50122  8.768  -37.572  88.039 0.0000000000
50125  6.847  -37.124  87.644 0.0000000000
50131  7.855  -37.924  87.560 0.0000000000
50135  5.483  -36.969  86.736 0.0000000000
50138  11.376  -37.536  86.633 0.0000000000
50145  13.412  -37.277  85.776 0.0000000000
50154  12.448  -37.520  85.089 0.0000000000
50272  2.251  -37.703  71.919 0.0000000000
50313  1.424  -38.469  70.488 0.0000000000
51163  6.920  -36.373  87.781 0.0000000000
51164  10.215  -36.903  87.503 0.0000000000
51167  8.308  -37.135  88.362 0.0000000000
51168  7.078  -36.806  87.990 0.0000000000
51171  5.622  -36.104  87.187 0.0000000000
51174  11.933  -36.944  86.722 0.0000000000
51176  10.622  -36.942  87.352 0.0000000000
51182  12.613  -37.227  86.352 0.0000000000
51183  11.777  -37.314  86.621 0.0000000000
51184  3.874  -36.948  86.390 0.0000000000
51186  14.034  -35.976  84.607 0.0000000000
51320  1.408  -36.763  71.906 0.0000000000
51333  1.285  -37.296  71.305 0.0000000000
51358  1.459  -37.531  70.000 0.0000000000
52159  7.507  -35.952  87.994 0.0000000000
52161  6.736  -35.823  87.651 0.0000000000
52163  10.956  -36.684  87.249 0.0000000000
52170  6.004  -36.080  87.354 0.0000000000
52172  5.252  -35.804  87.157 0.0000000000
52173  11.451  -36.827  86.963 0.0000000000
52178  3.759  -36.575  86.148 0.0000000000
52257  4.436  -36.599  75.332 0.0000000000
52287  2.686  -36.587  73.569 0.0000000000
52288  2.156  -36.448  73.243 0.0000000000
52303  1.754  -36.645  72.667 0.0000000000
52373  5.280  -36.817  67.934 0.0000000000
53317  7.033  -35.436  87.681 0.0000000000
53322  10.096  -36.141  87.525 0.0000000000
53325  6.103  -35.414  87.548 0.0000000000
53326  5.084  -35.398  87.173 0.0000000000
53329  4.835  -35.469  86.968 0.0000000000
53442  2.953  -35.187  75.426 0.0000000000
53478  1.691  -35.317  73.297 0.0000000000
53496  1.075  -35.466  72.233 0.0000000000
53527  1.141  -35.883  71.195 0.0000000000
53543  2.012  -35.779  70.070 0.0000000000
54565  6.325  -34.902  87.571 0.0000000000
54567  11.349  -35.334  87.301 0.0000000000
54579  4.932  -35.077  87.152 0.0000000000
54580  4.637  -35.052  86.841 0.0000000000
54583  13.659  -34.617  85.932 0.0000000000
54658  2.336  -34.498  75.314 0.0000000000
54667  2.555  -34.891  74.805 0.0000000000
54708  2.647  -34.062  71.192 0.0000000000
54709  2.026  -34.389  71.204 0.0000000000
54728  1.314  -35.132  71.246 0.0000000000
54745  3.680  -34.845  70.113 0.0000000000
55766  6.266  -34.184  87.621 0.0000000000
55771  4.894  -33.831  87.327 0.0000000000
55772  4.494  -33.470  87.050 0.0000000000
55836  1.752  -33.277  81.910 0.0000000000
55853  1.870  -33.251  78.324 0.0000000000
55857  1.820  -33.508  77.459 0.0000000000
55868  1.886  -33.280  74.704 0.0000000000
55878  1.841  -33.291  73.255 0.0000000000
55879  1.686  -33.801  73.540 0.0000000000
55889  1.643  -34.032  72.811 0.0000000000
55900  3.566  -32.961  71.245 0.0000000000
55902  2.154  -34.040  71.781 0.0000000000
55903  1.611  -34.266  72.244 0.0000000000
55918  3.734  -33.156  70.887 0.0000000000
55932  8.439  -33.004  68.989 0.0000000000
56830  5.537  -32.801  87.568 0.0000000000
56855  2.461  -32.921  84.325 0.0000000000
56899  1.917  -32.957  80.722 0.0000000000
56924  6.240  -32.462  76.190 0.0000000000
56926  4.420  -32.541  76.464 0.0000000000
56927  3.067  -32.626  76.246 0.0000000000
56929  1.935  -32.966  77.026 0.0000000000
56944  6.541  -32.396  74.440 0.0000000000
56946  3.133  -32.656  74.518 0.0000000000
56947  2.447  -32.641  74.853 0.0000000000
56960  1.891  -32.829  73.848 0.0000000000
56971  3.706  -32.835  72.784 0.0000000000
56973  2.138  -33.042  73.079 0.0000000000
56990  5.997  -32.672  70.879 0.0000000000
57860  6.154  -31.824  88.052 0.0000000000
57865  4.841  -32.275  87.238 0.0000000000
57870  3.978  -31.842  86.709 0.0000000000
57901  2.607  -31.937  83.707 0.0000000000
57909  2.275  -32.625  82.446 0.0000000000
57935  2.297  -32.639  80.091 0.0000000000
57943  7.381  -31.629  78.123 0.0000000000
57957  8.277  -31.419  76.983 0.0000000000
57981  8.675  -31.280  74.294 0.0000000000
58001  8.712  -31.021  71.395 0.0000000000
58021  6.179  -31.054  68.092 0.0000000000
58024  3.465  -30.962  68.406 0.0000000000
58025  3.240  -30.757  68.243 0.0000000000
58027  2.551  -29.781  67.901 0.0000000000
58826  5.245  -31.572  87.855 0.0000000000
58829  5.071  -31.066  87.955 0.0000000000
58836  4.037  -30.944  86.532 0.0000000000
58893  2.561  -31.964  81.227 0.0000000000
58894  2.359  -32.330  81.323 0.0000000000
58908  2.693  -31.767  80.630 0.0000000000
58941  3.526  -31.862  78.959 0.0000000000
58942  2.922  -31.931  79.343 0.0000000000
58943  2.698  -31.995  79.646 0.0000000000
58994  8.722  -30.402  72.500 0.0000000000
59005  5.134  -30.132  70.124 0.0000000000
59017  7.522  -30.085  69.149 0.0000000000
59020  4.489  -30.360  69.456 0.0000000000
59022  2.792  -30.360  69.516 0.0000000000
59024  1.526  -29.824  69.255 0.0000000000
59033  4.030  -30.730  69.060 0.0000000000
59045  1.067  -29.700  67.087 0.0000000000
59051  2.137  -29.854  66.244 0.0000000000
59797  4.977  -29.874  87.060 0.0000000000
59890  8.471  -29.833  76.204 0.0000000000
59908  8.531  -29.762  74.493 0.0000000000
59912  4.042  -28.880  74.393 0.0000000000
59914  2.864  -28.798  73.726 0.0000000000
59928  8.392  -29.733  73.619 0.0000000000
59930  7.438  -29.197  73.022 0.0000000000
59935  2.415  -28.938  72.966 0.0000000000
59950  2.072  -28.938  72.571 0.0000000000
59965  1.215  -28.812  71.417 0.0000000000
59977  4.740  -29.909  70.933 0.0000000000
59987  8.294  -29.885  70.178 0.0000000000
59989  6.982  -29.717  69.646 0.0000000000
59998  -0.043  -28.912  68.084 0.0000000000
60005  0.577  -29.054  67.725 0.0000000000
60012  0.755  -29.266  66.766 0.0000000000
60832  7.637  -28.381  81.375 0.0000000000
60896  6.690  -28.597  75.441 0.0000000000
60899  3.702  -28.459  75.638 0.0000000000
60901  2.612  -28.066  74.844 0.0000000000
60914  1.872  -27.447  73.565 0.0000000000
60938  1.407  -28.004  72.381 0.0000000000
60966  -0.038  -28.768  68.616 0.0000000000
60967  -0.064  -28.186  68.696 0.0000000000
61867  4.291  -26.848  77.944 0.0000000000
61897  2.599  -27.097  75.685 0.0000000000
61906  2.248  -27.745  74.079 0.0000000000
61927  1.401  -27.213  72.473 0.0000000000
61949  0.567  -27.164  70.900 0.0000000000
62922  3.092  -26.607  77.123 0.0000000000
62966  2.157  -26.149  73.181 0.0000000000
62967  1.932  -26.760  73.448 0.0000000000
62982  1.590  -26.571  72.871 0.0000000000
62989  1.391  -26.632  71.552 0.0000000000
63908  3.542  -24.881  77.888 0.0000000000
63921  3.278  -25.103  76.453 0.0000000000
63930  2.817  -25.788  74.584 0.0000000000
64807  3.815  -24.705  81.721 0.0000000000
64813  3.404  -24.290  79.753 0.0000000000
64836  3.630  -24.009  76.850 0.0000000000
65716  3.812  -24.139  82.108 0.0000000000
65737  4.067  -23.970  78.486 0.0000000000
130213  3.219  -31.307  80.926 0.0000000000
131057  1.940  -32.646  81.116 0.0000000000
132480  1.918  -33.928  75.823 0.0000000000
134479  9.144  -37.749  87.432 0.0000000000
135042  2.246  -28.551  73.271 0.0000000000
135798  4.150  -29.780  71.467 0.0000000000
136141  0.485  -27.899  71.034 0.0000000000
136545  3.323  -24.847  75.686 0.0000000000
139307  12.317  -37.926  85.944 0.0000000000
139732  6.140  -33.372  87.679 0.0000000000
140113  1.738  -26.658  72.097 0.0000000000
140983  2.073  -29.129  72.241 0.0000000000
141130  2.376  -34.546  70.797 0.0000000000
141342  2.538  -29.168  72.628 0.0000000000
145201  1.368  -27.032  71.876 0.0000000000
145256  -0.068  -40.101  81.033 0.0000000000
145307  0.388  -28.948  69.174 0.0000000000
145908  8.707  -30.907  70.551 0.0000000000
147065  14.919  -35.744  84.434 0.0000000000
148989  6.311  -29.768  71.034 0.0000000000
149008  1.181  -29.073  68.240 0.0000000000
149588  2.513  -32.246  81.701 0.0000000000
150256  3.870  -32.663  74.198 0.0000000000
150570  4.142  -30.795  85.975 0.0000000000
150839  8.081  -29.453  73.059 0.0000000000
151204  5.921  -35.025  87.553 0.0000000000
151479  1.357  -35.638  72.695 0.0000000000
151654  4.012  -27.610  76.737 0.0000000000
152155  13.323  -36.342  86.374 0.0000000000
152291  2.148  -33.913  75.104 0.0000000000
152382  5.170  -32.516  72.556 0.0000000000
153136  2.976  -28.318  75.512 0.0000000000
153555  13.289  -37.059  86.187 0.0000000000
153800  8.025  -33.800  87.297 0.0000000000
154435  6.294  -29.724  70.416 0.0000000000
154619  3.009  -24.819  79.658 0.0000000000
154626  3.918  -31.261  86.551 0.0000000000
154929  12.731  -35.070  87.224 0.0000000000
155386  2.313  -37.336  72.462 0.0000000000
155480  6.239  -28.634  75.018 0.0000000000
155617  6.603  -29.619  71.519 0.0000000000
156100  12.936  -37.546  86.063 0.0000000000
