#!ascii label  , from subject sub-v1s7x0051323_ses-1 vox2ras=TkReg
1022
148578  16.877  -7.006  5.376 0.2500000000
82385  17.297  -7.152  5.321 0.2500000000
81456  17.947  -7.641  5.294 0.7500000000
86229  15.575  -4.232  6.806 0.2500000000
85234  16.818  -4.874  5.106 0.1250000000
84277  16.679  -5.422  5.118 0.2500000000
83277  16.637  -6.723  5.027 0.2500000000
83292  17.478  -6.633  4.337 0.7500000000
83293  16.831  -6.687  4.734 0.3750000000
81455  18.412  -8.155  4.488 0.8750000000
82384  18.037  -7.292  4.793 0.8750000000
81475  19.358  -8.753  3.283 0.8750000000
84290  16.955  -5.070  4.802 0.3750000000
84288  16.924  -6.095  3.926 0.3750000000
82422  19.388  -7.594  2.291 1.0000000000
82423  18.832  -7.216  3.000 1.0000000000
135907  18.366  -6.773  3.761 0.8750000000
81492  19.812  -8.622  2.672 1.0000000000
82403  18.507  -7.463  3.890 0.8750000000
81491  20.514  -8.866  2.096 1.0000000000
86228  16.200  -3.643  5.932 0.2500000000
84289  16.991  -5.455  4.067 0.7500000000
84310  17.443  -5.512  4.000 0.8750000000
83315  18.044  -6.065  3.912 0.8750000000
82440  20.235  -7.415  1.660 1.0000000000
139968  19.188  -6.927  2.179 1.0000000000
83329  18.625  -6.462  3.012 1.0000000000
82438  21.894  -7.914  1.303 1.0000000000
154062  20.793  -7.958  1.564 1.0000000000
81507  21.285  -8.391  1.516 1.0000000000
81508  20.077  -8.194  1.991 1.0000000000
87207  15.643  -3.472  6.722 0.1250000000
86236  17.109  -4.527  4.853 0.6250000000
130896  18.163  -5.401  3.663 1.0000000000
85264  17.602  -4.894  4.117 0.8750000000
84326  18.535  -5.685  3.036 1.0000000000
82451  22.537  -7.507  0.939 1.0000000000
82439  21.511  -7.654  1.271 1.0000000000
83345  19.965  -6.436  1.644 1.0000000000
81525  22.241  -7.867  1.262 1.0000000000
142471  24.283  -8.635  1.290 1.0000000000
81506  22.429  -8.462  1.386 1.0000000000
139607  18.892  -1.449  3.076 0.2500000000
87206  16.235  -2.795  6.180 0.2500000000
86227  16.747  -3.092  5.359 0.3750000000
86256  18.107  -4.100  3.862 1.0000000000
86235  17.525  -3.893  4.506 0.6250000000
85283  18.519  -4.877  2.999 1.0000000000
84341  19.810  -5.476  1.695 1.0000000000
84325  19.156  -5.139  2.384 1.0000000000
82450  23.188  -7.361  0.523 1.0000000000
83360  22.335  -7.261  0.755 1.0000000000
155278  22.371  -6.422  0.297 1.0000000000
82459  23.951  -7.127  0.062 1.0000000000
82437  24.496  -7.917  0.929 1.0000000000
83356  25.278  -6.823  0.699 1.0000000000
82449  25.104  -7.383  0.850 1.0000000000
88247  19.263  -1.232  2.453 0.5000000000
88219  18.618  -1.906  3.564 0.3750000000
87213  18.255  -2.546  4.052 0.3750000000
87232  18.484  -2.525  3.585 0.5000000000
86274  19.224  -3.268  2.373 0.8750000000
136963  18.548  -3.885  3.050 1.0000000000
135214  20.081  -3.072  1.234 1.0000000000
84355  21.996  -5.796  0.291 1.0000000000
85311  20.895  -4.198  0.547 1.0000000000
84353  24.604  -5.910  0.038 1.0000000000
84364  22.492  -5.669  -0.025 1.0000000000
83354  27.653  -5.887  1.227 1.0000000000
83355  26.288  -6.329  0.957 1.0000000000
82448  26.009  -7.150  1.178 0.8750000000
136669  19.467  -0.846  1.779 0.5000000000
88248  18.847  -1.843  3.033 0.5000000000
88262  19.522  -1.765  1.829 0.6250000000
87284  20.810  -2.037  0.104 0.6250000000
87283  21.259  -2.648  0.034 1.0000000000
87270  19.636  -2.727  1.708 0.7500000000
86298  21.435  -3.520  0.123 1.0000000000
85307  27.000  -4.481  1.166 1.0000000000
86295  26.228  -3.763  0.635 1.0000000000
85320  23.979  -4.768  -0.530 1.0000000000
85321  23.314  -4.325  -0.531 1.0000000000
85308  25.335  -5.269  0.407 1.0000000000
85309  24.585  -5.055  -0.080 1.0000000000
84349  28.412  -5.110  1.079 0.8750000000
84351  26.464  -5.410  0.849 1.0000000000
83353  28.696  -5.922  0.748 0.8750000000
88274  19.864  -1.093  1.202 0.5000000000
88273  20.446  -1.236  0.447 0.8750000000
88272  24.969  -2.328  0.230 1.0000000000
87294  22.900  -2.744  -0.584 1.0000000000
86294  27.463  -3.617  1.207 1.0000000000
87281  25.542  -2.996  0.409 1.0000000000
86306  22.738  -3.702  -0.520 1.0000000000
87292  28.190  -2.185  0.671 1.0000000000
85319  29.406  -4.543  -0.349 1.0000000000
85306  28.033  -4.384  1.268 1.0000000000
87278  28.128  -3.006  0.996 1.0000000000
86303  29.226  -3.727  0.035 1.0000000000
154059  20.152  -0.520  0.819 0.5000000000
88289  20.912  -1.240  -0.311 0.8750000000
88288  21.464  -1.226  -0.536 1.0000000000
89233  25.688  -0.483  0.478 1.0000000000
143485  24.333  -1.741  -0.008 1.0000000000
88286  22.783  -1.682  -0.573 1.0000000000
89241  29.372  -0.730  -1.320 1.0000000000
88281  28.676  -1.375  0.190 1.0000000000
155649  29.863  -2.017  -2.073 1.0000000000
88280  29.241  -1.407  -0.696 1.0000000000
86313  30.059  -3.273  -1.420 1.0000000000
134342  29.073  -2.137  -0.081 1.0000000000
85317  30.082  -3.976  -1.591 0.8750000000
140842  25.248  3.242  0.149 1.0000000000
133092  22.712  2.516  -0.329 0.3750000000
147980  25.472  2.600  0.347 0.8750000000
140960  25.879  0.442  0.501 1.0000000000
89242  29.023  -0.047  -0.976 1.0000000000
93006  24.955  3.842  -0.364 0.8750000000
92107  26.692  3.185  -0.704 1.0000000000
146448  26.095  2.912  -0.162 1.0000000000
92095  26.170  2.208  0.230 1.0000000000
146200  26.823  2.527  -0.494 1.0000000000
143484  27.698  1.007  -0.175 1.0000000000
89248  29.160  -0.177  -1.928 1.0000000000
90179  28.609  0.544  -2.225 1.0000000000
154067  28.642  -0.906  -3.229 1.0000000000
93884  25.513  4.401  -0.713 0.7500000000
92106  27.308  2.897  -1.238 1.0000000000
152797  27.683  2.258  -1.411 1.0000000000
91173  27.977  1.004  -3.529 1.0000000000
91161  28.284  1.201  -2.526 1.0000000000
91150  28.369  1.182  -1.556 1.0000000000
93023  27.443  3.490  -1.984 1.0000000000
92116  27.753  2.616  -2.158 1.0000000000
91162  27.952  1.850  -2.884 1.0000000000
97398  23.530  8.967  -1.782 0.1250000000
98282  23.693  9.604  -1.546 0.1250000000
97411  23.121  8.838  -2.733 0.2500000000
145917  22.584  9.237  -3.016 0.1250000000
148677  23.382  8.722  -3.673 0.3750000000
98298  22.730  9.649  -3.451 0.2500000000
140729  23.813  8.755  -4.469 0.5000000000
97421  23.007  9.268  -3.931 0.2500000000
97432  24.056  9.147  -5.287 0.3750000000
98291  22.793  10.125  -2.844 0.2500000000
99157  23.000  10.447  -3.400 0.2500000000
99156  24.247  10.869  -4.286 0.2500000000
98308  23.890  9.737  -4.653 0.2500000000
98320  23.995  10.372  -5.787 0.2500000000
98297  23.129  10.059  -4.065 0.2500000000
98331  23.482  10.397  -6.719 0.3750000000
99177  23.404  11.356  -6.399 0.2500000000
84276  16.727  -5.948  4.701 0.2500000000
85228  15.623  -5.027  6.930 0.1250000000
80541  22.773  -9.137  1.461 1.0000000000
87295  21.314  -1.987  -0.409 0.8750000000
88270  27.111  -1.988  1.006 1.0000000000
82368  17.311  -7.331  5.863 0.1250000000
79490  19.041  -9.751  3.999 0.7500000000
85212  15.252  -4.637  7.622 0.1250000000
79489  19.622  -10.312  3.495 1.0000000000
83269  16.540  -6.397  6.998 0.1250000000
80525  20.703  -9.546  2.268 1.0000000000
80542  22.335  -9.037  1.439 1.0000000000
141003  23.368  -9.482  1.483 1.0000000000
129180  16.291  -1.658  6.669 0.3750000000
88220  18.282  -0.643  4.555 0.2500000000
88208  17.651  -1.066  5.039 0.2500000000
140137  27.118  -7.427  1.357 0.8750000000
141764  29.273  -5.962  -0.229 0.8750000000
82447  28.163  -6.835  1.127 0.8750000000
84370  30.018  -5.405  -1.521 0.8750000000
92098  22.193  2.488  -0.466 0.1250000000
91142  21.851  1.783  -0.627 0.1250000000
89222  20.542  -0.353  0.009 0.3750000000
89236  22.254  -0.248  -0.688 0.6250000000
87302  29.951  -2.482  -1.687 1.0000000000
85318  30.070  -4.623  -1.116 0.8750000000
137435  24.240  3.275  -0.111 0.5000000000
91141  22.358  1.702  -0.629 0.3750000000
138145  23.409  0.947  0.160 0.8750000000
89247  29.579  -0.924  -2.030 1.0000000000
88314  28.704  -1.591  -3.362 1.0000000000
89263  28.374  -0.888  -3.875 1.0000000000
93005  26.000  3.687  -0.525 1.0000000000
138665  28.342  0.517  -3.091 1.0000000000
93893  26.646  4.567  -1.569 0.8750000000
93906  27.481  4.590  -3.498 1.0000000000
92123  27.515  2.857  -3.878 1.0000000000
98271  24.229  9.321  -0.891 0.1250000000
96527  23.954  8.490  -1.210 0.1250000000
96540  25.064  6.825  -3.056 0.6250000000
97420  24.401  8.343  -3.709 0.6250000000
97444  24.639  8.457  -5.380 0.5000000000
143509  23.151  9.522  -2.304 0.2500000000
97457  24.883  8.487  -6.351 0.5000000000
99150  23.215  10.950  -2.757 0.2500000000
97445  24.363  9.369  -6.087 0.5000000000
97458  24.229  9.244  -6.923 0.5000000000
99981  23.652  11.116  -3.247 0.1250000000
99163  24.049  10.703  -4.985 0.2500000000
98345  23.487  10.005  -7.624 0.3750000000
100010  22.600  12.812  -7.217 0.2500000000
81441  17.712  -7.686  5.826 0.5000000000
150392  16.587  -6.061  5.146 0.1250000000
80513  18.906  -8.937  3.875 0.7500000000
81476  18.842  -8.299  3.678 0.8750000000
80512  19.472  -9.473  3.442 1.0000000000
80526  20.011  -9.203  2.836 1.0000000000
81493  19.261  -8.012  3.023 1.0000000000
80544  21.326  -9.044  1.630 1.0000000000
137089  21.897  -8.463  1.407 1.0000000000
86257  17.702  -4.205  4.271 0.8750000000
81523  23.036  -8.022  1.182 1.0000000000
83344  21.003  -6.849  1.137 1.0000000000
84356  21.497  -6.325  0.657 1.0000000000
81504  23.462  -8.384  1.212 1.0000000000
80539  23.565  -8.983  1.397 1.0000000000
87205  17.063  -1.921  5.744 0.3750000000
87214  17.840  -3.092  4.351 0.5000000000
141538  18.397  -3.294  3.510 0.8750000000
85299  19.715  -4.521  1.731 1.0000000000
85298  20.409  -4.863  1.116 1.0000000000
132154  24.500  -7.267  0.519 1.0000000000
83358  22.878  -6.965  0.288 1.0000000000
84354  22.174  -6.760  0.502 1.0000000000
83370  23.384  -6.361  -0.213 1.0000000000
83369  24.035  -6.521  -0.244 1.0000000000
87255  18.798  -2.709  2.874 0.6250000000
144006  19.192  -1.959  2.531 0.6250000000
149620  20.245  -3.876  1.160 1.0000000000
149387  21.758  -2.840  -0.330 1.0000000000
84363  23.200  -5.445  -0.379 1.0000000000
85323  22.171  -4.972  -0.070 1.0000000000
84352  25.389  -6.086  0.514 1.0000000000
82446  28.765  -7.474  0.602 0.8750000000
87293  23.748  -2.997  -0.402 1.0000000000
86293  28.494  -3.667  0.863 1.0000000000
131762  26.061  -4.679  0.582 1.0000000000
86297  24.563  -4.180  -0.092 1.0000000000
142056  25.184  -3.724  0.312 1.0000000000
84361  29.085  -5.197  0.294 0.8750000000
88271  25.984  -2.114  0.581 1.0000000000
88285  23.573  -2.153  -0.365 1.0000000000
87279  27.376  -2.778  1.145 1.0000000000
87282  24.566  -3.220  -0.000 1.0000000000
87290  29.556  -2.920  -0.663 1.0000000000
89237  21.086  -0.480  -0.589 0.6250000000
89235  22.849  -0.771  -0.509 0.7500000000
89234  24.431  -0.773  0.165 1.0000000000
88283  26.632  -1.117  0.689 1.0000000000
89232  26.935  -0.096  0.586 1.0000000000
154620  27.394  -0.658  0.584 1.0000000000
88304  29.510  -1.644  -2.417 1.0000000000
89230  28.751  -0.609  -0.298 1.0000000000
88282  27.814  -1.205  0.570 1.0000000000
92097  23.528  2.611  0.103 0.7500000000
147229  25.172  1.917  0.497 1.0000000000
91140  24.035  1.805  0.375 0.7500000000
142635  24.926  0.038  0.347 1.0000000000
147888  27.635  0.386  0.313 1.0000000000
139222  24.731  0.937  0.420 1.0000000000
91139  25.993  1.346  0.492 1.0000000000
90157  28.358  0.327  -0.301 1.0000000000
93883  26.253  4.293  -0.965 0.8750000000
91138  27.004  1.700  -0.167 1.0000000000
92094  27.395  2.236  -0.833 1.0000000000
91137  27.838  1.640  -0.953 1.0000000000
91136  28.268  1.001  -0.765 1.0000000000
89253  28.556  -0.259  -3.003 1.0000000000
143020  27.609  3.219  -2.830 1.0000000000
91151  28.085  1.850  -1.887 1.0000000000
147003  27.703  2.464  -3.154 1.0000000000
140101  27.536  3.708  -3.388 1.0000000000
93892  27.192  4.187  -1.956 1.0000000000
97388  24.186  8.733  -0.517 0.1250000000
97389  23.941  8.937  -1.096 0.1250000000
99141  23.367  10.352  -2.090 0.2500000000
145950  22.846  8.946  -3.319 0.2500000000
96542  23.974  8.308  -2.077 0.3750000000
97410  23.667  8.212  -3.068 0.5000000000
97419  25.016  8.280  -4.220 0.7500000000
99172  23.570  11.690  -5.964 0.2500000000
98332  22.729  11.793  -7.003 0.2500000000
81410  17.383  -8.723  8.032 0.1250000000
81426  17.785  -7.960  6.020 0.1250000000
80494  18.161  -8.381  5.329 0.6250000000
80493  18.502  -9.146  4.593 0.7500000000
79504  20.211  -9.927  3.003 1.0000000000
140512  21.640  0.243  -0.815 0.6250000000
146619  23.490  -0.533  -0.188 0.8750000000
154625  22.316  0.476  -0.827 0.7500000000
90159  23.908  0.112  0.168 0.8750000000
90161  22.107  1.053  -1.052 0.7500000000
138144  22.538  1.011  -0.703 0.8750000000
93040  27.539  3.746  -4.255 1.0000000000
92132  27.317  2.160  -4.666 1.0000000000
96571  25.652  7.827  -4.100 0.7500000000
96557  25.242  7.836  -3.736 0.7500000000
96558  24.412  7.506  -3.177 0.5000000000
96582  25.410  7.749  -4.937 0.7500000000
99184  22.536  12.052  -7.848 0.2500000000
98359  23.071  11.060  -8.346 0.3750000000
75815  19.648  -14.129  3.979 0.7500000000
75812  21.791  -14.737  3.335 0.7500000000
76768  19.281  -13.772  4.371 0.7500000000
76785  18.971  -13.075  4.325 0.7500000000
75837  21.695  -13.767  3.029 0.7500000000
155131  19.950  -13.966  3.580 0.7500000000
76783  20.540  -13.281  3.553 0.7500000000
76784  19.765  -13.355  3.999 0.7500000000
76800  22.445  -13.330  2.553 0.7500000000
76782  21.155  -13.344  3.227 0.7500000000
135274  19.063  -10.693  4.063 0.7500000000
79480  18.513  -10.176  4.679 0.6250000000
77732  20.433  -12.481  3.602 0.7500000000
78611  20.382  -11.574  3.338 0.8750000000
149298  19.636  -11.210  3.613 0.8750000000
76799  23.316  -13.406  2.427 0.7500000000
76801  21.651  -12.948  2.644 0.7500000000
77750  21.587  -12.045  2.495 0.7500000000
78627  20.894  -11.055  2.668 0.8750000000
79503  20.811  -10.315  2.463 0.8750000000
77771  23.645  -11.953  2.189 0.7500000000
78625  22.098  -11.428  1.949 0.7500000000
78651  23.329  -11.023  1.810 0.7500000000
78652  22.645  -10.718  1.642 0.8750000000
79523  22.550  -9.756  1.481 0.8750000000
79520  24.876  -10.127  1.874 0.8750000000
79521  23.857  -10.035  1.647 0.8750000000
138547  24.233  -9.384  1.542 0.8750000000
80538  25.162  -8.904  1.599 0.8750000000
80558  28.434  -9.787  0.639 0.3750000000
80559  27.747  -8.929  1.163 0.6250000000
154343  26.871  -8.930  1.497 0.7500000000
81502  26.074  -8.527  1.620 0.7500000000
80572  30.074  -9.994  -1.000 0.5000000000
145975  28.550  -8.920  0.683 0.5000000000
81520  29.015  -8.371  0.349 0.7500000000
81521  28.136  -7.990  1.106 0.7500000000
81540  31.343  -8.883  -1.735 0.1250000000
81541  30.738  -8.858  -1.557 0.3750000000
82457  29.934  -7.943  -0.840 0.6250000000
82458  29.324  -7.646  -0.178 0.6250000000
83368  29.046  -6.738  0.299 0.6250000000
81551  33.399  -9.018  -2.567 0.1250000000
81553  31.861  -8.772  -2.341 0.1250000000
82472  31.494  -7.989  -2.775 0.1250000000
82483  31.856  -7.864  -3.641 0.1250000000
83378  29.977  -7.149  -1.999 0.6250000000
83386  30.273  -6.585  -2.591 0.6250000000
139871  29.608  -5.964  -1.078 0.7500000000
82482  32.537  -8.737  -4.433 0.1250000000
82508  32.882  -9.326  -6.272 0.1250000000
83394  31.254  -7.070  -4.075 0.1250000000
83395  30.589  -6.320  -3.529 0.5000000000
84369  30.061  -5.756  -2.177 0.6250000000
85334  29.812  -5.103  -2.702 0.7500000000
81578  33.487  -8.743  -4.881 0.1250000000
83403  31.119  -5.987  -4.515 0.5000000000
84390  30.755  -5.275  -4.883 0.5000000000
144472  29.847  -5.131  -3.484 0.6250000000
86321  29.876  -4.170  -2.369 0.7500000000
93894  25.954  4.919  -1.094 0.6250000000
94749  25.702  5.621  -1.181 0.5000000000
94748  26.348  5.281  -1.798 0.7500000000
86340  29.603  -4.249  -4.593 0.6250000000
86331  29.149  -3.711  -3.838 0.6250000000
87310  29.644  -2.582  -2.440 0.8750000000
86352  29.544  -4.337  -5.641 0.5000000000
86341  29.335  -3.490  -4.898 0.6250000000
87325  28.682  -3.067  -4.230 0.7500000000
94754  25.979  5.822  -1.952 0.7500000000
88313  29.003  -2.290  -3.058 0.8750000000
90187  28.072  -0.001  -3.967 0.8750000000
153306  27.351  -0.279  -4.563 0.8750000000
87318  28.503  -2.445  -3.841 0.7500000000
88322  28.009  -1.801  -4.424 0.8750000000
89264  27.597  -0.977  -4.497 0.8750000000
89271  26.574  -1.017  -5.092 0.8750000000
90208  25.846  -0.346  -5.416 0.8750000000
86362  30.412  -3.805  -6.884 0.3750000000
86353  29.122  -3.655  -5.916 0.5000000000
87342  28.611  -3.038  -6.229 0.5000000000
87326  28.116  -2.505  -4.667 0.6250000000
86373  30.251  -3.412  -7.610 0.2500000000
86363  29.384  -3.410  -6.767 0.3750000000
149243  26.618  5.829  -2.640 0.7500000000
93899  27.071  4.893  -2.440 0.8750000000
91174  27.625  1.758  -3.956 0.8750000000
92143  26.668  1.512  -5.076 0.7500000000
91196  25.827  0.670  -5.443 0.8750000000
88329  27.205  -2.178  -4.933 0.6250000000
88330  26.444  -1.637  -5.493 0.7500000000
86364  28.573  -3.047  -7.126 0.3750000000
87343  27.897  -2.629  -6.607 0.5000000000
89283  24.985  -1.390  -6.048 0.7500000000
86374  29.487  -2.914  -7.567 0.2500000000
136001  25.439  6.196  -1.609 0.6250000000
94753  27.256  5.472  -3.191 0.8750000000
93919  27.588  4.573  -4.729 0.8750000000
156686  26.984  3.120  -5.300 0.8750000000
93941  26.927  4.430  -5.454 0.7500000000
137562  26.808  2.366  -5.206 0.8750000000
90222  24.288  0.081  -6.112 0.7500000000
153319  25.545  -1.816  -5.988 0.5000000000
88357  28.186  -1.568  -8.525 0.2500000000
88358  27.088  -1.859  -8.267 0.5000000000
87344  27.171  -2.411  -7.034 0.5000000000
87360  29.520  -2.353  -8.244 0.2500000000
150367  25.058  6.590  -2.291 0.5000000000
96556  25.931  7.311  -3.761 0.6250000000
95620  26.947  6.117  -4.437 0.7500000000
93942  26.564  5.035  -5.946 0.7500000000
94785  26.560  5.904  -5.396 0.7500000000
93073  25.320  3.429  -6.857 0.7500000000
93958  26.248  4.120  -6.401 0.7500000000
94801  26.341  5.756  -6.444 0.7500000000
145655  25.258  2.624  -6.510 0.7500000000
92159  24.432  1.786  -6.983 0.7500000000
145733  24.478  2.683  -7.351 0.7500000000
89296  25.068  -0.475  -7.977 0.5000000000
90251  24.501  -0.108  -8.800 0.3750000000
90235  24.298  0.273  -7.266 0.6250000000
89310  27.253  -1.041  -8.716 0.2500000000
89311  25.777  -1.117  -9.326 0.3750000000
89312  25.398  -0.738  -9.547 0.3750000000
96570  26.065  7.341  -4.402 0.6250000000
143947  26.421  6.695  -4.883 0.7500000000
94814  26.141  6.468  -6.716 0.7500000000
139887  25.197  4.918  -7.668 0.7500000000
93973  24.533  4.205  -7.846 0.7500000000
93088  23.673  2.772  -8.531 0.6250000000
91251  24.456  0.482  -9.423 0.3750000000
91226  23.555  1.271  -8.572 0.3750000000
90248  28.235  -0.149  -8.530 0.1250000000
131930  26.862  0.482  -8.529 0.1250000000
90250  25.847  -0.424  -9.458 0.2500000000
96581  25.980  7.223  -5.415 0.6250000000
96590  25.959  7.193  -6.358 0.7500000000
94815  25.711  5.778  -7.378 0.6250000000
142003  23.229  2.574  -9.401 0.3750000000
93974  23.731  3.776  -8.607 0.3750000000
93087  24.495  3.519  -7.681 0.7500000000
91250  24.780  0.994  -9.561 0.2500000000
155554  24.039  1.281  -9.382 0.3750000000
92178  23.823  1.872  -8.005 0.6250000000
92177  27.844  1.969  -7.668 0.1250000000
92194  27.368  2.332  -8.093 0.1250000000
91224  27.965  0.729  -7.919 0.1250000000
96591  25.527  7.887  -5.921 0.6250000000
96597  25.324  7.751  -6.787 0.6250000000
95660  25.399  6.380  -8.148 0.3750000000
95659  25.620  6.887  -7.296 0.3750000000
94824  23.637  5.291  -9.007 0.3750000000
94000  23.317  4.059  -10.195 0.2500000000
93101  22.968  3.316  -9.693 0.3750000000
93988  24.192  4.725  -8.412 0.3750000000
93100  26.018  2.998  -9.001 0.1250000000
92207  24.173  2.026  -9.503 0.3750000000
92208  23.446  2.184  -9.294 0.3750000000
93071  28.275  3.238  -6.974 0.1250000000
92206  25.339  1.973  -9.360 0.1250000000
97471  23.993  8.957  -7.981 0.3750000000
153389  25.200  7.629  -7.592 0.3750000000
96609  24.586  7.481  -9.283 0.3750000000
96608  25.297  7.137  -8.374 0.3750000000
95697  23.167  6.026  -10.331 0.3750000000
143916  23.494  6.051  -9.387 0.3750000000
95677  24.705  6.674  -8.862 0.3750000000
94007  23.408  4.865  -10.255 0.3750000000
93112  22.879  3.651  -9.813 0.3750000000
94825  23.117  5.392  -9.752 0.3750000000
94821  27.117  5.632  -8.782 0.1250000000
93110  24.668  2.925  -9.592 0.1250000000
93999  24.204  3.890  -9.999 0.2500000000
146134  27.492  3.953  -7.900 0.1250000000
97485  23.865  8.924  -9.046 0.2500000000
96621  23.883  7.476  -10.223 0.2500000000
146360  24.407  8.238  -9.539 0.3750000000
97484  24.804  8.064  -8.522 0.3750000000
95709  23.714  6.579  -10.818 0.1250000000
95696  23.284  6.715  -10.374 0.3750000000
95678  23.434  6.764  -9.864 0.3750000000
94843  24.194  6.069  -10.881 0.1250000000
94844  23.581  5.647  -10.615 0.2500000000
95676  27.050  6.243  -9.480 0.1250000000
94836  24.064  4.984  -10.428 0.1250000000
98358  23.373  9.915  -8.669 0.3750000000
97496  24.357  8.816  -9.942 0.2500000000
96628  24.367  7.406  -10.763 0.1250000000
97510  24.857  8.644  -10.884 0.1250000000
144073  25.470  7.863  -10.797 0.1250000000
96607  27.938  7.463  -9.405 0.1250000000
129349  26.625  7.782  -11.691 0.1250000000
98383  25.285  11.534  -11.699 0.1250000000
97508  26.481  9.665  -12.262 0.1250000000
96619  27.799  7.407  -10.220 0.1250000000
79502  21.411  -10.486  1.995 0.8750000000
141773  25.304  -9.579  1.830 0.6250000000
85340  29.940  -4.939  -4.305 0.6250000000
88336  27.209  -2.083  -6.024 0.5000000000
155399  28.855  -2.615  -7.766 0.3750000000
95622  26.216  6.529  -3.257 0.6250000000
94762  26.976  6.126  -3.548 0.8750000000
94761  27.317  5.421  -4.076 0.8750000000
93055  27.476  3.765  -5.158 0.8750000000
93072  26.037  3.298  -6.292 0.7500000000
92158  25.298  1.733  -6.238 0.7500000000
88338  25.858  -1.547  -6.756 0.5000000000
89295  25.357  -1.129  -7.242 0.5000000000
90234  24.559  -0.595  -6.225 0.7500000000
88346  26.264  -1.422  -8.034 0.5000000000
94822  26.230  5.557  -9.496 0.1250000000
96629  24.112  7.582  -10.532 0.2500000000
144768  26.130  8.686  -11.380 0.1250000000
129700  27.273  7.192  -11.287 0.1250000000
82465  29.972  -7.469  -1.358 0.5000000000
83367  29.516  -6.844  -0.901 0.6250000000
85349  30.441  -5.623  -5.995 0.3750000000
85362  30.021  -4.967  -6.024 0.3750000000
85382  30.732  -4.269  -8.038 0.2500000000
90220  24.840  -0.932  -5.833 0.7500000000
94835  25.173  5.704  -10.335 0.1250000000
85388  30.723  -3.805  -8.390 0.1250000000
73725  20.724  -15.766  3.923 0.7500000000
74721  19.913  -15.462  4.371 0.7500000000
75799  19.016  -13.998  4.842 0.7500000000
76769  18.799  -13.462  4.658 0.7500000000
74734  21.456  -15.544  3.548 0.7500000000
135829  20.729  -14.986  3.533 0.7500000000
74750  23.361  -15.631  2.843 0.7500000000
78612  18.496  -11.237  4.695 0.6250000000
77733  19.546  -12.236  3.944 0.7500000000
75835  23.144  -14.118  2.623 0.6250000000
77747  23.984  -13.049  2.173 0.7500000000
77770  24.540  -12.372  1.962 0.6250000000
78650  24.149  -11.365  2.045 0.6250000000
79519  26.142  -10.313  1.861 0.5000000000
79544  28.349  -10.813  0.659 0.3750000000
152307  29.913  -10.413  -0.332 0.1250000000
80585  31.035  -9.667  -1.474 0.1250000000
80596  32.553  -9.007  -2.074 0.1250000000
132514  33.961  -8.865  -3.042 0.1250000000
82481  34.767  -7.674  -4.121 0.1250000000
82507  33.230  -9.107  -6.242 0.1250000000
94741  25.014  5.320  -0.783 0.3750000000
82519  33.029  -8.525  -6.624 0.1250000000
83417  32.685  -7.784  -6.724 0.1250000000
84402  31.147  -6.360  -6.829 0.1250000000
84403  30.963  -5.288  -6.630 0.2500000000
85374  30.682  -4.407  -6.727 0.2500000000
95602  25.102  7.018  -1.228 0.5000000000
87351  30.390  -2.412  -8.094 0.1250000000
86382  30.324  -3.126  -8.078 0.2500000000
89293  29.531  -0.508  -8.297 0.1250000000
90233  28.861  0.392  -8.251 0.1250000000
90219  28.940  0.976  -7.747 0.1250000000
96541  24.518  7.320  -2.512 0.3750000000
92157  28.581  2.648  -6.557 0.1250000000
146184  28.367  4.039  -6.749 0.1250000000
93054  28.641  3.560  -6.161 0.1250000000
94813  27.755  5.795  -7.992 0.1250000000
95673  29.210  6.831  -8.491 0.1250000000
98281  24.096  10.115  -1.352 0.1250000000
99198  22.892  11.397  -10.426 0.2500000000
98384  24.288  11.147  -11.036 0.1250000000
153342  24.894  12.724  -11.718 0.1250000000
129205  26.657  8.661  -12.267 0.1250000000
135377  26.186  10.481  -11.820 0.1250000000
129200  27.438  7.954  -12.260 0.1250000000
96606  28.417  7.276  -9.403 0.1250000000
129331  27.683  7.165  -11.637 0.1250000000
82435  26.108  -7.835  1.425 0.7500000000
86322  29.540  -3.557  -2.863 0.7500000000
148683  24.057  3.747  -0.463 0.3750000000
90188  27.501  0.658  -4.418 0.8750000000
143391  22.941  -9.438  1.471 0.8750000000
79488  20.329  -10.761  3.100 0.8750000000
79525  21.333  -9.749  1.820 0.8750000000
82434  27.022  -8.242  1.398 0.7500000000
83379  29.901  -6.357  -1.700 0.6250000000
151798  27.402  3.008  -4.841 0.8750000000
154157  27.260  1.375  -4.652 0.8750000000
99191  22.266  12.044  -8.858 0.1250000000
98373  22.571  11.118  -9.417 0.2500000000
74735  19.738  -14.723  4.194 0.7500000000
136162  20.191  -15.036  3.958 0.7500000000
75813  20.762  -14.111  3.389 0.7500000000
74733  22.538  -15.750  3.351 0.7500000000
75836  22.395  -14.155  2.927 0.7500000000
77716  18.281  -12.864  4.912 0.7500000000
76802  21.087  -12.640  3.148 0.7500000000
136662  19.082  -11.533  4.153 0.7500000000
77751  20.982  -11.804  2.920 0.8750000000
77749  22.223  -12.288  2.319 0.7500000000
78626  21.502  -11.234  2.240 0.8750000000
77772  22.801  -11.614  2.059 0.7500000000
154792  23.716  -10.598  1.768 0.7500000000
79522  23.159  -10.093  1.542 0.8750000000
137925  25.411  -10.837  1.935 0.6250000000
80537  26.137  -9.290  1.801 0.7500000000
80557  29.262  -10.554  0.182 0.2500000000
142607  27.304  -9.838  1.312 0.5000000000
81531  29.676  -8.811  -0.527 0.5000000000
80586  30.528  -9.770  -1.323 0.2500000000
80571  30.505  -10.026  -1.154 0.1250000000
81554  31.072  -8.292  -2.103 0.2500000000
82464  30.428  -7.881  -1.821 0.3750000000
81566  32.789  -8.950  -3.996 0.1250000000
81565  33.210  -8.971  -3.804 0.1250000000
81567  32.297  -8.654  -3.302 0.1250000000
82484  30.983  -7.185  -3.148 0.5000000000
82496  32.036  -8.040  -4.745 0.1250000000
82495  32.668  -9.121  -5.503 0.1250000000
81579  33.108  -9.668  -5.921 0.1250000000
82509  32.329  -8.029  -5.826 0.1250000000
83402  31.730  -6.854  -5.134 0.1250000000
84383  30.396  -5.476  -3.983 0.6250000000
84389  31.271  -6.081  -5.491 0.1250000000
147357  29.594  -4.447  -3.456 0.6250000000
87334  28.817  -2.916  -5.233 0.6250000000
89282  25.510  -1.342  -5.779 0.7500000000
90221  24.749  -0.220  -5.755 0.7500000000
95621  26.561  6.795  -3.975 0.6250000000
91207  25.130  0.778  -5.953 0.7500000000
87353  27.544  -2.288  -8.002 0.3750000000
145656  26.177  2.633  -5.820 0.7500000000
91208  24.461  0.871  -6.658 0.7500000000
88345  26.663  -2.052  -7.494 0.5000000000
89309  28.475  -0.745  -8.682 0.1250000000
89308  29.085  -1.044  -8.805 0.1250000000
87361  28.590  -2.203  -8.270 0.2500000000
88344  29.532  -1.404  -8.497 0.1250000000
95637  26.272  6.536  -5.887 0.7500000000
93959  25.381  4.215  -7.188 0.7500000000
91225  23.854  1.061  -7.614 0.6250000000
90268  24.891  -0.272  -9.569 0.3750000000
90252  23.922  0.700  -8.489 0.3750000000
90249  26.962  -0.238  -8.552 0.1250000000
94823  24.854  5.713  -8.439 0.3750000000
90267  25.089  -0.111  -9.650 0.3750000000
91239  25.962  0.899  -9.212 0.1250000000
155674  27.948  1.360  -7.731 0.1250000000
139884  23.028  2.966  -9.626 0.3750000000
93989  23.325  4.409  -9.435 0.3750000000
93099  27.004  3.060  -8.222 0.1250000000
146143  28.043  3.986  -7.312 0.1250000000
91223  28.376  1.499  -7.537 0.1250000000
92195  26.544  2.145  -8.673 0.1250000000
97470  24.712  8.326  -7.306 0.3750000000
93111  23.438  3.079  -9.833 0.2500000000
146133  26.656  3.944  -8.528 0.1250000000
145840  25.559  3.903  -9.273 0.1250000000
94001  22.908  4.464  -10.047 0.3750000000
93986  27.225  4.848  -8.224 0.1250000000
93987  26.329  4.796  -8.840 0.1250000000
95675  27.765  6.735  -8.790 0.1250000000
93998  25.291  4.775  -9.699 0.1250000000
93971  28.299  4.891  -6.843 0.1250000000
94812  28.384  5.892  -7.214 0.1250000000
98372  23.393  9.992  -9.653 0.2500000000
143499  24.579  9.031  -10.668 0.2500000000
95708  24.533  6.919  -10.846 0.1250000000
95706  26.857  7.191  -10.781 0.1250000000
95695  26.343  6.399  -10.280 0.1250000000
96620  27.596  7.378  -10.139 0.1250000000
152927  24.100  10.068  -10.393 0.1250000000
138462  24.623  9.993  -11.318 0.1250000000
97509  25.736  9.758  -11.319 0.1250000000
95707  25.879  7.139  -10.738 0.1250000000
99204  25.526  12.503  -11.208 0.1250000000
73724  21.756  -16.318  3.707 0.7500000000
75798  19.398  -14.405  4.473 0.7500000000
144167  19.411  -15.186  4.664 0.7500000000
78590  17.742  -12.006  5.163 0.5000000000
77734  18.662  -12.219  4.537 0.6250000000
78648  26.186  -11.288  1.738 0.5000000000
83430  32.936  -7.375  -7.745 0.1250000000
83429  33.331  -7.268  -7.602 0.1250000000
83418  31.819  -7.047  -6.500 0.1250000000
89294  28.996  -0.235  -8.575 0.1250000000
95657  28.866  6.601  -7.680 0.1250000000
95674  28.444  6.978  -8.556 0.1250000000
130993  19.084  -14.797  5.013 0.7500000000
142942  17.830  -12.960  5.431 0.5000000000
73706  21.124  -16.692  4.218 0.6250000000
72681  22.089  -17.138  3.973 0.6250000000
72679  23.796  -17.262  3.369 0.3750000000
146890  22.777  -16.806  3.478 0.6250000000
74749  24.895  -16.144  2.307 0.2500000000
140537  24.060  -15.966  2.484 0.3750000000
79518  27.313  -10.904  1.264 0.3750000000
95593  25.021  6.274  -0.871 0.3750000000
75834  24.681  -14.746  1.860 0.5000000000
148648  24.530  -13.883  1.778 0.5000000000
76819  24.851  -13.346  1.682 0.3750000000
78649  25.327  -11.790  1.856 0.5000000000
71678  20.923  -17.961  4.940 0.6250000000
76758  18.029  -13.483  5.696 0.3750000000
147881  18.736  -15.207  5.486 0.3750000000
72668  20.561  -17.157  4.751 0.6250000000
73707  20.209  -16.293  4.562 0.6250000000
73695  18.992  -15.823  5.257 0.6250000000
71674  24.148  -18.225  4.566 0.3750000000
150123  22.947  -18.114  4.112 0.5000000000
72667  21.490  -17.510  4.473 0.6250000000
142871  17.549  -12.978  5.823 0.2500000000
72663  24.799  -17.754  4.305 0.3750000000
74748  25.775  -16.149  2.101 0.2500000000
73721  24.693  -17.124  3.205 0.2500000000
79481  18.175  -9.449  5.256 0.3750000000
75833  25.240  -15.574  1.883 0.2500000000
75851  25.220  -14.178  1.519 0.3750000000
76818  25.736  -13.562  1.544 0.2500000000
137810  26.398  -12.127  1.526 0.2500000000
78647  27.117  -11.778  1.249 0.2500000000
130003  17.640  -0.548  5.830 0.1250000000
89200  19.371  -0.306  1.896 0.2500000000
79543  29.161  -11.153  0.264 0.2500000000
89223  20.068  0.186  0.900 0.2500000000
135334  23.364  3.257  -0.325 0.2500000000
96526  24.373  7.754  -1.320 0.2500000000
129181  17.127  -0.722  6.515 0.2500000000
136649  18.104  -8.535  5.722 0.2500000000
133686  20.842  0.379  -0.510 0.3750000000
76798  23.907  -14.026  2.197 0.5000000000
76757  18.440  -13.486  5.136 0.5000000000
73723  23.489  -16.415  2.976 0.5000000000
136178  23.804  -14.979  2.482 0.5000000000
78672  28.025  -11.621  0.836 0.2500000000
155084  17.791  -12.578  5.322 0.3750000000
73708  19.454  -16.032  4.882 0.6250000000
78591  16.877  -11.802  5.320 0.3750000000
77768  26.124  -12.834  1.560 0.2500000000
72666  22.352  -17.855  4.260 0.6250000000
72680  22.929  -17.600  3.769 0.5000000000
73722  24.369  -16.674  2.748 0.2500000000
73737  25.396  -16.705  2.843 0.2500000000
141203  24.532  -15.490  2.192 0.3750000000
72665  23.517  -17.889  4.002 0.5000000000
72664  24.155  -17.694  3.968 0.3750000000
75785  18.587  -14.291  5.436 0.3750000000
72669  19.715  -16.835  5.154 0.6250000000
71675  23.315  -18.420  4.527 0.3750000000
71676  22.604  -18.427  4.605 0.5000000000
74764  25.625  -14.988  1.600 0.2500000000
77767  27.152  -12.888  1.105 0.2500000000
129337  17.096  0.281  7.625 0.1250000000
71665  19.481  -18.212  5.702 0.5000000000
71662  22.964  -18.914  5.078 0.2500000000
144042  21.657  -19.397  5.361 0.3750000000
71663  21.307  -18.698  5.180 0.5000000000
72652  20.072  -17.631  5.356 0.5000000000
71666  18.891  -17.972  5.892 0.3750000000
72654  18.724  -17.329  5.991 0.5000000000
72653  19.189  -17.470  5.546 0.5000000000
73694  19.073  -16.700  5.424 0.5000000000
71631  18.148  -18.637  7.275 0.1250000000
71644  18.467  -18.118  6.452 0.3750000000
73679  18.661  -15.974  6.010 0.2500000000
68624  18.890  -20.843  6.899 0.1250000000
70616  18.631  -19.053  6.708 0.2500000000
70614  19.999  -19.907  6.254 0.3750000000
70625  22.498  -19.493  5.440 0.2500000000
69603  21.241  -19.893  5.498 0.3750000000
70626  20.860  -19.303  5.455 0.5000000000
70598  17.721  -19.166  7.962 0.1250000000
70627  19.976  -19.136  5.927 0.3750000000
72631  17.741  -17.624  7.695 0.1250000000
73675  18.310  -16.370  7.048 0.1250000000
85373  30.961  -5.161  -7.761 0.1250000000
71677  21.819  -18.211  4.766 0.3750000000
74698  18.453  -15.031  5.976 0.2500000000
75786  18.208  -14.126  6.003 0.2500000000
71661  23.764  -18.773  5.206 0.2500000000
71664  20.438  -18.488  5.446 0.5000000000
150086  22.150  -18.849  5.095 0.3750000000
71643  19.030  -18.650  6.130 0.3750000000
72635  18.351  -17.411  6.639 0.1250000000
143027  18.547  -16.856  6.332 0.1250000000
153831  18.780  -16.593  5.798 0.1250000000
70597  18.258  -19.521  7.477 0.1250000000
71645  18.092  -17.845  7.144 0.1250000000
138230  17.705  -18.334  7.853 0.1250000000
73680  18.486  -16.481  6.578 0.1250000000
69578  18.366  -20.533  7.607 0.1250000000
70615  19.258  -19.539  6.376 0.3750000000
69602  21.923  -20.126  5.574 0.2500000000
155596  18.108  -17.355  7.136 0.1250000000
72636  18.271  -16.970  6.852 0.1250000000
69595  19.480  -20.514  6.538 0.2500000000
69594  20.447  -20.638  6.215 0.2500000000
69596  18.803  -20.001  6.891 0.1250000000
69604  20.639  -19.952  5.714 0.2500000000
79447  17.996  -10.831  6.650 0.1250000000
93886  23.781  5.189  -0.510 0.1250000000
93885  24.500  4.434  -0.560 0.1250000000
94743  23.002  5.915  -0.368 0.1250000000
95594  24.209  7.102  -0.762 0.1250000000
94742  24.054  6.202  -0.621 0.1250000000
95586  22.583  6.433  0.743 0.1250000000
95596  22.593  6.320  -0.020 0.1250000000
96519  23.877  7.726  -0.558 0.1250000000
93007  23.334  4.073  -0.440 0.1250000000
136067  23.216  6.851  -0.314 0.1250000000
153060  22.872  6.788  0.156 0.1250000000
96500  23.479  7.198  1.181 0.1250000000
135333  22.615  3.214  -0.351 0.1250000000
141470  19.491  0.337  1.669 0.1250000000
76748  17.823  -13.492  6.224 0.1250000000
142615  17.980  -12.176  6.961 0.1250000000
90163  20.699  1.245  -0.189 0.1250000000
93008  21.973  3.264  -0.293 0.1250000000
93888  22.115  4.782  0.183 0.1250000000
95587  21.953  6.040  0.742 0.1250000000
95577  22.854  6.868  2.216 0.1250000000
96511  23.580  7.611  0.473 0.1250000000
139959  18.168  -8.893  5.759 0.1250000000
78602  17.575  -10.951  5.126 0.1250000000
77717  17.453  -12.452  5.473 0.1250000000
77704  17.572  -12.923  5.774 0.1250000000
90152  20.374  0.628  0.312 0.1250000000
80477  18.146  -9.721  5.327 0.1250000000
79464  17.494  -10.922  5.128 0.1250000000
78569  17.304  -12.061  5.369 0.1250000000
145253  17.883  -10.215  7.252 0.1250000000
78549  17.981  -11.506  7.203 0.1250000000
93887  22.818  4.922  -0.278 0.1250000000
94744  22.423  5.570  0.036 0.1250000000
95583  22.309  6.488  1.002 0.1250000000
95595  23.328  7.336  0.025 0.1250000000
95585  23.170  6.924  0.735 0.1250000000
153093  22.542  5.790  2.395 0.1250000000
96499  23.919  7.475  1.043 0.1250000000
72651  25.628  -17.663  4.982 0.1250000000
73705  25.385  -17.286  3.810 0.1250000000
73720  26.390  -16.384  2.647 0.1250000000
152192  25.971  -15.618  1.733 0.1250000000
74763  26.498  -15.225  1.510 0.1250000000
75850  26.167  -14.414  1.468 0.1250000000
137783  28.310  -14.501  2.272 0.1250000000
75831  27.959  -14.273  1.456 0.1250000000
76817  26.682  -13.740  1.280 0.1250000000
76814  28.975  -13.198  1.519 0.1250000000
151210  29.775  -12.264  1.549 0.1250000000
77766  29.233  -12.500  1.220 0.1250000000
77784  28.992  -12.106  0.644 0.1250000000
142804  22.811  -20.892  6.400 0.1250000000
69593  21.256  -20.510  5.731 0.1250000000
70613  22.861  -20.251  5.898 0.1250000000
70612  23.834  -19.891  6.249 0.1250000000
70623  24.236  -19.248  5.819 0.1250000000
71659  25.381  -18.366  5.594 0.1250000000
72662  26.311  -17.204  4.467 0.1250000000
73703  26.982  -16.825  4.256 0.1250000000
74731  27.566  -15.685  3.110 0.1250000000
74746  27.358  -15.584  2.172 0.1250000000
75810  28.579  -14.609  3.252 0.1250000000
77746  29.627  -12.780  1.973 0.1250000000
78670  29.353  -11.469  0.409 0.1250000000
78646  29.962  -11.216  0.465 0.1250000000
134074  30.586  -11.281  1.417 0.1250000000
79542  29.834  -10.801  0.105 0.1250000000
71673  24.902  -18.095  4.994 0.1250000000
141192  28.471  -12.108  0.695 0.1250000000
73704  26.262  -16.816  3.553 0.1250000000
76816  27.554  -13.771  1.049 0.1250000000
70624  23.377  -19.433  5.617 0.1250000000
69592  22.009  -20.945  5.963 0.1250000000
71660  24.578  -18.600  5.396 0.1250000000
74732  27.047  -16.064  2.562 0.1250000000
73719  27.100  -16.352  3.450 0.1250000000
75849  27.152  -14.634  1.281 0.1250000000
76815  28.256  -13.537  1.148 0.1250000000
75832  27.656  -14.960  1.803 0.1250000000
76797  29.295  -13.379  2.438 0.1250000000
77785  28.554  -12.753  0.875 0.1250000000
77765  29.490  -11.819  0.995 0.1250000000
77745  30.273  -12.315  2.173 0.1250000000
69591  23.525  -20.588  6.603 0.1250000000
72650  26.606  -17.538  5.306 0.1250000000
79517  31.693  -10.331  1.540 0.1250000000
72678  24.570  -17.463  3.674 0.3750000000
74747  26.645  -15.888  1.900 0.1250000000
74751  22.868  -14.889  3.000 0.7500000000
74762  27.106  -15.352  1.585 0.1250000000
75814  20.056  -14.458  3.728 0.7500000000
76832  27.913  -13.136  0.813 0.1250000000
77748  23.059  -12.579  2.341 0.7500000000
77769  25.310  -12.799  1.678 0.2500000000
77786  27.917  -12.440  0.795 0.1250000000
78624  30.925  -11.668  2.258 0.1250000000
78645  30.689  -10.622  1.047 0.1250000000
78653  22.004  -10.605  1.617 0.8750000000
78671  28.757  -11.596  0.499 0.1250000000
79524  21.915  -9.806  1.520 0.8750000000
80540  23.211  -9.050  1.441 1.0000000000
80543  21.856  -9.167  1.480 1.0000000000
80597  31.796  -9.155  -1.714 0.1250000000
81503  25.218  -8.242  1.297 0.7500000000
81505  22.922  -8.608  1.378 1.0000000000
81519  29.393  -9.593  0.073 0.5000000000
81522  23.712  -7.691  0.733 1.0000000000
81524  22.495  -8.032  1.305 1.0000000000
81542  30.143  -9.097  -1.261 0.3750000000
81552  32.637  -9.047  -3.063 0.1250000000
81580  32.969  -9.219  -5.178 0.1250000000
81588  32.973  -9.557  -6.201 0.1250000000
81589  32.893  -9.666  -6.014 0.1250000000
82436  25.360  -7.699  1.123 1.0000000000
82452  22.242  -7.617  1.096 1.0000000000
82473  30.651  -7.499  -2.438 0.5000000000
82494  33.481  -8.809  -5.692 0.1250000000
83357  24.578  -6.652  0.210 1.0000000000
83359  22.464  -6.973  0.487 1.0000000000
83361  21.800  -7.024  0.783 1.0000000000
83371  22.728  -6.387  0.076 1.0000000000
84340  20.657  -5.896  1.096 1.0000000000
84350  27.576  -5.033  1.236 0.8750000000
84360  29.547  -5.289  -0.720 0.8750000000
84362  24.010  -5.708  -0.432 1.0000000000
84377  29.950  -5.772  -3.079 0.6250000000
85242  17.338  -4.684  4.482 0.6250000000
85263  18.136  -4.808  3.708 1.0000000000
85282  19.161  -4.216  2.405 1.0000000000
85305  28.826  -4.437  0.620 1.0000000000
85310  21.668  -4.619  0.177 1.0000000000
85322  22.629  -4.685  -0.347 1.0000000000
85329  30.103  -4.748  -1.813 0.8750000000
85350  29.939  -4.929  -5.386 0.3750000000
85363  29.680  -4.192  -6.243 0.3750000000
86287  19.650  -3.610  1.741 1.0000000000
86296  25.270  -4.445  0.349 1.0000000000
86299  20.707  -3.057  0.587 1.0000000000
86304  23.940  -3.848  -0.485 1.0000000000
86305  23.336  -3.519  -0.533 1.0000000000
86381  30.780  -3.834  -8.571 0.1250000000
87233  18.056  -3.326  4.123 0.8750000000
87254  19.317  -2.490  2.292 0.7500000000
87269  20.176  -2.132  1.005 0.6250000000
87280  26.460  -2.815  0.791 1.0000000000
87291  28.811  -2.931  0.362 1.0000000000
87309  29.924  -3.314  -2.052 1.0000000000
87317  28.964  -3.002  -3.339 0.7500000000
87335  27.912  -2.540  -5.537 0.6250000000
87352  28.076  -2.576  -7.496 0.5000000000
87359  30.102  -2.589  -8.125 0.1250000000
88284  25.326  -1.426  0.363 1.0000000000
88287  22.127  -1.076  -0.636 1.0000000000
88295  29.756  -1.556  -1.680 1.0000000000
88305  29.078  -0.878  -2.642 1.0000000000
88323  27.016  -1.721  -4.880 0.8750000000
88337  26.307  -2.004  -6.389 0.5000000000
88355  29.777  -2.037  -8.439 0.1250000000
88356  29.213  -1.728  -8.609 0.2500000000
89174  18.710  -0.245  4.045 0.2500000000
89215  19.632  -0.168  1.424 0.2500000000
89231  27.981  -0.334  0.373 1.0000000000
89325  25.419  -0.749  -9.618 0.3750000000
90158  26.904  0.827  0.429 1.0000000000
90160  22.925  0.146  -0.451 0.8750000000
90162  21.364  1.100  -0.695 0.3750000000
90171  28.698  0.530  -1.246 1.0000000000
90196  26.834  -0.074  -4.896 0.8750000000
90232  29.392  0.339  -8.065 0.1250000000
90269  24.265  0.362  -9.184 0.3750000000
91195  26.706  0.663  -4.963 0.8750000000
91238  27.304  1.443  -8.263 0.1250000000
91240  23.695  1.131  -9.133 0.3750000000
92096  24.612  2.599  0.395 0.8750000000
92099  21.592  2.605  -0.352 0.1250000000
92144  25.987  1.640  -5.571 0.7500000000
92176  28.275  2.330  -7.267 0.1250000000
92179  23.288  1.815  -9.022 0.3750000000
93014  26.858  3.773  -1.267 1.0000000000
93056  26.612  3.581  -5.675 0.7500000000
93102  22.877  4.011  -9.904 0.3750000000
93898  27.447  4.049  -2.642 1.0000000000
93972  27.758  4.970  -7.451 0.1250000000
93990  22.994  4.686  -10.066 0.3750000000
94784  27.212  5.307  -5.055 0.7500000000
94802  26.052  4.948  -6.896 0.7500000000
94837  23.011  5.367  -10.055 0.3750000000
94842  25.204  6.509  -10.614 0.1250000000
94845  23.193  5.279  -10.194 0.2500000000
95578  22.364  6.396  2.193 0.1250000000
95579  21.898  5.887  1.702 0.1250000000
95610  25.741  6.271  -2.479 0.6250000000
95658  28.248  6.429  -7.971 0.1250000000
95679  22.965  6.130  -10.009 0.3750000000
95694  27.434  7.181  -9.794 0.1250000000
98346  23.162  11.049  -7.481 0.2500000000
98388  24.819  12.458  -11.741 0.1250000000
99209  24.567  13.018  -11.551 0.1250000000
129210  26.901  9.377  -12.604 0.1250000000
130357  16.393  -0.381  7.374 0.1250000000
131142  29.863  -3.836  -0.836 0.8750000000
131789  30.163  -11.792  1.463 0.1250000000
132563  23.552  -1.278  -0.273 1.0000000000
132755  28.632  -13.841  1.909 0.1250000000
133093  22.841  1.783  -0.039 0.7500000000
135335  24.494  -10.760  1.932 0.7500000000
136280  31.579  -9.561  -1.396 0.1250000000
136537  22.310  -3.037  -0.494 1.0000000000
136570  30.293  -8.196  -1.336 0.3750000000
136851  21.174  -5.281  0.587 1.0000000000
137026  22.040  -2.078  -0.592 0.8750000000
138386  19.147  -6.046  2.312 1.0000000000
138388  27.088  -6.701  1.314 1.0000000000
138957  22.064  -3.917  -0.345 1.0000000000
142086  28.380  -0.855  0.284 1.0000000000
142878  29.688  -2.065  -0.934 1.0000000000
143752  25.619  -1.243  -8.849 0.5000000000
145654  27.774  2.957  -7.596 0.1250000000
151481  21.684  -0.552  -0.671 0.6250000000
151526  24.235  -2.482  -0.144 1.0000000000
153932  30.102  -5.242  -1.974 0.7500000000
154198  26.688  -11.053  1.550 0.3750000000
155836  29.728  -6.943  -1.545 0.6250000000
156331  26.851  -3.245  1.070 1.0000000000
156870  23.513  -6.903  -0.025 1.0000000000
