#!ascii label  , from subject sub-v1s7x0051323_ses-1 vox2ras=TkReg
1830
3069  30.430  -86.772  -4.012 0.5000000000
11747  20.490  -75.435  -4.736 0.6000000238
12712  20.105  -74.659  -4.317 0.6000000238
12693  19.752  -73.969  -3.815 0.6000000238
11767  19.207  -75.507  -5.910 0.6999999881
13697  19.001  -73.660  -3.909 0.6000000238
11797  19.139  -75.808  -7.586 0.6999999881
12746  18.755  -74.819  -6.213 0.6000000238
5925  20.955  -82.520  4.619 0.5000000000
5235  24.248  -83.455  3.021 0.6000000238
5934  23.920  -83.043  3.874 0.6000000238
140356  21.818  -83.687  3.789 0.5000000000
130499  25.676  -83.465  1.374 0.5000000000
5246  25.152  -83.364  1.888 0.4000000060
5248  23.634  -83.931  2.374 0.5000000000
5237  22.653  -83.842  3.796 0.6000000238
148911  19.874  -73.525  5.224 0.5000000000
4599  30.231  -84.386  -2.033 0.4000000060
130827  20.562  -73.422  3.787 0.5000000000
13555  19.076  -73.137  4.415 0.5000000000
134385  20.538  -73.389  2.420 0.6000000238
13622  21.138  -73.505  -0.692 0.6000000238
11746  21.318  -75.755  -4.301 0.6000000238
10749  20.845  -76.172  -5.127 0.6999999881
12675  20.867  -74.147  -2.921 0.6000000238
10775  20.306  -76.733  -6.903 0.6999999881
9937  20.655  -78.256  -9.039 0.6000000238
10787  20.067  -76.915  -7.797 0.6999999881
9946  21.938  -78.152  -10.094 0.6000000238
150723  20.425  -77.582  -9.105 0.6000000238
10810  20.286  -76.655  -8.892 0.6999999881
10808  21.820  -76.724  -9.443 0.6999999881
12732  18.518  -74.010  -5.042 0.6000000238
7405  21.368  -80.393  5.650 0.5000000000
5923  22.635  -82.711  4.753 0.6000000238
6664  21.799  -81.242  5.482 0.5000000000
132536  25.295  -82.591  3.117 0.6000000238
6694  25.110  -82.118  3.752 0.6999999881
5218  23.132  -83.370  4.311 0.6000000238
5274  26.367  -83.693  0.651 0.4000000060
12613  21.518  -73.980  2.844 0.5000000000
12597  21.023  -73.923  4.047 0.5000000000
4035  30.709  -85.702  -3.895 0.5000000000
13563  20.980  -73.494  2.976 0.5000000000
11712  22.181  -74.938  -1.246 0.6999999881
12634  21.589  -73.806  1.249 0.6000000238
10738  22.130  -76.221  -3.765 0.6999999881
12665  21.615  -74.324  -1.863 0.6000000238
136790  21.609  -73.853  -0.163 0.6000000238
11736  21.666  -75.269  -3.321 0.6999999881
12674  21.444  -74.546  -2.700 0.6000000238
10763  21.204  -76.732  -5.519 0.6999999881
9928  21.141  -78.286  -7.974 0.6000000238
9899  21.111  -77.313  -6.261 0.6000000238
9097  21.329  -78.499  -9.566 0.6000000238
9929  20.690  -77.583  -7.337 0.6000000238
9945  22.718  -78.116  -10.375 0.6000000238
10807  23.315  -77.040  -9.522 0.6999999881
13758  21.012  -74.135  -9.226 0.6999999881
12763  18.633  -73.911  -7.133 0.5000000000
11820  21.423  -75.773  -9.232 0.6999999881
11810  20.281  -75.756  -8.771 0.6999999881
12762  18.864  -74.796  -7.225 0.6000000238
133557  22.992  -80.181  4.252 0.5000000000
7404  22.106  -80.465  5.714 0.5000000000
8143  21.896  -79.655  6.054 0.5000000000
7419  24.220  -80.912  4.234 0.6999999881
155955  22.693  -81.135  4.883 0.6000000238
155579  26.150  -81.387  3.480 0.5000000000
148842  25.492  -81.399  3.791 0.6999999881
6675  24.723  -81.477  4.180 0.6999999881
5921  24.363  -82.281  4.165 0.6000000238
6677  22.840  -81.770  4.790 0.6000000238
150756  27.734  -82.190  1.802 0.4000000060
5963  27.131  -82.598  1.673 0.4000000060
5945  26.502  -82.396  2.338 0.5000000000
11635  21.688  -75.112  2.740 0.5000000000
11672  22.315  -75.001  0.453 0.5000000000
11656  22.078  -75.247  1.814 0.5000000000
12621  21.882  -74.190  2.020 0.5000000000
131844  22.649  -76.459  -3.018 0.6000000238
12650  22.101  -74.525  -0.300 0.5000000000
10747  22.326  -76.928  -4.497 0.6999999881
141669  22.791  -78.263  -6.599 0.6000000238
9914  22.143  -78.286  -6.663 0.6999999881
9875  21.766  -77.196  -5.367 0.6999999881
9086  23.004  -79.378  -7.838 0.6000000238
9083  22.552  -78.782  -7.238 0.6000000238
9898  21.881  -77.799  -6.023 0.6999999881
154111  24.328  -79.839  -10.884 0.6999999881
9095  22.731  -79.707  -8.871 0.6000000238
155300  21.612  -78.849  -8.025 0.6000000238
10817  26.004  -76.933  -10.142 0.6000000238
132375  24.553  -78.684  -10.603 0.6999999881
9113  22.508  -78.898  -10.407 0.6999999881
11806  26.546  -75.589  -9.040 0.6000000238
139798  25.837  -76.179  -9.362 0.6000000238
9944  23.940  -77.813  -9.977 0.6999999881
14701  20.876  -72.763  -8.851 0.6000000238
10806  24.262  -76.650  -9.203 0.6999999881
13757  21.793  -74.076  -9.265 0.6999999881
133322  19.261  -73.831  -7.874 0.6000000238
11790  27.567  -75.407  -7.507 0.6999999881
11807  25.668  -75.825  -8.633 0.6000000238
10795  24.569  -76.158  -8.438 0.8000000119
10796  23.677  -76.253  -8.568 0.6999999881
11808  23.026  -75.836  -8.475 0.6999999881
11819  22.069  -75.408  -9.116 0.6999999881
8158  22.711  -79.660  4.607 0.6000000238
7442  24.568  -80.388  3.802 0.6999999881
7443  23.614  -80.344  4.027 0.6999999881
7420  23.113  -80.969  4.453 0.6000000238
7440  26.330  -80.059  3.513 0.5000000000
7441  25.470  -80.031  3.522 0.6999999881
6729  27.888  -81.584  2.238 0.4000000060
6712  27.339  -81.342  2.932 0.5000000000
150660  21.573  -76.140  2.923 0.5000000000
10629  21.489  -76.426  4.602 0.5000000000
10657  22.125  -76.242  1.452 0.5000000000
10710  22.764  -76.465  -1.362 0.6000000238
9856  23.526  -77.265  -3.283 0.6000000238
10727  22.820  -76.407  -2.226 0.6999999881
11690  22.538  -75.782  -1.058 0.6999999881
9897  23.325  -77.569  -5.264 0.6999999881
9857  22.832  -76.809  -3.599 0.6999999881
146813  23.726  -79.020  -7.791 0.6000000238
9082  23.417  -78.494  -7.054 0.6000000238
140276  22.619  -77.857  -5.978 0.6999999881
8324  26.731  -79.391  -11.316 0.6999999881
8320  25.342  -80.356  -11.175 0.6999999881
9093  24.526  -79.986  -9.403 0.6999999881
15752  23.119  -71.050  -7.905 0.6000000238
9950  26.768  -77.863  -11.370 0.6000000238
135484  26.096  -78.717  -11.163 0.6999999881
8317  23.367  -80.067  -10.227 0.6999999881
11789  29.422  -75.330  -7.786 0.6000000238
11804  28.181  -75.574  -9.137 0.6000000238
141346  27.812  -75.677  -9.655 0.6000000238
10816  26.845  -76.855  -10.618 0.6000000238
9951  25.499  -78.150  -10.626 0.6999999881
15767  22.306  -71.857  -8.576 0.6000000238
135490  28.468  -75.380  -7.597 0.6000000238
10804  26.663  -76.200  -9.808 0.6000000238
12745  23.214  -74.775  -6.800 0.6999999881
148839  22.954  -73.192  -8.399 0.6000000238
13750  22.535  -73.132  -9.138 0.6999999881
14700  21.981  -72.563  -9.033 0.6000000238
12759  30.085  -75.063  -7.237 0.5000000000
11776  29.134  -75.253  -6.905 0.6000000238
11778  27.243  -75.297  -6.706 0.8000000119
11779  26.369  -75.335  -6.650 0.8000000119
11780  25.533  -75.406  -6.530 0.8000000119
11795  23.660  -75.628  -7.730 0.8000000119
11796  23.023  -75.158  -8.085 0.6999999881
12772  22.669  -74.387  -8.542 0.6999999881
11792  26.149  -75.627  -8.101 0.8000000119
10786  24.246  -75.941  -7.896 0.8000000119
7444  22.928  -79.995  3.089 0.6999999881
8177  22.669  -79.511  3.382 0.6999999881
8950  22.575  -78.955  4.051 0.6999999881
8939  22.409  -78.843  4.965 0.6000000238
8186  25.454  -79.200  2.557 0.6999999881
8951  22.193  -78.218  3.959 0.6000000238
8949  26.000  -78.760  2.892 0.6000000238
9752  21.754  -77.368  4.266 0.5000000000
136875  21.624  -76.922  2.625 0.5000000000
16665  22.567  -70.314  -0.534 0.6000000238
134775  21.741  -77.250  1.821 0.5000000000
142219  22.555  -70.367  -1.995 0.5000000000
146277  22.431  -77.098  0.248 0.5000000000
15688  23.559  -71.160  -2.250 0.6000000238
9819  23.345  -77.855  -1.752 0.6999999881
150192  22.804  -77.352  -0.892 0.6000000238
142748  24.106  -77.473  -4.610 0.6999999881
142265  23.091  -77.158  -1.604 0.6999999881
15708  22.797  -71.304  -4.440 0.6000000238
9084  24.611  -78.927  -8.163 0.6999999881
9912  24.441  -77.866  -6.505 0.6000000238
8313  26.821  -79.704  -10.999 0.6999999881
9103  25.784  -80.179  -10.262 0.6999999881
9104  25.134  -80.375  -10.168 0.6999999881
14665  23.113  -71.387  -6.593 0.6000000238
14655  22.713  -71.462  -5.339 0.6000000238
9957  27.409  -78.035  -11.828 0.6000000238
8314  25.838  -80.196  -10.878 0.6999999881
148097  23.022  -73.475  -5.697 0.6000000238
15739  23.142  -70.732  -7.216 0.6000000238
11827  28.755  -75.706  -10.834 0.6000000238
10815  27.615  -76.447  -10.842 0.6000000238
12711  23.591  -74.154  -5.056 0.6999999881
155785  22.887  -73.533  -6.375 0.6000000238
14676  23.143  -71.537  -7.664 0.6000000238
11803  29.121  -75.553  -9.285 0.6000000238
12707  27.028  -74.610  -4.653 0.6000000238
12708  26.156  -74.663  -4.607 0.6000000238
11765  24.268  -75.227  -5.922 0.6999999881
13726  23.267  -74.262  -6.022 0.6000000238
146740  23.011  -72.589  -8.906 0.6000000238
12725  28.173  -74.717  -5.265 0.6000000238
11764  25.113  -75.259  -5.860 0.8000000119
11761  27.766  -75.071  -5.985 0.6000000238
11762  26.894  -75.208  -5.944 0.6999999881
11782  23.854  -75.312  -6.750 0.8000000119
133716  23.743  -80.166  1.371 0.6999999881
7463  22.727  -80.124  2.011 0.6999999881
8188  22.469  -79.728  2.257 0.6999999881
8212  25.398  -79.564  0.640 0.6999999881
8197  24.667  -79.725  2.072 0.6999999881
8189  22.220  -79.017  2.482 0.6000000238
9765  21.655  -77.712  2.265 0.6000000238
15620  24.005  -70.813  1.723 0.6000000238
134956  22.605  -70.479  1.612 0.6000000238
16612  24.075  -70.727  0.855 0.6000000238
136753  22.824  -70.493  0.747 0.6000000238
9776  22.039  -78.148  1.292 0.6000000238
148554  23.838  -70.974  0.089 0.5000000000
9038  23.576  -78.477  -1.979 0.6999999881
9820  22.870  -78.160  -1.094 0.6999999881
15652  24.312  -71.744  -0.809 0.4000000060
15653  23.744  -71.009  -0.663 0.5000000000
9872  24.957  -77.642  -4.869 0.6999999881
9855  24.253  -77.813  -3.084 0.8000000119
15671  24.056  -71.861  -1.742 0.5000000000
9895  25.178  -77.654  -5.736 0.6000000238
131139  23.994  -77.490  -3.820 0.6999999881
14631  23.844  -72.064  -2.555 0.6000000238
9092  25.528  -79.471  -9.108 0.6999999881
9926  24.913  -78.093  -7.252 0.6999999881
13679  23.689  -73.166  -3.776 0.6999999881
14645  23.578  -72.205  -3.372 0.6000000238
151139  28.476  -79.129  -11.609 0.6999999881
9109  27.870  -79.524  -10.928 0.6999999881
13677  25.293  -74.097  -3.213 0.5000000000
14664  22.787  -72.495  -5.559 0.6000000238
10821  29.646  -76.845  -12.053 0.6000000238
9956  28.250  -77.801  -12.065 0.6000000238
134592  27.944  -78.640  -11.882 0.6999999881
13695  24.012  -73.979  -4.209 0.6999999881
10813  29.197  -76.135  -11.527 0.6000000238
10823  27.916  -77.019  -11.511 0.6000000238
12689  25.717  -74.492  -3.856 0.5000000000
12690  24.805  -74.393  -3.918 0.6000000238
11816  29.420  -75.537  -10.246 0.6000000238
12686  29.219  -74.317  -3.714 0.6000000238
133933  27.621  -74.447  -4.035 0.5000000000
12710  24.345  -74.546  -4.698 0.6999999881
12685  30.149  -74.234  -4.005 0.6000000238
7486  23.664  -80.503  0.195 0.6999999881
7474  22.616  -80.158  1.090 0.6999999881
8214  22.223  -79.566  0.666 0.6000000238
133630  22.074  -78.895  1.166 0.6000000238
15605  23.861  -70.872  2.672 0.4000000060
16566  23.051  -70.749  3.217 0.5000000000
9006  22.291  -79.391  -0.408 0.6000000238
15618  25.303  -71.545  2.069 0.5000000000
16614  22.018  -70.470  1.070 0.6000000238
137268  22.296  -79.920  -1.093 0.6999999881
8252  23.471  -79.543  -2.087 0.6999999881
9789  22.307  -77.978  0.419 0.6000000238
156132  24.275  -71.299  -0.166 0.5000000000
9062  25.558  -78.296  -4.377 0.6999999881
14596  25.020  -72.348  -0.629 0.4000000060
9935  28.053  -77.994  -8.546 0.6999999881
9924  26.717  -77.898  -7.724 0.6999999881
9910  26.382  -77.697  -6.867 0.6999999881
14614  24.739  -72.570  -1.314 0.6000000238
9100  29.717  -78.828  -10.282 0.6999999881
9090  28.655  -78.415  -9.637 0.6999999881
154060  26.326  -78.469  -8.482 0.6999999881
9925  25.722  -78.185  -7.728 0.6999999881
13642  26.211  -73.373  -1.339 0.5000000000
14630  24.480  -72.759  -2.148 0.5000000000
9115  30.407  -78.622  -11.395 0.6000000238
9108  29.794  -79.253  -11.101 0.6999999881
9101  27.953  -79.042  -10.386 0.6999999881
129738  26.529  -79.106  -9.389 0.6999999881
146202  26.183  -73.729  -1.977 0.5000000000
11832  30.168  -76.104  -11.787 0.5000000000
9954  30.873  -77.614  -11.696 0.6000000238
9955  29.170  -77.766  -12.079 0.6000000238
7502  23.576  -80.925  -0.937 0.6999999881
7517  22.552  -80.619  -0.914 0.6999999881
15593  23.775  -71.033  3.641 0.4000000060
7515  23.761  -81.039  -1.961 0.6999999881
8224  22.200  -79.938  -0.750 0.6999999881
16567  22.226  -70.474  3.753 0.4000000060
7533  23.651  -80.790  -2.216 0.6999999881
142362  21.677  -70.534  1.979 0.6000000238
8272  24.603  -80.225  -3.311 0.8000000119
152919  23.581  -80.555  -2.317 0.6999999881
9076  26.889  -78.537  -5.340 0.6000000238
9077  26.224  -78.464  -4.900 0.6000000238
17614  19.082  -69.892  2.605 0.6000000238
9923  27.585  -77.752  -7.689 0.6999999881
9081  26.973  -78.059  -6.129 0.6999999881
9933  29.859  -77.760  -8.503 0.6000000238
9941  31.132  -78.318  -9.851 0.6000000238
18705  18.247  -69.148  0.526 0.5000000000
9953  31.647  -77.538  -11.383 0.6000000238
9107  30.604  -78.781  -10.931 0.6999999881
10818  32.199  -76.688  -11.575 0.5000000000
7532  24.243  -81.076  -3.054 0.6999999881
16548  22.395  -70.242  4.632 0.4000000060
8271  25.005  -80.688  -4.074 0.8000000119
16568  21.404  -70.231  3.706 0.5000000000
8303  27.024  -80.535  -5.181 0.8000000119
17579  20.762  -68.983  4.396 0.4000000060
16549  21.748  -69.960  4.423 0.4000000060
8286  25.909  -79.572  -4.329 0.6999999881
18669  19.630  -68.596  3.341 0.4000000060
16569  20.604  -70.055  3.514 0.5000000000
9932  30.672  -77.622  -8.856 0.6000000238
9922  28.464  -77.673  -7.549 0.6000000238
9908  28.031  -77.823  -6.781 0.6999999881
19797  20.515  -67.270  3.328 0.4000000060
9931  31.569  -77.675  -9.281 0.6000000238
9942  30.296  -78.293  -9.612 0.6000000238
18704  18.940  -68.625  0.944 0.4000000060
17615  18.506  -70.132  1.583 0.6000000238
9948  31.790  -78.064  -10.602 0.6000000238
10812  32.845  -77.161  -10.715 0.5000000000
145602  33.014  -76.346  -11.217 0.5000000000
136174  23.090  -69.478  5.453 0.4000000060
6795  25.492  -81.318  -4.343 0.8000000119
17573  21.965  -68.694  5.261 0.4000000060
144917  25.952  -81.162  -4.710 0.6999999881
19774  20.716  -68.159  4.415 0.4000000060
9074  28.897  -79.309  -5.668 0.6000000238
9075  28.091  -79.198  -5.474 0.6999999881
9920  30.239  -77.481  -7.260 0.6000000238
9907  28.855  -77.803  -6.528 0.6000000238
20978  21.084  -66.738  2.872 0.4000000060
19809  20.257  -67.016  2.261 0.4000000060
9930  32.338  -77.631  -9.649 0.6000000238
20994  19.888  -67.269  1.188 0.4000000060
10802  33.030  -77.345  -9.979 0.4000000060
18642  23.591  -68.678  5.411 0.4000000060
7581  27.513  -81.125  -5.293 0.6999999881
19757  22.217  -67.971  5.265 0.4000000060
8300  29.439  -80.395  -6.088 0.6999999881
8302  27.849  -80.468  -5.462 0.6000000238
19796  21.398  -66.935  3.672 0.4000000060
154935  30.285  -77.685  -5.981 0.6000000238
20993  21.334  -66.514  1.925 0.4000000060
10794  32.013  -77.215  -8.604 0.6000000238
21028  20.777  -66.599  -0.178 0.3000000119
10801  33.491  -76.696  -9.754 0.4000000060
11800  34.791  -75.657  -9.880 0.4000000060
12769  34.270  -75.236  -8.946 0.4000000060
20976  23.142  -66.716  2.987 0.4000000060
145631  23.064  -66.514  2.157 0.4000000060
10784  31.619  -76.873  -7.142 0.6000000238
10793  32.395  -76.691  -7.974 0.6000000238
11775  32.715  -75.809  -6.222 0.6000000238
156848  33.644  -75.081  -8.006 0.4000000060
12739  34.117  -73.992  -6.786 0.5000000000
12768  34.958  -74.557  -8.873 0.4000000060
24561  21.465  -63.221  -2.170 0.3000000119
12755  34.678  -73.758  -7.728 0.4000000060
22116  26.199  -65.434  4.063 0.4000000060
24517  21.840  -63.398  0.824 0.3000000119
26758  19.687  -60.961  -2.282 0.4000000060
22108  25.666  -64.875  6.007 0.4000000060
23293  25.034  -64.254  3.440 0.4000000060
24507  22.374  -62.987  1.875 0.3000000119
145144  23.326  -63.108  2.777 0.3000000119
25661  21.377  -62.749  -1.251 0.3000000119
135031  21.563  -63.390  -0.308 0.3000000119
26756  21.087  -61.473  -2.679 0.3000000119
23269  24.074  -64.083  5.187 0.4000000060
24464  23.404  -63.891  4.869 0.4000000060
24496  23.605  -63.512  3.365 0.4000000060
25635  21.531  -62.519  1.495 0.3000000119
25650  21.255  -62.510  0.302 0.3000000119
29049  15.211  -59.892  0.928 0.4000000060
29009  13.190  -59.224  2.296 0.3000000119
152127  13.365  -58.574  2.961 0.3000000119
26727  21.102  -61.725  -0.693 0.3000000119
27897  20.335  -60.039  -1.079 0.3000000119
144433  22.357  -63.635  5.916 0.4000000060
24484  23.059  -63.636  4.264 0.4000000060
24497  22.711  -62.996  3.539 0.3000000119
25624  21.709  -62.530  2.452 0.3000000119
25625  21.044  -62.008  2.279 0.3000000119
136816  17.165  -59.966  -0.496 0.3000000119
26716  20.387  -61.202  1.060 0.3000000119
134865  14.811  -58.659  1.746 0.3000000119
27869  20.102  -60.430  0.809 0.3000000119
30210  15.424  -58.183  1.940 0.4000000060
30192  14.676  -58.237  2.194 0.3000000119
31297  15.086  -57.000  3.004 0.3000000119
31298  14.213  -57.141  3.466 0.3000000119
24466  21.755  -63.490  5.316 0.4000000060
25597  21.098  -62.639  4.100 0.4000000060
25617  20.819  -62.322  3.334 0.3000000119
134498  16.169  -59.548  0.422 0.4000000060
26678  20.312  -61.593  2.990 0.3000000119
29047  18.189  -58.875  -0.006 0.3000000119
144323  16.062  -58.542  1.375 0.4000000060
30222  17.459  -59.019  0.780 0.4000000060
32381  14.515  -56.147  3.606 0.3000000119
24467  20.867  -62.979  5.589 0.4000000060
25598  20.416  -62.766  4.781 0.4000000060
25618  19.741  -62.146  3.824 0.4000000060
26679  19.245  -61.512  3.393 0.4000000060
26717  19.955  -60.688  1.642 0.3000000119
27871  18.860  -59.588  1.410 0.3000000119
136539  17.740  -59.044  1.361 0.3000000119
29027  17.238  -58.731  2.118 0.3000000119
31315  16.672  -57.842  3.288 0.5000000000
31331  16.097  -58.121  2.102 0.4000000060
31317  15.640  -57.561  2.626 0.4000000060
33374  14.682  -54.953  3.623 0.3000000119
152421  19.395  -62.172  5.246 0.4000000060
134398  18.933  -61.802  4.756 0.4000000060
26659  18.457  -61.221  4.313 0.3000000119
28975  17.478  -59.011  4.250 0.3000000119
30159  17.749  -58.029  4.256 0.3000000119
31294  18.316  -56.952  4.136 0.3000000119
26699  18.785  -60.867  2.944 0.3000000119
27856  17.636  -59.900  3.330 0.3000000119
30177  17.124  -58.383  3.787 0.3000000119
31295  17.287  -57.428  3.790 0.3000000119
32379  17.579  -56.419  3.737 0.3000000119
29008  17.255  -59.186  2.901 0.3000000119
31296  16.687  -56.843  3.343 0.3000000119
32380  15.422  -56.056  3.297 0.3000000119
33356  13.672  -53.850  4.226 0.3000000119
26609  21.765  -61.569  7.661 0.3000000119
26623  21.066  -61.596  6.907 0.3000000119
26624  20.269  -61.370  6.408 0.3000000119
27810  19.915  -59.716  5.774 0.3000000119
30157  19.439  -58.122  4.878 0.3000000119
31293  19.164  -56.334  4.087 0.3000000119
27811  19.273  -60.589  5.602 0.3000000119
28973  18.732  -59.129  5.203 0.3000000119
30158  18.305  -58.564  4.664 0.3000000119
31275  18.836  -57.640  4.419 0.3000000119
32378  18.420  -55.996  3.920 0.3000000119
131449  17.226  -54.961  3.262 0.3000000119
152983  16.630  -55.397  3.287 0.3000000119
34467  16.432  -54.539  3.325 0.3000000119
33373  15.835  -55.260  3.351 0.3000000119
34468  15.312  -54.141  3.479 0.3000000119
27743  22.779  -60.706  8.437 0.3000000119
136896  21.387  -59.899  6.654 0.3000000119
28939  20.627  -59.809  6.250 0.3000000119
30139  20.326  -58.227  5.176 0.3000000119
31273  20.418  -56.957  4.625 0.3000000119
34465  18.651  -54.148  3.585 0.3000000119
34466  17.176  -53.681  3.350 0.3000000119
137534  15.927  -53.241  3.435 0.3000000119
34452  13.687  -52.501  4.318 0.3000000119
32360  20.257  -56.234  4.460 0.3000000119
32361  19.691  -55.706  4.208 0.3000000119
35457  17.537  -52.386  3.617 0.3000000119
36531  15.869  -50.895  3.852 0.3000000119
132077  14.635  -52.705  3.665 0.3000000119
36515  14.293  -51.082  4.548 0.3000000119
34429  20.358  -54.239  4.504 0.3000000119
34464  19.165  -53.811  3.861 0.3000000119
141390  18.109  -53.396  3.429 0.3000000119
141533  21.081  -55.003  4.969 0.3000000119
35455  18.932  -52.708  3.955 0.3000000119
36528  18.351  -52.135  3.939 0.3000000119
36530  16.834  -51.249  3.914 0.3000000119
35439  15.469  -51.199  4.505 0.3000000119
35420  14.531  -51.642  5.097 0.3000000119
3556  30.578  -86.116  -4.341 0.5000000000
4036  30.132  -85.570  -4.442 0.5000000000
4616  29.819  -84.898  -2.861 0.4000000060
10765  19.579  -76.187  -6.447 0.6999999881
12773  20.182  -74.740  -8.772 0.6999999881
138662  27.190  -83.658  0.290 0.4000000060
4632  31.099  -85.306  -3.337 0.5000000000
9096  21.974  -79.314  -9.333 0.6000000238
10656  22.450  -76.107  0.516 0.5000000000
9105  22.830  -79.681  -10.454 0.6000000238
9052  24.694  -78.777  -3.020 0.8000000119
9023  22.372  -79.183  -0.829 0.6999999881
149964  25.630  -77.876  -5.135 0.6000000238
11830  31.664  -75.978  -12.058 0.5000000000
9091  27.528  -78.655  -9.500 0.6999999881
18684  19.342  -68.565  2.403 0.4000000060
11829  32.302  -75.728  -11.815 0.5000000000
9919  31.141  -77.249  -7.928 0.6000000238
11814  34.202  -76.158  -10.263 0.4000000060
152156  30.065  -78.303  -5.729 0.6000000238
9905  30.930  -77.301  -6.328 0.6000000238
21011  21.702  -66.409  0.682 0.3000000119
142485  33.432  -75.619  -8.299 0.4000000060
11787  33.248  -75.184  -7.039 0.4000000060
23268  24.840  -64.522  5.613 0.4000000060
132422  20.464  -61.978  6.458 0.3000000119
28914  21.955  -59.968  7.271 0.3000000119
6830  30.897  -81.273  -6.402 0.5000000000
6831  29.955  -81.290  -6.269 0.5000000000
6822  28.134  -81.274  -5.347 0.6999999881
6792  27.718  -81.385  -4.611 0.6999999881
7531  25.180  -81.271  -3.170 0.6000000238
8309  30.085  -81.047  -6.437 0.5000000000
7579  29.311  -81.073  -6.147 0.6000000238
6807  27.146  -81.327  -4.970 0.6000000238
8222  25.385  -79.933  -0.409 0.6000000238
8213  24.645  -80.007  1.004 0.6000000238
139533  28.888  -80.759  -3.880 0.6999999881
8250  27.027  -80.330  -2.330 0.6000000238
8237  25.531  -80.362  -1.315 0.6000000238
7529  27.612  -80.643  -2.943 0.6999999881
7530  26.392  -81.227  -3.154 0.6000000238
8223  24.542  -80.298  -0.140 0.6000000238
8298  30.993  -79.797  -6.231 0.5000000000
8248  29.065  -79.401  -2.772 0.6999999881
8235  27.539  -79.463  -1.886 0.6999999881
9021  27.084  -79.120  -1.203 0.6000000238
8211  26.139  -79.035  0.240 0.6000000238
8269  29.380  -80.049  -3.415 0.6000000238
8270  28.579  -80.282  -3.146 0.6999999881
8236  26.418  -79.818  -1.214 0.6000000238
8285  30.804  -80.628  -4.588 0.6000000238
155721  32.636  -80.036  -6.346 0.5000000000
9072  30.422  -78.820  -5.659 0.5000000000
9050  29.876  -79.303  -3.080 0.6999999881
8234  28.123  -78.887  -1.900 0.6000000238
8986  25.968  -78.659  1.291 0.6000000238
153919  33.726  -79.185  -5.876 0.5000000000
8297  31.787  -79.238  -5.838 0.5000000000
10760  34.869  -76.301  -5.397 0.5000000000
9891  32.343  -77.574  -5.436 0.5000000000
11758  34.181  -75.446  -5.283 0.4000000060
13682  18.529  -73.543  -3.202 0.4000000060
13680  20.138  -73.890  -3.062 0.4000000060
13663  18.991  -73.396  -1.999 0.4000000060
146677  20.298  -73.527  -1.814 0.5000000000
13645  20.359  -73.420  -1.051 0.5000000000
13624  19.847  -73.558  -0.276 0.5000000000
143124  32.790  -76.826  -5.323 0.5000000000
13602  20.404  -73.494  0.475 0.5000000000
153560  17.597  -74.223  3.924 0.6000000238
10761  33.708  -76.251  -5.268 0.4000000060
131666  21.134  -73.551  0.757 0.5000000000
153022  20.182  -73.530  1.848 0.5000000000
13565  18.932  -73.195  3.479 0.5000000000
12676  18.222  -73.943  -1.696 0.5000000000
13647  18.928  -73.695  -1.182 0.5000000000
12666  18.282  -74.396  -0.698 0.5000000000
13604  18.655  -74.062  0.301 0.5000000000
12635  18.181  -74.503  0.602 0.5000000000
13603  19.344  -73.672  0.384 0.5000000000
12622  18.176  -74.227  1.328 0.5000000000
12598  18.026  -73.825  3.123 0.5000000000
11760  32.986  -75.965  -5.510 0.5000000000
144141  18.817  -73.463  2.562 0.5000000000
12703  35.518  -74.120  -4.831 0.4000000060
12722  33.809  -74.860  -5.583 0.4000000060
12720  34.928  -74.048  -5.403 0.4000000060
13740  19.131  -73.045  -7.842 0.5000000000
12653  17.681  -75.261  -0.282 0.5000000000
10773  32.362  -76.477  -5.734 0.5000000000
12740  33.659  -74.565  -6.350 0.4000000060
15754  21.462  -71.416  -8.050 0.5000000000
132965  20.598  -70.937  -7.647 0.5000000000
15756  18.687  -71.818  -7.327 0.5000000000
14690  19.376  -72.306  -7.775 0.5000000000
12721  34.213  -74.061  -5.894 0.4000000060
16777  21.742  -70.285  -7.485 0.5000000000
156857  20.823  -69.975  -7.227 0.5000000000
16766  22.220  -69.443  -6.933 0.5000000000
16767  21.483  -69.161  -6.809 0.5000000000
16768  19.414  -69.716  -6.608 0.5000000000
15741  18.153  -71.164  -6.795 0.4000000060
17757  22.192  -69.180  -5.967 0.5000000000
17775  19.859  -68.397  -6.166 0.6000000238
16769  18.470  -70.123  -6.462 0.6000000238
143392  23.042  -70.345  -6.213 0.5000000000
17734  22.028  -69.283  -5.125 0.5000000000
17759  21.168  -68.545  -5.933 0.5000000000
18832  19.837  -67.762  -5.553 0.6000000238
17776  18.809  -68.795  -6.245 0.6000000238
16756  17.243  -70.260  -6.149 0.6000000238
14677  15.470  -72.339  -7.500 0.5000000000
15743  15.115  -72.033  -6.400 0.5000000000
14666  14.570  -72.414  -5.014 0.5000000000
16740  22.326  -69.892  -4.444 0.5000000000
16724  22.592  -69.954  -3.399 0.5000000000
17717  21.839  -69.709  -4.005 0.5000000000
18802  20.797  -68.504  -5.299 0.5000000000
140954  21.181  -69.281  -4.608 0.6000000238
17777  18.254  -67.865  -5.731 0.6000000238
17760  17.027  -69.163  -5.814 0.6000000238
15724  16.091  -70.918  -5.526 0.6000000238
15725  15.385  -71.588  -5.264 0.5000000000
18767  13.482  -66.856  -3.463 0.5000000000
135658  13.162  -71.954  -3.853 0.5000000000
156956  23.298  -70.819  -3.313 0.5000000000
16705  22.821  -70.097  -2.733 0.5000000000
16725  21.831  -69.897  -2.993 0.6000000238
16726  20.822  -70.429  -3.295 0.6000000238
16727  19.828  -70.347  -3.495 0.6000000238
19913  18.929  -66.792  -5.084 0.6000000238
17720  18.463  -68.673  -4.372 0.6000000238
133116  17.255  -67.900  -5.527 0.6000000238
154878  17.770  -66.972  -4.946 0.6000000238
145429  16.587  -70.053  -5.727 0.6000000238
15710  15.378  -70.796  -4.920 0.5000000000
15711  14.728  -71.644  -4.420 0.5000000000
16741  14.652  -70.503  -4.520 0.5000000000
17741  14.504  -68.835  -4.629 0.5000000000
134051  12.911  -69.987  -4.426 0.5000000000
17743  12.606  -68.833  -4.288 0.5000000000
16706  21.884  -70.320  -2.098 0.6000000238
16707  21.046  -70.648  -2.382 0.6000000238
16709  19.146  -70.914  -2.839 0.6000000238
15699  18.183  -71.010  -3.094 0.6000000238
16728  18.842  -70.207  -3.738 0.6000000238
17738  17.589  -67.393  -4.607 0.6000000238
17721  17.384  -68.997  -4.076 0.6000000238
17762  15.925  -67.862  -4.730 0.5000000000
18783  16.048  -67.722  -4.468 0.5000000000
17740  15.294  -69.325  -4.829 0.5000000000
17723  15.543  -67.612  -3.890 0.5000000000
17706  15.241  -68.797  -3.197 0.6000000238
18807  14.258  -67.159  -4.415 0.5000000000
18786  14.355  -66.634  -4.067 0.5000000000
17708  13.806  -67.829  -2.671 0.5000000000
17694  13.042  -69.227  -0.761 0.5000000000
15689  19.386  -71.160  -1.895 0.6000000238
15690  18.501  -71.303  -2.092 0.6000000238
15700  17.355  -70.971  -3.129 0.6000000238
17722  16.038  -68.397  -3.742 0.6000000238
16712  14.697  -69.517  -2.283 0.6000000238
17692  14.178  -69.832  -1.470 0.5000000000
15655  19.332  -71.478  -0.389 0.6000000238
16731  15.965  -69.821  -3.071 0.6000000238
16693  14.868  -70.403  -1.550 0.6000000238
16670  14.416  -70.319  -0.785 0.5000000000
16617  19.147  -70.705  1.790 0.6000000238
15621  19.416  -71.184  1.092 0.6000000238
15636  18.271  -71.388  0.309 0.6000000238
155453  17.407  -71.502  -0.825 0.6000000238
16692  15.498  -70.791  -1.672 0.6000000238
146541  15.459  -70.556  -0.241 0.5000000000
16618  18.569  -70.738  1.338 0.6000000238
15637  17.413  -71.305  -0.142 0.6000000238
17656  17.887  -70.278  0.670 0.6000000238
145729  15.995  -70.982  -0.608 0.6000000238
151017  16.698  -70.256  0.296 0.6000000238
17658  16.160  -69.842  0.771 0.5000000000
144898  17.774  -69.248  0.451 0.4000000060
7514  24.734  -81.043  -2.248 0.6000000238
6794  26.256  -81.485  -4.075 0.6999999881
9893  30.817  -77.968  -5.646 0.5000000000
9892  31.643  -77.972  -5.517 0.5000000000
9889  35.079  -78.128  -5.706 0.5000000000
141939  33.871  -77.393  -5.408 0.5000000000
152095  17.586  -74.465  1.700 0.6000000238
18803  20.216  -67.658  -4.938 0.6000000238
17737  19.534  -67.642  -4.805 0.6000000238
17761  16.407  -68.517  -5.343 0.6000000238
131374  15.294  -67.716  -4.514 0.5000000000
15656  18.050  -71.551  -0.455 0.6000000238
15692  16.840  -71.382  -2.455 0.6000000238
16641  16.991  -70.830  0.071 0.6000000238
16643  15.289  -70.216  0.623 0.6000000238
3542  30.232  -87.130  -2.276 0.4000000060
4003  31.513  -85.904  0.153 0.5000000000
4002  32.473  -86.074  0.131 0.5000000000
3497  31.262  -86.248  -0.527 0.4000000060
140824  31.396  -86.498  -1.520 0.4000000060
3525  32.195  -86.115  -1.585 0.4000000060
3541  30.891  -86.689  -2.668 0.4000000060
3985  32.934  -85.699  0.820 0.5000000000
4552  32.317  -85.188  1.559 0.5000000000
4013  33.673  -85.683  -0.788 0.5000000000
4025  32.661  -85.437  -2.236 0.5000000000
3540  31.402  -85.935  -2.950 0.4000000060
3983  34.852  -85.161  0.965 0.5000000000
4000  34.245  -85.536  -0.249 0.5000000000
4018  33.708  -85.093  -1.397 0.5000000000
146088  32.945  -84.451  -2.250 0.5000000000
4026  31.988  -85.322  -2.702 0.4000000060
4597  32.332  -84.341  -2.400 0.4000000060
4566  35.098  -84.527  0.327 0.5000000000
4567  34.592  -84.500  -0.200 0.5000000000
5270  34.217  -83.839  0.129 0.5000000000
5285  33.570  -84.251  -0.711 0.5000000000
5286  32.795  -83.735  -1.239 0.5000000000
4598  31.478  -84.321  -2.451 0.4000000060
8948  26.714  -78.747  3.068 0.5000000000
7439  26.983  -80.229  3.374 0.4000000060
7460  27.618  -79.966  3.064 0.4000000060
7459  28.387  -80.192  2.314 0.4000000060
5962  28.540  -81.935  1.499 0.4000000060
5979  28.787  -82.596  0.716 0.4000000060
5271  32.964  -83.348  -0.449 0.5000000000
5961  29.479  -81.893  0.811 0.4000000060
142509  29.388  -83.582  -0.610 0.4000000060
4581  29.222  -84.142  -1.140 0.4000000060
6734  32.227  -81.971  0.276 0.4000000060
5986  32.358  -82.853  -0.701 0.5000000000
5303  31.022  -83.918  -1.719 0.4000000060
5302  31.925  -83.834  -1.890 0.4000000060
8958  27.371  -78.291  2.568 0.4000000060
7471  29.121  -80.333  1.671 0.4000000060
6727  29.270  -81.276  1.308 0.4000000060
6709  32.396  -81.729  2.041 0.4000000060
5977  30.527  -81.742  0.278 0.4000000060
5289  30.048  -83.091  -0.467 0.4000000060
6725  31.917  -81.586  0.979 0.4000000060
141079  32.095  -82.147  -0.286 0.4000000060
5976  31.624  -81.689  -0.029 0.4000000060
5987  31.828  -82.549  -0.608 0.4000000060
8968  26.509  -77.969  1.788 0.5000000000
9775  26.957  -77.635  1.432 0.4000000060
9774  27.546  -77.477  1.379 0.4000000060
8957  28.133  -77.831  2.039 0.4000000060
144230  29.788  -79.795  1.268 0.4000000060
7470  29.822  -80.491  1.077 0.4000000060
7485  30.623  -80.387  0.666 0.4000000060
6737  30.136  -81.066  0.657 0.4000000060
7468  31.415  -80.176  0.982 0.4000000060
7483  31.322  -80.412  0.765 0.4000000060
6736  31.109  -80.828  0.440 0.4000000060
148032  26.716  -78.290  0.143 0.5000000000
8984  27.207  -77.631  0.575 0.5000000000
130673  27.727  -78.568  -1.361 0.6000000238
9802  27.881  -77.420  -0.133 0.5000000000
135160  29.081  -77.539  1.441 0.4000000060
8966  30.084  -78.032  1.365 0.4000000060
8965  30.443  -78.279  1.682 0.4000000060
8956  30.598  -78.403  2.127 0.4000000060
9800  28.942  -76.842  -0.662 0.4000000060
9019  29.102  -77.907  -1.876 0.5000000000
10709  29.527  -76.590  -0.709 0.4000000060
10655  29.674  -76.733  0.780 0.4000000060
9816  30.430  -77.043  -1.705 0.5000000000
134877  30.849  -76.548  -1.410 0.4000000060
132601  30.030  -76.256  0.102 0.4000000060
11671  30.712  -75.859  0.321 0.4000000060
9034  30.497  -78.559  -2.789 0.6000000238
9035  29.537  -78.587  -2.471 0.6000000238
9815  31.243  -76.927  -1.931 0.5000000000
135565  32.131  -76.091  -1.424 0.4000000060
7563  29.087  -81.190  -4.771 0.5000000000
16689  21.160  -70.630  -1.507 0.5000000000
16667  20.860  -70.837  -0.055 0.5000000000
145716  20.705  -70.529  2.260 0.5000000000
16666  21.792  -70.440  -0.336 0.5000000000
16639  20.456  -70.938  0.816 0.5000000000
16690  20.269  -70.975  -1.722 0.5000000000
4001  33.456  -85.927  -0.037 0.5000000000
3511  31.803  -86.454  -0.990 0.5000000000
8184  28.199  -78.634  2.334 0.4000000060
8195  29.009  -79.388  1.790 0.4000000060
6735  31.591  -81.285  0.438 0.4000000060
10689  28.562  -76.861  -0.012 0.4000000060
10671  28.995  -76.748  0.501 0.4000000060
8194  30.161  -79.041  1.279 0.4000000060
8193  30.812  -79.422  1.202 0.4000000060
9003  28.006  -77.788  -0.932 0.5000000000
10654  30.322  -76.651  1.259 0.4000000060
9839  29.985  -77.785  -2.101 0.5000000000
9838  30.885  -77.660  -2.331 0.6000000238
11689  31.212  -75.718  -0.256 0.5000000000
9033  31.437  -78.257  -2.938 0.5000000000
11706  38.172  -76.614  -1.794 0.3000000119
10722  37.469  -77.567  -3.035 0.3000000119
10736  37.284  -77.676  -4.188 0.3000000119
10723  37.006  -76.712  -2.490 0.3000000119
11707  37.222  -75.606  -1.518 0.3000000119
14608  39.192  -73.538  -1.569 0.3000000119
13615  37.998  -73.348  -0.857 0.3000000119
9850  38.562  -78.787  -2.981 0.3000000119
9043  37.499  -79.377  -4.104 0.4000000060
9061  37.020  -79.228  -4.948 0.4000000060
9811  38.424  -78.120  -2.779 0.3000000119
8292  36.635  -79.063  -5.444 0.4000000060
9870  37.292  -78.352  -4.848 0.4000000060
8296  33.504  -80.084  -6.324 0.4000000060
8306  33.033  -80.893  -6.511 0.4000000060
132816  38.591  -75.790  -1.743 0.3000000119
152229  36.957  -77.128  -4.528 0.3000000119
153490  36.327  -77.736  -5.586 0.4000000060
13636  36.379  -73.634  -1.444 0.3000000119
11744  36.551  -76.430  -4.552 0.3000000119
9044  36.394  -79.827  -3.838 0.4000000060
9045  35.336  -79.395  -4.130 0.4000000060
8266  32.733  -79.687  -4.173 0.4000000060
8283  32.283  -80.485  -4.692 0.4000000060
8260  38.439  -79.909  -2.873 0.4000000060
8262  36.782  -80.088  -4.168 0.4000000060
8263  35.993  -80.229  -4.820 0.4000000060
8282  33.320  -80.716  -5.027 0.4000000060
7560  32.819  -81.370  -5.682 0.4000000060
9832  39.277  -78.408  -2.434 0.3000000119
8281  36.179  -80.143  -4.988 0.4000000060
7574  34.629  -80.989  -6.040 0.4000000060
6820  30.754  -81.416  -6.225 0.4000000060
10700  39.383  -77.517  -2.256 0.3000000119
7585  34.603  -80.816  -6.137 0.4000000060
6818  32.381  -81.431  -6.338 0.4000000060
150440  40.200  -75.603  -2.259 0.3000000119
9069  35.388  -79.414  -5.923 0.4000000060
10759  35.917  -76.719  -5.436 0.4000000060
9834  34.752  -77.581  -2.692 0.4000000060
9032  32.336  -78.033  -3.141 0.4000000060
9031  36.447  -79.015  -2.726 0.4000000060
9852  35.520  -78.588  -3.155 0.4000000060
9853  34.582  -78.269  -3.377 0.4000000060
9048  32.075  -78.866  -3.515 0.4000000060
8999  39.769  -78.750  -1.200 0.3000000119
8233  37.973  -80.234  -2.073 0.4000000060
10683  40.609  -76.360  -1.718 0.3000000119
10699  40.249  -76.950  -1.991 0.3000000119
7561  31.666  -81.180  -5.394 0.4000000060
12661  40.859  -75.356  -2.103 0.3000000119
9837  31.755  -77.471  -2.507 0.4000000060
145609  33.482  -77.335  -2.834 0.4000000060
141032  35.234  -75.567  -5.278 0.3000000119
12702  36.004  -74.187  -4.053 0.3000000119
11756  35.982  -76.018  -5.102 0.3000000119
7545  29.955  -81.022  -4.772 0.4000000060
8267  31.773  -79.635  -3.943 0.4000000060
9049  31.203  -79.039  -3.371 0.4000000060
10725  33.108  -76.729  -2.247 0.4000000060
9851  37.782  -78.567  -3.651 0.3000000119
11723  36.651  -75.901  -2.090 0.3000000119
13617  36.746  -73.423  -0.852 0.3000000119
147226  37.308  -80.104  -3.553 0.4000000060
142246  36.626  -78.326  -5.540 0.4000000060
137319  35.676  -80.061  -5.578 0.4000000060
9068  35.823  -79.569  -5.714 0.4000000060
7587  33.379  -81.373  -6.238 0.4000000060
9888  36.597  -77.332  -5.311 0.4000000060
9047  33.149  -78.759  -3.661 0.4000000060
8265  33.793  -79.917  -4.515 0.4000000060
8231  39.107  -79.653  -1.786 0.3000000119
7557  35.186  -80.384  -5.587 0.4000000060
138532  39.741  -78.505  -1.869 0.3000000119
9017  37.276  -79.502  -2.123 0.4000000060
9016  37.900  -79.527  -1.213 0.3000000119
135483  40.410  -77.256  -1.286 0.3000000119
3965  26.110  -84.860  3.190 0.3000000119
146968  25.524  -85.261  2.824 0.3000000119
4524  26.793  -84.346  3.640 0.3000000119
4526  24.719  -84.968  4.204 0.3000000119
4541  27.129  -84.866  2.932 0.3000000119
3976  26.467  -85.275  2.507 0.3000000119
5215  27.814  -83.365  4.169 0.3000000119
5216  26.216  -83.347  4.729 0.3000000119
4508  25.989  -83.950  4.240 0.3000000119
5214  28.597  -83.295  4.013 0.3000000119
4523  27.717  -84.337  3.188 0.3000000119
3975  27.426  -85.259  2.240 0.3000000119
141839  30.348  -86.173  -0.416 0.3000000119
6661  27.581  -81.592  5.562 0.3000000119
5908  26.312  -82.653  5.267 0.3000000119
5919  28.218  -82.823  4.514 0.3000000119
5907  27.115  -82.261  5.230 0.3000000119
5197  25.428  -83.290  5.442 0.3000000119
4555  29.143  -84.959  1.791 0.3000000119
4553  31.161  -84.847  1.671 0.3000000119
4004  29.969  -85.700  0.319 0.3000000119
5918  29.052  -82.691  4.420 0.3000000119
4521  29.146  -83.980  2.905 0.3000000119
5231  29.847  -83.515  3.351 0.3000000119
5230  30.954  -83.603  3.242 0.3000000119
4537  31.032  -84.235  2.462 0.3000000119
4554  30.078  -84.870  1.625 0.3000000119
4536  31.927  -84.563  2.193 0.3000000119
5958  35.838  -83.234  1.613 0.4000000060
3972  34.283  -85.328  1.629 0.4000000060
3440  27.788  -85.958  6.253 0.3000000119
3453  29.723  -86.484  5.559 0.3000000119
4500  24.887  -84.070  5.207 0.3000000119
132203  24.494  -85.412  4.542 0.3000000119
144916  25.550  -81.673  7.433 0.3000000119
5173  24.966  -83.454  7.283 0.3000000119
3941  26.327  -85.223  7.040 0.3000000119
3441  26.479  -85.952  6.408 0.3000000119
3454  28.337  -86.463  5.610 0.3000000119
7393  26.306  -80.673  6.845 0.3000000119
5895  25.239  -82.703  6.536 0.3000000119
4481  25.299  -84.807  7.051 0.3000000119
133114  25.935  -86.565  5.739 0.3000000119
3455  27.109  -86.534  5.721 0.3000000119
5894  25.665  -82.374  5.978 0.3000000119
5198  24.805  -83.765  5.896 0.3000000119
3443  24.934  -85.394  6.407 0.3000000119
3456  24.939  -86.406  5.473 0.3000000119
4501  24.647  -84.559  5.556 0.3000000119
3457  24.529  -85.849  5.330 0.3000000119
4540  27.941  -84.786  2.613 0.3000000119
3989  28.671  -85.428  1.320 0.3000000119
6651  26.036  -81.486  6.377 0.3000000119
4538  29.593  -84.445  2.250 0.3000000119
135281  29.171  -84.846  7.282 0.3000000119
2980  25.023  -86.942  4.772 0.3000000119
129587  25.563  -81.999  6.711 0.3000000119
5171  26.341  -84.437  7.586 0.3000000119
4482  24.787  -84.087  6.941 0.3000000119
156559  25.638  -85.517  6.655 0.3000000119
149393  25.625  -86.898  5.162 0.3000000119
144632  32.775  -84.835  2.015 0.3000000119
11554  31.627  -75.590  6.330 0.3000000119
10601  31.798  -76.163  6.632 0.3000000119
8931  32.439  -78.338  5.756 0.3000000119
8156  32.625  -79.814  4.676 0.4000000060
7418  32.701  -80.515  4.117 0.4000000060
6691  32.795  -81.539  3.020 0.3000000119
5943  33.015  -82.492  1.354 0.3000000119
11569  31.538  -75.497  5.695 0.3000000119
9750  30.892  -77.011  4.969 0.4000000060
8937  31.118  -78.382  4.509 0.4000000060
8946  30.726  -78.772  3.745 0.4000000060
7438  31.393  -80.430  3.065 0.3000000119
10634  30.586  -76.376  3.123 0.4000000060
8947  30.391  -78.214  3.087 0.4000000060
8182  31.117  -79.639  1.195 0.3000000119
10641  30.498  -76.714  2.115 0.3000000119
10577  33.598  -76.189  8.578 0.3000000119
10588  33.046  -76.110  7.787 0.3000000119
8922  32.726  -77.864  6.323 0.4000000060
8141  33.077  -79.201  5.451 0.4000000060
7417  33.575  -80.544  4.470 0.3000000119
6690  34.062  -81.708  3.231 0.3000000119
6707  34.772  -82.376  2.655 0.3000000119
12515  32.839  -74.613  7.698 0.3000000119
12535  32.341  -74.733  7.083 0.3000000119
12555  31.934  -74.763  5.750 0.3000000119
11568  31.816  -75.245  5.091 0.3000000119
11589  31.287  -75.754  4.620 0.3000000119
150005  30.847  -77.621  4.598 0.4000000060
12595  32.921  -74.776  4.031 0.3000000119
11610  32.383  -75.052  3.266 0.3000000119
11588  31.997  -75.160  4.257 0.3000000119
11590  30.792  -76.053  3.826 0.4000000060
10628  30.503  -76.616  3.864 0.4000000060
11651  33.341  -75.142  1.839 0.3000000119
134066  31.726  -75.162  1.963 0.4000000060
11634  31.104  -75.584  2.023 0.4000000060
11686  33.881  -75.722  -0.667 0.3000000119
142605  32.770  -75.189  0.163 0.4000000060
11653  31.557  -75.246  1.293 0.4000000060
11654  30.940  -75.699  1.101 0.4000000060
10704  34.232  -76.317  -1.489 0.3000000119
11709  32.555  -75.663  -1.034 0.4000000060
10705  33.558  -76.328  -1.805 0.3000000119
7345  36.778  -80.551  8.866 0.3000000119
8079  36.365  -80.285  7.981 0.3000000119
143879  36.454  -80.898  6.855 0.3000000119
7388  36.251  -80.481  6.166 0.3000000119
10563  34.026  -75.769  9.400 0.3000000119
140235  34.491  -77.376  8.910 0.3000000119
8908  34.552  -78.181  7.271 0.3000000119
8138  35.796  -79.960  6.048 0.3000000119
13494  34.097  -73.918  8.451 0.3000000119
11496  34.032  -75.021  9.399 0.3000000119
9714  34.124  -77.123  8.363 0.3000000119
8909  33.991  -77.608  7.113 0.3000000119
8920  34.586  -79.066  6.317 0.3000000119
8154  34.586  -80.034  5.348 0.3000000119
6673  35.736  -81.510  4.038 0.3000000119
154260  35.592  -82.464  2.740 0.3000000119
5245  35.950  -83.494  1.994 0.3000000119
4533  35.415  -84.423  2.080 0.3000000119
13514  33.688  -73.747  7.702 0.3000000119
11668  33.932  -75.495  1.012 0.3000000119
133354  33.021  -75.102  0.860 0.3000000119
10668  35.142  -76.632  0.368 0.3000000119
133912  33.472  -75.439  0.168 0.3000000119
10703  35.178  -77.040  -1.247 0.3000000119
9833  35.618  -77.839  -2.104 0.3000000119
10724  34.067  -76.840  -2.378 0.3000000119
7354  37.332  -81.215  9.099 0.3000000119
8880  36.152  -79.050  9.853 0.3000000119
8893  35.289  -78.702  8.602 0.3000000119
8102  35.759  -79.693  7.343 0.3000000119
10562  34.560  -76.262  10.025 0.3000000119
4517  33.786  -84.487  2.896 0.3000000119
7339  37.905  -81.242  10.170 0.3000000119
8059  36.822  -79.649  10.196 0.3000000119
8866  36.433  -78.777  10.614 0.3000000119
8881  35.516  -78.487  9.504 0.3000000119
9703  34.889  -77.930  9.167 0.3000000119
11495  34.526  -75.498  9.893 0.3000000119
8058  37.582  -80.254  10.546 0.3000000119
8865  37.133  -79.281  11.031 0.3000000119
9691  35.427  -77.206  10.881 0.3000000119
9692  34.907  -76.897  10.345 0.3000000119
4551  35.364  -84.520  1.177 0.3000000119
5256  35.222  -83.613  0.713 0.3000000119
5942  34.409  -82.855  1.880 0.3000000119
7437  32.258  -80.854  3.479 0.3000000119
150623  30.939  -79.735  2.305 0.4000000060
11670  31.423  -75.440  0.494 0.4000000060
9018  36.477  -78.569  -1.747 0.3000000119
10589  32.431  -76.113  7.195 0.3000000119
9745  31.313  -76.923  5.702 0.3000000119
9724  33.010  -76.635  7.253 0.3000000119
8936  32.039  -78.817  5.000 0.4000000060
8170  31.834  -80.130  3.915 0.4000000060
8171  31.050  -79.614  3.431 0.4000000060
11612  30.947  -75.806  2.981 0.4000000060
11515  33.129  -74.887  8.272 0.3000000119
9723  33.607  -76.929  7.677 0.3000000119
8140  34.152  -79.409  5.707 0.3000000119
8921  33.451  -77.717  6.692 0.3000000119
8155  33.737  -79.973  5.138 0.4000000060
7435  34.591  -81.208  4.060 0.3000000119
13527  33.822  -73.558  7.008 0.3000000119
13542  33.330  -73.890  6.301 0.3000000119
12573  33.358  -74.398  4.722 0.3000000119
11611  31.397  -75.518  3.629 0.4000000060
10685  34.711  -76.457  -0.506 0.3000000119
8919  35.400  -79.330  6.892 0.3000000119
130424  34.925  -78.826  6.821 0.3000000119
8139  35.186  -79.785  5.787 0.3000000119
10684  35.542  -77.167  -0.248 0.3000000119
13576  19.651  -73.235  2.941 0.4000000060
2979  25.980  -87.374  4.623 0.3000000119
2981  24.479  -86.752  4.211 0.3000000119
3053  30.282  -87.173  -3.190 0.5000000000
3070  29.756  -87.412  -4.019 0.5000000000
3442  25.320  -86.033  6.170 0.3000000119
3468  24.571  -86.347  4.865 0.3000000119
3495  32.753  -86.177  -0.713 0.5000000000
3496  32.041  -86.315  -0.420 0.5000000000
3526  31.485  -86.369  -2.146 0.4000000060
3527  30.824  -86.797  -1.854 0.4000000060
3539  31.980  -85.795  -2.334 0.4000000060
3549  30.841  -86.384  -3.549 0.5000000000
3939  28.504  -85.371  6.718 0.3000000119
3949  24.581  -85.173  5.880 0.3000000119
3959  24.495  -85.359  5.156 0.3000000119
3966  24.993  -85.077  3.456 0.3000000119
3971  34.904  -84.946  1.658 0.3000000119
3973  33.385  -85.391  1.532 0.5000000000
3974  28.293  -85.145  2.017 0.3000000119
3977  24.638  -85.596  2.885 0.3000000119
3984  34.071  -85.624  0.726 0.5000000000
3986  31.827  -85.514  0.880 0.5000000000
3987  30.691  -85.419  0.853 0.3000000119
3990  27.780  -85.606  1.515 0.3000000119
3991  26.808  -85.695  1.753 0.3000000119
3999  34.569  -84.966  -0.349 0.5000000000
4012  34.136  -85.246  -0.799 0.5000000000
4019  33.106  -85.612  -1.492 0.5000000000
4027  29.502  -85.233  -3.682 0.4000000060
4034  31.287  -85.454  -3.201 0.5000000000
4490  24.769  -84.715  6.503 0.3000000119
4491  24.695  -84.267  6.251 0.3000000119
4509  25.089  -84.309  4.526 0.3000000119
4510  24.624  -84.769  4.871 0.3000000119
4520  30.147  -83.982  2.701 0.3000000119
4522  28.371  -84.292  2.883 0.3000000119
4525  25.587  -84.545  3.859 0.3000000119
4527  22.852  -84.134  2.941 0.6000000238
4534  34.489  -84.887  2.313 0.4000000060
4535  33.599  -84.958  2.212 0.3000000119
4539  28.738  -84.605  2.407 0.3000000119
4550  35.720  -84.028  1.464 0.3000000119
4565  35.576  -83.919  0.877 0.5000000000
4579  34.011  -84.847  -0.918 0.5000000000
4580  33.318  -84.478  -1.712 0.5000000000
4596  33.271  -84.901  -2.136 0.5000000000
4613  32.594  -84.837  -2.546 0.4000000060
4614  31.745  -84.876  -2.866 0.4000000060
4615  30.932  -84.847  -3.011 0.4000000060
4633  30.473  -85.328  -3.633 0.5000000000
5160  26.120  -83.642  8.100 0.3000000119
5172  25.333  -83.944  7.534 0.3000000119
5186  25.134  -83.097  6.101 0.3000000119
5213  29.481  -83.138  3.951 0.3000000119
5217  25.462  -83.776  4.824 0.3000000119
5219  22.267  -83.354  4.400 0.5000000000
5220  21.432  -83.183  4.289 0.5000000000
5232  28.373  -83.811  3.414 0.3000000119
5233  27.647  -83.852  3.724 0.3000000119
5234  26.992  -83.678  4.217 0.3000000119
5236  23.436  -83.701  3.438 0.6000000238
5254  35.749  -83.487  1.322 0.4000000060
5255  35.567  -83.529  1.068 0.4000000060
5257  27.179  -83.237  0.984 0.4000000060
5269  35.233  -83.902  0.439 0.5000000000
5272  29.101  -83.182  0.039 0.4000000060
5287  32.205  -83.361  -1.277 0.5000000000
5288  31.191  -83.246  -1.066 0.4000000060
5301  32.709  -83.958  -1.990 0.5000000000
5846  37.456  -82.252  9.807 0.3000000119
5878  25.208  -82.659  7.250 0.3000000119
5906  27.899  -82.282  4.997 0.3000000119
5909  22.151  -81.997  5.203 0.5000000000
5920  27.242  -82.924  4.700 0.3000000119
5922  23.487  -82.523  4.453 0.6000000238
5924  21.816  -82.687  4.838 0.6000000238
5931  35.973  -82.529  2.819 0.3000000119
5932  25.895  -82.092  3.197 0.6000000238
5933  24.671  -82.767  3.468 0.6999999881
5940  36.086  -82.941  2.317 0.3000000119
5941  35.724  -82.852  2.111 0.3000000119
5944  27.231  -82.009  2.367 0.4000000060
5946  25.682  -82.835  2.255 0.5000000000
5947  24.943  -83.115  2.635 0.6000000238
5959  35.404  -83.284  1.339 0.3000000119
5960  34.169  -83.320  1.029 0.5000000000
5964  26.407  -83.057  1.533 0.4000000060
5974  33.068  -82.967  0.349 0.5000000000
5975  32.359  -82.399  -0.213 0.4000000060
5978  29.777  -82.506  0.212 0.4000000060
5980  27.886  -82.669  1.179 0.4000000060
5988  30.865  -82.431  -0.293 0.4000000060
6597  37.565  -81.800  9.557 0.3000000119
6652  25.779  -81.256  6.907 0.3000000119
6662  26.522  -81.874  5.744 0.3000000119
6663  22.316  -81.248  5.332 0.6000000238
6674  25.054  -80.766  3.954 0.6999999881
6676  23.823  -81.635  4.428 0.6000000238
6678  21.369  -81.961  5.158 0.5000000000
6689  35.350  -82.010  3.318 0.3000000119
6692  27.343  -80.692  3.192 0.5000000000
6693  26.711  -80.908  3.426 0.5000000000
6708  33.512  -82.175  2.429 0.3000000119
6710  31.614  -81.063  1.560 0.4000000060
6711  27.887  -80.845  2.704 0.4000000060
6713  26.686  -81.740  3.043 0.5000000000
6726  31.510  -80.782  0.803 0.4000000060
6728  28.613  -81.046  1.955 0.4000000060
6776  25.545  -81.457  -3.799 0.8000000119
6777  24.879  -81.292  -3.877 0.8000000119
6793  26.897  -81.408  -4.468 0.6000000238
6805  29.714  -81.344  -5.714 0.5000000000
6806  28.414  -81.377  -4.968 0.5000000000
6817  32.827  -81.457  -6.303 0.4000000060
6819  31.641  -81.423  -6.334 0.4000000060
6821  29.085  -81.183  -5.869 0.5000000000
7344  37.325  -80.570  9.646 0.3000000119
7373  36.676  -80.977  7.533 0.3000000119
7403  35.304  -80.452  5.144 0.3000000119
7416  34.525  -80.521  4.802 0.4000000060
7421  22.591  -80.522  5.070 0.5000000000
7436  33.304  -81.105  3.792 0.4000000060
7457  31.840  -81.134  2.623 0.3000000119
7458  31.292  -80.421  1.916 0.4000000060
7461  24.025  -80.155  3.353 0.6999999881
7462  23.149  -80.169  2.840 0.6999999881
7469  30.690  -79.755  0.904 0.4000000060
7472  23.837  -80.026  2.438 0.6999999881
7473  22.944  -80.351  1.745 0.6999999881
7484  31.102  -80.132  0.693 0.4000000060
7487  22.874  -80.475  0.540 0.6999999881
7488  22.468  -80.212  0.324 0.6999999881
7489  22.230  -80.026  -0.161 0.6000000238
7501  24.504  -80.758  -1.235 0.6000000238
7503  22.897  -80.780  -0.571 0.6999999881
7504  22.535  -80.432  -0.365 0.6999999881
7516  22.994  -80.847  -1.321 0.6999999881
7546  28.100  -81.059  -3.756 0.6999999881
7547  27.178  -81.312  -3.810 0.6999999881
7548  24.953  -81.210  -4.174 0.8000000119
7549  24.651  -81.099  -3.640 0.6999999881
7558  34.515  -81.069  -5.831 0.4000000060
7559  33.813  -81.364  -5.850 0.4000000060
7562  30.669  -81.352  -5.593 0.4000000060
7564  28.441  -81.231  -4.405 0.5000000000
7565  26.640  -81.147  -4.991 0.6999999881
7566  25.420  -80.989  -4.526 0.8000000119
7575  33.992  -81.316  -6.059 0.4000000060
7576  33.113  -81.514  -6.200 0.4000000060
7577  32.219  -81.562  -6.212 0.4000000060
7578  31.413  -81.522  -6.139 0.4000000060
7580  28.462  -81.063  -5.703 0.6000000238
7586  34.200  -81.169  -6.134 0.4000000060
7588  32.563  -81.378  -6.396 0.4000000060
7589  31.752  -81.353  -6.414 0.5000000000
8068  36.519  -79.848  9.392 0.3000000119
8069  35.876  -79.285  9.046 0.3000000119
8080  35.749  -79.486  8.204 0.3000000119
8101  36.175  -80.348  7.067 0.3000000119
8121  35.796  -79.867  6.584 0.3000000119
8122  35.309  -79.471  6.399 0.3000000119
8123  22.043  -79.077  6.148 0.5000000000
8142  22.249  -79.579  5.730 0.5000000000
8157  31.480  -79.296  4.286 0.4000000060
8172  30.592  -79.019  2.795 0.4000000060
8173  26.862  -79.473  3.323 0.4000000060
8174  26.121  -79.296  3.307 0.5000000000
8175  25.464  -79.370  3.132 0.6999999881
8176  24.866  -79.887  3.337 0.6999999881
8178  22.345  -78.781  3.309 0.6999999881
8183  30.673  -79.047  1.626 0.4000000060
8185  27.479  -79.043  2.971 0.4000000060
8187  24.734  -79.669  2.872 0.6999999881
8192  31.189  -79.819  0.921 0.4000000060
8196  25.404  -79.287  1.685 0.6999999881
8198  22.365  -79.858  1.350 0.6999999881
8199  22.147  -79.288  1.584 0.6000000238
8221  26.081  -79.675  -0.619 0.6000000238
8225  22.242  -79.637  -0.161 0.6999999881
8232  38.438  -79.980  -1.818 0.3000000119
8238  22.972  -80.325  -1.599 0.6999999881
8239  22.411  -80.430  -1.034 0.6999999881
8245  38.770  -79.801  -2.287 0.3000000119
8246  38.139  -80.260  -2.492 0.4000000060
8247  37.708  -80.269  -2.827 0.4000000060
8249  28.208  -79.628  -2.421 0.6999999881
8251  24.056  -80.849  -2.902 0.6999999881
8261  37.789  -80.140  -3.345 0.4000000060
8264  34.916  -80.402  -5.061 0.4000000060
8268  30.166  -80.080  -3.810 0.6000000238
8280  36.600  -79.730  -5.069 0.4000000060
8284  31.484  -80.302  -4.415 0.4000000060
8293  36.204  -79.651  -5.465 0.4000000060
8294  35.165  -80.301  -5.930 0.4000000060
8295  34.578  -80.097  -6.202 0.4000000060
8299  30.194  -80.145  -6.222 0.5000000000
8301  28.687  -80.445  -5.789 0.6000000238
8305  33.949  -80.831  -6.288 0.4000000060
8307  31.962  -80.752  -6.496 0.4000000060
8308  30.942  -80.968  -6.583 0.5000000000
8310  23.801  -80.093  -9.693 0.6999999881
8311  23.155  -80.061  -9.540 0.6999999881
8312  22.599  -79.850  -9.998 0.6000000238
8315  25.179  -80.653  -10.931 0.6999999881
8316  24.445  -80.333  -10.471 0.6999999881
8318  28.720  -79.432  -11.187 0.6999999881
8319  26.027  -79.941  -11.072 0.6999999881
8321  24.762  -80.410  -11.110 0.6999999881
8322  23.880  -79.949  -10.577 0.6999999881
8323  27.713  -79.328  -11.388 0.6999999881
8867  35.750  -78.211  10.367 0.3000000119
8894  34.624  -78.007  8.220 0.3000000119
8907  35.172  -78.887  7.575 0.3000000119
8930  33.496  -78.591  6.194 0.3000000119
8932  31.509  -77.802  5.225 0.4000000060
8933  22.144  -78.677  5.902 0.6000000238
8938  30.492  -77.902  3.993 0.4000000060
8959  26.576  -78.248  2.441 0.5000000000
8960  21.956  -78.247  2.786 0.6000000238
8967  29.204  -78.309  1.648 0.4000000060
8969  25.980  -78.574  2.181 0.6000000238
8970  21.835  -78.448  1.867 0.6000000238
8985  26.519  -78.038  0.949 0.5000000000
8987  22.224  -78.961  0.386 0.6000000238
9000  39.172  -78.752  -0.654 0.3000000119
9004  27.251  -78.158  -0.535 0.6000000238
9005  26.615  -78.978  -0.530 0.6000000238
9014  39.485  -79.157  -1.598 0.3000000119
9015  38.946  -79.364  -1.198 0.3000000119
9020  28.389  -78.203  -1.595 0.5000000000
9022  22.922  -79.099  -1.384 0.6999999881
9028  39.379  -79.176  -2.201 0.3000000119
9029  38.847  -79.242  -2.712 0.4000000060
9030  37.144  -80.113  -3.289 0.4000000060
9036  28.734  -78.730  -2.186 0.6000000238
9037  24.047  -78.579  -2.494 0.6999999881
9042  38.252  -79.438  -3.334 0.3000000119
9046  34.274  -79.030  -4.048 0.4000000060
9051  25.284  -79.126  -3.649 0.6000000238
9063  24.766  -77.927  -3.886 0.8000000119
9067  36.303  -79.034  -5.644 0.4000000060
9070  32.646  -78.784  -5.696 0.5000000000
9071  31.086  -78.596  -5.645 0.5000000000
9073  29.671  -79.105  -5.663 0.6000000238
9078  29.265  -78.427  -5.780 0.6000000238
9079  28.458  -78.326  -5.889 0.6000000238
9080  27.706  -78.211  -6.073 0.6999999881
9085  24.207  -78.408  -7.346 0.6999999881
9087  22.126  -79.275  -8.103 0.6000000238
9088  21.381  -78.843  -8.718 0.6000000238
9089  29.507  -78.137  -9.328 0.6999999881
9094  23.627  -79.720  -8.692 0.6000000238
9098  31.183  -78.434  -10.456 0.6000000238
9099  30.505  -78.737  -10.471 0.6999999881
9102  26.862  -79.600  -10.453 0.6999999881
9106  22.134  -79.154  -10.217 0.6000000238
9110  26.749  -78.774  -11.520 0.6000000238
9111  26.000  -79.604  -11.175 0.6999999881
9112  25.127  -79.783  -11.269 0.6999999881
9114  31.127  -78.326  -11.076 0.6000000238
9116  28.761  -78.624  -11.936 0.6000000238
9117  27.291  -78.839  -11.692 0.6999999881
9704  34.650  -77.122  9.651 0.3000000119
9722  34.185  -77.571  7.657 0.3000000119
9733  33.378  -77.146  7.050 0.3000000119
9734  32.511  -76.998  6.721 0.3000000119
9735  31.680  -76.749  6.278 0.3000000119
9744  31.949  -77.494  6.077 0.3000000119
9751  30.520  -77.117  4.254 0.4000000060
9757  30.346  -77.230  3.312 0.4000000060
9758  21.760  -77.514  3.209 0.6000000238
9763  30.495  -77.703  2.169 0.4000000060
9764  27.327  -77.697  2.063 0.4000000060
9771  30.289  -77.388  1.601 0.4000000060
9772  29.869  -77.129  1.199 0.4000000060
9773  28.983  -77.055  1.121 0.4000000060
9788  28.152  -77.163  0.751 0.4000000060
9797  40.160  -77.953  -1.582 0.3000000119
9801  28.389  -77.250  -0.584 0.4000000060
9803  22.506  -77.650  -0.275 0.5000000000
9810  39.842  -77.802  -2.006 0.3000000119
9814  34.767  -77.005  -2.040 0.3000000119
9817  29.508  -77.072  -1.365 0.4000000060
9818  28.674  -77.454  -1.206 0.5000000000
9835  34.150  -77.490  -3.004 0.4000000060
9836  32.631  -77.344  -2.659 0.4000000060
9840  23.726  -77.750  -2.456 0.6999999881
9841  23.177  -77.021  -2.564 0.6999999881
9854  33.806  -78.017  -3.384 0.4000000060
9871  37.023  -77.477  -5.017 0.3000000119
9873  23.214  -77.232  -4.308 0.6000000238
9874  22.471  -77.456  -5.235 0.6999999881
9887  36.990  -77.981  -5.381 0.4000000060
9890  33.221  -77.987  -5.508 0.5000000000
9894  26.139  -77.794  -5.830 0.6000000238
9896  24.274  -77.610  -5.503 0.6999999881
9906  29.638  -77.765  -6.246 0.6000000238
9909  27.231  -77.817  -6.895 0.6999999881
9911  25.478  -77.723  -6.654 0.6000000238
9913  23.468  -77.867  -6.142 0.6000000238
9915  21.438  -78.088  -6.882 0.6000000238
9921  29.343  -77.630  -7.394 0.6000000238
9927  21.836  -78.662  -7.428 0.6000000238
9934  28.983  -77.848  -8.479 0.6000000238
9936  27.115  -78.185  -8.545 0.6999999881
9938  20.475  -77.607  -8.358 0.6000000238
9939  32.416  -77.765  -10.216 0.6000000238
9940  31.851  -78.189  -9.984 0.6000000238
9943  25.014  -77.156  -9.813 0.6999999881
9947  32.262  -77.522  -10.938 0.5000000000
9949  27.331  -77.193  -11.223 0.6000000238
9952  23.431  -79.149  -10.541 0.6999999881
10552  35.128  -76.351  10.686 0.3000000119
10576  34.209  -76.635  9.194 0.3000000119
10602  31.389  -76.159  6.030 0.3000000119
10614  31.169  -76.274  5.252 0.4000000060
10627  30.787  -76.443  4.481 0.4000000060
10642  21.725  -76.183  2.224 0.5000000000
10669  30.338  -76.264  0.755 0.4000000060
10670  29.640  -76.522  0.374 0.4000000060
10672  22.256  -77.159  1.000 0.5000000000
10686  30.964  -76.112  -0.903 0.4000000060
10687  30.467  -76.095  -0.352 0.4000000060
10688  29.307  -76.518  -0.090 0.4000000060
10690  22.595  -76.542  -0.443 0.6000000238
10701  37.808  -77.228  -2.143 0.3000000119
10702  37.278  -76.389  -1.898 0.3000000119
10706  32.809  -76.179  -1.638 0.3000000119
10707  31.496  -76.337  -1.443 0.4000000060
10708  30.179  -76.454  -1.019 0.4000000060
10726  32.140  -76.684  -2.016 0.4000000060
10748  21.599  -76.530  -4.759 0.6999999881
10762  31.958  -77.087  -5.554 0.5000000000
10764  20.505  -76.519  -5.972 0.6999999881
10774  31.672  -76.890  -5.997 0.5000000000
10776  19.444  -76.327  -7.308 0.6999999881
10782  32.732  -75.932  -7.392 0.6000000238
10783  32.175  -76.409  -6.603 0.6000000238
10785  25.126  -75.841  -7.832 0.8000000119
10788  19.557  -76.423  -8.008 0.6999999881
10792  33.108  -76.359  -8.739 0.4000000060
10797  22.803  -76.509  -9.109 0.6999999881
10798  20.123  -76.924  -8.482 0.6999999881
10799  19.564  -75.770  -8.282 0.6999999881
10803  27.315  -76.166  -10.263 0.6000000238
10805  25.064  -76.243  -8.947 0.6999999881
10809  20.812  -76.781  -9.326 0.6000000238
10811  33.476  -76.705  -10.429 0.4000000060
10814  28.313  -76.188  -11.167 0.6000000238
10819  31.316  -76.652  -11.960 0.6000000238
10820  30.541  -76.742  -12.053 0.6000000238
10822  28.713  -76.869  -11.835 0.6000000238
11514  33.519  -75.292  8.866 0.3000000119
11533  33.156  -75.525  8.260 0.3000000119
11534  32.641  -75.317  7.637 0.3000000119
11553  32.006  -75.449  6.906 0.3000000119
11632  32.379  -75.005  2.323 0.3000000119
11633  31.590  -75.328  2.708 0.4000000060
11652  32.329  -74.994  1.480 0.3000000119
11655  22.303  -75.400  1.099 0.5000000000
11669  32.182  -75.096  0.662 0.4000000060
11687  33.056  -75.410  -0.536 0.4000000060
11688  32.123  -75.370  -0.224 0.4000000060
11703  40.846  -75.723  -1.962 0.3000000119
11704  40.566  -75.964  -2.097 0.3000000119
11705  39.884  -76.432  -2.251 0.3000000119
11708  33.405  -75.789  -1.253 0.3000000119
11710  31.732  -75.811  -0.892 0.5000000000
11711  22.529  -75.701  -1.835 0.6999999881
11724  22.353  -75.830  -2.752 0.6000000238
11725  22.002  -75.083  -2.284 0.6000000238
11737  20.898  -75.016  -3.955 0.6000000238
11745  35.844  -75.151  -4.528 0.3000000119
11748  19.654  -75.088  -5.099 0.6000000238
11757  35.325  -74.854  -5.068 0.4000000060
11759  33.562  -75.546  -5.453 0.4000000060
11763  26.013  -75.168  -5.927 0.6999999881
11766  20.035  -75.845  -5.554 0.6000000238
11774  33.278  -75.282  -5.904 0.4000000060
11777  28.165  -75.284  -6.750 0.8000000119
11781  24.678  -75.446  -6.514 0.8000000119
11783  18.907  -75.781  -6.772 0.6999999881
11791  26.693  -75.447  -7.435 0.8000000119
11793  25.843  -75.521  -7.269 0.8000000119
11794  24.405  -75.622  -7.250 0.8000000119
11801  33.903  -75.977  -9.419 0.4000000060
11805  27.351  -75.514  -9.070 0.6000000238
11809  22.519  -75.148  -8.676 0.6999999881
11817  28.491  -75.635  -9.954 0.6000000238
11818  27.292  -75.802  -9.669 0.6000000238
11821  20.772  -75.997  -9.073 0.6999999881
11823  33.186  -75.555  -11.394 0.5000000000
11826  29.746  -75.641  -11.164 0.6000000238
11828  27.904  -75.850  -10.395 0.6000000238
11831  31.029  -75.956  -12.060 0.5000000000
12501  33.677  -74.600  8.749 0.3000000119
12514  33.344  -74.224  8.066 0.3000000119
12534  33.050  -74.032  7.214 0.3000000119
12536  31.808  -74.966  6.367 0.3000000119
12554  32.826  -74.304  5.574 0.3000000119
12574  32.460  -74.776  4.903 0.3000000119
12596  21.168  -73.823  3.468 0.5000000000
12614  18.073  -73.876  2.106 0.5000000000
12620  22.114  -74.582  1.202 0.5000000000
12623  17.507  -74.782  1.006 0.6000000238
12649  37.341  -73.890  -0.899 0.3000000119
12651  21.697  -74.002  -0.993 0.6000000238
12652  18.226  -74.609  -0.009 0.5000000000
12664  36.846  -74.373  -1.175 0.3000000119
12672  36.424  -74.838  -1.809 0.3000000119
12688  26.688  -74.450  -3.900 0.5000000000
12691  21.149  -74.616  -3.340 0.6000000238
12692  20.505  -74.372  -3.588 0.6000000238
12705  29.482  -74.476  -4.579 0.6000000238
12706  28.508  -74.504  -4.400 0.6000000238
12709  25.209  -74.730  -4.567 0.6999999881
12713  19.214  -74.251  -4.567 0.6000000238
12714  18.630  -73.799  -4.433 0.6000000238
12726  27.361  -74.809  -5.314 0.6999999881
12727  26.523  -74.859  -5.296 0.6000000238
12728  25.636  -74.928  -5.259 0.8000000119
12729  24.731  -74.969  -5.252 0.6999999881
12730  23.922  -74.777  -5.442 0.6999999881
12731  18.912  -74.705  -5.409 0.6000000238
12747  18.549  -74.029  -5.945 0.6000000238
12756  33.941  -74.490  -7.675 0.4000000060
12760  23.314  -75.179  -7.369 0.6999999881
12761  22.939  -74.285  -7.938 0.6999999881
12774  19.356  -74.842  -8.082 0.6999999881
12779  22.329  -74.258  -8.992 0.6999999881
12780  21.823  -74.856  -9.201 0.6999999881
12781  21.085  -75.016  -9.136 0.6999999881
12785  33.364  -74.804  -11.187 0.5000000000
13513  34.352  -73.575  7.647 0.3000000119
13543  20.523  -73.711  4.589 0.5000000000
13544  19.221  -73.229  5.241 0.5000000000
13554  19.824  -73.219  4.486 0.5000000000
13564  19.704  -73.073  3.707 0.5000000000
13575  20.282  -73.294  3.163 0.5000000000
13577  18.837  -73.719  1.698 0.5000000000
13587  21.352  -73.529  2.177 0.5000000000
13588  20.856  -73.385  1.467 0.5000000000
13589  19.710  -73.556  1.261 0.5000000000
13590  18.764  -73.834  0.905 0.5000000000
13601  21.135  -73.462  0.082 0.5000000000
13616  37.139  -73.182  -0.595 0.3000000119
13621  26.876  -73.404  -0.840 0.5000000000
13623  20.620  -73.446  -0.305 0.5000000000
13625  18.913  -73.851  -0.310 0.5000000000
13635  38.848  -74.276  -1.610 0.3000000119
13643  25.362  -73.333  -1.812 0.5000000000
13644  21.034  -73.646  -1.602 0.5000000000
13646  19.650  -73.463  -1.568 0.5000000000
13659  25.769  -73.831  -2.560 0.5000000000
13660  24.854  -73.557  -2.627 0.6999999881
13661  20.555  -73.756  -2.352 0.6000000238
13662  19.725  -73.542  -2.396 0.4000000060
13678  24.447  -73.754  -3.414 0.5000000000
13681  19.371  -73.621  -3.201 0.6000000238
13696  23.292  -73.333  -4.724 0.6999999881
13711  22.936  -72.613  -6.775 0.6000000238
13727  22.854  -73.620  -7.197 0.6000000238
13737  35.406  -73.076  -7.557 0.4000000060
13751  21.487  -73.365  -9.226 0.6000000238
13752  20.491  -73.649  -8.956 0.6999999881
14595  25.751  -72.574  -0.158 0.4000000060
14609  36.425  -72.921  -0.967 0.3000000119
14613  25.573  -72.865  -0.996 0.6000000238
14644  24.106  -72.979  -2.946 0.5000000000
14654  23.017  -72.264  -4.362 0.6000000238
14656  13.837  -72.291  -4.062 0.5000000000
14678  14.684  -72.703  -6.772 0.5000000000
14679  13.806  -73.064  -5.828 0.5000000000
14688  23.051  -71.850  -8.485 0.6000000238
14689  20.379  -71.993  -8.182 0.5000000000
14699  22.900  -72.250  -8.968 0.6000000238
14702  19.846  -73.009  -8.369 0.6000000238
15604  24.593  -71.158  2.290 0.6000000238
15622  18.659  -71.199  1.023 0.6000000238
15632  25.103  -71.484  0.719 0.5000000000
15633  24.532  -71.160  0.466 0.5000000000
15634  19.864  -71.286  0.238 0.6000000238
15635  18.935  -71.473  0.463 0.6000000238
15651  25.012  -71.689  -0.017 0.4000000060
15654  20.329  -71.023  -0.772 0.5000000000
15657  16.694  -71.384  -0.884 0.6000000238
15672  23.688  -71.070  -1.435 0.6000000238
15673  19.605  -71.270  -1.164 0.6000000238
15674  18.782  -71.595  -1.048 0.6000000238
15675  17.123  -71.605  -1.612 0.6000000238
15676  16.506  -71.470  -1.726 0.6000000238
15691  17.624  -71.403  -2.345 0.6000000238
15698  23.217  -71.398  -3.715 0.6000000238
15709  22.851  -70.574  -3.840 0.5000000000
15712  13.970  -71.373  -4.028 0.5000000000
15722  22.600  -70.575  -4.955 0.6000000238
15723  16.735  -71.152  -6.275 0.6000000238
15740  19.057  -70.924  -6.798 0.5000000000
15753  22.579  -71.103  -8.014 0.6000000238
15755  19.631  -71.406  -7.567 0.5000000000
15766  22.972  -71.658  -8.443 0.6000000238
15768  21.349  -72.125  -8.558 0.6000000238
16534  22.909  -70.209  5.161 0.4000000060
16570  19.713  -70.003  3.137 0.5000000000
16592  23.222  -70.609  2.158 0.6000000238
16593  22.252  -70.595  2.690 0.5000000000
16594  21.249  -70.435  2.915 0.5000000000
16595  19.793  -70.437  2.463 0.6000000238
16596  19.230  -70.240  2.466 0.6000000238
16597  18.865  -70.357  2.043 0.6000000238
16613  23.413  -70.537  1.225 0.6000000238
16615  21.082  -70.643  1.397 0.5000000000
16616  20.082  -70.774  1.671 0.5000000000
16637  22.284  -70.542  0.225 0.6000000238
16638  21.435  -70.645  0.507 0.5000000000
16640  17.946  -71.060  0.522 0.6000000238
16642  16.126  -70.509  0.043 0.6000000238
16664  23.256  -70.606  -0.505 0.5000000000
16668  16.625  -71.046  -0.282 0.6000000238
16669  15.251  -70.764  -0.913 0.6000000238
16686  23.352  -70.566  -1.175 0.5000000000
16687  22.848  -70.257  -1.221 0.5000000000
16688  22.070  -70.077  -1.176 0.5000000000
16691  15.971  -71.190  -1.323 0.6000000238
16704  23.170  -70.682  -1.990 0.5000000000
16708  20.072  -70.816  -2.585 0.6000000238
16710  16.061  -70.955  -2.305 0.6000000238
16711  15.352  -70.185  -2.379 0.6000000238
16723  23.254  -70.433  -2.883 0.6000000238
16729  17.860  -70.197  -3.748 0.6000000238
16730  16.654  -70.617  -3.085 0.6000000238
16742  13.845  -70.098  -4.400 0.5000000000
16755  22.475  -69.699  -5.552 0.5000000000
16757  15.961  -69.748  -5.228 0.6000000238
16765  22.777  -69.989  -6.868 0.6000000238
16770  17.673  -70.448  -6.416 0.6000000238
16776  22.710  -70.420  -7.378 0.5000000000
16778  19.922  -70.328  -7.280 0.5000000000
17572  22.266  -69.523  5.150 0.4000000060
17578  21.502  -69.209  4.780 0.4000000060
17593  21.004  -69.691  4.146 0.4000000060
17594  20.223  -69.474  3.798 0.4000000060
17595  19.615  -69.339  3.357 0.6000000238
17657  17.281  -70.322  0.380 0.6000000238
17676  13.656  -69.706  -0.682 0.5000000000
17693  13.451  -68.883  -1.661 0.5000000000
17705  22.320  -69.835  -3.264 0.5000000000
17707  14.466  -68.310  -2.985 0.5000000000
17716  22.008  -69.677  -4.122 0.5000000000
17718  20.544  -69.752  -4.121 0.6000000238
17719  19.612  -69.213  -4.273 0.6000000238
17735  21.598  -69.217  -4.879 0.5000000000
17736  20.344  -68.524  -4.772 0.6000000238
17739  16.885  -67.972  -4.183 0.5000000000
17742  13.562  -68.672  -4.426 0.5000000000
17758  21.642  -68.914  -5.650 0.5000000000
17772  22.254  -69.268  -6.455 0.5000000000
17773  21.698  -68.954  -6.407 0.5000000000
17774  20.799  -68.375  -6.108 0.5000000000
18643  22.664  -68.683  5.406 0.4000000060
18652  21.399  -68.372  4.970 0.4000000060
18668  19.990  -68.753  4.013 0.4000000060
18685  18.814  -69.368  1.949 0.6000000238
18724  17.050  -69.483  0.447 0.5000000000
18766  14.228  -67.224  -3.434 0.5000000000
18784  15.298  -67.331  -4.163 0.5000000000
18785  14.946  -67.185  -3.743 0.5000000000
18804  19.357  -67.030  -5.156 0.6000000238
18805  18.616  -66.931  -4.921 0.6000000238
18806  16.904  -67.188  -4.857 0.5000000000
18821  20.037  -67.771  -5.332 0.6000000238
18822  19.324  -67.016  -5.179 0.6000000238
18823  18.745  -66.962  -5.246 0.6000000238
18824  17.965  -67.218  -5.225 0.6000000238
18825  16.601  -67.322  -5.026 0.5000000000
18826  16.178  -67.584  -4.604 0.5000000000
18833  18.955  -67.588  -5.883 0.6000000238
19773  21.653  -67.457  4.615 0.4000000060
19795  22.361  -66.902  3.896 0.4000000060
19798  19.787  -67.788  2.938 0.4000000060
19810  19.579  -67.784  1.765 0.4000000060
19825  19.921  -67.278  -0.058 0.4000000060
19826  19.362  -67.983  0.202 0.4000000060
19901  14.715  -66.755  -4.154 0.5000000000
19902  12.819  -66.733  -3.510 0.5000000000
19914  18.322  -66.975  -4.912 0.6000000238
19915  17.407  -67.023  -5.014 0.6000000238
19916  14.391  -66.674  -4.164 0.5000000000
20977  22.071  -66.488  2.830 0.4000000060
20992  22.432  -66.386  1.606 0.3000000119
21012  20.591  -66.762  1.027 0.4000000060
23246  23.788  -64.381  6.324 0.4000000060
23267  25.726  -64.825  4.847 0.4000000060
23280  24.969  -64.326  4.491 0.4000000060
23281  24.065  -63.947  4.116 0.4000000060
23294  24.324  -63.966  3.158 0.4000000060
24465  22.576  -63.842  5.061 0.4000000060
24485  22.186  -63.395  4.540 0.4000000060
24498  21.881  -62.830  4.067 0.3000000119
24506  23.291  -63.237  2.159 0.3000000119
25558  20.444  -62.475  6.140 0.3000000119
25577  19.962  -62.572  5.426 0.4000000060
25599  19.528  -62.383  4.618 0.4000000060
25615  22.663  -62.771  2.669 0.3000000119
25616  21.806  -62.631  3.330 0.3000000119
25636  20.936  -61.855  1.290 0.3000000119
26625  19.671  -61.231  5.994 0.3000000119
26638  19.829  -61.969  5.947 0.4000000060
26639  19.218  -61.548  5.430 0.3000000119
26658  18.910  -61.840  4.130 0.4000000060
26680  18.463  -61.184  3.740 0.3000000119
26697  20.447  -61.355  2.031 0.3000000119
26698  19.752  -61.043  2.507 0.3000000119
26728  20.452  -60.882  -0.114 0.3000000119
26741  20.806  -61.030  -1.575 0.3000000119
26755  21.196  -61.784  -1.819 0.3000000119
26757  20.482  -61.186  -2.720 0.4000000060
27771  22.136  -60.754  7.832 0.3000000119
27772  21.494  -60.761  7.213 0.3000000119
27794  20.827  -60.684  6.629 0.3000000119
27795  20.024  -60.560  6.234 0.3000000119
27828  17.605  -59.863  4.088 0.3000000119
27840  17.974  -60.591  3.933 0.3000000119
27854  19.316  -60.326  2.013 0.3000000119
27855  18.328  -60.153  2.547 0.3000000119
27910  20.486  -60.671  -1.955 0.3000000119
27911  19.864  -60.448  -1.957 0.4000000060
28957  19.211  -59.669  5.470 0.3000000119
28990  17.285  -59.192  3.641 0.3000000119
29007  17.836  -59.375  2.090 0.3000000119
29026  18.550  -59.009  0.897 0.3000000119
29028  15.359  -58.921  1.395 0.3000000119
29029  14.528  -59.412  1.423 0.3000000119
29048  17.185  -59.416  0.153 0.4000000060
29060  17.945  -59.385  -0.613 0.3000000119
30140  19.727  -58.931  5.356 0.3000000119
30178  13.053  -58.170  3.492 0.3000000119
30190  16.924  -58.596  3.085 0.3000000119
30191  16.605  -58.279  2.319 0.3000000119
30193  13.972  -58.452  2.581 0.3000000119
30207  18.141  -59.002  0.645 0.3000000119
30208  17.305  -58.869  1.413 0.4000000060
30209  16.697  -58.637  1.444 0.4000000060
30211  14.098  -58.870  1.886 0.3000000119
30223  16.615  -58.960  0.838 0.4000000060
31274  19.697  -57.309  4.496 0.3000000119
31316  16.156  -57.529  2.880 0.4000000060
31318  14.533  -57.774  2.838 0.3000000119
31319  13.809  -57.982  3.269 0.3000000119
32377  19.071  -55.637  3.935 0.3000000119
32395  15.920  -56.782  3.003 0.3000000119
33353  21.174  -55.755  4.889 0.3000000119
33354  20.489  -55.439  4.516 0.3000000119
33355  19.751  -54.625  4.183 0.3000000119
33369  19.189  -54.871  3.926 0.3000000119
33370  18.534  -55.136  3.719 0.3000000119
33371  17.790  -55.484  3.562 0.3000000119
33372  17.059  -55.877  3.366 0.3000000119
34451  19.552  -53.481  4.173 0.3000000119
34469  14.271  -53.600  3.753 0.3000000119
35422  13.123  -52.664  5.182 0.3000000119
35440  14.796  -50.971  4.416 0.3000000119
35441  13.785  -51.609  4.891 0.3000000119
35456  18.673  -53.036  3.644 0.3000000119
35458  16.507  -52.166  3.591 0.3000000119
35459  15.295  -51.745  3.650 0.3000000119
35460  14.277  -51.334  4.068 0.3000000119
36497  13.996  -51.102  4.979 0.3000000119
36513  16.839  -51.207  4.080 0.3000000119
36514  15.854  -50.772  4.124 0.3000000119
36529  17.695  -51.692  3.964 0.3000000119
36532  15.022  -50.816  3.935 0.3000000119
37623  16.099  -50.770  4.012 0.3000000119
37624  15.393  -50.690  4.044 0.3000000119
37625  14.730  -50.860  4.142 0.3000000119
130870  16.303  -56.059  3.217 0.3000000119
131512  26.335  -81.320  -4.658 0.6000000238
131536  21.060  -77.707  -9.529 0.6000000238
131775  19.841  -61.411  -2.478 0.4000000060
131970  22.454  -77.334  -9.737 0.6000000238
131975  14.100  -52.363  5.530 0.3000000119
132599  14.781  -66.788  -4.176 0.5000000000
132653  28.878  -79.237  -10.766 0.6999999881
132797  32.045  -81.744  -0.048 0.4000000060
132963  17.169  -70.188  -3.567 0.6000000238
133128  26.240  -77.641  -10.756 0.6999999881
133150  23.528  -71.254  -3.003 0.5000000000
133284  17.750  -69.174  -6.125 0.6000000238
133473  34.577  -77.022  -5.426 0.5000000000
133581  22.376  -78.638  -0.270 0.6000000238
133939  29.873  -76.361  -0.400 0.4000000060
133973  17.938  -54.504  3.352 0.3000000119
134430  21.256  -70.544  -0.773 0.5000000000
135064  23.435  -70.701  0.401 0.6000000238
135133  22.653  -69.563  -6.268 0.5000000000
135529  21.561  -76.688  3.516 0.5000000000
135554  27.365  -79.445  -5.250 0.8000000119
135871  28.841  -81.284  -5.415 0.5000000000
135945  23.049  -72.446  -8.114 0.6000000238
136080  29.083  -83.538  3.545 0.3000000119
136097  26.848  -79.868  -1.729 0.6000000238
136209  17.913  -71.506  -1.360 0.6000000238
136342  20.056  -67.968  3.824 0.4000000060
136348  28.107  -79.407  2.537 0.4000000060
136941  36.060  -78.594  -5.762 0.4000000060
137367  30.071  -77.757  -11.925 0.6000000238
137756  35.119  -77.653  10.042 0.3000000119
138269  23.667  -74.987  -6.111 0.6999999881
138392  16.635  -69.327  -3.618 0.6000000238
138436  28.741  -75.460  -8.450 0.6000000238
138470  27.443  -78.608  -5.553 0.6999999881
138673  37.006  -80.061  -4.307 0.4000000060
138912  30.407  -78.858  1.475 0.4000000060
139088  26.236  -80.680  -4.827 0.6999999881
139103  34.247  -78.299  6.732 0.3000000119
139123  25.125  -75.602  -7.042 0.8000000119
139128  26.697  -79.465  -4.869 0.6999999881
139333  21.916  -74.222  0.497 0.5000000000
139394  30.988  -79.797  -3.834 0.4000000060
139894  20.212  -62.526  4.142 0.3000000119
140010  24.882  -83.448  6.650 0.3000000119
140241  19.030  -73.480  -2.663 0.4000000060
140621  32.441  -74.390  6.405 0.3000000119
140903  22.442  -75.447  -0.348 0.5000000000
141872  29.178  -80.841  1.542 0.4000000060
142789  28.197  -77.452  1.565 0.4000000060
143222  32.747  -77.030  -9.221 0.6000000238
143713  35.577  -77.417  -5.591 0.4000000060
144516  19.767  -56.605  4.339 0.3000000119
144687  30.163  -83.761  -1.133 0.4000000060
144759  31.382  -77.408  -5.745 0.6000000238
145019  35.317  -80.935  4.548 0.3000000119
145143  24.022  -79.878  -2.667 0.6999999881
145238  30.388  -84.436  2.131 0.3000000119
145566  30.653  -76.085  1.619 0.4000000060
145829  27.001  -75.508  -8.271 0.6999999881
146043  21.327  -63.073  4.750 0.4000000060
146235  28.623  -82.305  4.801 0.3000000119
146307  21.346  -69.977  -3.896 0.6000000238
146443  19.079  -61.227  -2.015 0.4000000060
146582  19.636  -73.585  2.115 0.5000000000
146875  34.719  -85.237  0.220 0.5000000000
146966  26.875  -81.145  6.186 0.3000000119
147216  30.741  -85.823  0.046 0.5000000000
147315  35.801  -77.195  0.439 0.3000000119
147752  15.790  -71.571  -6.828 0.5000000000
148219  23.034  -70.564  -7.379 0.6000000238
148319  19.767  -74.008  -8.499 0.6000000238
148801  30.718  -76.043  2.392 0.4000000060
148890  19.896  -76.366  -8.463 0.6999999881
148906  20.775  -61.691  0.417 0.3000000119
149026  25.106  -76.023  -8.430 0.8000000119
149057  27.753  -74.584  -4.726 0.6000000238
149145  22.767  -73.455  -8.798 0.6000000238
149220  22.905  -70.648  0.036 0.6000000238
149354  19.238  -56.970  4.251 0.3000000119
149406  21.128  -74.022  -2.301 0.6000000238
149490  29.623  -75.416  -8.584 0.6000000238
149569  33.166  -75.004  2.650 0.3000000119
149572  24.384  -71.181  3.102 0.4000000060
149664  18.643  -71.596  -0.172 0.6000000238
149736  34.252  -74.455  9.127 0.3000000119
150028  20.347  -70.316  2.953 0.5000000000
150196  22.342  -80.299  -0.792 0.6999999881
150242  20.165  -57.623  4.795 0.3000000119
150706  34.395  -78.753  -5.786 0.5000000000
150728  34.205  -80.872  -5.420 0.4000000060
150806  21.473  -73.772  0.489 0.6000000238
150945  28.107  -83.567  3.814 0.3000000119
150971  30.987  -85.859  -3.645 0.5000000000
151153  20.452  -69.243  -6.724 0.5000000000
151187  18.514  -73.543  -2.436 0.4000000060
151499  22.406  -75.958  -8.903 0.6999999881
151690  34.571  -74.662  -5.365 0.4000000060
152006  30.547  -79.322  -3.346 0.6999999881
152064  36.234  -79.923  8.695 0.3000000119
152088  26.031  -80.640  -2.135 0.6000000238
152139  29.621  -78.724  -11.690 0.6000000238
152242  13.261  -70.949  -4.214 0.5000000000
152265  19.531  -73.548  -0.875 0.5000000000
152532  14.160  -68.866  -2.135 0.5000000000
152799  18.202  -52.449  3.682 0.3000000119
152860  20.848  -67.513  4.007 0.4000000060
152958  34.291  -76.024  0.271 0.3000000119
153167  22.388  -70.008  -2.588 0.6000000238
153230  15.107  -57.732  2.482 0.4000000060
153278  22.317  -79.974  0.640 0.6000000238
153279  29.517  -80.608  -4.083 0.4000000060
153321  21.015  -62.820  6.328 0.4000000060
153326  19.285  -69.196  2.845 0.6000000238
153362  18.163  -60.576  3.369 0.3000000119
153374  25.868  -80.702  3.684 0.6999999881
153597  24.704  -85.819  5.885 0.3000000119
154956  27.611  -80.004  -2.373 0.6999999881
155028  21.022  -61.619  -3.161 0.3000000119
155140  27.842  -75.455  -8.356 0.6000000238
155378  15.763  -67.594  -4.357 0.5000000000
155443  21.773  -70.473  3.262 0.5000000000
155806  20.704  -78.099  -9.305 0.6000000238
155901  22.586  -78.257  -0.673 0.6999999881
155919  29.130  -79.202  -11.478 0.6999999881
156245  37.616  -81.226  9.579 0.3000000119
156250  36.933  -78.515  -5.359 0.4000000060
156409  21.720  -77.901  1.801 0.6000000238
156412  33.078  -77.835  -3.201 0.4000000060
156432  19.378  -73.376  5.677 0.5000000000
156615  21.841  -68.988  -6.152 0.5000000000
157034  33.745  -76.138  -10.881 0.5000000000
157089  15.915  -59.022  0.913 0.4000000060
157134  15.818  -68.535  -4.893 0.6000000238
